0.0000000000000000	0.0000000000000000
0.0000181818181818	0.0300000000000000
0.0000278169084096	0.0400000000000000
0.0000376445705267	0.0500000000000000
0.0000476708896143	0.0600000000000000
0.0000579022828027	0.0700000000000000
0.0000683455253460	0.0800000000000000
0.0000790077792611	0.0900000000000000
0.0000898966248366	0.1000000000000000
0.0001010200953594	0.1100000000000000
0.0001123867154608	0.1210000000000000
0.0001251957413768	0.1331000000000000
0.0001396720634934	0.1464100000000000
0.0001560872108889	0.1610509999999999
0.0001747726075013	0.1771560999999999
0.0001958750813694	0.1948717099999999
0.0002194536374530	0.2143588809999999
0.0002661965799769	0.2357947690999999
0.0003281644259685	0.2593742460099999
0.0004028870766111	0.2853116706109999
0.0004943778023793	0.3138428376720999
0.0006076451062924	0.3452271214393099
0.0007424212217930	0.3797498335832409
0.0008730206481292	0.4177248169415650
0.0010580571583712	0.4594972986357215
0.0013070504811107	0.5054470284992936
0.0016454023553611	0.5559917313492230
0.0019862071391368	0.6115909044841452
0.0024387546341542	0.6727499949325597
0.0029724563124848	0.7400249944258157
0.0036559117873902	0.8096540959604474
0.0047472967573521	0.8742542784602739
0.0058016112760381	0.9288232414692429
0.0068544545174696	0.9571956459049100
0.0080135217085609	0.9751953688824117
0.0091504331648622	0.9823616455526557
0.0099981279002460	0.9860523208647147
0.0123129755960446	0.9952325674644988
0.0142196188951322	0.9967597347177010
0.0174857916184853	0.9991029697436082
0.0222355404475472	0.9997747664230103
0.0244307117554372	0.9999213252042676
0.0337935864730225	0.9999348820651042
0.0411272202549790	0.9999451282509879
0.0463484087833185	0.9999670855660204
0.0502517849643796	0.9999709463642417
0.0683554057426389	0.9999710327929116
0.0986835113372174	0.9999710750063330
0.1198622368905354	0.9999710766415201
0.1319106983516297	0.9999921129340347
0.1455766341762903	0.9999978645031773
0.1519756859860420	0.9999987338511692
0.1844556536985092	0.9999987537920674
0.2185928090088534	0.9999987542703284
0.2413608851122866	0.9999987542814337
0.2729382935122527	0.9999987542817130
0.2917105476200843	0.9999987542817202
0.2923315950531491	0.9999988690298117
0.2948271958525610	0.9999988857793674
0.3152116293863680	0.9999988863437482
0.3169852878539576	0.9999988865146086
0.3360070684788653	0.9999988865249475
0.3437263981110416	0.9999988865369306
0.3640536764795457	0.9999988865375562
0.3726539321159646	0.9999988865376739
0.3903685254916635	0.9999988865376953
0.4076321575346527	0.9999988865376988
0.4187863573694396	0.9999988865376990
0.4860612910059418	0.9999988865376990
0.6885480716308513	1.0999987751914688
0.6888917711054946	1.0135591868404059
0.6913252605807774	1.0042419028072889
0.7055893570854661	0.6584290867415050
0.7055893570854661	0.8788887531486097
0.7057547093235328	0.9667776284634614
0.7061403337547766	0.9982638217642813
0.7166026521873000	0.9974748060172555
0.7381137674510542	0.9996315628244936
0.7382868575788567	0.9999085356217651
0.8464071205591192	0.9999484509758648
0.9394726067567447	0.9999893994400165
0.9651745675916710	0.9999946901058251
1.4084424763723973	0.9999966800226078
1.4099051424867668	0.9999972255013492
2.5812471803938362	0.9999982366882511
2.5827929323722483	0.9999983673907921
3.0865903086941850	0.9999984547916675
3.0873613476546060	0.9999984788424484
9.1727810954299276	0.9999993458366380
9.1728595741597445	0.9999994579037507
9.5446424766532338	0.9999994754982698
9.5459113389503525	0.9999994803407173
