0.0000000000000000	0.0000000000000000
0.0001892708191835	0.0300000000000000
0.0002513185667728	0.0400000000000000
0.0003098274208514	0.0500000000000000
0.0003671693968839	0.0600000000000000
0.0004247924126775	0.0700000000000000
0.0004831355251087	0.0800000000000000
0.0005379986243596	0.0900000000000000
0.0005896520181304	0.1000000000000000
0.0006405319159530	0.1100000000000000
0.0006932971203970	0.1209999999999999
0.0007542131554007	0.1330999999999999
0.0008167220412033	0.1464099999999999
0.0008904323115873	0.1610509999999999
0.0009662726200814	0.1771560999999999
0.0010606257276419	0.1948717099999999
0.0011523474611783	0.2143588809999999
0.0012679665082316	0.2357947690999999
0.0013887831945032	0.2593742460099999
0.0015307334627785	0.2853116706109998
0.0016972153578897	0.3138428376720998
0.0018722340730596	0.3452271214393098
0.0020697376140554	0.3797498335832408
0.0022868566256150	0.4177248169415648
0.0025398753878888	0.4594972986357213
0.0028140773329081	0.5054470284992933
0.0031305842535091	0.5559917313492226
0.0034891489597499	0.6115909044841449
0.0039058270230544	0.6727499949325594
0.0044500586959583	0.7367319387515477
0.0050842281976795	0.8104051326267026
0.0060184961152709	0.8888906738786896
0.0074213170839723	0.9449079216139701
0.0091504331648622	0.9677330464624343
0.0099981279002460	0.9792112060338871
0.0103695256484805	0.9874831000870552
0.0123129755960446	0.9907070542551503
0.0142196188951322	0.9956165648916536
0.0152159441182584	0.9979809660024063
0.0174857916184853	0.9988048223005914
0.0200402766996090	0.9994437367344893
0.0227553856503720	0.9998500277054270
0.0244307117554372	0.9999017822964477
0.0302722605251930	0.9999440400562868
0.0406441510309863	0.9999721699640095
0.0411272202549790	0.9999758046265619
0.0471677965059769	0.9999862494020997
0.0502517849643796	0.9999877738373170
0.0539422960344254	0.9999880419548283
0.0979374751141866	0.9999881578330623
0.0986835113372174	0.9999881728122193
0.1104577394858384	0.9999881773008839
0.1198622368905354	0.9999881778811202
0.1319106983516297	0.9999956426544673
0.1344065730050019	0.9999967322495129
0.1457394866434279	0.9999990784037848
0.1519756859860420	0.9999994275190006
0.1682549043218087	0.9999994812030529
0.1844556536985092	0.9999994893471608
0.2030406847039203	0.9999994906294357
0.2185928090088534	0.9999994908298029
0.2252933440706596	0.9999994908595682
0.2413608851122866	0.9999994908642290
0.2580661545691771	0.9999994908649760
0.2729382935122527	0.9999994908650951
0.2775408363400829	0.9999994908651147
0.2917105476200843	0.9999994908651177
0.2923315950812955	0.9999995368452950
0.2948271958525610	0.9999995427886875
0.3056381197254771	0.9999995445382701
0.3157820168856048	0.9999995450073090
0.3169852878539576	0.9999995450679366
0.3360070684788653	0.9999995450999866
0.3361954770661041	0.9999995451073251
0.3379879011142944	0.9999995451262719
0.3411236517857464	0.9999995451328828
0.3437263981110416	0.9999995451371351
0.3481075968823020	0.9999995451376849
0.3613061148824120	0.9999995451388519
0.3640536764795457	0.9999995451390740
0.3707216684052922	0.9999995451393978
0.3726539321159646	0.9999995451394394
0.3885482610210630	0.9999995451394978
0.3903685254916635	0.9999995451395053
0.4052319009346402	0.9999995451395138
0.4076321575346527	0.9999995451395151
0.4187863573694396	0.9999995451395164
0.4226855360367099	0.9999995451395165
0.4281391038576089	0.9999995451395166
0.4860612910059418	0.9999995451395165
0.6888917711054946	1.0048112683912420
0.6974137709539338	0.9989838637621549
0.6997816606581542	1.0020712998070667
0.7055893570854661	0.9874036400602579
0.7112511195999272	0.9993553408874398
0.7381137674510542	0.9998658268889679
0.9390967729537166	0.9999782943333125
0.9394726067567447	0.9999927807070602
2.5812471803938362	0.9999959153768974
9.1727342540699031	0.9999982954177926
9.1727810954299276	0.9999986030535735
