0.0000000000000000	1.0000000000000000
0.0009066317073282	0.6400000000000000
0.0009066317073282	0.8943793670883439
0.0023211241191331	0.9380278386613872
0.0031376264828308	0.9049825657443622
0.0050475900087134	0.9571125471875290
0.0053560288533277	0.9742789851034178
0.0057604630144090	0.9824846533036893
0.0101696176442455	0.9927810848406919
0.0114008970622944	0.9975661428921816
0.0160392084454999	0.9987211357930583
0.0189440894766057	0.9994728361875530
0.0213951010767637	0.9998304790865635
0.1319106700343949	0.9999748049009870
0.1330225044003676	0.9999933502272328
0.6885480716167236	0.9999990118978261
0.6885482878334689	1.0117499748190486
0.6885535437673401	1.0131563416542717
0.6990008004429744	1.0022996302661380
0.7103853655317536	1.0015019720871350
0.7164888615959680	0.9840434098758621
0.7166455435237543	0.9815812607803778
0.7171021447135680	0.9776751796822463
0.7206707722635552	0.9986669140129973
0.7313795938211021	0.9995980309582773
0.7324535818254098	0.9996954982369741
0.8231497665317336	0.9999811491834886
1.4008845367490559	0.9999969549185302
1.4018455376477430	0.9999989825149161
3.0730054166698295	0.9999996766652303
3.0818075810653851	0.9999997663602151
9.5266907737046527	0.9999999060991057
9.5286390639422365	0.9999999241613078
