0.0000000000000000	0.0000000000000000
0.0061180049510299	0.0300000000000000
0.0063709751624017	0.0145808829105483
0.0072033637846165	0.0245808829105483
0.0073492498697885	0.0266854037881916
0.0080864835901997	0.0366854037881916
0.0085489347872886	0.0466854037881917
0.0089428996634433	0.0566854037881917
0.0092767790614493	0.0666854037881917
0.0095475201324243	0.0766854037881917
0.0097812004212075	0.0866854037881918
0.0099923445754927	0.0966854037881918
0.0101816831551757	0.1066854037881918
0.0103655665690421	0.1173539441670110
0.0105416681636629	0.1290893385837121
0.0107229982253473	0.1419982724420834
0.0109095935899613	0.1561980996862917
0.0110929260979780	0.1718179096549209
0.0112840319879671	0.1889997006204130
0.0114831185646634	0.2078996706824544
0.0116910663615873	0.2286896377506998
0.0119012513224053	0.2515586015257698
0.0121045200520142	0.2767144616783468
0.0123184917362039	0.3043859078461816
0.0125545570932696	0.3348244986307999
0.0128059429330900	0.3683069484938798
0.0130539494019885	0.4051376433432679
0.0133023796314717	0.4456514076775947
0.0136007804537073	0.4902165484453541
0.0139198326900995	0.5392382032898895
0.0142354875214406	0.5931620236188786
0.0146368839813640	0.6524782259807665
0.0150836697494190	0.7177260485788430
0.0156626075567761	0.7894986534367274
0.0164143965884192	0.8684485187804004
0.0176448516353994	0.9339226619939087
0.0193421444623548	0.9600960813311097
0.0202420425267202	0.9712970794317655
0.0206937565295800	0.9876295838526415
0.0216346789558448	0.9896142081862835
0.0238447874675933	0.9966259694738560
0.0247456965786527	0.9978232546208333
0.0274391210695898	0.9989548071442136
0.0334019728289597	0.9997829963230063
0.0340236099211619	0.9998933978475520
0.0413068572044626	0.9999733284513118
0.0446489371174016	0.9999860242726843
0.0523187941202863	0.9999960907192784
0.0548147303076373	0.9999977644084245
0.0595926993668849	0.9999994011442318
0.0620275607411538	0.9999996637380962
0.0694519774659098	0.9999998957553549
0.0716874168677315	0.9999999336689801
0.0797167871457657	0.9999999796918445
0.0813982918024049	0.9999999867878385
0.0916739880909830	0.9999999938436361
0.0933157782939174	0.9999999949488149
0.1042350199622766	0.9999999958831414
0.1049375417755023	0.9999999960563725
0.1145840093185197	0.9999999961874124
0.1158137179218289	0.9999999962115541
0.1248262048503069	0.9999999962294768
0.1264029149786551	0.9999999962327977
0.1319164669310944	0.9999999974568031
0.1344112038932914	0.9999999979311597
0.1352556468172773	0.9999999984792124
0.1447026508187943	0.9999999985628810
0.1458565774026058	0.9999999986446895
0.1460327087231358	0.9999999988209463
0.1474954100413451	0.9999999992379998
0.1502455304511748	0.9999999995283798
0.1547006624007874	0.9999999997060579
0.1606035654424274	0.9999999997334953
0.1623271145607965	0.9999999997583497
0.1644959936343744	0.9999999997807032
0.1669965844172855	0.9999999998008214
0.1698668300264103	0.9999999998192366
0.1851314719335670	1.0000001695979270
0.1851317334807975	1.0000001915434451
0.2068829012043816	1.0000001953072184
0.2069265030242348	1.0000001986303830
0.2077084445942124	1.0000002025198653
0.2077097759241807	1.0000002059638249
0.2084862607240165	1.0000002099931129
0.2084886142538359	1.0000002135630106
0.2092679485385328	1.0000002177450236
0.2092856568896751	1.0000002214429640
0.2105073307185520	1.0000002271205146
0.2107516061948984	1.0000002278804818
0.2295200681511460	1.0000002285647491
0.2298730863724699	1.0000002286689500
0.2387395053200423	1.0000002288793095
0.2394522599698773	1.0000002289092043
0.2571683900069163	1.0000002289339252
0.2574948644179718	1.0000002289378074
0.2623606112412086	1.0000002289444276
0.2635914520462129	1.0000002289453911
0.2802806405800319	1.0000002289461087
0.2810587311225651	1.0000002289462235
0.2835667370887411	1.0000002289464700
0.2848031737803862	1.0000002289465053
0.2923333121915064	1.0000002289531806
0.2948537149115364	1.0000002289571031
0.2960996436565705	1.0000002289604748
0.3053762357703335	1.0000002289610710
0.3062725442161048	1.0000002289615972
0.3064526934510591	1.0000002289625585
0.3123291956414797	1.0000002289627805
0.3124269816287988	1.0000017524727536
0.3124269833950873	1.0000019493992161
0.3342293664480602	1.0000019830576390
0.3342300795134095	1.0000020128620595
0.3350068145796105	1.0000020477583487
0.3350098058893675	1.0000020786546893
0.3360323025008976	1.0000021188079653
0.3363605153219156	1.0000021239981416
0.3556163905383765	1.0000021262874994
0.3559163717446594	1.0000021266947019
0.3635227926987686	1.0000021282405189
0.3639200369124988	1.0000021284527996
0.3819388237661019	1.0000021285967171
0.3823660702012678	1.0000021286199423
0.3948155981043312	1.0000021286335921
0.3958085023252341	1.0000021286359915
0.4062961629714227	1.0000021286373402
0.4077247666840330	1.0000021286375906
0.4172638765270540	1.0000021286377283
0.4190033066190152	1.0000021286377550
0.4279917907241856	1.0000021286377694
0.4299939921192009	1.0000021286377720
0.4382251840104002	1.0000021286377738
0.4407722822088330	1.0000021286377743
0.4543339050675840	1.0000021286377743
1.1812916348188558	0.8000017029102180
1.1812916348188558	1.0007548357518095
1.2607763766827693	0.6406035280194041
1.2607763766827693	0.8808298510266808
1.2610097825174771	1.0330201681535183
1.2612680431798640	0.9970953930500895
1.2752151275504888	0.9995646983987099
1.2900211680141080	0.9999392490041880
1.7506764702784889	1.0000027561173983
3.5686517719909290	1.0000094853123802
5.4105863329776547	1.0000030431037645
5.4656598345779654	1.0081964399156405
5.4749001437851605	0.6465569894938989
5.4749001437851605	0.8647632853748403
5.4750572875653569	0.9512396139123701
5.4757698551575622	0.9952218719426296
5.4798961993640036	0.9992548550903497
5.4926267905204478	0.9996785748651421
5.6646740960872837	0.9998940729000211
5.8632098433909521	0.9999766212692680
5.8861318675407022	0.9999974323032673
6.3882764267823875	0.9999983768382451
6.6103800306349383	1.0000030015273940
6.7505928921157130	1.0500100740494218
6.7507889468004389	1.0032078247681899
6.7527855400210548	1.0055933265781121
6.7694184466164771	0.6439614092995770
6.7694184466164771	0.8647058592255080
6.7695755743097594	1.0373806309871221
6.7695781107634998	0.9963972457534050
6.7824464564147977	1.0000526885390488
6.7956184399242936	1.0001536353527369
6.9435963234201967	1.0002095942992291
7.1990858298994755	0.6401771707980369
7.1990858298994755	0.8795161131617854
7.1992471695248996	0.9664511153374242
7.1992719420528006	0.9911564880182858
7.2034639419015303	1.0003202519167096
7.2037894797544215	1.0234814413922559
7.2038649646345423	0.9988505208915743
7.2053419783448263	0.9972243136088392
7.2376537342121994	0.9996335502112316
7.2929078598327663	1.0000273280098264
7.3103810891912557	0.9956191228238016
7.3132873913708343	0.9986347284563403
7.3271699050210559	0.9995833428023913
7.3543175753976682	0.9997686587716361
7.3763561431428206	0.9999117656202079
7.4239406179598975	0.9999710899309416
7.4307819876952150	0.9999787455444681
7.4536538794764313	0.9999885144797348
7.6254339131871065	0.9999929773271615
7.6650053255052297	0.9999942054471062
8.0406353960346859	0.9999947631543881
8.0439290168501874	0.9999948352445621
8.1498080763873446	0.9999949271741858
8.3641703982753715	0.9999986913359439
8.4058712935973627	0.9999992004429351
8.4298029131108798	0.9999993405589539
8.6246719502106597	0.9999993682760228
8.6322277227661974	0.9999993718587276
8.7064877834364633	0.9999994259858049
8.7909294693255369	0.9999994393195241
8.7929962030251101	0.9999994410430407
8.8538916122838387	0.9999994432409105
9.2577518477348129	0.9999994437803023
9.2680711334773989	0.9999994438500240
9.5396222039983627	0.9999994439389351
