0.0000000000000000	0.0000000000000000
0.0101559340519096	0.0300000000000000
0.0103965039807129	0.0135150474857885
0.0113316118224256	0.0235150474857885
0.0114460244775620	0.0252354698227441
0.0124668339457455	0.0352354698227441
0.0129548674181299	0.0452354698227441
0.0134240712941583	0.0552354698227441
0.0137823193452721	0.0652354698227441
0.0140760729365560	0.0752354698227440
0.0143313153640512	0.0852354698227441
0.0145597985979526	0.0952354698227441
0.0147594722784223	0.1052354698227441
0.0149503124322543	0.1157590168050185
0.0151260903764200	0.1273349184855203
0.0153110510631973	0.1400684103340724
0.0155026196006760	0.1540752513674797
0.0156900149506895	0.1694827765042275
0.0158828372403687	0.1864310541546502
0.0160820226694609	0.2050741595701153
0.0162927468625973	0.2255815755271267
0.0165075498870854	0.2481397330798391
0.0167151544550218	0.2729537063878231
0.0169266266972728	0.3002490770266052
0.0171526608485248	0.3302739847292657
0.0174028114032654	0.3633013832021925
0.0176589002969196	0.3996315215224117
0.0179009755712279	0.4395946736746527
0.0181812714545626	0.4835541410421179
0.0185104653147168	0.5319095551463295
0.0188226233541493	0.5851005106609624
0.0191838342240335	0.6436105617270584
0.0196554040820163	0.7079716178997641
0.0201891538413556	0.7787687796897408
0.0208922466693269	0.8566456576587150
0.0220813494550341	0.9038286937059822
0.0227833453484832	0.9296053865237733
0.0233721661940161	0.9635464397504274
0.0241426107482343	0.9684950853408483
0.0256871523515352	0.9882264436359365
0.0266671667031869	0.9905479986092586
0.0286607897789989	0.9969835392743007
0.0298986181108860	0.9978513743726414
0.0334667521820680	0.9994939630675923
0.0350757860923962	0.9997204564505189
0.0422208060237639	0.9999095282202518
0.0437325558262122	0.9999426016972887
0.0499642976700122	0.9999855101140196
0.0520109678104382	0.9999921434392016
0.0589438192171186	0.9999972529971652
0.0618185334861775	0.9999980987197270
0.0753504335692106	0.9999995524521200
0.0760374313329868	0.9999997659019791
0.0851536480574293	0.9999999460166004
0.0869720698361263	0.9999999746982456
0.0973133534504626	0.9999999937357431
0.0992463583958181	0.9999999970014074
0.1078599072893502	0.9999999991698278
0.1100897121273813	0.9999999995525144
0.1183273719504048	0.9999999998072541
0.1204994248094871	0.9999999998533460
0.1284508354628749	0.9999999998841347
0.1305236115652913	0.9999999998898147
0.1324392931646200	0.9999999999165531
0.1346347084858142	0.9999999999329604
0.1361250127378951	0.9999999999512081
0.1445214022686758	0.9999999999561365
0.1457547101094476	0.9999999999589229
0.1462789901972246	0.9999999999648103
0.1487404129810730	0.9999999999747171
0.1510901023593745	0.9999999999836595
0.1558454911264329	0.9999999999896970
0.1596918783865372	0.9999999999906251
0.1604524881684584	0.9999999999914826
0.1614159056589292	0.9999999999922702
0.1618121088716067	0.9999999999923721
0.1631197451960791	0.9999999999929865
0.1635879995556745	0.9999999999930657
0.1652909010645838	0.9999999999936590
0.1678263057493542	0.9999999999942335
0.1706812750106515	0.9999999999947655
0.1851312445831202	1.0000096416627040
0.1851312447164737	1.0000108878652740
0.2069352073257186	1.0000111008549315
0.2069378613400870	1.0000112894346529
0.2077199738489299	1.0000115101631828
0.2077385005801586	1.0000117054138595
0.2088003965577503	1.0000119586066420
0.2091293751444135	1.0000119913334080
0.2283785048283554	1.0000120057694288
0.2286781517910049	1.0000120083372726
0.2363834120689441	1.0000120170780777
0.2368168286451257	1.0000120182865329
0.2562632474984472	1.0000120188258435
0.2574835371385155	1.0000120190832889
0.2588507425723029	1.0000120191193300
0.2781953122754211	1.0000120191297488
0.2786260578126484	1.0000120191319186
0.2798989401555158	1.0000120191424378
0.2805358768876327	1.0000120191438753
0.2972140376390924	1.0000120191450204
0.2979652312325154	1.0000120191451685
0.3085696208789502	1.0000120191453099
0.3094051648245131	1.0000120191453283
0.3124269815186773	1.0000985487714846
0.3124269815192777	1.0001097271392347
0.3342432867112594	1.0001116371326444
0.3536487045335665	1.0001116701991173
0.3631004244155149	1.0001116802584298
0.3738092220205790	1.0001116815585898
0.3791657307943757	1.0001116819299081
0.3876971640330122	1.0001116820055680
0.3903350210008557	1.0001116820306797
0.3977867873985209	1.0001116820365012
0.4005909474026069	1.0001116820385725
0.4077771715611031	1.0001116820390847
0.4107286087803995	1.0001116820392739
0.4178043660550277	1.0001116820393228
0.4208871990741487	1.0001116820393410
0.4276859409762416	1.0001116820393459
0.4310667677872691	1.0001116820393481
0.4383852941634769	1.0001116820393485
0.4513786350762591	1.0001116820393490
0.4580711839147902	1.0355916605478404
0.4584095473010185	1.0001116820393485
1.1828299589489690	0.6402101764067477
1.1828299589489690	0.8510174265032378
1.1829870560921740	0.9361191691535493
1.1838071975118052	0.9933954309316007
1.1887052607048965	0.9998832871003914
1.2092302687243204	1.0000390014816518
2.5081710564456015	0.6437091474893420
2.5081710564456015	0.8632671990438601
2.5083288139950723	0.9465324003305412
2.5089163669822319	0.9969065595643039
2.5231651192105722	1.0000908716859873
3.2517817106360702	0.6405676478185013
3.2517817106360702	0.8787347903197897
3.2519430663056599	0.9666082693516747
3.2524710656640305	1.0250499588021738
3.2546211503207014	0.9815183566625326
3.2572409880079216	0.9997777270642856
3.2769629703261662	1.0000799984537547
3.7660819825580303	0.6400995624327180
3.7660819825580303	0.8787436303698272
3.7662431641997518	0.9666179934068747
3.7671688697199084	1.0029979935588971
3.7859526409482092	0.6477395159020147
3.7859526409482092	0.8800691951112815
3.7861163649137359	0.9680761146223107
3.7871204983070021	1.0021210942098209
3.8078753686491527	0.6468046970282888
3.8078753686491527	0.8774672877205443
3.8080384926984396	0.9652140164925045
3.8089741980151586	1.0023692341022974
3.8271801858851782	0.6474611446430336
3.8271801858851782	0.8810740111134554
3.8273445531507955	0.9691814122247283
3.8280268505395485	1.0142761141091576
3.8282584298831095	1.0067600895916953
3.8373360436458812	0.6507540247333735
3.8373360436458812	0.8711621111247759
3.8374965643732541	1.0350643678807614
3.8376018955890960	0.9968788547213885
3.8524932465215218	0.9999073357543883
3.8664922148677414	0.9999877369976374
4.6183127131449382	1.0000050725337899
5.4658134059099677	0.9817360582186067
5.4659207186109331	1.0001609165609280
5.4859587444333497	0.9997284017069309
5.6331284971132192	1.0000068468256658
5.8889695262591797	1.0000152148776105
5.8891355059777020	1.0000191786195094
6.3304285633239248	1.0000201775492548
6.3921357734196702	1.0000203233362297
6.5032766986015149	0.9860975398994408
6.5036453503660709	0.9909906311683789
6.5048271447130102	1.0000947229196344
6.5423684146575818	1.0002819760607564
6.5920956017655428	1.0003145258357709
6.7892399564627608	0.9210602036849174
6.7894168254483747	0.9742983001541418
6.7907309138584049	0.9970701889733486
6.7961890784373891	0.9988047246306231
6.7988086191181836	1.0000964477601542
6.8048200641320680	1.0002596662116272
7.0963742848340594	0.6407191078060872
7.0963742848340594	0.8601304675343793
7.0965302481996044	0.9442472298499562
7.0970991338851022	0.9969016957511527
7.1113504435666997	1.0001418344345956
7.3228357715712029	1.0117966988378042
7.3230819012501254	0.9989458063962044
7.3403973495344417	0.9999478492772759
7.3551855307787530	0.9999817317500177
