0.0000000000000000	0.0000000000000000
0.0308779444223623	0.0300000000000000
0.0311315996443814	0.0125425137587261
0.0319833454282334	0.0225425137587261
0.0322397803709114	0.0239145339439273
0.0329612188382319	0.0339145339439274
0.0335871476991862	0.0439145339439274
0.0340814475381673	0.0539145339439275
0.0344266381006608	0.0639145339439275
0.0347443183597072	0.0739145339439275
0.0349916013987983	0.0839145339439274
0.0352391504589293	0.0939145339439273
0.0354367868492449	0.1039145339439273
0.0356308938626536	0.1143059873383203
0.0358107845476567	0.1257365860721525
0.0359945927025672	0.1383102446793679
0.0361852138278878	0.1521412691473049
0.0363782497511681	0.1673553960620353
0.0365718852722464	0.1840909356682388
0.0367708750711298	0.2025000292350628
0.0369781690284779	0.2227500321585688
0.0371933930102313	0.2450250353744254
0.0374029739453579	0.2695275389118679
0.0376150625582511	0.2964802928030543
0.0378388989908787	0.3261283220833600
0.0380877008348081	0.3587411542916965
0.0383491131373246	0.3946152697208657
0.0385929745496674	0.4340767966929520
0.0388618335350442	0.4774844763622478
0.0391937059849200	0.5252329239984728
0.0395133767445071	0.5777562163983196
0.0398554836988778	0.6355318380381515
0.0403385028628055	0.6990850218419666
0.0408047088525604	0.7689935240261635
0.0415717360709261	0.8458928764287801
0.0425891505775478	0.9001443078774926
0.0435015812513288	0.9352876294460675
0.0444494875771468	0.9589584284614164
0.0453565773763229	0.9754722955759512
0.0463861901390401	0.9839195631248406
0.0465027017262883	0.9892326061365929
0.0475629125592725	0.9919305657715479
0.0494526450999032	0.9967368013113859
0.0511541124068429	0.9983741046351459
0.0527223644356376	0.9991349576721253
0.0537665953532708	0.9993175231153064
0.0562452004516051	0.9997495993486494
0.0574508631212373	0.9998052057331037
0.0623674669320876	0.9998619086219850
0.0636824765309052	0.9999065443758194
0.0650631344704352	0.9999661342290188
0.0671916250363852	0.9999820996801498
0.0744424826663355	0.9999951085367411
0.0774541159630810	0.9999975002950232
0.0852963375516346	0.9999993509019171
0.0879473529748549	0.9999996801563320
0.0964974356332722	0.9999999184282743
0.0989818899910858	0.9999999609955106
0.1079664251490989	0.9999999900544047
0.1103355668259197	0.9999999953205548
0.1191762997172324	0.9999999988027317
0.1215471271991031	0.9999999994418428
0.1302204883262792	0.9999999998564246
0.1326085244265737	0.9999999999333270
0.1409521378208742	0.9999999999827713
0.1434134730044433	0.9999999999920128
0.1515574036160369	0.9999999999979288
0.1540882190436421	0.9999999999990400
0.1621147448193399	0.9999999999997505
0.1647020525281298	0.9999999999998843
0.1726773870385480	0.9999999999999700
0.1753196851530981	0.9999999999999862
0.1832923958502478	0.9999999999999967
0.1851312443395514	1.0000156425225268
0.1876270403761858	1.0000179643977085
0.1879510311315002	1.0000206289865956
0.1882848253115597	1.0000236744656466
0.1886967128434962	1.0000270747843969
0.2080585341258544	1.0000278946467651
0.2161717304424208	1.0000280934680867
0.2186913258699596	1.0000282459865766
0.2336275247181483	1.0000282656979844
0.2451583891543279	1.0000282722967706
0.2535771174955577	1.0000282731496002
0.2678517692828602	1.0000282734417258
0.2725771620570508	1.0000282816547725
0.2726974553499626	1.0000282827539921
0.2937548586291512	1.0000282828960687
0.2985198629808051	1.0000282844203296
0.2999727044182616	1.0000282846356892
0.3147396912495904	1.0000282847009867
0.3183065756176167	1.0000282847254662
0.3224727890199809	1.0000282847370690
0.3275564296689224	1.0000282847489206
0.3303155071390323	1.0000282847504520
0.3476728092070142	1.0000282847522666
0.3500442874261184	1.0000282847525011
0.3647448331394164	1.0000282847527320
0.3675810018513700	1.0000282847527620
0.3800722015061032	1.0000282847527888
0.3830099922568567	1.0000282847527926
0.3950430183033815	1.0000282847527955
0.3984969680388186	1.0000282847527957
0.4032789011737138	1.0000282847527964
0.4077025949011884	1.0115044986184845
0.4077025949011887	1.0128796322737161
0.4143143655545156	0.6502991802585247
0.4143143655545156	0.8679487770842556
0.4144713189995890	0.9547436547926855
0.4152574783646311	0.9919054117575898
0.4196309924301186	0.9994176179684185
0.4607757567340800	0.9999212306284454
0.5900218256693116	1.0000165313731628
0.9550628726945373	1.0000365051751241
1.8750561400965491	0.6506330656061066
1.8750561400965491	0.8908516887713529
1.8752244564095679	0.9815198339211331
1.8771984116475833	0.9992858808640270
1.8775063552485574	1.0003196458080754
2.1970819372477250	0.6433901970497500
2.1970819372477250	0.8631204910646267
2.1972394956721697	0.9464373628614497
2.1978235373962400	0.9969595899865257
2.2120764769228658	1.0001434698603766
2.4147366679782345	0.9362687233445742
2.4149071647944838	0.9779214220095995
2.4160706652932089	1.0000293720801698
2.4250180459963153	1.0000467512640265
3.1044901547942128	0.9517312053510276
3.1046062630320233	0.9402963198930684
3.1061972817373444	0.9939880092382974
3.1072332649855103	0.9987817626701462
3.1500727571616913	0.9998162916418699
3.1845538432052343	0.9999387595607421
3.4324865652618604	0.9999906175333184
3.4425576187052722	0.9999981759872042
4.4172763097989902	1.0000001890016259
4.4284095685419276	1.0000004828088072
5.7616159788094290	1.0207388390327239
5.7663574363521910	1.0030555345396575
5.7782543671345303	0.9974859168028933
5.7784114219569309	1.0144052139348883
5.7784186271986222	0.9998507947245596
5.7866849196901233	0.9985605693016282
5.7904092253577018	1.0000170384084563
5.8057505980806878	1.0126330055747825
5.8116047651089140	0.6501036783144724
5.8116047651089140	0.8815562841019323
5.8117673194553969	0.9668014663636342
5.8128600396778349	0.9974776283952035
5.8129586073229218	0.9991790408399613
5.8272761797925616	0.9989056746135720
5.8553117836569450	0.9997554759608241
5.8565769679095450	0.9998651399680478
5.8632291585172522	0.9999324661926731
5.9063021912896740	0.9999517255345020
5.9973960439708343	0.9999770089576621
5.9985809078778569	0.9999802765053065
6.0185264347722329	0.9999813440535398
6.1544302266820816	0.9999817664830100
6.2752709121231023	0.9999818281443503
6.3046054410329084	0.9999818371428022
6.4856101519075651	0.9999957943691374
6.4856119688290041	0.9999975983850565
6.5116970268688474	0.9999978327278035
6.5117488712058798	0.9999978972281085
6.5415287890159624	1.0000013835584507
6.5452591594237841	1.0000606030682464
6.5504449616908476	1.0000691471544749
6.5593394984630065	1.0000802918551397
6.5763766248197140	1.0000817316682924
6.6770644796755212	1.0003173302588400
6.8139058737177498	0.9703055434390987
6.8165145458336989	0.9960863342244147
6.8220640184107886	0.9990910781677961
6.8813544695005140	0.9997772386022914
6.9122306339747075	0.9998621239219831
6.9127806798601261	0.9999296788461557
7.0009422614239938	0.9999493131412717
7.0114732534385675	0.9999518293473472
7.2122828598218476	0.9999901897559458
7.2125629034151961	0.9999951472996673
7.3328786373947805	0.9999957878056317
7.3548484547564721	0.9999958705076138
8.1566881134754041	0.9999984814522951
8.1571678536819956	0.9999988189382237
8.4161450989976299	0.9999988625604587
8.4379753113768938	0.9999988681985230
9.1321194095109774	1.0000279381008783
9.1462816901137689	1.0000405270364856
9.1540413423150468	1.0000432193339439
9.1575718475063557	1.0000435672641157
9.1611530279487905	1.0029803458850082
9.1637638094311669	1.0034016881812147
9.2013339423198186	1.0018900486749720
9.2282735370040623	1.0009644143783969
9.2501183410166945	0.9837496928818521
9.2502815509740195	1.0038607995054263
9.2505615223607993	0.9919489345035964
9.2519222473460179	0.9977752184509640
9.2676563052224985	0.9992641395353046
9.2751327720059340	0.9997474395318975
9.2888896108810339	0.9998432086612778
9.3429771030863478	0.9998748191828792
9.3998057752979882	0.9998806350790944
9.4740048558992953	0.9999767762310758
9.4741760561475648	0.9999891985061916
9.5080421362756322	0.9999926419698778
9.5862203091728144	0.9999932450168837
9.6796362646450067	0.9999936744362544
9.7025320229488354	1.0000495070920836
9.7068191599584299	1.0000655847729565
9.7289064006640906	1.0000679137674069
