0.0000000000000000	0.0000000000000000
0.0249980195947703	0.0300000000000000
0.0251913576826585	0.0125537707086602
0.0262703165083347	0.0225537707086602
0.0264183021667927	0.0167621561723397
0.0267207486012585	0.0263291498927181
0.0273371902283411	0.0268543697882422
0.0277166017615994	0.0368543697882422
0.0278403718131864	0.0385862966624511
0.0281575565335306	0.0485862966624511
0.0285176012324511	0.0585862966624511
0.0288899887737838	0.0685862966624511
0.0291715697851421	0.0785862966624510
0.0293962199540535	0.0885862966624511
0.0296187522687094	0.0985862966624511
0.0298279015124894	0.1085862966624510
0.0299808271329919	0.1194449263286961
0.0301387776325660	0.1313894189615658
0.0303198138304830	0.1445283608577223
0.0305046558164408	0.1589811969434946
0.0306994527576277	0.1748793166378440
0.0309014592621298	0.1923672483016282
0.0311071689781387	0.2116039731317912
0.0313168725373272	0.2327643704449698
0.0315258736454853	0.2560408074894666
0.0317360750846980	0.2816448882384133
0.0319631713068323	0.3098093770622550
0.0321975000074061	0.3407903147684801
0.0324430201199059	0.3748693462453284
0.0326877818491016	0.4123562808698611
0.0329568601104401	0.4535919089568477
0.0332520135359606	0.4989510998525322
0.0335672053034463	0.5488462098377860
0.0339025468400431	0.6037308308215649
0.0343302973151226	0.6641039139037219
0.0347625048751735	0.7305143052940940
0.0353999151711614	0.8035657358235034
0.0361975939874610	0.8650097640923836
0.0370673778141415	0.9290468598680810
0.0388253820004076	0.9560157344884778
0.0395366979070272	0.9781281124794309
0.0400073119437350	0.9803955784846867
0.0402413540385409	0.9880324311513731
0.0413327671640789	0.9889692841850017
0.0415679424381627	0.9923598303993599
0.0454101660147308	0.9969117588155889
0.0456207692452732	0.9984672250011425
0.0493199485435114	0.9993744081203859
0.0505653654057986	0.9996758931363964
0.0542212777998195	0.9999254025786994
0.0551170222705273	0.9999575449212669
0.0671577074485110	0.9999899769531042
0.0685338459405323	0.9999951619842151
0.0791345967516127	0.9999987992708028
0.0811688859642751	0.9999994001447140
0.0887604543343554	0.9999998501044957
0.0909910246428621	0.9999999244750618
0.0988017426689246	0.9999999812021471
0.1011762400570334	0.9999999904630814
0.1092335718494413	0.9999999976361914
0.1115001360507773	0.9999999988024885
0.1199500124339214	0.9999999997040880
0.1220766292320710	0.9999999998509074
0.1308058351539173	0.9999999999632426
0.1328654991742193	0.9999999999815874
0.1417238093485808	0.9999999999954666
0.1437631184092683	0.9999999999977394
0.1526147306346431	0.9999999999994434
0.1546621872182843	0.9999999999997230
0.1634247333410966	0.9999999999999313
0.1652756267483673	0.9999999999999664
0.1742420881571713	0.9999999999999912
0.1761994783036427	0.9999999999999956
0.1843265323706802	0.9999999999999989
0.1851312443394126	1.0021805406001134
0.1876967156760724	1.0024913041006012
0.2191424721792184	0.6419958498694680
0.2191424721792184	0.8614751122722346
0.2192985804236286	0.9453437754459191
0.2198727792840482	0.9972207161786113
0.2341469398415006	1.0004332996967968
0.2725482438526168	0.9738000667802608
0.2757645671470052	0.9982357701098549
0.2825290788181445	0.9999256835968581
0.4534344057984838	0.9932616169154015
0.4553632493658311	1.0000775355840776
0.9472028682099729	1.0010543378031942
0.9550350361327182	1.0002205289835189
1.0077464199585566	0.9997136669424181
1.0450550837733998	0.9999867271357988
1.1318806089080860	0.9995656124345819
1.3807093965850046	0.9999770111874309
2.8396390604487483	0.9999934747784727
4.3779615508262353	0.9999972888271668
5.7800030070593822	1.0003447434394626
5.8000807057511850	1.0003900846787548
5.8060717031529387	1.0269464989862187
5.8097073187028467	1.0043972301780903
5.8204943183504563	1.0011566366316877
5.8450137127044570	1.0005233783290124
5.8523444666191322	1.0000095236131574
5.8548878572098122	0.9999396879037992
5.8878522322089806	1.0000435925448570
5.9506082065657342	1.0000015208294337
5.9978648998355464	0.9999945212055207
6.0397727623244410	0.9999942654476203
6.0833539401776120	0.9999942562664957
6.1157867404523678	0.9986853767719075
6.1419495140777229	0.9997949299085080
6.1542193832859171	0.9999440192403273
6.3201492550158092	0.9999836066144182
6.3497689514419466	0.9999893616617123
6.3940565617368632	0.9999894567804890
6.4378359671951690	0.9999894583665179
6.4814474213422777	0.9999894583930174
6.5120044984570455	0.9999934684431251
6.5415184645348132	1.0004206150213248
6.5452141131637562	1.0085343039601979
6.5496565783395617	1.0021285480488067
6.5969686977947948	0.6417344936144818
6.5969686977947948	0.8614154263893398
6.5971532282720631	0.9475569690281961
6.5989778782932556	0.9797038020235785
6.6000224640213174	0.9925000306212841
6.6043665751244953	0.9960722135948994
6.6094444147252682	0.9992703306075474
6.6185865337169911	0.9996674593310247
6.6271565770623875	1.0061756599537146
6.6419033005460077	0.6456358375953680
6.6419033005460077	0.8847339743837965
6.6420663614887632	0.9732073718220970
6.6432325667697860	1.0027483918894533
6.6663085353781142	0.6464855340200222
6.6663085353781142	0.8844031343965861
6.6664728125522128	0.9915118273848986
6.6668399192671046	1.0003322168826541
6.6772878986532591	1.0006137571366567
6.8049160753914242	0.6561758535475642
6.8049160753914242	0.8762244251582713
6.8050812066851529	0.9638468676741359
6.8060163440367001	0.9972963092562085
6.8154283249641034	0.9995748338038054
6.9217117364621474	0.9997785259843288
6.9238879584038591	0.9999548996647567
7.2417534610703234	0.9999650217668670
8.0130762437818390	0.9999891319625481
8.0350613718769779	0.9999922479970902
8.0867115484475764	0.9999934331674006
9.1315099330838425	1.0039680654495489
9.1611514040304058	0.6431755030528581
9.1611514040304058	0.8828701461715373
9.1613136618936188	0.9839684640041858
9.1616719871867538	1.0002382510098264
9.1665562807219203	1.0006775505437155
9.1800388375713382	1.0006009041018129
9.2533285635784370	0.6622808599553712
9.2533285635784370	0.8823725508002573
9.2534986189327491	0.9706098058803343
9.2542464040421084	0.9952376831002271
9.2680340067271896	0.9991110915593343
9.3189073880739937	0.9997730829642023
9.3769384402233467	0.9999429214638244
9.4209716065687203	0.9999569325816297
9.5854455124091142	0.9999891233132857
9.5984351564383967	0.9999952738934790
9.7024442868925878	1.0077631025538336
9.7071058538522532	1.0017839755477620
9.7298121532562618	1.0011459645582743
9.8273208475021274	0.6408073583700997
9.8273208475021274	0.8602474097356262
9.8274951282071896	1.0100603583382073
9.8277611370934714	0.9766186455532346
9.8287613330626424	0.9943087311415290
9.8418151454427729	0.9992507181464844
9.8607269588049746	0.9997413583469275
9.8752892137839989	0.9997997286244313
9.9200936208911390	0.9999816685479770
