0.0000000000000000	0.0000000000000000
0.0352060302720561	0.0300000000000000
0.0354459929141988	0.0129615174953157
0.0363987724849245	0.0229615174953156
0.0365331157473933	0.0244833997457259
0.0376664347025759	0.0344833997457259
0.0382724839696610	0.0444833997457259
0.0387590481082129	0.0544833997457259
0.0391271345782796	0.0644833997457260
0.0393931245906504	0.0744833997457260
0.0396728453125736	0.0844833997457261
0.0398849569410816	0.0944833997457262
0.0400990154363125	0.1044833997457261
0.0402867650482839	0.1149317397202985
0.0404720559585821	0.1264249136923286
0.0406554265887839	0.1390674050615613
0.0408406669656275	0.1529741455677172
0.0410312804887997	0.1682715601244892
0.0412209752782052	0.1850987161369379
0.0414163081340380	0.2036085877506316
0.0416235928101778	0.2239694465256946
0.0418400802820489	0.2463663911782639
0.0420460119433066	0.2710030302960903
0.0422527137025114	0.2981033333256998
0.0424728638817907	0.3279136666582696
0.0427192103502227	0.3607050333240965
0.0429718970199353	0.3967755366565066
0.0432194508995365	0.4364530903221573
0.0434943521881464	0.4800983993543737
0.0438194172145432	0.5281082392898114
0.0441296703826487	0.5809190632187921
0.0444987976851466	0.6390109695406715
0.0449523652609095	0.7029120664947391
0.0454637452718726	0.7732032731442127
0.0462335205615297	0.8459071574034224
0.0471561544844248	0.9114317286013415
0.0484443827850559	0.9452335662488927
0.0493545916232501	0.9727198578289235
0.0500603284636282	0.9765420779286191
0.0517504316450525	0.9927364589709173
0.0526798899239160	0.9946678357607519
0.0560930556750467	0.9972343631940134
0.0573545473137179	0.9991080743028500
0.0607342196729365	0.9993149298021129
0.0607798717118382	0.9996441897188487
0.0657572594804632	0.9999134562854959
0.0687257907463004	0.9999563732863065
0.0766147864308441	0.9999896434266020
0.0789267214162136	0.9999952307588170
0.0870666752952768	0.9999988452672757
0.0895090216136855	0.9999995002173154
0.0987338808259188	0.9999998731654587
0.1011047792827517	0.9999999452219793
0.1096626042532598	0.9999999857601667
0.1121122914226206	0.9999999938428827
0.1204683333702619	0.9999999983657434
0.1229619863271043	0.9999999992852708
0.1303752025506074	0.9999999998086185
0.1331791803387265	0.9999999999156362
0.1405685702531505	0.9999999999773012
0.1434790088638273	0.9999999999899294
0.1509488800909559	0.9999999999972842
0.1538769992502968	0.9999999999987889
0.1615833716027235	0.9999999999996798
0.1644281432839174	0.9999999999998609
0.1717170799894804	0.9999999999999621
0.1748110552376786	0.9999999999999835
0.1821459150152172	0.9999999999999954
0.1851312443409780	1.0000003162411695
0.1876268495734124	1.0000003624020986
0.1879447553776438	1.0000004168551331
0.1882744318899405	1.0000005386458051
0.1890739432605558	1.0000007070090111
0.1991653930733599	1.0000007325476987
0.2086425460329946	1.0000007666625892
0.2148059293762434	1.0000007757864628
0.2170633696728547	1.0000007819116965
0.2196417040967667	1.0000007866307592
0.2364425792344455	1.0000007882257094
0.2460909529982349	1.0000007888683566
0.2541960357955689	1.0000007889689337
0.2589676104346427	1.0000007890345479
0.2720564319556876	1.0000007890589555
0.2725570714161596	1.0000012551210398
0.2725574392391105	1.0000013153668199
0.2943568404957337	1.0000013256610856
0.2943587764129001	1.0000013347789736
0.2951349793715802	1.0000013454467840
0.2951364617492336	1.0000013548991968
0.2959132057099190	1.0000013659580627
0.2959204738292008	1.0000013757543629
0.2970730511331177	1.0000013896923361
0.2973710082110573	1.0000013915185846
0.3164162258140712	1.0000013928299016
0.3165457364561449	1.0000013930005642
0.3248164669413252	1.0000013935250092
0.3254523761400156	1.0000013935961891
0.3433939094669739	1.0000013936611389
0.3435556629089288	1.0000013936711758
0.3572017238401738	1.0000013936784591
0.3581550093326186	1.0000013936796519
0.3699373669039799	1.0000013936804431
0.3716731672378923	1.0000013936805769
0.3822792082052203	1.0000013936806620
0.3846513305007199	1.0000013936806769
0.3943508088683834	1.0000013936806860
0.3971265053227164	1.0000013936806877
0.4066170131024937	1.0000013936806889
0.4077025949011883	1.0142199494582109
0.4146264527506813	0.6513757365776586
0.4146264527506813	0.8716892889716265
0.4147840740193207	1.0402449622241523
0.4148405026999274	1.0005013582303186
0.4179102051440552	0.9161846167758850
0.4180975804714127	0.9764307771322658
0.4203039822284281	0.9965503811121281
0.4214704927124626	0.9993704599218352
0.4396527502473798	1.0001015244476203
0.4565742768596234	1.0002515747410765
0.4803733694084139	1.0002832576891398
0.6917724183081596	0.6401863541927396
0.6917724183081596	0.8595776968451666
0.6919280583929364	0.9438548596892823
0.6923774327354321	1.0061730163034599
0.6988042471686410	0.6566228387183675
0.6988042471686410	0.8674687392977007
0.6989637459371308	0.9542156132274738
0.6996980964015164	0.9978221150582607
0.7070025667518262	1.0010206297007771
0.7176112835094554	0.9793724748821941
0.7215972766846431	0.9988907246602514
0.7316141665565743	1.0000437102510271
0.7738789536671458	0.9989075783338737
0.8071669801418623	0.9997730036925087
0.8206649852908232	0.9999447936750366
0.9704332697394784	0.9999837043515709
1.3636141144386296	0.9999981114047646
1.3636145898658762	0.9999999731317536
1.7451565546463248	1.0000005259034506
1.7451595503690054	1.0000005973533337
1.8750561406918991	1.0073132407962222
1.8776839428040033	1.0083341065487998
1.8787677774800744	1.1498446424738735
1.8789573147668928	0.9960602470700464
1.8815070027259044	0.9990315545467950
1.9290999477256019	0.9997029926605396
2.0139697301620298	0.9999903405995182
2.8352698019886726	0.9999937303357499
3.4281416257016124	0.9999963547946799
5.7655715412474686	1.0004196885559118
5.7981723283000077	0.9921287977527539
5.8016784271024004	0.9996691981452223
5.8123131545275655	1.0045502129581685
5.8167800900590043	1.0005533009390786
6.0351578529637386	1.0000491631169222
6.1245368400996609	0.9999991361771708
6.1572817311301744	0.9999833364351151
6.1591224397325846	0.9999808905019669
6.1879704218813698	0.9999802690253318
6.1989317683149316	0.9999801884282450
6.2321942679586773	0.9999801662604265
6.2424337703473292	0.9999801633943128
6.2757914147589684	0.9999801626055118
6.2860307776312032	0.9999801625035408
6.3193927724240133	0.9999801624754757
6.3296324741523460	0.9999801624718476
6.3629942166792741	0.9999801624708492
6.3732321822467970	0.9999801624707199
6.4067325615586839	0.9999801624706842
6.4173095131419187	0.9999801624706799
9.1611575958261859	1.0000573480326125
9.9939697294894909	0.9999905575288758
