0.0000000000000000	0.0000000000000000
0.0412109608112391	0.0300000000000000
0.0414560526111465	0.0139452300373370
0.0423706282637731	0.0239452300373369
0.0424695967624248	0.0258203927300236
0.0435300977493855	0.0358203927300236
0.0440986821206220	0.0458203927300236
0.0445573763580807	0.0558203927300237
0.0448799369120200	0.0658203927300237
0.0451850079117347	0.0758203927300236
0.0454322729333675	0.0858203927300237
0.0456669258872714	0.0958203927300236
0.0458636376378159	0.1058203927300235
0.0460624604243705	0.1164024320030260
0.0462419651182700	0.1280426752033284
0.0464232222835430	0.1408469427236611
0.0466098039211541	0.1549316369960274
0.0468022727277705	0.1704248006956301
0.0469985612691685	0.1874672807651933
0.0471996225097986	0.2062140088417131
0.0474006991574165	0.2268354097258840
0.0476101600084111	0.2495189506984720
0.0478133381950023	0.2744708457683195
0.0480300811104227	0.3019179303451517
0.0482630967737487	0.3321097233796669
0.0485040196844957	0.3653206957176334
0.0487501319766308	0.4018527652893973
0.0490027489735280	0.4420380418183370
0.0492919466377674	0.4862418460001711
0.0496194575192038	0.5348660306001884
0.0499221966265041	0.5883526336602073
0.0503319955487728	0.6471878970262275
0.0507741601514070	0.7119066867288503
0.0513234161045471	0.7830973554017354
0.0520731524874217	0.8596066648596716
0.0531492031590520	0.9243225683044162
0.0547393158263890	0.9606547685411478
0.0559924094578258	0.9793328906654839
0.0565196049344691	0.9863073262326810
0.0587765400244451	0.9947637679953457
0.0593161972318770	0.9957771616498243
0.0604854667718915	0.9980810368975674
0.0617254004024878	0.9985114173579352
0.0673206385427054	0.9993921961140732
0.0689739639287976	0.9997129106043470
0.0724120087467569	0.9998812785907798
0.0733389918026694	0.9999399369008195
0.0768330831349171	0.9999761075533246
0.0786293746386094	0.9999928223194314
0.0813435774268378	0.9999955172579823
0.0890148175457997	0.9999967902307929
0.0903885865747459	0.9999991759913848
0.0914808057814661	0.9999994843692687
0.1008756338554158	0.9999996259392416
0.1029969234269763	0.9999999041129949
0.1037940872780696	0.9999999421641980
0.1138696115209487	0.9999999866408034
0.1143018832185740	0.9999999923898335
0.1242327950178920	0.9999999979159162
0.1248382319164060	0.9999999989865580
0.1342296536007027	0.9999999997309607
0.1358165935949064	0.9999999998688255
0.1450735746905792	0.9999999999656177
0.1466480620630489	0.9999999999832626
0.1559886593569976	0.9999999999956505
0.1575473062518193	0.9999999999978879
0.1669612026985123	0.9999999999994543
0.1684109002960190	0.9999999999997202
0.1773619621393383	0.9999999999999304
0.1790223206636491	0.9999999999999647
0.1851312681300868	1.0000000025411253
0.1876294946950996	1.0000000029202045
0.1878032087178547	1.0000000036470087
0.1885198314170870	1.0000000052667388
0.1897686958228546	1.0000000071054285
0.1982510273824445	1.0000000076157023
0.1994951795947575	1.0000000079441933
0.2003180444347066	1.0000000082429392
0.2095159317190951	1.0000000086051837
0.2182034567506834	1.0000000088162273
0.2225700064489457	1.0000000089326992
0.2268634984301228	1.0000000089577668
0.2357940864787279	1.0000000089682224
0.2433875723624659	1.0000000089700471
0.2455396280261646	1.0000000089852015
0.2469809583132177	1.0000000089936731
0.2528049940242731	1.0000000089952636
0.2536296361310841	1.0000000089967924
0.2547032718192042	1.0000000089981838
0.2554791558733697	1.0000000089993983
0.2604894307536629	1.0000000090002843
0.2725570342735110	1.0000726729926521
0.2725570345151309	1.0000820611738206
0.2943708844493808	1.0000836653799663
0.2943907459579619	1.0000850842654445
0.2951642911816285	1.0000852990151954
0.3232610518086649	1.0000853642875840
0.3232712205079087	1.0000853727232204
0.3393224664252277	1.0000853751322729
0.3407092324690991	1.0000853756235346
0.3505131689198692	1.0000853757863495
0.3524862515195101	1.0000853758239943
0.3609919164374791	1.0000853758373520
0.3633195509904787	1.0000853758406421
0.3712978741504925	1.0000853758418569
0.3737594713879548	1.0000853758421682
0.3814988426864567	1.0000853758422863
0.3841823983630390	1.0000853758423172
0.3920393786835888	1.0000853758423287
0.3949419963211245	1.0000853758423323
0.4027858601917869	1.0000853758423331
0.4047148492809423	1.0000853758423334
0.4065039525240026	1.0000853758423336
0.4077025949011910	1.0001873540706121
0.4116012800693652	1.0002185256300080
0.7572571724486510	0.6401448438527084
0.7572571724486510	0.8556089512089019
0.7574158727432062	0.9411698463298033
0.7581549969991438	0.9811475267986656
0.7601968588915502	0.9956531999723693
0.7704133795329774	0.9993013823176088
0.7716400652116261	0.9997313725412660
0.8167468025080067	0.9998916383115266
0.8307113364946356	0.9999129652618189
0.8353419602636628	0.9999872662107434
0.8384790394634968	0.9999984541402398
1.0442019264568090	1.0000034018956476
1.0502569675229549	1.0000040399152432
1.2291105772330406	1.0000057583803679
1.2534765010572706	1.0000057870873735
1.2970936568231175	1.0000057875669266
1.3407018692357506	1.0000057875749386
1.3842730694493119	1.0000057875750723
1.4217856411638903	1.0000057875750750
1.8779061731155600	1.0000600687736676
1.8807459328786529	1.1000660756510685
1.8808359537410915	1.0000650212103117
2.2652825593798989	0.9860023457164130
2.2654412917115905	1.0132472731450464
2.2654533322191184	0.9985634222348319
2.2785155820726444	0.9999631256738475
2.2917829657202367	1.0000123700940118
4.7295335073829312	1.0000039760053607
4.7306565361305610	1.0000025984486307
