0.0000000000000000	0.0000000000000000
0.0458123747331046	0.0300000000000000
0.0460524935397740	0.0090467255767865
0.0474518395442466	0.0317769177504636
0.0474630154330766	0.0278573926722159
0.0486464004382112	0.0464212008037829
0.0493806633633376	0.0677455034353126
0.0494927675644682	0.0750549238019287
0.0498656328157951	0.0850549238019286
0.0501566382237031	0.0950549238019285
0.0503793529890163	0.1050549238019284
0.0505775653083114	0.1155604161821210
0.0507728055853909	0.1271164578003329
0.0509638769536417	0.1398281035803661
0.0511589748170513	0.1538109139384028
0.0513572139589008	0.1691920053322434
0.0515589617785686	0.1861112058654680
0.0517598245001870	0.2047223264520148
0.0519596784101042	0.2251945590972166
0.0521685446677077	0.2477140150069378
0.0523819469688660	0.2724854165076313
0.0526063538261152	0.2997339581583942
0.0528448808612685	0.3297073539742340
0.0530762260162015	0.3626780893716576
0.0533191299815905	0.3989458983088238
0.0535833924171744	0.4388404881397064
0.0538778885881948	0.4827245369536767
0.0541753277356204	0.5309969906490440
0.0545016410098330	0.5840966897139486
0.0548973939466694	0.6425063586853433
0.0553109284375114	0.7067569945538774
0.0559094141999864	0.7774326940092657
0.0565973598911165	0.8430590098911629
0.0573548204862263	0.8942572300261848
0.0584033954849009	0.9282588189132969
0.0589993886646965	0.9501069035109317
0.0591388311387023	0.9572157648756516
0.0602270035854181	0.9739062071756602
0.0611066800347346	0.9832749381668945
0.0614477837094578	0.9887191609945148
0.0623720743853285	0.9915906810569296
0.0647564880207645	0.9967862703790460
0.0656429286179188	0.9984115282759344
0.0705589303773301	0.9993833414734588
0.0720339590963723	0.9998292015931611
0.0747071028040550	0.9999128883801703
0.0856759599127758	0.9999797126101788
0.0871815556205379	0.9999906560408736
0.0970683673931966	0.9999976119841898
0.0989737537117744	0.9999988413951757
0.1062145304781680	0.9999997027501524
0.1088183975964176	0.9999998526140790
0.1161887867140064	0.9999999625625274
0.1189878607440485	0.9999999810981972
0.1266567215555079	0.9999999951974615
0.1290164630509455	0.9999999976021079
0.1374617822894570	0.9999999993854599
0.1394589074351238	0.9999999996974310
0.1481900911744433	0.9999999999225309
0.1502120330521365	0.9999999999622459
0.1590502882809335	0.9999999999903274
0.1611028269892827	0.9999999999953161
0.1698430320659605	0.9999999999987996
0.1719497571784351	0.9999999999994216
0.1806024731450019	0.9999999999998516
0.1828159569207586	0.9999999999999286
0.1851348435769470	1.0000000000513061
0.1876262295674848	1.0000000000646092
0.1880516568918012	1.0000000000918479
0.1890179581498437	1.0000000001322313
0.1904087510256394	1.0000000001807470
0.1983053843288043	1.0000000002045675
0.2008506403818404	1.0000000002245999
0.2091977073083554	1.0000000002276557
0.2106851332588006	1.0000000002367628
0.2138715731801552	1.0000000002379401
0.2191359250572543	1.0000000002438512
0.2232757590306167	1.0000000002478948
0.2284926106727775	1.0000000002493343
0.2351669263735129	1.0000000002496454
0.2360222805630411	1.0000000002499072
0.2364652833448604	1.0000000002501899
0.2459213076854274	1.0000000002506122
0.2488138978021014	1.0000000002508871
0.2547533533577662	1.0000000002510483
0.2570370133733738	1.0000000002511271
0.2610208078967842	1.0000000002511737
0.2675315325412373	1.0000000002511795
0.2725570342595939	1.0041458757165229
0.2725570342595978	1.0046676424878100
0.2896071292816758	0.6437341139500591
0.2896071292816758	0.8604078665279429
0.2897629079830875	0.9464486531807359
0.2904695492856099	0.9887899265060121
0.2939433238086764	0.9988290115793870
0.2998515047538421	0.9997596281059170
0.3751258499565219	1.0000442240362990
0.3842560088309127	1.0000822760587995
0.4014777135049775	0.9919178398394800
0.4048950701113259	0.9996512811682453
0.4279385982822558	0.9999769886037370
0.6674113141474576	1.0000118288166675
0.8015345633640192	0.9999027476235777
1.1020345773528759	0.9999829352434010
1.1464997011587621	0.9999940739979529
1.1669598146375122	0.9999956978973854
1.2106518330941012	0.9999957249954964
1.6406818069650506	0.9999959987425071
1.6434248243911407	0.9999960387006159
1.6870310821544503	0.9999960393682230
1.7306374717720534	0.9999960393793774
1.7742953159293653	0.9999960393795638
1.8230009318571607	0.9999960393795664
1.8254115214198974	0.9999960393795667
2.9546212314395341	0.9999989050268189
2.9561212438455593	0.9999995212919582
5.3987226529202355	1.0000000294395681
6.6406210239961929	1.0000000379286356
