0.0000000000000000	0.0000000000000000
0.0422325951389930	0.0300000000000000
0.0424695967624248	0.0137150185924120
0.0434073806564350	0.0237150185924121
0.0435145025121745	0.0183293962501837
0.0438612207641489	0.0236596516630639
0.0445703224635784	0.0336596516630639
0.0452069109630726	0.0436596516630640
0.0456439945262013	0.0536596516630640
0.0460599974974366	0.0636596516630640
0.0463330619311318	0.0736596516630641
0.0465714383554675	0.0836596516630642
0.0468127712705744	0.0936596516630642
0.0470113132885040	0.1036596516630644
0.0471634005548759	0.1140256168293707
0.0473264029828846	0.1254281785123076
0.0475083784948468	0.1379709963635381
0.0476959321223332	0.1517680959998917
0.0478890992996530	0.1669449055998810
0.0480865645922103	0.1836393961598688
0.0482905130646315	0.2020033357758559
0.0484981861257526	0.2222036693534412
0.0487008879429231	0.2444240362887853
0.0489123845975029	0.2688664399176641
0.0491302825524724	0.2957530839094304
0.0493635151528664	0.3253283923003738
0.0496101909445805	0.3578612315304115
0.0498471749058930	0.3936473546834532
0.0500974442005612	0.4330120901517988
0.0503924304133931	0.4763132991669781
0.0506901452898155	0.5239446290836753
0.0510050410717909	0.5763390919920425
0.0514018037885017	0.6339730011912462
0.0518002777318329	0.6973703013103711
0.0523345938315064	0.7671073314414083
0.0530236576431662	0.8294641353816358
0.0536997855300482	0.8821759289879181
0.0546895634194043	0.9071323532280595
0.0549544373119730	0.9455461224890874
0.0565196049344691	0.9682647745783118
0.0573346987089149	0.9866941923849959
0.0587765400244451	0.9893044540034521
0.0604854667718915	0.9964220085921300
0.0617626121015471	0.9984278264069523
0.0689739639287976	0.9993826289924829
0.0694494153338014	0.9996977350797988
0.0733389918026694	0.9998796928484276
0.0741845533559780	0.9999398048618879
0.0778409308647684	0.9999856964969138
0.0786293746386094	0.9999916246896750
0.0901942172289700	0.9999981740078470
0.0903885865747459	0.9999990205209069
0.1028115328041367	0.9999997841530759
0.1029969234269763	0.9999998828591745
0.1135104430661911	0.9999999685587507
0.1138696115209487	0.9999999843407632
0.1228080430266722	0.9999999958798258
0.1242327950178920	0.9999999978406938
0.1325244308802087	0.9999999994551870
0.1342296536007027	0.9999999997193301
0.1432095083806173	0.9999999999297965
0.1450735746905792	0.9999999999641421
0.1540980581844677	0.9999999999910779
0.1559886593569976	0.9999999999954736
0.1650536191482956	0.9999999999988776
0.1669612026985123	0.9999999999994333
0.1760757086247210	0.9999999999998538
0.1773619621393383	0.9999999999999282
0.1851312681300868	1.0000000009012435
0.1876183139950768	1.0000000010332968
0.1878522166473357	1.0000000014808355
0.1887710173079509	1.0000000021380278
0.1900936268245300	1.0000000028869882
0.1982510273824445	1.0000000030680531
0.1994951795947575	1.0000000032223344
0.2003180444347066	1.0000000033491863
0.2095159317190951	1.0000000034941212
0.2190587905679134	1.0000000036012218
0.2225700064489457	1.0000000036425503
0.2281272671383894	1.0000000036607206
0.2357940864787279	1.0000000036649193
0.2455396280261646	1.0000000036714967
0.2473944831896430	1.0000000036758634
0.2528049940242731	1.0000000036764276
0.2536296361310841	1.0000000036771344
0.2547032718192042	1.0000000036777195
0.2551424035351504	1.0000000036777950
0.2554791558733697	1.0000000036782259
0.2559750361189757	1.0000000036782817
0.2604894307536629	1.0000000036786223
0.2725570342690712	1.0001995070567253
0.2725570342735110	1.0002252620575780
0.2943907459579619	1.0002296611081554
0.3138084179312155	1.0002297372017348
0.3232610518086649	1.0002297603558212
0.3339676333974217	1.0002297633482229
0.3393224664252277	1.0002297642027946
0.3478281467476320	1.0002297643770615
0.3505131689198692	1.0002297644348175
0.3580894011855937	1.0002297644481712
0.3609919164374791	1.0002297644529099
0.3683193765715370	1.0002297644540770
0.3712978741504925	1.0002297644545077
0.3784242469454511	1.0002297644546181
0.3814988426864567	1.0002297644546601
0.3885806906951816	1.0002297644546712
0.3920393786835888	1.0002297644546752
0.3989171376905887	1.0002297644546765
0.7453937696370487	0.6401470492509931
0.7453937696370487	0.8802021927201156
0.7456258317552200	1.0333665582111242
0.7458702969859168	0.9971448213229964
0.7572571724486510	0.9494544773109874
0.7572610735131422	0.9400299252635880
0.7589706706563999	0.9874917375262828
0.7601968588915502	0.9917382340011157
0.7665846227568630	0.9981769499874491
0.7704133795329774	0.9994357361342984
0.8068359807219643	0.9998793411301869
0.8167468025080067	0.9999357479394898
0.8249175853125423	0.9999430026470394
0.8353419602636628	0.9999769374839240
0.8359482756347031	0.9999813226147012
1.0386934136951111	0.9999949069033652
1.0442019264568090	0.9999966624279508
1.2279260519042285	1.0000013799435261
1.2291105772330406	1.0000019897025425
1.2316699610788053	1.0000020685166260
1.2534765010572706	1.0000020787029211
1.2752858080904317	1.0000020800194838
1.2970936568231175	1.0000020801896472
1.3188986355211707	1.0000020802116423
1.3407018692357506	1.0000020802144853
1.3625043125102474	1.0000020802148526
1.3842730694493119	1.0000020802149003
1.4058127934204463	1.0000020802149063
1.4217856411638903	1.0000020802149072
1.4381454127563333	1.0000020802149072
1.8807457880590346	1.3749373988771496
1.8808359537410915	1.0000184800377623
4.7295335073829312	1.0000053119904717
4.7306565361305610	1.0000010408337778
