0.0000000000000000	0.0000000000000000
0.0472659993423491	0.0300000000000000
0.0474630154330766	0.0147970118979369
0.0484593641116519	0.0247970118979368
0.0485265459903417	0.0197922186510284
0.0488612409146452	0.0297083995531713
0.0493806633633376	0.0326941619441754
0.0497009888818913	0.0426941619441754
0.0501093993058713	0.0526941619441755
0.0504623521900562	0.0626941619441757
0.0508009067582837	0.0726941619441757
0.0510624731965612	0.0826941619441757
0.0513172320749738	0.0926941619441756
0.0515235293204848	0.1026941619441757
0.0517178074176232	0.1129635781385932
0.0518957036576970	0.1242599359524527
0.0520814573366156	0.1366859295476978
0.0522725398142219	0.1503545225024673
0.0524650919116918	0.1653899747527140
0.0526633547851688	0.1819289722279855
0.0528688873344512	0.2001218694507837
0.0530765869652297	0.2201340563958623
0.0532752935645845	0.2421474620354483
0.0534821152819033	0.2663622082389927
0.0537001470283909	0.2929984290628915
0.0539341252399404	0.3222982719691801
0.0541788938231778	0.3545280991660977
0.0544137708166299	0.3899809090827080
0.0546700064257909	0.4289789999909792
0.0549563139882677	0.4718768999900772
0.0552544091637344	0.5190645899890848
0.0555646085459787	0.5709710489879928
0.0559621054098827	0.6280681538867914
0.0563673729155907	0.6908749692754701
0.0568849355689453	0.7599624662030167
0.0575712541276034	0.8308427528381106
0.0584348358102915	0.8961639835697280
0.0595887518285057	0.9325669312770701
0.0604180367077214	0.9577581901847447
0.0614477837094578	0.9746440394548785
0.0623720743853285	0.9835435502510026
0.0626137140899761	0.9889321745201757
0.0635868096550020	0.9917347711646868
0.0656429286179188	0.9968183321789451
0.0666820751216070	0.9984225228868293
0.0712372306184256	0.9996515972915739
0.0720339590963723	0.9998077586893744
0.0843946153028904	0.9999577132549846
0.0856759599127758	0.9999813990555184
0.0947505772156047	0.9999951828456677
0.0970683673931966	0.9999976507877074
0.1034608805259153	0.9999993903342870
0.1062145304781680	0.9999996959722369
0.1134000514483231	0.9999999223094392
0.1161887867140064	0.9999999613233368
0.1241649793327654	0.9999999901323845
0.1266567215555079	0.9999999951353481
0.1351182304867704	0.9999999987606943
0.1374617822894570	0.9999999993934968
0.1460394088152204	0.9999999998451109
0.1481900911744433	0.9999999999249849
0.1568947742060619	0.9999999999807869
0.1590502882809335	0.9999999999907513
0.1676346667573567	0.9999999999976276
0.1698430320659605	0.9999999999988636
0.1783376959084332	0.9999999999997080
0.1806024731450019	0.9999999999998607
0.1851348435769470	1.0000000000181186
0.1876549612530411	1.0000000000261868
0.1883209319256989	1.0000000000372831
0.1892677633293116	1.0000000000536740
0.1907159013483799	1.0000000000734237
0.1983053843288043	1.0000000000818761
0.2008506403818404	1.0000000000904608
0.2085465196240874	1.0000000000917428
0.2095791390997713	1.0000000000930152
0.2106851332588006	1.0000000000962468
0.2144708269156445	1.0000000000972225
0.2192863654501686	1.0000000000996165
0.2232757590306167	1.0000000001010512
0.2286027560501687	1.0000000001018869
0.2351669263735129	1.0000000001020166
0.2360222805630411	1.0000000001021261
0.2364501175198879	1.0000000001021403
0.2364652833448604	1.0000000001022407
0.2368670600585775	1.0000000001022535
0.2459213076854274	1.0000000001024085
0.2516511270862584	1.0000000001025413
0.2547533533577662	1.0000000001025986
0.2581609057108447	1.0000000001026417
0.2610208078967842	1.0000000001026581
0.2681222506294700	1.0000000001026639
0.2725570342595915	1.0114768058462653
0.2725570342595939	1.0128522140493670
0.2787807127617582	0.6502817712230677
0.2787807127617582	0.8696444583747891
0.2789384856748395	0.9566089042122735
0.2796726209367252	0.9992652621643762
0.2896071292816758	0.9594646496388606
0.2918169908495677	0.9953237459001020
0.2939433238086764	0.9990824827781475
0.3520812473851612	0.9998855209657921
0.3751258499565219	0.9999842156385325
0.4279385982822558	0.9999602985076550
1.1020345773528759	0.9999889837953314
2.9546212314161373	0.9999984218956437
5.3982733585661915	0.9999998168550284
5.3987226529202355	0.9999999971559260
6.6187558804495108	1.0000000204609241
6.6406210239961929	1.0000000234731707
