0.0000000000000000	0.0000000000000000
0.0607900298396794	0.0300000000000000
0.0610354019068916	0.0139653482515305
0.0619489209792540	0.0239653482515304
0.0620471677010213	0.0258477571112099
0.0631049159830958	0.0358477571112099
0.0636728857084744	0.0458477571112101
0.0641311098019862	0.0558477571112099
0.0644535856482640	0.0658477571112097
0.0647583712920523	0.0758477571112098
0.0650057231800200	0.0858477571112097
0.0652402824577098	0.0958477571112093
0.0654368770346098	0.1058477571112097
0.0656356848747211	0.1164325328223308
0.0658151036602205	0.1280757861045637
0.0659964127221724	0.1408833647150205
0.0661829997273338	0.1549717011865221
0.0663754567381036	0.1704688713051746
0.0665717402084702	0.1875157584356924
0.0667728102459268	0.2062673342792610
0.0669739514452925	0.2268940677071870
0.0671833190616683	0.2495834744779063
0.0673865465677914	0.2745418219256966
0.0676033246584078	0.3019960041182654
0.0678364541821928	0.3321956045300931
0.0680774090395617	0.3654151649831022
0.0683233974311157	0.4019566814814114
0.0685760889200099	0.4421523496295514
0.0688655075257105	0.4863675845925057
0.0691927736486403	0.5350043430517571
0.0694957833869013	0.5885047773569329
0.0699059517109340	0.6473552550926250
0.0703477222807928	0.7120907806018866
0.0708984207124062	0.7832998586620754
0.0716480673976498	0.8596831052793992
0.0727228533393801	0.9243515619128276
0.0743121200854957	0.9606765811913245
0.0755663636680904	0.9793427128013024
0.0760926117289191	0.9863151119920133
0.0783507707143425	0.9947655244758110
0.0788905786356064	0.9957782343451640
0.0800576120737641	0.9980815226115372
0.0812978995043577	0.9985117354363168
0.0868912574665994	0.9993923019588256
0.0885456313928706	0.9997129559776401
0.0919836061387225	0.9998812947209456
0.0929108863422439	0.9999399448247328
0.0964052646379743	0.9999761101627832
0.0982014852715450	0.9999928232604082
0.1009154045044537	0.9999955179048829
0.1085879591716861	0.9999967905681313
0.1099608610271329	0.9999991761161450
0.1110528567772301	0.9999994844665523
0.1204574812407858	0.9999996259867150
0.1225699928364770	0.9999999041345994
0.1233672692942129	0.9999999421817217
0.1334519974923942	0.9999999866461352
0.1338838694048402	0.9999999923935896
0.1439066298227996	0.9999999982538684
0.1442551969091098	0.9999999990113659
0.1541243800840203	0.9999999997322313
0.1547886547264911	0.9999999998701079
0.1643847378759598	0.9999999999658327
0.1659984574537841	0.9999999999833852
0.1754322633890879	0.9999999999956757
0.1770230766186068	0.9999999999979007
0.1864661767485269	0.9999999999994572
0.1880402379999196	0.9999999999997370
0.1974652309099422	0.9999999999999324
0.1987766093362882	0.9999999999999686
0.2081841068901779	0.9999999999999934
0.2100535336417703	0.9999999999999978
0.2188247754799516	1.0000000000000011
0.2262981005419864	1.0000000000000018
0.2308435550874409	1.0000000000000020
0.2367252369648855	1.0000000000000020
0.3692816208893108	1.1000000000000023
0.3696670410770898	1.0133112920383260
0.3714542459564370	0.9802854802182785
0.3735325936770394	1.0024735198924415
0.3788878796704524	1.0002873394167404
0.3829869192075643	0.9663538969152856
0.3856531103224643	0.9959572492543972
0.3946809648331414	0.9986722198691196
0.4019366224156332	0.9996161218727274
0.4722094819143358	0.9997327189830296
0.4762646923663074	0.9998686069000294
0.5055221108734993	0.9998878690767748
0.5609507822217357	0.9999134093035021
0.5611896697641372	0.9999167106813915
0.6052831771298612	0.9999808634505047
0.6062118860521349	0.9999891536229097
0.7369428988245106	0.9999914337831939
0.7485267455756885	0.9999917284869916
0.8799362723926127	0.9999937509712560
0.8827961705890434	0.9999940123926530
0.8856556155245986	0.9999940461843705
1.1803100227054797	0.9999940892564499
1.1876005297101770	0.9999940948239843
1.4681702943583030	0.9999942765941295
1.4707423381437832	0.9999943000899136
1.4733144055506988	0.9999943031270565
1.6344943466772828	0.9999943069998852
1.6365155625133501	0.9999984836668546
1.6365198007061252	0.9999990240345432
1.6584653403938936	0.9999991727538137
1.6700290633719113	0.9999991919771194
1.7582663524601094	0.9999991972678917
1.7698294728629720	0.9999991979517769
2.2272440781216298	0.9999991981400009
2.2388080269756832	0.9999991981643306
3.0045392003907105	0.9999995230267440
3.0045394391309737	0.9999995650183900
3.0266340709473352	0.9999995765756466
3.0381971092937898	0.9999995780695363
3.1272687326392066	0.9999995784806972
3.1388317857919983	0.9999995785338436
3.1550008384151123	0.9999998116407813
3.1550009119541036	0.9999998417720973
3.1601624404458279	0.9999998801941976
3.1643193826503291	1.0000095536220455
3.1643727067649525	1.0000108088961812
3.1788193370584348	1.0008012168844747
3.1788243915620393	1.0009028680175678
3.2008231465416710	1.0009176567360130
3.2991788340379924	1.0001485221604502
3.5593900619338044	0.9827533131978515
3.5595457331927185	0.9819641631810649
3.5599945601430676	0.9771713789738201
3.5633999295435101	0.9990347942271748
3.5743673407866550	0.9999654286364814
3.5987084123626185	1.0000719782029666
4.0800422741057716	0.9966960677966267
4.0849141705589815	0.9994741835927303
4.1563531123813862	0.9999193145570648
4.1568245554609558	0.9999757975199542
4.4738392384255041	0.9999962968904573
4.4742319668073183	0.9999989454673842
6.1150589630364767	0.9999999039627513
6.3836469272719540	1.0007245454295375
6.4393741273474063	1.0598346025530514
6.4397962494204295	1.0082667991737957
6.4432587448977428	1.0244428831835113
6.4434687230939582	0.9879918028985201
6.4496116530809537	0.9997822234038194
6.4517029570277691	0.9996341473165918
6.4797846326867647	1.0000195925733593
6.7022378514321126	1.1263308425331753
6.7024304862472164	0.9906199909053477
6.7035466730662252	0.9991786721294099
6.7182289358575114	1.0017888997595623
6.7466572423596443	0.9999919167906500
8.3484248560023033	1.0370553039569499
8.3486333460891693	0.9834572507517769
8.3532755335034974	0.9978007683118929
8.3560337412237331	1.0000999439351788
8.3565256819072520	1.0003872229341773
8.5893367274811379	1.0000843360552083
9.2026558799650253	0.9826669005181831
9.2028120403031703	0.9820372959785866
9.2032642525167621	0.9774058142397040
9.2067118811661022	0.9964791090421318
9.2207453029365674	0.9986700459545068
9.2217537517226962	0.9997704467548479
9.2276023393532665	0.9999091199581623
9.3908201383107635	1.0000175973043179
9.4852121360000634	0.9979777041234860
9.5059208288660457	0.9995417397821343
9.5374285230167999	0.9998795013468559
9.5892659610786595	0.9999248651893428
9.6585148966537950	0.9999753315865738
9.8417420102102788	0.9999880671890670
9.8680376312486366	0.9999915711977782
