0.0000000000000000	0.0000000000000000
0.0711375584020939	0.0300000000000001
0.0714035069251901	0.0127342843672016
0.0722510611588311	0.0227342843672013
0.0724604385105065	0.0241748481979410
0.0733129888993588	0.0341748481979408
0.0738821644877550	0.0441748481979407
0.0743841994129313	0.0541748481979405
0.0747371757366633	0.0641748481979403
0.0750485484157465	0.0741748481979402
0.0752944740264971	0.0841748481979402
0.0755413354789493	0.0941748481979407
0.0757385376720909	0.1041748481979402
0.0759323863542472	0.1145923330177338
0.0761114425186526	0.1260515663195076
0.0762957298953855	0.1386567229514587
0.0764872381037713	0.1525223952466050
0.0766804658119454	0.1677746347712658
0.0768744122456748	0.1845520982483929
0.0770731574015106	0.2030073080732329
0.0772816099838595	0.2233080388805563
0.0774977198595412	0.2456388427686121
0.0777065384033036	0.2702027270454725
0.0779193689909780	0.2972229997500194
0.0781434256573694	0.3269452997250218
0.0783938685681836	0.3596398296975243
0.0786544087336440	0.3956038126672761
0.0788990204464881	0.4351641939340045
0.0791675189618977	0.4786806133274048
0.0794982917013938	0.5265486746601443
0.0798176969010372	0.5792035421261588
0.0801677452794938	0.6371238963387731
0.0806487105239661	0.7008362859726512
0.0811222132331108	0.7709199145699153
0.0819013973160049	0.8480119060269062
0.0829289973584429	0.9008764180237272
0.0838031873943103	0.9359131253768667
0.0847743493539857	0.9591989983051880
0.0856480343202942	0.9756366756669452
0.0867128864070300	0.9839827716515129
0.0872647791499177	0.9916332020277658
0.0885754531421201	0.9932889527153779
0.0888827597977679	0.9959148206319240
0.0918651514312777	0.9982861731315901
0.0931891452080331	0.9994736926345180
0.0953949530984344	0.9996244958006383
0.0983763883981362	0.9997801827415616
0.1039409752830088	0.9999437715732331
0.1042152346727011	0.9999648856097559
0.1118029776751434	0.9999904087852232
0.1137313613005483	0.9999950089475403
0.1221453161543329	0.9999987189083481
0.1246325878558797	0.9999993711194387
0.1333913437321825	0.9999998412785723
0.1358367748772777	0.9999999250806348
0.1449894585582775	0.9999999809910214
0.1473628571367309	0.9999999911792632
0.1562267968835041	0.9999999977447283
0.1586266117647676	0.9999999989620264
0.1672383881142468	0.9999999997312652
0.1696494111272913	0.9999999998759785
0.1778136029444246	0.9999999999678082
0.1803160648939886	0.9999999999851873
0.1883523357655077	0.9999999999961338
0.1908818025864918	0.9999999999982221
0.1987918016603367	0.9999999999995338
0.2013614843972605	0.9999999999997857
0.2092240938204999	0.9999999999999437
0.2118369103433464	0.9999999999999741
0.2197465459135730	0.9999999999999932
0.2222793644463915	0.9999999999999968
0.2298832554332904	0.9999999999999993
0.2355741599810166	0.9999999999999996
0.2359663168437616	0.9999999999999998
0.2362163168437616	1.0354838709677416
0.2366070304062426	1.0125066073221509
0.2427007068893952	0.6487673114485401
0.2427007068893952	0.8667515293927500
0.2428573474037824	0.9534266823320245
0.2436020083618735	0.9955000698502918
0.2451928589195453	0.9944674052660607
0.2470860383632999	0.9605218749597049
0.2475025552958451	0.9856103465559128
0.2490468593379506	0.9968944344977388
0.2567721302847083	0.9987725369432057
0.2765560479919758	0.9996905684227829
0.2991638272264383	0.9998445951017648
0.3128950615287995	0.9999147589968340
0.3433415630744500	0.9999462584433997
0.3615375512274612	0.9999658876421507
0.3660637396432119	0.9999684243518644
0.3749327843609442	0.9999716558594779
0.3936056673888949	0.9999877808745875
0.4495193639862456	0.9999947575723016
0.4583720157709382	0.9999966774195822
0.5356629629421936	0.9999974180343586
0.5369780453620270	1.0020730763140597
0.5395986986229179	1.0023299043023612
0.5444340521768781	1.0531832965280832
0.5446117216202041	1.0054092353915451
0.5459042136649011	1.0079976462360707
0.5482796119316883	0.9917414300266412
0.5486828244449197	0.9968601033748460
0.5498360640483426	1.0018260908204835
0.5635382703399948	1.0007860570061271
0.5982839349566753	0.9814871266185582
0.5984768663042963	0.9844630907894087
0.5993371835334227	0.9978651119933878
0.6108941579807873	0.9918918610920352
0.6143360003951903	0.9976992182630340
0.6211122166374567	0.9988962379791854
0.6265839776932653	0.9991943993369600
0.6380339153120654	0.9997902238977916
0.6562416280159865	0.9999104430132820
0.6714976707990946	0.9999433937574470
0.7118443344179904	0.9999768248450244
0.7188899122647782	0.9999876614029362
0.7308205441359235	0.9999906428328313
0.7621623510962218	0.9999943902105625
0.8343103513588055	0.9999952826648231
0.8406599497163076	0.9999953980220539
0.8560735269648958	0.9999955451190298
0.9069306996832791	0.9999982079731353
0.9362008156577196	0.9999985882537651
0.9565821363912148	0.9999986929159602
1.0399528649827541	0.9999991720997874
1.0402793157813306	0.9999992340389232
1.0456455441783170	0.9999993130244562
1.0908652656236264	0.9999993324057841
1.1011863477887254	0.9999993349110109
1.1126890632456021	0.9999993381057537
1.3097685361509557	0.9999993388897438
1.3268052716830305	0.9999993391055202
1.4046151733302386	0.9999995490710768
1.4056497811302928	0.9999995762538808
1.4274263486495291	0.9999995837353457
1.4316875752252838	0.9999995852152882
1.4392432686827981	0.9999995854065850
1.4529106611299398	0.9999995856505332
1.5182213327426946	0.9999995857104034
1.5352553420628297	0.9999995857268811
1.5694770735052015	0.9999998147429050
1.5719855207190150	0.9999998739468976
1.5732337610301019	0.9999998815995759
1.5939311856514888	0.9999998913584405
1.6065701572295088	0.9999998937533423
1.6236066617878140	0.9999998944124857
1.6810911208576829	0.9999998945428723
1.6886466582730826	0.9999998945597260
1.7023145342354951	0.9999998945812189
1.9470375506037296	0.9999999649003292
1.9470383243565237	0.9999999739897528
1.9520300311494483	0.9999999855808126
1.9694557051672403	0.9999999884253866
1.9797752547302125	0.9999999887930754
1.9912760441718971	0.9999999892619622
2.0478899831521540	0.9999999893770338
2.0582091759095733	0.9999999893919078
2.0697099315899679	0.9999999894108760
2.3645778533770416	0.9999999894155309
2.3756953681613169	1.0000000126422395
2.3757878131217161	1.0000000156445168
2.3975900905301533	1.0000000164708258
2.3979225093516607	1.0000000166343681
2.4054742339279387	1.0000000166555081
2.4155270923348726	1.0000000368442699
2.4180797352012218	1.0000000420595621
2.4193398917929616	1.0000000427336886
2.4400233262457793	1.0000000435933531
2.4528952815933236	1.0000000438043291
2.4632145284358633	1.0000000438315997
2.4747150108176696	1.0000000438663763
2.5511053303891389	1.0000000438749108
2.5681487007379609	1.0000000438772598
2.8614742995069284	1.0000000438777243
2.8687181668730850	1.0000000438777845
2.8830539743013239	1.0000000438778609
3.0501465478211003	1.0000000438778611
3.1005002453470052	1.0000000438778611
3.1557812022773599	1.1000000482656471
3.1561783529352692	1.0147101008024009
3.1587363457945394	1.0060876841025193
3.1720089214651508	0.9126956403430135
3.1720335923793854	0.9713609244370348
3.1745639737498279	0.9936785070888240
3.1820319206327872	0.9964655908661877
3.1852049598272010	0.9992973091463343
3.1911410177832700	0.9996520436377657
3.1977093457235202	1.0001079245713296
3.2721000378681513	1.0001981325069034
3.3057910089827471	1.0002111182460021
3.5373015416201667	0.6401371933956972
3.5373015416201667	0.8587843245684671
3.5374569399687279	0.9446627570253808
3.5380614303708691	0.9965555234908797
3.5502649736996887	1.0001092606915953
4.2381359177716345	0.6406385247947357
4.2381359177716345	0.8790490718497026
4.2382973645839579	0.9832871194650746
4.2386960396963991	1.0021782882750427
4.2431295885471787	1.0027031352282363
4.2441583394873632	0.9954806968294954
4.2560238711107230	0.9998972111225293
4.2726295155522678	1.0005035026704867
4.3662645720403050	0.6410601029930840
4.3662645720403050	0.8781773533133370
4.3664259570860873	0.9659950886447431
4.3673466906345091	1.0030564559755832
4.3868448989861744	0.6478859505973077
4.3868448989861744	0.8848966046722928
4.3870096243312666	0.9733862651395745
4.3882255794823983	1.0016759155520325
4.4384609696343880	0.6455989300192913
4.4384609696343880	0.8657236567228996
4.4386195801853789	1.0370656969546339
4.4386369375029036	0.9964986992391903
4.4657199435656461	0.9991056715975127
4.4718668683915599	0.9998564476197979
4.5373089494733607	0.9999010825804634
4.6145987172944718	1.0000038585318616
4.6382437200924711	1.0000207045219411
4.9385676220795478	1.0000210565050744
5.1532748496635072	1.0001337678566602
5.2579395096990034	1.0001505623269527
5.4141047129880784	1.0488403188874709
5.4143013325743716	0.9954193145599998
5.4341916109186599	0.9985030717031204
5.4377394285667382	0.9995044760170977
5.5428593928720726	0.9997201051483857
5.6156940944300615	0.9999531686266926
5.6314240411658600	0.9999846492728045
5.7874490831533469	0.9999906178212650
5.8493859856278672	0.9999911754744792
5.9572609463782547	1.0001256654141759
5.9575322153515922	1.0001430450050846
5.9894615559774138	1.0001460049354438
6.2287664532467311	1.0001461577878785
6.3618456674158459	1.0001710437573796
6.6362431038338139	1.0129903085759078
6.6370484050239327	1.0048488229767829
6.6483516986660032	1.0015219554971448
6.6539225908370971	1.0003225074271929
6.6557342588172927	0.9973856929236574
6.6985724323821829	0.9991567240570998
6.7234859136378766	0.9997448319173844
6.8953093860689290	0.9998482546676610
7.0154327114498249	0.9999789495845492
7.3389461947986492	0.9999972757976135
7.6417107695160400	0.9999996433756720
8.5049479044950509	1.0000009638193423
8.5246557968103787	1.0000063421131362
