0.0000000000000000	0.0000000000000000
0.0896175209384646	0.0299999999999999
0.0898717096147711	0.0125863923936488
0.0907181233550157	0.0225863923936487
0.0909763547823830	0.0239740891211884
0.0916853909897588	0.0339740891211884
0.0923122086635172	0.0439740891211885
0.0928038386515256	0.0539740891211887
0.0931481965352490	0.0639740891211887
0.0934656364251687	0.0739740891211886
0.0937122740194270	0.0839740891211885
0.0939592555545113	0.0939740891211889
0.0941565120967149	0.1039740891211893
0.0943505194453080	0.1143714980333077
0.0945302181298462	0.1258086478366387
0.0947140006863358	0.1383895126203023
0.0949044899480033	0.1522284638823329
0.0950972712120322	0.1674513102705659
0.0952907408459355	0.1841964412976227
0.0954897998723361	0.2026160854273844
0.0956972211911133	0.2228776939701228
0.0959124998309804	0.2451654633671351
0.0961219007536020	0.2696820097038478
0.0963339364807873	0.2966502106742316
0.0965577896601983	0.3263152317416540
0.0968074916933944	0.3589467549158195
0.0970685381031646	0.3948414304074022
0.0973126425037156	0.4343255734481434
0.0975821872760926	0.4777581307929574
0.0979141288536497	0.5255339438722544
0.0982332277282403	0.5780873382594806
0.0985758128351314	0.6358960720854288
0.0990583498821343	0.6994856792939717
0.0995236087942160	0.7694342472233684
0.1002977519770359	0.8463776719457041
0.1013158418969634	0.9003013736824945
0.1022188749842680	0.9354192601047804
0.1031734368837235	0.9590019396064648
0.1040744155350611	0.9754992019377665
0.1051106773181285	0.9839233896958023
0.1052208661511266	0.9892327886755643
0.1062857230118664	0.9919253930760787
0.1081482828484982	0.9967359660681764
0.1098640104885402	0.9983736147663146
0.1114379828963767	0.9991341931497442
0.1125449688931042	0.9993175135797238
0.1149677840111993	0.9997495502124686
0.1161784006016690	0.9998051505045665
0.1210872243180410	0.9998618376069887
0.1224013537172260	0.9999066907040109
0.1237880670374340	0.9999662781982730
0.1261203578951318	0.9999821832133180
0.1333041913018652	0.9999951490872845
0.1364223134889502	0.9999975199597796
0.1442054175854910	0.9999993580564308
0.1469116946418010	0.9999996834006012
0.1554096047211830	0.9999999195707105
0.1579545645965895	0.9999999615166970
0.1669356876168643	0.9999999902290054
0.1693952643714787	0.9999999953937870
0.1781994432603164	0.9999999988243509
0.1805893004362930	0.9999999994506847
0.1892222427309718	0.9999999998585132
0.1916006205165973	0.9999999999339383
0.1998888900168491	0.9999999999829158
0.2022958008173193	0.9999999999920489
0.2104547439323523	0.9999999999979340
0.2128851602990297	0.9999999999990403
0.2209356996504908	0.9999999999997499
0.2234156166442987	0.9999999999998839
0.2314157638236636	0.9999999999999696
0.2339448540916468	0.9999999999999859
0.2418137850571379	0.9999999999999962
0.2423298323449166	1.0000144141569294
0.2448256130786334	1.0000165537268815
0.2451494942157706	1.0000190092300538
0.2454824021119643	1.0000218175125162
0.2458871139348049	1.0000249588718859
0.2653138154831425	1.0000253648325563
0.2755894419076335	1.0000254958622501
0.2827172451743547	1.0000255769121915
0.2887110571916549	1.0000255873872583
0.3033273293647213	1.0000255909216580
0.3039722014065536	1.0000255929651425
0.3128639025625626	1.0000255942889302
0.3177340895601805	1.0000255947241263
0.3250310683903322	1.0000255947803769
0.3340725950256358	1.0000255948824164
0.3343852558332341	1.0000255949158194
0.3356896602391010	1.0000255950012600
0.3369986198411505	1.0000255951185704
0.3420949951653701	1.0000255951966794
0.3432506621417949	1.0000255952067745
0.3593929776605312	1.0000255952172366
0.3624637341627773	1.0000255952185890
0.3706465069854296	1.0000255952207688
0.3726185370578188	1.0000255952210508
0.3876988922479883	1.0000255952214030
0.3902387370480303	1.0000255952214485
0.3968654699176024	1.0000255952215218
0.3987966000855893	1.0000255952215316
0.4126393169477127	1.0000255952215429
0.4155585287605232	1.0000255952215440
0.4188781222544254	1.0000255952215464
0.4461865890072925	0.9999980610157002
1.1337617215008495	0.9996773362898930
1.3500456416266702	0.9999442242852653
1.3778490105801389	0.9999802120933216
1.4036134645939309	0.9999851651279050
1.5669465374629366	0.9999866512714405
1.5906034585292861	0.9999868517766204
2.3985576759935383	0.9999869138592322
2.4124217274729496	0.9999869218840743
3.2098480606516882	0.9999871588186001
3.2124375529113403	0.9999871932432173
3.4043593319464502	0.9999872043867749
3.4151893154687687	0.9999872058280218
4.3930708382473949	0.9999872062559169
4.4025533157731509	0.9999882383250193
4.4062572473876216	0.9999885395276952
4.4264865352460721	0.9999886085974188
4.4403958513877724	0.9999915612176818
4.4456736317703545	0.9999919902288731
4.4733695684886401	0.9999920951753623
4.4851730980215869	0.9999929583070033
4.4915687431897542	0.9999930805282300
4.5203795733301915	0.9999931104422957
4.5385377835370955	0.9999931186744446
4.5912202433753704	0.9999931203019943
4.6351501903771126	1.0000047149328661
4.6351595839258444	1.0000062139760804
4.6570357212755153	1.0000064077489714
4.6571687682242473	1.0000064610746608
4.6650014322587339	1.0000064716204173
4.7159816895454272	1.0000064745225064
4.7833633820582993	1.0000064749460780
5.3026974659959842	1.0207976007099495
5.3063220985101038	0.6566370445765941
5.3063220985101038	0.8922998756153990
5.3064874347837092	0.9815298631768337
5.3079788921469238	1.0039132770011814
5.3183176190268258	1.0003793104692762
5.4401577214123149	0.9998907356260089
5.6676450663991575	0.9999582704523681
7.4802935415880416	0.9999864890718348
7.5268726413833846	0.9999869585262391
7.5706455868429403	0.9999869663574996
7.6142888525581318	0.9999869664883219
7.6516268389412936	1.0026036850840472
7.6660011615821411	1.0006252422727180
7.7039084872086177	0.9924905901962906
7.7073812379264881	1.0000194105378124
7.7838881267986393	1.0000710983154339
8.2583406839868765	0.9999868005710297
9.0652948734467707	0.9999872486153235
9.4945365830392845	0.9999810916325066
