0.0000000000000000	0.0000000000000000
0.0917776027030753	0.0300000000000001
0.0920332835205482	0.0128409785320510
0.0929349064029593	0.0228409785320509
0.0930974351704999	0.0243197108491483
0.0940658782182920	0.0343197108491482
0.0945994228457801	0.0443197108491480
0.0951101542342917	0.0543197108491481
0.0954648087001846	0.0643197108491482
0.0957748687406668	0.0743197108491481
0.0960205651676738	0.0843197108491479
0.0962680046343372	0.0943197108491482
0.0964654007794627	0.1043197108491483
0.0966595260067093	0.1147516819340630
0.0968381230056232	0.1262268501274692
0.0970240363496707	0.1388495351402156
0.0972178816831332	0.1527344886542367
0.0974105984580474	0.1680079375196600
0.0976052277128984	0.1848087312716260
0.0978048336142514	0.2032896043987893
0.0980153906306933	0.2236185648386677
0.0982313429333780	0.2459804213225353
0.0984408577322090	0.2705784634547890
0.0986532306966905	0.2976363098002673
0.0988764911989272	0.3273999407802950
0.0991260854116319	0.3601399348583254
0.0993868708061884	0.3961539283441581
0.0996318757493994	0.4357693211785730
0.0999021509243664	0.4793462532964291
0.1002332315591615	0.5272808786260716
0.1005524419139908	0.5800089664886788
0.1009055605277365	0.6380098631375463
0.1013848574385963	0.7018108494513012
0.1018609564346643	0.7719919343964323
0.1026410823576606	0.8491911278360749
0.1036729742710633	0.9012903145788931
0.1045234180575587	0.9362688739619592
0.1055168915986673	0.9593407910738722
0.1064350583337204	0.9806178046045227
0.1068376112595724	0.9828456374483934
0.1084555911202765	0.9909374273131065
0.1094131019375164	0.9956218441498833
0.1119966205014021	0.9987037734112425
0.1127619766842735	0.9991113111983643
0.1179492200926422	0.9995329026122854
0.1199579989789139	0.9998703293191243
0.1235138077714496	0.9999282341107978
0.1296099140564807	0.9999808101351583
0.1313758090092416	0.9999898635242503
0.1395643214137990	0.9999974402382279
0.1417181469519968	0.9999987566045836
0.1506095999557565	0.9999996893928990
0.1529641742389759	0.9999998562222656
0.1622418653729925	0.9999999635646893
0.1645622895837465	0.9999999834038288
0.1733920932154805	0.9999999957458189
0.1757996285777289	0.9999999980754980
0.1843539072157966	0.9999999994982142
0.1868112209651916	0.9999999997711695
0.1948207129357909	0.9999999999402888
0.1973864423050669	0.9999999999728731
0.2052929229246564	0.9999999999928768
0.2079251151731601	0.9999999999967610
0.2156934023442554	0.9999999999991452
0.2183639844135658	0.9999999999996106
0.2260993195296589	0.9999999999998971
0.2287994270730609	0.9999999999999529
0.2366108339857657	0.9999999999999878
0.2391651364084892	0.9999999999999942
0.2423298323464080	1.0000020494864694
0.2448254590900392	1.0000023537236660
0.2451482232546399	1.0000027030923440
0.2454722680393965	1.0000031039745738
0.2458061194251487	1.0000035628535460
0.2462174912616330	1.0000040774868477
0.2654559161201528	1.0000042017264452
0.2733472232552471	1.0000042314318858
0.2760710224253689	1.0000042549308990
0.2833051115369872	1.0000042700447198
0.2938945360060281	1.0000042734876571
0.3049000446217870	1.0000042751641418
0.3118682643206555	1.0000042753808391
0.3123155519984578	1.0000042836808483
0.3123891297447540	1.0000042847536814
0.3293867747815442	1.0000042850117763
0.3330916705027611	1.0000042851838102
0.3346503244646051	1.0000042853890907
0.3347812712793606	1.0000042855582680
0.3350104363530438	1.0000042858512153
0.3352939158277881	1.0000042859109479
0.3365086164123725	1.0000042867950365
0.3367333181729280	1.0000042869093111
0.3401653323830494	1.0000042872253807
0.3413159495603985	1.0000042872662347
0.3538021672763101	1.0000042872760693
0.3550287798887551	1.0000042872787760
0.3578528203687325	1.0000042873255828
0.3580158115249845	1.0000042873316326
0.3682018088191274	1.0000042873450881
0.3690196085088880	1.0000042873470194
0.3856536439059777	1.0000042873490547
0.3865773694071588	1.0000042873493580
0.3935264082215000	1.0000042873498103
0.3951450385673228	1.0000042873498753
0.4099808253821629	1.0000042873499384
0.4112164991423456	1.0000042873499480
0.4150142202307261	1.0000042873499639
0.4168489016813217	1.0000042873499662
0.4299845561514395	1.0000042873499688
0.4321627412744856	1.0000042873499690
0.4370962364045816	1.0000042873499693
0.4395119619353678	1.0000043609930862
0.4462028576449330	0.9999998661702806
0.7325248543081678	1.0270930326954322
0.7327129435145339	1.0015719328114925
0.7383542775988303	0.9997232813005146
0.7563669463256996	0.9999546766478944
1.0125719112703937	0.9999489084022519
1.0676023669396304	0.9999908626627075
1.1445906020201526	0.9999915576082568
1.1453509728422231	0.9999522546947984
3.2696138808616708	0.9999858370270959
4.6351501392463783	0.9999971325827074
5.3063829534242695	1.0401994030613053
5.3065142638121001	0.9978678716873077
5.3089300170006224	1.0000184457874000
5.3281223365725277	1.0000830096202320
5.6062250426642120	1.0000838725174641
5.6206009302013360	0.9999943122863280
7.7204296148040985	1.0000127962883076
8.2682036334797520	1.0000081731250032
8.9381051805271952	1.0010752751260996
8.9664414433483426	1.0680515258148640
8.9668619257012860	1.0082831397086023
8.9697942222789582	1.0027932468333747
8.9724229305177836	0.9923548808801258
8.9726018327702075	0.9983479379538230
9.0379960829336827	0.9997330132493535
9.0384583214811691	0.9999039128099642
9.0415125637901284	0.9999257665699913
9.3007919232907508	0.9999866773398277
9.3009336223900032	0.9999945469312143
9.3041461356253752	0.9999955636624189
9.3259987896624335	0.9999956949152640
