0.0000000000000000	0.0000000000000000
0.1009560256731560	0.0300000000000000
0.1011929680001334	0.0137299754153115
0.1021304998532775	0.0237299754153117
0.1022370804285974	0.0183496006871147
0.1025826834754602	0.0236799401687996
0.1032899909555514	0.0336799401687996
0.1039269514335118	0.0436799401687998
0.1043636151454598	0.0536799401688000
0.1047790849204442	0.0636799401688002
0.1050521543771677	0.0736799401688003
0.1052903822770201	0.0836799401688002
0.1055315861452255	0.0936799401688005
0.1057301628185787	0.1036799401688002
0.1058821834427415	0.1140479341856806
0.1060451600458796	0.1254527276042487
0.1062271530041591	0.1379980003646740
0.1064146725923212	0.1517978004011414
0.1066078467297162	0.1669775804412554
0.1068053168798569	0.1836753384853808
0.1070093023090721	0.2020428723339192
0.1072169057031894	0.2222471595673106
0.1074196690077340	0.2444718755240412
0.1076311567631545	0.2689190630764459
0.1078490728736887	0.2958109693840907
0.1080823878175282	0.3253920663224989
0.1083289517151402	0.3579312729547480
0.1085659459403393	0.3937244002502238
0.1088163156181981	0.4330968402752453
0.1091114817094047	0.4764065243027688
0.1094090239741659	0.5240471767330461
0.1097239707291461	0.5764518944063517
0.1101213256400437	0.6340970838469874
0.1105194491445467	0.6975067922316872
0.1110546052911058	0.7672574714548568
0.1117438579018585	0.8295330772594810
0.1124185818787277	0.8822270627837450
0.1134086214878089	0.9071895590325425
0.1136741192273182	0.9455729060641640
0.1152382807436665	0.9682838515978472
0.1160546240663295	0.9866984044032783
0.1174964746541540	0.9893069969917543
0.1192032562068957	0.9964226772537255
0.1204808290193908	0.9984280984490328
0.1276912615981748	0.9993827174275834
0.1281671477289088	0.9996977742676851
0.1320565232051904	0.9998797058159937
0.1329022787147279	0.9999398109612949
0.1365587227310513	0.9999856978808790
0.1373471282206586	0.9999916254649901
0.1489121694803914	0.9999981741823067
0.1491065078773958	0.9999990206177094
0.1615303042784653	0.9999997841768846
0.1617156458155143	0.9999998828735482
0.1722289587529220	0.9999999685664571
0.1725976712748442	0.9999999843440769
0.1815307855458519	0.9999999958814554
0.1830523118347525	0.9999999979608997
0.1918060274732328	0.9999999994671480
0.1932700666600716	0.9999999997229380
0.2018390215576156	0.9999999999304688
0.2035304219747831	0.9999999999644357
0.2127241182531726	0.9999999999911419
0.2145778634209513	0.9999999999955030
0.2237193465147700	0.9999999999988843
0.2256123015532919	0.9999999999994366
0.2346845804969061	0.9999999999998603
0.2366155721039939	0.9999999999999298
0.2423298579761613	1.0000000008429950
0.2448207276131165	1.0000000012061208
0.2457721896138310	1.0000000017651329
0.2469133334236303	1.0000000023747695
0.2480618519048156	1.0000000028561926
0.2603145439344943	1.0000000029297031
0.2622043614793554	1.0000000030004508
0.2642793728843570	1.0000000030678395
0.2660718950727040	1.0000000031820160
0.2765666209760885	1.0000000032535328
0.2790071466357427	1.0000000032920495
0.2859546237468513	1.0000000033133654
0.2958592680722327	1.0000000033161205
0.2974941505018596	1.0000000033194745
0.2982024145806490	1.0000000033199079
0.2993868029980760	1.0000000033245551
0.2996497313198058	1.0000000033251555
0.3102533361738640	1.0000000033280110
0.3122268557809597	1.0000264717716294
0.3122268561466375	1.0000298924984952
0.3340334378853939	1.0000304771056487
0.3340406985401067	1.0000309945700467
0.3348341109527548	1.0000315998556804
0.3352504287263783	1.0000322033022231
0.3358959822301295	1.0000322931411998
0.3551748544823173	1.0000323178646553
0.3555050117157701	1.0000323229786705
0.3631587153053020	1.0000323456372877
0.3634706625357026	1.0000323487394989
0.3832648602891420	1.0000323496246792
0.3838230686152732	1.0000323502857040
0.3845737270933060	1.0000323503770783
0.4049450303642984	1.0000323503898687
0.4053284628476730	1.0000323503935653
0.4065731243783577	1.0000323504212123
0.4069959804094613	1.0000323504249458
0.4242687847084139	1.0000323504265280
0.4252894008359420	1.0000323504268123
0.4386095955585061	1.0000323504268602
0.4395119619144642	1.0002699324807522
0.4395119619145801	1.0003005938368772
0.6134415808113096	0.9412190497248731
0.6136114161605992	0.9793920396826563
0.6150216143377508	0.9952530389926477
0.6169146385231612	0.9998672113511281
0.6730998289824557	1.0000507361249129
1.8061804887645192	0.9344827934723532
1.8065636030852408	0.9846285937454898
1.8085357644708326	0.9984580470863889
1.8114580434020324	0.9996419088753475
1.8308149596231296	1.0001928701801501
1.8395390587288023	1.0002638273378823
2.1579555697196904	0.6402710225475541
2.1579555697196904	0.8596545437376896
2.1581112806825278	0.9438902033219445
2.1586775416857114	0.9968851226111979
2.1729292023541338	1.0001337967033357
2.8551879655184109	0.6406054177448770
2.8551879655184109	0.8787479410008531
2.8552458498539393	0.9178718087442372
2.8558970436088287	0.9612482343587073
2.8567961706186331	0.9944384628930603
2.8576382739886972	0.9967528542582950
2.8665819326496798	0.9987186386128537
2.8835463709132609	0.9995763767808487
2.8850389323646772	0.9998661079837822
2.9518754628079700	0.9999433248339900
2.9655515171864533	0.9999532644375301
2.9991632135296769	0.9999752291958823
3.0006044876767510	0.9999780681026796
3.0236813633697608	0.9999784822208607
3.0673301344931638	0.9999784891359268
3.0916101879997089	0.9999839952697281
3.0966054535329581	0.9999847987643852
3.1315515834102290	0.9999961794332792
3.1331170274732307	0.9999976504254202
3.1549446342510432	0.9999978651358815
3.1985601544122244	0.9999978687226841
3.2421714979512108	0.9999978687826084
3.2857824379391274	0.9999978687836095
3.3292094079795542	0.9999978687836264
3.3476358991260660	0.9999990357173325
3.3517160300584039	0.9999991865542602
3.3735189030810284	0.9999992085714704
3.3866686058102937	1.0070651315066828
3.3896818726635773	1.0080528579940014
3.3905331084316122	0.9888603994831762
3.3906923342028561	1.0141818272660030
3.3908372756406786	1.0008531292475757
3.4828253757103420	0.9388616925619018
3.4830437659021949	0.9757222279675697
3.4845682164834946	0.9921788407937737
3.4875966763536423	0.9995165933244535
3.4942214118110391	0.9999678082134121
3.6650229216911887	0.9818677153733599
3.6696122276058931	0.9989145874251993
3.6817466562623000	0.9998429282520978
3.9423463095566227	0.9999687843222945
4.1456667299483030	0.9999898419296317
4.7680173431473518	1.0069489609354181
4.7718310972850793	1.1420313366774615
4.7720203933855414	0.9972032108391123
4.7736532240212526	1.0028058017924215
4.8187064120446559	0.9999151632108751
4.8268462368202414	0.9995275118686863
4.8544247659069528	0.9994758242693530
5.0399179719567249	0.9998869813503961
5.1114886641313237	0.9999613429743646
5.1133109600605851	0.9999709266685946
6.1179383594878685	0.9999950314306489
6.1179383862412093	0.9999981467391577
8.9186274243935397	1.0003957292020236
8.9211337671986310	1.0004466996242636
8.9215145712659645	1.0072037436248982
8.9248576757390055	1.0081633669284031
8.9253817282187633	1.1496504695338579
8.9255732838255284	0.9979887769842319
8.9272735069920994	1.0031538433693628
8.9575161035058493	1.0007420632576669
8.9772737309230184	1.0001331443851629
9.0804535402750783	0.9840962225472401
9.0854519996444516	0.9987090462250635
9.0981831258928310	0.9997295450587111
9.3045549627558870	0.9999507277714796
9.3824763508478970	0.9999789004307491
9.3951089085954749	0.9999825302085547
9.4176932525250834	0.9999829916663830
9.4400666950873688	0.9999830510791543
9.4621163256729748	0.9999830587319999
9.4840172258853173	0.9999830597207676
9.5058314557267192	0.9999830598485762
9.5276337848790522	0.9999830598650974
9.5494344779725822	0.9999830598672331
9.5712514128187944	0.9999830598675091
9.5930658687430750	0.9999830598675448
9.6142202152021490	0.9999830598675495
9.6341762004758316	0.9999830598675502
9.7361149392145698	0.9999830598675503
