0.0000000000000000	0.0000000000000000
0.1019994915398732	0.0300000000000000
0.1022370804285974	0.0097467578134271
0.1035657481576531	0.0240249995622534
0.1048964568383947	0.0420213517667069
0.1056496375260804	0.0627113838236749
0.1057691495219901	0.0692922216747220
0.1061769338753778	0.0792922216747219
0.1064903280104452	0.0892922216747219
0.1067185262026939	0.0992922216747220
0.1069252419893231	0.1092922216747216
0.1071128042894195	0.1202214438421934
0.1073036182240281	0.1322435882264133
0.1074981972850735	0.1454679470490549
0.1076903964130720	0.1600147417539605
0.1078838510709697	0.1760162159293573
0.1080859682999421	0.1936178375222931
0.1082843983984344	0.2129796212745226
0.1084841304222558	0.2342775834019756
0.1086890055915803	0.2577053417421725
0.1089010731967402	0.2834758759163908
0.1091314567628657	0.3118234635080296
0.1093597982571930	0.3430058098588318
0.1095970417052314	0.3773063908447139
0.1098489524791978	0.4150370299291847
0.1101341834102481	0.4565407329221020
0.1104109882981105	0.5021948062143125
0.1107209882166614	0.5524142868357435
0.1110903938456076	0.6076557155193162
0.1114604554902269	0.6684212870712479
0.1119648352659507	0.7352634157783724
0.1125713034530063	0.8087897573562099
0.1134192151172633	0.8760759615549106
0.1143862003503799	0.9161862753988064
0.1152751962598722	0.9458957050975318
0.1159759941123112	0.9664636890180653
0.1160546240663295	0.9727303895281519
0.1179941636556686	0.9909096760663649
0.1204808290193908	0.9967328304337550
0.1229227474444915	0.9983972977168911
0.1281671477289088	0.9993782308171330
0.1285499241356113	0.9996929966647115
0.1329022787147279	0.9998794525741652
0.1342132848980756	0.9999656639318187
0.1365587227310513	0.9999819328504059
0.1471533843750346	0.9999955466634310
0.1489121694803914	0.9999978701731367
0.1594995356127017	0.9999994714226408
0.1615303042784653	0.9999997423594036
0.1698729593698753	0.9999999357487120
0.1722289587529220	0.9999999661558214
0.1796481581213668	0.9999999915056165
0.1815307855458519	0.9999999955995240
0.1898030032576784	0.9999999989011760
0.1918060274732328	0.9999999994356511
0.2004918065305696	0.9999999998536946
0.2018390215576156	0.9999999999273345
0.2109622831813258	0.9999999999813391
0.2127241182531726	0.9999999999908159
0.2218772248836360	0.9999999999976505
0.2237193465147700	0.9999999999988503
0.2327837248829520	0.9999999999997065
0.2346845804969061	0.9999999999998570
0.2423302794869911	1.0000000003377083
0.2448207276131165	1.0000000004666203
0.2457721896138310	1.0000000006872947
0.2469133334236303	1.0000000009326113
0.2480618519048156	1.0000000011357033
0.2594476503959301	1.0000000011666739
0.2606975590465552	1.0000000011967400
0.2625906979141798	1.0000000012256827
0.2646698267617222	1.0000000012532577
0.2662914580914014	1.0000000012995547
0.2765666209760885	1.0000000013249315
0.2790071466357427	1.0000000013427339
0.2859546237468513	1.0000000013526837
0.2959150655587041	1.0000000013552974
0.2982024145806490	1.0000000013566415
0.2996497313198058	1.0000000013585033
0.3010055866489026	1.0000000013590618
0.3102533361738640	1.0000000013600754
0.3122268557416655	1.0000726653540262
0.3122268557809597	1.0000820535356449
0.3340406985401067	1.0000836577424408
0.3340605654628671	1.0000850766280831
0.3348850637977704	1.0000867332900996
0.3352504287263783	1.0000869473892711
0.3548266255925853	1.0000869792637876
0.3551748544823173	1.0000869880356371
0.3627304992135156	1.0000869898500837
0.3630271849297185	1.0000870473933816
0.3631587153053020	1.0000870554326311
0.3832210952295311	1.0000870565332918
0.3832648602891420	1.0000870568473528
0.3833181967372462	1.0000870580687662
0.3838230686152732	1.0000870583032968
0.4063748804658440	1.0000870583768113
0.4065731243783577	1.0000870583866206
0.4224310004679488	1.0000870583893837
0.4242687847084139	1.0000870583899450
0.4395119619143907	1.0007396098363155
0.4395119619144642	1.0008235934859389
0.4591003188832122	0.9966586300739870
0.4687741790010067	1.0000234568775479
0.5666933832467134	1.0001178533790482
1.1149862287427625	0.6400905296028310
1.1149862287427625	0.8594656864434507
1.1151418725614182	0.9437456345433508
1.1157072094058380	0.9968618975068071
1.1299590741925392	1.0001136191991296
1.8060191354982575	0.6405929917582145
1.8060191354982575	0.8787299085766296
1.8061804887645192	0.9597364316991658
1.8072533732163896	0.9965572757387955
1.8085357644708326	0.9989628096906384
1.8174860311910659	1.0005123168247037
1.8308149596231296	1.0007039381216958
1.9715941043129319	0.6476731402789809
1.9715941043129319	0.8674257049777342
1.9717540154433633	1.0351354712765122
1.9718113471643697	0.9957620871653572
1.9857925374306811	0.9987948428561844
1.9871385703556967	1.0000665799622233
2.1225712908010039	1.0000839482046182
2.1579555697196904	0.9823795029300822
2.1581112806825278	0.9817741694223359
2.1585609569579534	0.9771556087548673
2.1619693823971406	0.9990174130437208
2.1729292023541338	0.9999461907001944
2.4222706672268459	1.0000520447564329
2.8551879655184109	1.1349955059640877
2.8553801125407410	0.9723058014503495
2.8558970436088287	0.9837781984241003
2.8567961706186331	0.9970965809324384
2.8826038202918833	0.9994835279434708
2.8835463709132609	0.9997645576357980
2.9506462432024962	0.9998669322845397
2.9518754628079700	0.9998943130088884
2.9991368460487360	0.9999507465519195
2.9991632135296769	0.9999585382261204
3.1315412552909967	0.9999897431688782
3.1315515834102290	0.9999937808204157
3.3476358991191346	0.9999969842442259
3.3476358991260660	0.9999973983049780
3.3870797460166151	1.0028288887363670
3.3896818726635773	1.0031735624226170
3.4220276419994984	1.0014916993435479
3.4460876987452704	1.0005142020411424
3.4828369013800913	0.9757167877454951
3.4865841274756044	0.9969733620941983
3.4875966763536423	0.9996719508021928
3.4942214118110391	0.9997911867840675
3.6696122276058931	0.9995971972772033
3.7728848183243411	0.9999350225935769
3.9423463095566227	0.9999796633299757
4.7686191917308731	1.0027826036223142
4.7718758963839107	1.0567915911873158
4.7720203933855414	1.0053941194175637
4.7743070089011042	1.0073892112515201
4.7901230093959581	1.0012732704721694
4.8201504923462579	1.0000946191387368
4.8268462368202414	0.9999516204721686
4.8521450307336895	0.9998123599539922
4.8544247659069528	0.9997939910382440
4.8800417029700132	0.9997863278652834
4.9167959066780362	0.9997860548559886
4.9603432417859512	0.9997860451328683
5.0039272013973939	0.9997860447868195
5.0399179719567249	0.9999319795059143
5.1133109600605851	0.9999617582344968
6.0875767371829506	0.9999874073389168
6.1119529379180966	0.9999878345160159
6.1179383594878685	0.9999963879481167
6.1205592109221501	0.9999974933418628
8.9186274243935397	1.0001385715400009
8.9215307299092625	1.0028857836933704
8.9248576757390055	1.0032205141926713
8.9254018774738402	1.0597491139555901
8.9255732838255284	1.0060389514998698
8.9278446948531744	1.0078917397967810
8.9410535913010616	0.6453471595974482
8.9410535913010616	0.8665968541995553
8.9412106313834787	1.0386213162534543
8.9412229755988868	0.9977982112626744
8.9542221793446188	1.0014164367034324
8.9575161035058493	1.0006487475190164
8.9772737309230184	1.0001658052304792
9.0854519996444516	0.9995702802715102
9.2575053936299252	0.9998858976384550
9.3045549627558870	0.9999644663718376
9.3951089085954749	0.9999757322197944
9.4400666950873688	0.9999759163990648
9.4840172258853173	0.9999759194641790
9.5276337848790522	0.9999759195153941
9.5712514128187944	0.9999759195162494
9.6142202152021490	0.9999759195162642
9.7361149392145698	0.9999759195162645
