0.0000000000000000	0.0000000000000000
0.0939346244196586	0.0300000000000000
0.0941745451526660	0.0129733851385730
0.0951270414816427	0.0229733851385729
0.0952609568128977	0.0244995173517158
0.0963864723055748	0.0344995173517156
0.0969919767453605	0.0444995173517158
0.0974781334962994	0.0544995173517157
0.0978467142499190	0.0644995173517159
0.0981124198333801	0.0744995173517159
0.0983918089250788	0.0844995173517162
0.0986038739720840	0.0944995173517158
0.0988178078328614	0.1044995173517158
0.0990055159803312	0.1149494690868870
0.0991907621709888	0.1264444159955760
0.0993740809862789	0.1390888575951340
0.0995592942967191	0.1529977433546472
0.0997499481045756	0.1682975176901125
0.0999396321281095	0.1851272694591241
0.1001349265761081	0.2036399964050362
0.1003421538024419	0.2240039960455392
0.1005585923762515	0.2464043956500922
0.1007645177272789	0.2710448352151021
0.1009711559109679	0.2981493187366132
0.1011913727631334	0.3279642506102753
0.1014377728819182	0.3607606756713029
0.1016903908742083	0.3968367432384340
0.1019379501641512	0.4365204175622773
0.1022130136335606	0.4801724593185047
0.1025379761227258	0.5281897052503554
0.1028482825001124	0.5810086757753913
0.1032177013218747	0.6391095433529310
0.1036711259770799	0.7030204976882237
0.1041829885407756	0.7733225474570465
0.1049535487928081	0.8459557094641655
0.1058747775988419	0.9114579496275430
0.1071625686424278	0.9452633724638915
0.1080743478890772	0.9727319000450350
0.1087793205438862	0.9765521756738816
0.1104693715924065	0.9927402517067482
0.1113986735995817	0.9946709410262395
0.1148115959386863	0.9972364676236734
0.1160754899022642	0.9991086546856731
0.1194531684863858	0.9993153734855313
0.1195017410437046	0.9996443999392006
0.1244768846554987	0.9999135007352247
0.1274454392850727	0.9999563961771595
0.1353328238460668	0.9999896513188730
0.1376595237018284	0.9999952350772934
0.1458038543005066	0.9999988471658466
0.1482771531130715	0.9999995012011585
0.1575113616576260	0.9999998735589604
0.1599216657188631	0.9999999454101743
0.1684838972931308	0.9999999858301027
0.1709741184362353	0.9999999938756068
0.1792713881660109	0.9999999983585738
0.1818483426212942	0.9999999992692876
0.1894692213567493	0.9999999998065167
0.1921837093052876	0.9999999999147690
0.1996571822765672	0.9999999999771912
0.2025442227218394	0.9999999999898929
0.2099754613834927	0.9999999999972811
0.2129025421383128	0.9999999999987886
0.2204199824921429	0.9999999999996733
0.2233140623496671	0.9999999999998538
0.2310695489325218	0.9999999999999615
0.2338619744700327	0.9999999999999830
0.2411828926966037	0.9999999999999954
0.2423298323617728	1.0000002914075932
0.2448254372950969	1.0000003346548536
0.2451479690999432	1.0000003843407341
0.2454708657750756	1.0000004404382052
0.2457903193679320	1.0000005065646449
0.2461325493450454	1.0000005803579566
0.2465424899504121	1.0000006656988818
0.2655125498657394	1.0000006964904959
0.2737251640854221	1.0000007052502726
0.2767843319248185	1.0000007099521058
0.2839264188127495	1.0000007128222042
0.2984479149143821	1.0000007136827251
0.3053043800702457	1.0000007141221874
0.3120680349509787	1.0000007142098029
0.3122302737156205	1.0000007760806775
0.3122342645583436	1.0000007840780560
0.3337608397534396	1.0000007854718920
0.3339959018611762	1.0000007866857945
0.3348000666802966	1.0000007891787985
0.3354124824010141	1.0000007908028743
0.3355488731411583	1.0000007921233147
0.3363863290570406	1.0000007958774351
0.3364532568996386	1.0000007965333690
0.3382533491145892	1.0000007986638639
0.3391270222405490	1.0000007989554982
0.3572641138156136	1.0000007992494990
0.3577552156576048	1.0000007992950934
0.3667214572611380	1.0000007993786268
0.3676879404732930	1.0000007993902844
0.3847830129056957	1.0000007994011628
0.3851009896038529	1.0000007994028435
0.3907994041564887	1.0000007994055413
0.3921344932028080	1.0000007994059334
0.4081648785122247	1.0000007994062590
0.4090012029943774	1.0000007994063100
0.4120147037539678	1.0000007994064091
0.4134370182397206	1.0000007994064233
0.4289766346431663	1.0000007994064377
0.4296911747891324	1.0000007994064402
0.4395119619308724	1.0000013543794666
0.4395119619320728	1.0000014261145793
0.4613147296552483	1.0000014353869595
0.4613148029038124	1.0000014458578286
0.4619810558198706	1.0000014554220571
0.4620652196857479	1.0000014662645076
0.4627531800248065	1.0000014761764500
0.4633533262736859	1.0000014903160277
0.4978616226010751	1.0000014913143571
0.5184861594993420	1.0000014913422073
0.5238818627863213	1.0000014913715085
0.5441866182203969	1.0000014913735118
0.5628835277450874	1.0000014913736490
0.5805897612598838	1.0000014913736590
0.5990745059405062	1.0013670706017090
0.5996236202833103	1.0015414202798163
0.6526526983898198	0.6412332255057109
0.6526526983898198	0.8605007052140731
0.6528085658104735	0.9445834737722717
0.6533802438246321	0.9970590987942891
0.6676412200571106	1.0002934554644076
0.7357052915236388	0.9973827988022574
0.7421911459198944	0.9996164755019583
0.7587860999093304	0.9999471283155273
1.0673107103277872	0.9999874810163025
1.1225108317510566	0.9999934079549592
1.1665315122389595	0.9999934952734212
2.5196419167638702	0.9999994901103281
4.8699631341848475	1.0219520232784614
4.8732945342522394	0.9821069874744226
4.8761001390260992	0.9992806800674559
4.8981176465252014	0.9995353238619090
4.9509243578326698	0.9999780782050131
4.9785770106055667	0.9999840263033757
5.3099957404100468	0.9999866620907474
5.3282269613123043	0.9999958421368836
5.3793986125088349	1.0000108195796313
5.4037991520583466	1.0000110408145977
6.6087081122786975	0.9838195467566124
6.6138731465689702	0.9988426533886438
6.6220825379691348	0.9998881889108386
6.8555168399854534	1.0000093126405774
8.9176037506920629	1.1379942599827642
8.9177854862408399	0.9900693790607736
8.9187020846947505	1.0009052421858435
8.9320899839911032	1.0031637565338114
8.9402584846208253	1.1152559191667233
8.9404321731264869	0.9901622915920212
8.9415636019830220	0.9991180307320887
8.9662777374934173	1.1039811989647177
8.9664522347749323	0.9955490375554878
8.9759404634767765	0.9979175945468507
8.9848062050401438	0.9992894317955313
9.0064827928158504	0.9994637151718155
9.0210652868664152	0.9994891197615713
9.0507805155311658	0.9999106744862449
9.0509441546238829	0.9999650591052466
9.1819110027575306	0.9999815505273725
9.1918035062714800	0.9999836729856691
9.3328762484799999	0.9999942135424829
9.3330788210628146	0.9999955945956696
9.5588733253546110	0.9999959722990652
9.5692126454890989	0.9999960211139658
9.8499642342002680	0.9999978553621673
9.8500394046384194	0.9999980924559223
9.8754590465351146	0.9999990192645954
9.8761800206842967	0.9999991390633608
9.9196062025235054	0.9999991885778743
9.9264254179442197	0.9999991949780374
