0.0000000000000000	0.0000000000000000
0.1124246977869930	0.0299999999999999
0.1126702674698432	0.0129179018340298
0.1136113450587534	0.0229179018340297
0.1137473773856982	0.0244241672600649
0.1147955400443370	0.0344241672600649
0.1153232998438748	0.0444241672600649
0.1158355390801883	0.0544241672600647
0.1161937253713625	0.0644241672600648
0.1165081007187879	0.0744241672600647
0.1167642244458291	0.0844241672600650
0.1170048572579010	0.0944241672600652
0.1172070405752188	0.1044241672600653
0.1174033961652750	0.1148665839860719
0.1175844214387728	0.1263532423846793
0.1177665127438504	0.1389885666231471
0.1179607100410722	0.1528874232854616
0.1181507816108496	0.1681761656140074
0.1183435993342226	0.1849937821754077
0.1185430281914582	0.2034931603929491
0.1187527285635258	0.2238424764322448
0.1189693851346434	0.2462267240754697
0.1191793494362816	0.2708493964830164
0.1193903214688273	0.2979343361313184
0.1196130352399315	0.3277277697444506
0.1198619521250408	0.3605005467188951
0.1201222146257067	0.3965506013907842
0.1203660037698556	0.4362056615298630
0.1206361321061861	0.4798262276828490
0.1209662221634486	0.5278088504511332
0.1212795603842870	0.5805897354962464
0.1216349271283127	0.6386487090458708
0.1221114827489647	0.7025135799504588
0.1225878510375556	0.7727649379455055
0.1233676044462771	0.8500414317400554
0.1244159700635306	0.9015885509122882
0.1252882680137414	0.9347520389498984
0.1260058018509536	0.9565077571887326
0.1268309362890206	0.9764000351353054
0.1283521525757241	0.9894140747773013
0.1289859339724250	0.9908417971837271
0.1309715056118748	0.9967482248799682
0.1315694525042663	0.9978227465371970
0.1343844279479762	0.9987935350299264
0.1390745730990845	0.9997206288178201
0.1395308310366436	0.9998393415082336
0.1470182712999152	0.9999604866707928
0.1491827460679782	0.9999791263437977
0.1572323556974163	0.9999948664463649
0.1591371534059367	0.9999975546537293
0.1678499850970978	0.9999993978974865
0.1701824319341954	0.9999997288821458
0.1794944977281676	0.9999999313725410
0.1818146973650079	0.9999999694617258
0.1905469504228675	0.9999999921354262
0.1929649251011074	0.9999999965148413
0.2014211747978840	0.9999999990813986
0.2039267413769581	0.9999999995862333
0.2117565406450925	0.9999999998913082
0.2143935317568477	0.9999999999513183
0.2221170293095834	0.9999999999871143
0.2248658559547901	0.9999999999942122
0.2324757752615127	0.9999999999984600
0.2352667553988926	0.9999999999993059
0.2428851134392035	0.9999999999998146
0.2445831788655970	0.9999999999999735
0.2485372199413139	1.0000000000001599
0.2497958204722416	1.0000000000002947
0.2581001254345161	1.0000000000003124
0.2592611451591929	1.0000000000003291
0.2622688393686847	1.0000000000003675
0.2627742340308295	1.0000000000003728
0.2639530454643702	1.0000000000003801
0.2661956837751798	1.0000000000003908
0.2673221944606998	1.0000000000004026
0.2807227950621466	1.0000000000004043
0.2824058292231539	1.0000000000004181
0.2865452866323459	1.0000000000004230
0.2918813798463150	1.0000000000004265
0.2966923735137907	1.0000000000004274
0.2987217438878783	1.0000000000004288
0.3122439375579307	1.0141989971978154
0.3190919816270996	0.6513591977581833
0.3190919816270996	0.8716688867371739
0.3192496065409120	1.0402197756713401
0.3193060471906631	1.0004780751076963
0.3224090945617227	0.9163770034291836
0.3225964296133762	0.9764422898542813
0.3248076332246425	0.9963613106862540
0.3259038576863941	0.9992736172775513
0.3434431825526704	1.0000247346910967
0.3550818717976997	1.0002141958856723
0.3701421016098155	1.0002558258345351
0.3923774942082079	1.0002595689508811
0.4137844371364606	0.9978152740901662
0.4293892916192287	0.9999760662370957
0.5501852385119456	1.0000380671898812
1.1240644737124135	0.9822118772733081
1.1242201643783227	0.9816855371456510
1.1246698508828659	0.9771164558850999
1.1280742000661907	0.9990086073444432
1.1390367769171383	0.9999367953053038
1.3865697058750803	1.0000417244691651
1.8186193274456686	1.1349717663227092
1.8188047837106949	0.9878999655483219
1.8198717778042481	0.9984444466878157
1.8304394502107622	1.0019892370785921
1.8688576360971021	1.0003520958110361
1.8816488572360766	1.0002966025577338
1.9241569842929638	1.0002945008144035
1.9626722803640169	0.9831652906511245
1.9628318249942116	1.0104871582291837
1.9628788872803080	0.9961811212353934
1.9772707930521112	0.9994298784188089
1.9781130145487882	0.9999088469213975
2.0659938184249684	0.9999678352761442
2.1131143009874620	0.9999740073946871
2.1475826026656555	0.9918935674211259
2.1509911576058953	0.9996493055522260
2.2125922798592006	0.9999538737901003
2.2486059509408234	0.9999686925504021
2.4657284344405936	1.0000045953068575
2.4739268290211052	1.0000178764725391
2.6331163965192443	1.0000203069197340
2.6649080696818559	1.0000203474926512
2.8145251391311628	1.0554038671859878
2.8147122588689699	1.0036954700630092
2.8183788164691710	1.0066362767133532
2.8314122226524314	0.6452649660853702
2.8314122226524314	0.8663643752207117
2.8315696281637286	1.0380100072454166
2.8315852049662924	0.9973227929189280
2.8446354780343812	1.0009297230253711
2.8578796001782623	1.0010286571308109
2.8658551832005994	1.0004898741711514
2.8723759270308693	1.0004045747411798
2.9745403374444317	0.9491785058080902
2.9765494841827986	0.9871795912514867
2.9818612596071441	0.9973636247058794
2.9866639171989831	0.9983485033599657
2.9962827653637136	0.9994790371297271
3.0102920372943673	0.9996101446758996
3.0361732682540929	0.9999046159322909
3.0483996653740149	0.9999425086850424
3.0567568326691994	0.9999473904390576
3.1238356592132370	1.0043864834270686
3.1317009676739369	1.0004951263373179
3.2575336324888249	1.0525303776870536
3.2579044356419806	1.0000957303548319
3.3787549477092682	1.0102786778988759
3.3808230209810186	0.9996634461695767
3.4289176499461513	0.9995775210527551
3.6532250403190760	0.9999285275103055
4.2222766016399724	0.9999903375631906
4.9981571578790289	0.9999998289838880
8.4927618684572757	1.0000003232653500
