0.0000000000000000	0.0000000000000000
0.1070118810671303	0.0300000000000001
0.1072460824766593	0.0105173433880649
0.1076351876897487	0.0157152931142566
0.1082435945010063	0.0257152931142564
0.1083284898628033	0.0232763867149074
0.1089196566021118	0.0332763867149072
0.1095820807887416	0.0432763867149073
0.1100517871113911	0.0532763867149074
0.1103769018413194	0.0632763867149076
0.1107070381738373	0.0732763867149075
0.1109629982236058	0.0832763867149074
0.1112093902631870	0.0932763867149071
0.1114104243791035	0.1032763867149066
0.1116058867346822	0.1136040253863976
0.1117879872211543	0.1249644279250376
0.1119732146664623	0.1374608707175410
0.1121604880375728	0.1512069577892956
0.1123490343711080	0.1663276535682248
0.1125430066171086	0.1829604189250477
0.1127447862740419	0.2012564608175519
0.1129542901160488	0.2213821068993077
0.1131630549795077	0.2435203175892392
0.1133757676270621	0.2678723493481624
0.1135851262762066	0.2946595842829786
0.1138126345091690	0.3241255427112755
0.1140543001213481	0.3565380969824037
0.1143086534983800	0.3921919066806432
0.1145577357280526	0.4314110973487085
0.1148366140175975	0.4745522070835793
0.1151474303145718	0.5220074277919363
0.1154746151191001	0.5742081705711303
0.1158280454247487	0.6316289876282442
0.1163051163566334	0.6947918863910696
0.1167636240335515	0.7642710750301765
0.1174844094217389	0.8406981825331956
0.1184799264973481	0.8984875241941485
0.1194709353112912	0.9337607741590217
0.1203543284927033	0.9583370422546716
0.1213322088356411	0.9750366818212145
0.1223057478361756	0.9837202653757332
0.1224921308126380	0.9890725767499273
0.1235032385356051	0.9918256569005145
0.1254004406041574	0.9968409617932767
0.1265008549261964	0.9984314814393664
0.1287906183257068	0.9989867592690310
0.1299554187677484	0.9995915884290486
0.1415136259819901	0.9999069433625933
0.1431127316426244	0.9999646471885482
0.1502637892742193	0.9999904548496884
0.1534687894432110	0.9999953443829835
0.1592033360322015	0.9999987672990843
0.1621791380510971	0.9999993845122033
0.1692925429403684	0.9999998409773815
0.1721183965547911	0.9999999212866403
0.1801609825059677	0.9999999799806804
0.1828833751954212	0.9999999902028005
0.1914183924738807	0.9999999975095549
0.1938373429312499	0.9999999987959022
0.2025086329963569	0.9999999996934101
0.2048347751998130	0.9999999998531254
0.2135151496197603	0.9999999999623218
0.2157144754732858	0.9999999999820310
0.2241882916477028	0.9999999999953756
0.2264088606251453	0.9999999999978053
0.2348169640357753	0.9999999999994336
0.2370964826180778	0.9999999999997323
0.2424094945169796	1.0000000000067564
0.2448537971304280	1.0000000000111544
0.2463711232641395	1.0000000000170501
0.2475773328336279	1.0000000000236486
0.2489372829425315	1.0000000000295843
0.2584109723151833	1.0000000000304694
0.2591484801953078	1.0000000000313716
0.2602112919726044	1.0000000000322471
0.2614637561480115	1.0000000000330962
0.2633627014177548	1.0000000000339149
0.2654490771684928	1.0000000000346976
0.2667781508386118	1.0000000000358484
0.2794228416576340	1.0000000000366440
0.2802705170232445	1.0000000000371199
0.2850705960314283	1.0000000000373299
0.2870702345141717	1.0000000000376277
0.2920840861497530	1.0000000000376799
0.2964228588003496	1.0000000000377856
0.3005408662802860	1.0000000000378766
0.3043109605184525	1.0000000000379168
0.3109527027551075	1.0000000000379456
0.3122268557364527	1.0041458755053030
0.3122268557364722	1.0046676422774159
0.3199107058556103	0.9980912547294974
0.3350170365096881	1.0004021383793298
0.3525956375031727	1.0006752019789236
0.3595989224678581	0.9827334320599125
0.3597548623825328	0.9821638616312979
0.3602075804527965	0.9775318224535977
0.3636620751641390	0.9990985428751767
0.3745918384765010	1.0000265484263762
0.4411348207258357	0.9814548988486603
0.4429073138683773	0.9983298293178157
0.4547739459791277	1.0000426912929090
0.5049166569144101	0.9998883677614802
0.8119613354880439	0.9999788019718799
0.8681491516054086	1.0000029121787537
1.8066074409406152	1.0068161126625443
1.8102375405219355	1.0007660811242880
1.9015517617532658	1.0000545788284949
1.9447433960456175	1.0000241685340550
2.1078363357063372	0.9997962357215614
2.1381823619333109	0.9999582652188689
2.8147499038098527	1.0001094421663523
2.8567171854290798	1.0028596439467559
2.8662106978124369	1.0002627314551087
2.9994470889508267	1.0000435515297765
3.0632331840850622	1.0000418462457308
3.1238706318584457	0.9542117209885000
3.1258229275791902	0.9888372360793705
3.1311685242621539	0.9939783274058333
3.1312532411572205	0.9990362475425486
3.1346352545268572	0.9996539105337596
3.2223382136340293	0.9998947979291698
3.2685381350291345	0.9999825354366333
3.2934709213854569	0.9999938514107406
3.3079992541138670	0.9999953120702086
3.4470246730099459	1.0002060021612460
3.4509867630768447	1.0002331147096573
3.4538038409079928	1.0002366118697135
3.4969853697567888	1.0008345500035174
3.5241784662220113	1.0008442514582685
3.6653436108905852	1.0001035990333977
3.7347274395942582	1.0000355130302951
3.7632098144509931	1.0000166628926517
3.7745674039651624	1.0000142238979040
5.3089878621039110	0.9999993194939075
8.9433551593685312	1.0003141963341524
8.9592284069267567	1.0000627632629002
8.9805534811124517	1.0000144572919127
9.0865308262741529	0.9999952532325139
