0.0000000000000000	0.0000000000000000
0.1091903534685070	0.0300000000000001
0.1094445421601036	0.0125863936479432
0.1102909557606865	0.0225863936479431
0.1105491872233273	0.0239740908236627
0.1112582231435149	0.0339740908236627
0.1118850408252879	0.0439740908236628
0.1123766707451516	0.0539740908236626
0.1127210286114249	0.0639740908236625
0.1130384684933737	0.0739740908236627
0.1132851060716877	0.0839740908236629
0.1135320875943700	0.0939740908236626
0.1137293441279505	0.1039740908236630
0.1139233514749099	0.1143714999060290
0.1141030501539687	0.1258086498966318
0.1142868327113388	0.1383895148862954
0.1144773219729263	0.1522284663749251
0.1146701032326991	0.1674513130124180
0.1148635728646886	0.1841964443136604
0.1150626318951601	0.2026160887450263
0.1152700532181071	0.2228776976195295
0.1154853318606071	0.2451654673814816
0.1156947327773997	0.2696820141196306
0.1159067685040356	0.2966502155315946
0.1161306216935389	0.3263152370847535
0.1163803237433094	0.3589467607932280
0.1166413701424332	0.3948414368725511
0.1168854745460574	0.4343255805598052
0.1171550193348655	0.4777581386157849
0.1174869609133037	0.5255339524773635
0.1178060597726197	0.5780873477250998
0.1181486448998262	0.6358960824976103
0.1186311819319553	0.6994856907473709
0.1190964409025062	0.7694342598221093
0.1198705841314209	0.8463776858043208
0.1208886741379455	0.9003013785386255
0.1217917070086181	0.9354192642794519
0.1227462690752335	0.9590019412628450
0.1236472475371568	0.9754992030900101
0.1246835095002040	0.9839233901856494
0.1247936981532756	0.9892327890557430
0.1258585551444623	0.9919253933016202
0.1277211147925930	0.9967359661298963
0.1294368424335878	0.9983736147947587
0.1310108148886005	0.9991341931650551
0.1321178007880702	0.9993175135898588
0.1345406159883547	0.9997495502169204
0.1357512325604793	0.9998051505082943
0.1406600563099883	0.9998618376100886
0.1419741854931421	0.9999066907058101
0.1433608990545787	0.9999662781990795
0.1456931897781626	0.9999821832137074
0.1528770232542347	0.9999951490873989
0.1559951453890170	0.9999975199598332
0.1637782495324611	0.9999993580564455
0.1664845265569125	0.9999996834006077
0.1749824366587917	0.9999999195707122
0.1775273965296320	0.9999999615166981
0.1865085196523381	0.9999999902290057
0.1889680963426954	0.9999999953937869
0.1977722747787614	0.9999999988243509
0.2001621308914140	0.9999999994506845
0.2087950727153891	0.9999999998585134
0.2111734453834165	0.9999999999339383
0.2194617129847023	0.9999999999829162
0.2218686515142788	0.9999999999920492
0.2300280957446375	0.9999999999979342
0.2324590207789952	0.9999999999990403
0.2405091620672714	0.9999999999997501
0.2426383912063693	1.0000000000008826
0.2450078429722691	1.0000000000016545
0.2467065246090339	1.0000000000026645
0.2479105998786522	1.0000000000037503
0.2493494833397464	1.0000000000047529
0.2588798983791790	1.0000000000050386
0.2597780663415479	1.0000000000052094
0.2606279663913116	1.0000000000053597
0.2618424838949771	1.0000000000055023
0.2637225621929882	1.0000000000056410
0.2658390771685626	1.0000000000057729
0.2670443395009824	1.0000000000059563
0.2808736689059758	1.0000000000061604
0.2858844170670924	1.0000000000062244
0.2885386033102393	1.0000000000062750
0.2933067935754379	1.0000000000062916
0.2967501145278704	1.0000000000063092
0.3013106790316619	1.0000000000063247
0.3053139695491585	1.0000000000063329
0.3112232715048871	1.0000000000063378
0.3122268557364475	1.0322580645222863
0.3122268557364479	1.0355780978180189
0.3145798770409001	0.9782259436079598
0.3167619520441379	0.9991212722775634
0.3169086611560182	1.0063405173384905
0.3189704481255921	0.9694397283677403
0.3216644686360044	0.9977857491209630
0.3242069671355263	0.9922133592223865
0.3243110453029734	0.9942469677511797
0.3253966976582052	0.9976904950839682
0.3489460481818989	0.9997003240938266
0.3499045391593250	0.9999526449342997
0.3871547065730331	1.0000068489934313
1.8191623123141525	0.9952291216706514
1.8233786145276214	0.9998937795794386
1.8626283692412680	1.0000910281056563
2.8146865846063638	1.0009973758628710
2.8150527414303999	0.9999600750889667
2.8515304456872728	1.0003820360402125
2.8700894257124183	1.0001380821350616
2.9816288030048455	0.9995332114199315
3.1238302497273045	1.0771357772757024
3.1240231046997096	0.9867077948031284
3.1256585751914865	0.9930850231778338
3.1264587066563725	0.9981342442622709
3.1696552731904872	0.9995335138962408
3.2268861073020387	0.9999374182482191
3.2347072147672846	0.9999891225691084
3.4344306611161550	1.0000033894799960
3.4614119859495176	1.0000376960173325
3.4982247640684045	1.0001226853833804
3.5622979370467434	1.0001240548712134
4.4497567781896610	1.0000185108032589
5.3109461837987846	1.0000023950059038
9.4204676154347595	1.0000023935639253
