0.0000000000000000	0.0000000000000000
0.1205288577807485	0.0300000000000001
0.1207658001065058	0.0137299757224941
0.1217033319544951	0.0237299757224940
0.1218099125186979	0.0183496011020774
0.1221555155436563	0.0236799405854891
0.1228628229866865	0.0336799405854891
0.1234997834719468	0.0436799405854893
0.1239364471753392	0.0536799405854892
0.1243519169394396	0.0636799405854894
0.1246249863963306	0.0736799405854896
0.1248632142930970	0.0836799405854898
0.1251044181585980	0.0936799405854902
0.1253029948326820	0.1036799405854897
0.1254550154554782	0.1140479346440378
0.1256179920581098	0.1254527281084420
0.1257999850167610	0.1379980009192861
0.1259875046042346	0.1517978010112138
0.1261806787417810	0.1669775811123346
0.1263781488920595	0.1836753392235672
0.1265821343220408	0.2020428731459238
0.1267897377147244	0.2222471604605176
0.1269925010205683	0.2444718765065691
0.1272039887758240	0.2689190641572253
0.1274219048867464	0.2958109705729498
0.1276552198322320	0.3253920676302436
0.1279017837275454	0.3579312743932674
0.1281387779529374	0.3937244018325958
0.1283891476329043	0.4330968420158533
0.1286843137279191	0.4764065262174357
0.1289818559891010	0.5240471788391768
0.1292968027451736	0.5764518967230940
0.1296941576682357	0.6340970863954052
0.1300922811655130	0.6975067950349434
0.1306274373291620	0.7672574745384376
0.1313166899438176	0.8295330786796573
0.1319914138921242	0.8822270638355876
0.1329814535063570	0.9071895602090945
0.1332469512587637	0.9455729066131756
0.1348111127543046	0.9682838519877968
0.1356274561024915	0.9866984044894570
0.1370693066902755	0.9893069970437568
0.1387760881993830	0.9964226772674032
0.1400536610206448	0.9984280984546018
0.1472640935805015	0.9993827174293939
0.1477399797202212	0.9996977742684883
0.1516293551923744	0.9998797058162601
0.1524751107059215	0.9999398109614209
0.1561315547234832	0.9999856978809075
0.1569199602122850	0.9999916254650061
0.1684850014753925	0.9999981741823100
0.1686793398717681	0.9999990206177116
0.1811031362836572	0.9999997841768853
0.1812884778192902	0.9999998828735486
0.1918017907692153	0.9999999685664573
0.1921705032894484	0.9999999843440769
0.2011036175720357	0.9999999958814554
0.2026251434600711	0.9999999979608994
0.2113788579594341	0.9999999994671478
0.2128428998913107	0.9999999997229377
0.2214118461531349	0.9999999999304691
0.2231032636718743	0.9999999999644358
0.2322969801623358	0.9999999999911418
0.2341506323264647	0.9999999999955030
0.2432919566951038	0.9999999999988841
0.2451871829589731	0.9999999999994365
0.2542529320039725	0.9999999999998606
0.2561837450542060	0.9999999999999298
0.2650418688997594	0.9999999999999831
0.2668915988064545	0.9999999999999918
0.2758178428461214	0.9999999999999987
0.2771186558542514	0.9999999999999999
0.2865565874915787	1.0009920040529516
0.2890843590480120	1.0011381925786804
0.3509111299263364	0.6407518334144721
0.3509111299263364	0.8601693352117515
0.3510668793577423	0.9443203030427223
0.3516349856927778	0.9970288985120787
0.3658974866177324	1.0002665522160330
0.4668073788901831	0.9643304188557201
0.4670718288908829	0.9955927223492138
0.4716535509996528	0.9991549001844736
0.5055350380294026	0.9998434552263726
0.5370169402095604	0.9999537920016162
0.5775919405363615	0.9999699431036064
0.6310181888295079	0.9999991967070008
0.6438559381162905	1.0000034646138172
0.7152000015463442	1.0000042904497610
0.7642714905612895	1.0207656823296252
0.7679475663851109	0.6566118593917374
0.7679475663851109	0.8968014163507247
0.7681139893475013	0.9859879937413362
0.7706690747982435	0.9990037040664990
0.7710654414589796	0.9998149313793646
0.8028113924998862	0.9994448787841935
0.8094097322109322	0.9994600995826386
0.8220953176968028	0.9996335720858646
0.8263130837337529	1.0046732815466450
0.8396451520169653	1.0005840455233914
0.8484857694644555	0.9991836643360887
0.8555906267947779	1.0002116338566589
1.0106864426027755	0.6634840049732112
1.0106864426027755	0.8837176126055105
1.0108563757467675	0.9720893738660665
1.0121208528653589	0.9963017045369515
1.0215893028733900	0.9995193833373842
1.0384720321110390	0.9998730992523058
1.1631756740825667	0.9999743368057060
1.1742180695866899	0.9999874354340609
1.8186112560986567	0.9999910185868042
1.8454044420537323	0.9999914703743175
1.9576304856709656	1.0000174203734837
1.9601707818444989	1.0000207730170250
2.1596425900640481	1.0162997433743610
2.1639909514141213	0.6530364710167578
2.1639909514141213	0.8921590735042650
2.1641569811577344	0.9850411405210970
2.1645476445196428	0.9991460341241966
2.2400411254737480	0.9998502324638251
2.4444927754312324	1.0010656523998747
2.4601064574186706	1.0013258598355679
2.5234664675784977	0.6410963082966612
2.5234664675784977	0.8702505142604604
2.5236280041400501	0.9572755656864571
2.5243939964235977	0.9974312315736228
2.5387992480876362	0.9994863814958392
2.5450362560316702	1.0001258535653779
2.5924963386114430	1.0001883573892922
2.6152798036821312	1.0000467916529441
2.9985300391774210	0.9998798049990960
3.1823351600072893	0.9984115200141904
3.2410711963075811	0.9997873518111279
3.2778857590752328	1.0000479034887260
3.3761964648157612	1.0277185871891523
3.3764588236861033	1.0036615877682136
3.4142764355213799	1.0008006792787771
3.4162394195913102	1.0001889464019660
3.4232192275625049	1.0001580661779010
3.4384573287076949	1.0000153747756901
3.4390097024660742	0.9999968767747313
3.8519688255371869	0.9999137622177210
4.8937014988584995	0.9999926246403795
6.1597341227264426	0.9999989397445234
