0.0000000000000000	0.0000000000000000
0.1330802886671217	0.0299999999999999
0.1333202093988742	0.0129733854871487
0.1342727057196056	0.0229733854871489
0.1344066210382905	0.0244995178251257
0.1355321363594687	0.0344995178251256
0.1361376407843185	0.0444995178251253
0.1366237975251928	0.0544995178251254
0.1369923782890089	0.0644995178251252
0.1372580838658921	0.0744995178251250
0.1375374729503745	0.0844995178251249
0.1377495379961207	0.0944995178251253
0.1379634718539105	0.1044995178251254
0.1381511800003863	0.1149494696076388
0.1383364261904631	0.1264444165684029
0.1385197450042319	0.1390888582252437
0.1387049583143357	0.1529977440477678
0.1388956121229231	0.1682975184525436
0.1390852961461771	0.1851272702977970
0.1392805905943616	0.2036399973275763
0.1394878178209497	0.2240039970603339
0.1397042563942278	0.2464043967663687
0.1399101817442523	0.2710448364430044
0.1401168199275229	0.2981493200873067
0.1403370367814295	0.3279642520960361
0.1405834369013282	0.3607606773056409
0.1408360548914609	0.3968367450362071
0.1410836141813882	0.4365204195398265
0.1413586776550390	0.4801724614938097
0.1416836401411821	0.5281897076431920
0.1419939465199794	0.5810086784075122
0.1423633653505573	0.6391095462482639
0.1428167900014828	0.7030205008730920
0.1433286525794758	0.7733225509604011
0.1440992128544698	0.8459557109050145
0.1450204416195348	0.9114579503396668
0.1463082326469146	0.9452633732721677
0.1472200119374527	0.9727319003675275
0.1479249845833875	0.9765521759354877
0.1496150356179363	0.9927402517980781
0.1505443376190019	0.9946709410991450
0.1539572599550210	0.9972364676701202
0.1552211539649291	0.9991086546987242
0.1585988325074772	0.9993153734956622
0.1586474051073904	0.9996443999439562
0.1636225486839635	0.9999135007363421
0.1665911033071103	0.9999563961776697
0.1744784878500497	0.9999896513189991
0.1768051877040032	0.9999952350773470
0.1849495182865728	0.9999988471658611
0.1874228171026524	0.9999995012011645
0.1966570256553439	0.9999998735589624
0.1990673297192662	0.9999999454101751
0.2076295613338174	0.9999999858301030
0.2101197824878728	0.9999999938756069
0.2184170519782520	0.9999999983585740
0.2209940072892987	0.9999999992692877
0.2286148900241962	0.9999999998065164
0.2313293719522097	0.9999999999147690
0.2388028361283606	0.9999999999771912
0.2416898443997752	0.9999999999898929
0.2491211288489785	0.9999999999972811
0.2520483912070252	0.9999999999987884
0.2595639991704425	0.9999999999996735
0.2624573828382371	0.9999999999998539
0.2702300329685573	0.9999999999999615
0.2730121851995286	0.9999999999999831
0.2803656278878965	0.9999999999999954
0.2832993295453551	0.9999999999999981
0.2865565877582202	1.0000000215315890
0.2888260541446757	1.0000000368327411
0.2918004063630533	1.0000000495133692
0.2977235766313675	1.0000000514553451
0.2992542569739826	1.0000000532869948
0.3012123060443755	1.0000000549927390
0.3036161454058451	1.0000000565637117
0.3062844049649076	1.0000000580013195
0.3086644713269056	1.0000000593207405
0.3289383175339468	1.0000000599378007
0.3330950989783812	1.0000001219060304
0.3331231615530145	1.0000001299160193
0.3515505319429691	1.0000001316054532
0.3543069760056120	1.0000001329024626
0.3555002159723694	1.0000001343192708
0.3556426328633320	1.0000001355750585
0.3564320589955234	1.0000001369923088
0.3564397040510150	1.0000001382864885
0.3571550142037639	1.0000001398534311
0.3572134456052260	1.0000001412071506
0.3580285582882656	1.0000001424006280
0.3580556881793657	1.0000001427298777
0.3587136448815710	1.0000001448794660
0.3592098611063442	1.0000001451678029
0.3776834692422362	1.0000001454752983
0.3778033441221126	1.0000001455150451
0.3873613969673257	1.0000001456034460
0.3878511356622406	1.0000001456160970
0.4054920554335585	1.0000001456282768
0.4058526029948963	1.0000001456302092
0.4127694424110914	1.0000001456328034
0.4142518724517820	1.0000001456331751
0.4295693160644563	1.0000001456334842
0.4302408262280678	1.0000001456335335
0.4371172040824482	1.0000001456336225
0.4382822747190729	1.0000001456336356
0.4543029973612903	1.0000001456336485
0.4557441684223745	1.0000001456336505
0.4576667647625792	1.0000001456336509
0.4722750703199223	1.0000001456336520
0.4745956844687644	1.0000001456336522
0.4752347234141005	1.0000001456336522
0.5667829938149840	0.8000001165069218
0.5667829938149840	0.9999887501883999
2.4554776578223390	1.0185753394546178
2.4558024585733955	1.0033486634349000
2.4674274028215817	0.9591368551332746
2.4695006210791925	0.9859577334361739
2.4727140612187863	0.9940280029767591
2.4731759563920352	0.9984884553267803
2.4921235386271277	0.9997171528582484
2.5080909630780392	0.9998655929604769
2.5208757245921145	0.9998844167789894
2.5473281920233317	0.9998866272512922
2.6147190336636350	0.9999413294437158
2.6173499955027948	0.9999483951487604
2.6199472918261559	0.9999493082948876
2.6256326549444320	0.9999571465698690
2.6259611342008515	0.9999581599214510
2.6466685714174907	1.0071472421670538
2.6496586706783867	1.0081814491810734
2.6503249733917671	1.1495123460614243
2.6505168144174123	0.9980426788538918
2.6522770868409009	1.0030033631699520
2.6826982355650082	1.0006879323572810
2.7347322490412163	0.9856751711029468
2.7349150297962437	0.9474161953201151
2.7366466735061756	0.9783152367892973
2.7371982960437284	0.9917921526792323
2.7429802303356072	0.9978539639209993
2.7483147033017921	0.9990770592229444
2.7753875621218973	0.9995790299089995
2.7762666594423555	0.9996433077405186
2.7954598078675312	0.9999234049165621
2.7964076323358631	0.9999595559891308
2.8599869932744939	0.9999772917126364
2.8610866541993198	0.9999795835636802
2.8687039429260510	0.9999798797785614
2.9462455535264294	0.9999813936704123
2.9516893610970842	0.9999815893518523
2.9566777613302215	0.9999962338832133
2.9567154191469744	0.9999981267228030
2.9916197576592740	0.9999986761675573
3.0027155004757864	0.9999987471867491
3.0138082701217153	0.9999987563666554
3.0356123768709034	0.9999987575532007
3.0574161864400264	0.9999987577065728
3.0792190889947570	0.9999987577263973
3.1756872766342581	0.9999991158436445
3.1756872945439190	0.9999991621322999
3.1977564477616016	0.9999992780656852
3.2064192137592191	0.9999992930511821
3.2176202527119067	0.9999992949882095
3.3778116239398943	0.9999992974583123
3.3930026914842975	0.9999992977775970
3.4125958818993829	0.9999992978188678
3.4173898481700649	1.0000001929301621
3.4173906323200200	1.0000003086366738
3.4313120282085054	1.0000006993663697
3.4331124795415238	1.0000007648277767
3.4372225061206203	1.0000008919424201
3.4476236690553881	1.0000009083731165
3.4791974418254354	1.0000668912947586
3.4816957216496438	1.0000754085722769
3.4824657699697630	1.0000850930150835
3.4832753339686420	1.0000874451905821
3.4948947919922082	1.0000877487205633
3.5231521491709454	1.0000892405245922
3.5261567903079509	1.0000894332616370
3.5304352432837720	1.0000911898782900
3.5307445058182827	1.0000914168312822
3.5525611758786124	1.0000914461605592
3.5679518956742937	1.0002279826894649
3.5705450020368410	1.0002479808810532
3.5901172553704006	1.0002505227646632
3.6127169194098463	1.0002516720815513
3.6757480500848367	1.1464115619830151
3.6759332607417954	0.9906337894214514
3.6768629127779553	1.0010693820144236
3.6895376640927391	1.0033108919407694
3.6994491707826778	1.0761635687251196
3.6996298772855107	0.9875092928807720
3.7005763659358522	0.9988166549916604
3.7197850977994067	1.0931950963765651
3.7199762502207254	0.9895289117644983
3.7209561017136483	1.0003012366699637
3.7418512347699386	1.0586158573641520
3.7420366112195000	0.9925914553092587
3.7488029285324571	1.0006658207889056
3.7628514957222650	1.1243922255891721
3.7630260812730181	0.9938756698820919
3.7694709058895426	0.9991225277861177
3.7868016522445602	0.9996324423487006
3.8373387809689725	0.9998996353469892
4.1592245500892835	0.9999285838782822
4.2433483694514580	0.9999369057026092
4.2890270665261498	0.9999881679743469
4.2894892702166789	0.9999947919777336
5.2106364291333342	0.9999972894492843
6.0694796289255741	0.9999994631192555
6.0702144038871975	0.9999997440802383
