0.0000000000000000	0.0000000000000000
0.1319975298015782	0.0299999999999998
0.1322430994848365	0.0129179018469263
0.1331841770723848	0.0229179018469261
0.1333202093988742	0.0244241672775785
0.1343683720538381	0.0344241672775788
0.1348961318528377	0.0444241672775787
0.1354083710879872	0.0544241672775788
0.1357665573789155	0.0644241672775786
0.1360809327260728	0.0744241672775788
0.1363370564530980	0.0844241672775789
0.1365776892650704	0.0944241672775784
0.1367798725823665	0.1044241672775775
0.1369762281723875	0.1148665840053345
0.1371572534459211	0.1263532424058672
0.1373393447510583	0.1389885666464531
0.1375335420482713	0.1528874233110995
0.1377236136180308	0.1681761656422100
0.1379164313413988	0.1849937822064305
0.1381158601986486	0.2034931604270730
0.1383255605707319	0.2238424764697794
0.1385422171418124	0.2462267241167592
0.1387521814433919	0.2708493965284368
0.1389631534759307	0.2979343361812797
0.1391858672471050	0.3277277697994069
0.1394347841322568	0.3605005467793473
0.1396950466328379	0.3965506014572805
0.1399388357769790	0.4362056616030068
0.1402089641134935	0.4798262277633086
0.1405390541707747	0.5278088505396387
0.1408523923914805	0.5805897355936006
0.1412077591359081	0.6386487091529582
0.1416843147562953	0.7025135800682565
0.1421606830456016	0.7727649380750843
0.1429404364547101	0.8500414318825943
0.1439888020729195	0.9015885509622492
0.1448611000215424	0.9347520389687353
0.1455786338576048	0.9565077572035225
0.1464037682962273	0.9764000351445480
0.1479249845833875	0.9894140747806737
0.1485587659801727	0.9908417971865376
0.1505443376190019	0.9967482248811204
0.1511422845111348	0.9978227465379900
0.1539572599550210	0.9987935350304421
0.1586474051073904	0.9997206288179318
0.1591036630450127	0.9998393415082941
0.1665911033071103	0.9999604866708073
0.1687555780750611	0.9999791263438049
0.1768051877040032	0.9999948664463667
0.1787099854122155	0.9999975546537300
0.1874228171026524	0.9999993978974863
0.1897552639381065	0.9999997288821458
0.1990673297192662	0.9999999313725410
0.2013875293928705	0.9999999694617260
0.2101197824878728	0.9999999921354265
0.2125377571846590	0.9999999965148414
0.2209940072892987	0.9999999990813988
0.2234995733848048	0.9999999995862332
0.2313293719522097	0.9999999998913082
0.2339663659991446	0.9999999999513182
0.2416898443997752	0.9999999999871141
0.2444386730667876	0.9999999999942121
0.2520483912070252	0.9999999999984598
0.2548390490368184	0.9999999999993059
0.2624573828382371	0.9999999999998148
0.2652459679904597	0.9999999999999163
0.2730121851995286	0.9999999999999779
0.2757138169011605	0.9999999999999901
0.2832993295453551	0.9999999999999976
0.2862458482133672	0.9999999999999987
0.2865565875046489	1.0000000537342602
0.2888260541446757	1.0000000968556904
0.2918004063630533	1.0000001260043001
0.2988597602433806	1.0000001304794517
0.3008126265337149	1.0000001346456338
0.3032118894503367	1.0000001384815100
0.3058774721700678	1.0000001419910789
0.3082587416883542	1.0000001452122287
0.3289383175339468	1.0000001469512161
0.3331231615530145	1.0000001695248304
0.3332726246890408	1.0000001726674674
0.3453550208370355	1.0000001736458981
0.3503530148855473	1.0000001737409852
0.3515505319429691	1.0000001742859637
0.3523553066331971	1.0000001743939402
0.3548837206163363	1.0000001748664111
0.3555002159723694	1.0000001753443934
0.3563861048546699	1.0000001757494861
0.3564320589955234	1.0000001762066635
0.3569196502113205	1.0000001768737370
0.3571550142037639	1.0000001773792024
0.3580556881793657	1.0000001783070882
0.3582147519041234	1.0000001785094601
0.3592098611063442	1.0000001793220461
0.3599713186952850	1.0000001794308986
0.3722568122018513	1.0000001794612201
0.3765924369884112	1.0000001794677607
0.3778033441221126	1.0000001795797744
0.3779678854381142	1.0000001795942530
0.3878511356622406	1.0000001796299065
0.3885531761186191	1.0000001796349609
0.4058526029948963	1.0000001796404068
0.4059471222791063	1.0000001796411104
0.4142518724517820	1.0000001796421583
0.4152060269472450	1.0000001796423159
0.4302408262280678	1.0000001796424549
0.4312763443909421	1.0000001796424764
0.4382822747190729	1.0000001796425124
0.4394767777632556	1.0000001796425182
0.4557441684223745	1.0000001796425233
0.4576667647625792	1.0000001796425244
0.4609460672639040	1.0000001796425246
0.4722750703199223	1.0000001796425249
0.4745956844687644	1.0000001796425249
0.4888225721235930	1.1000001976067773
0.4891246868531059	1.0000001796425251
2.4554776578223390	0.6560001178454959
2.4554776578223390	0.8802846186269870
2.4556449689773263	1.0409749627713563
2.4558024585733955	1.0027850357668366
2.4579861507711440	1.0011650307089717
2.4674274028215817	0.9868970323898210
2.4683740974512545	0.9848965815677250
2.4731759563920352	0.9978022994170553
2.4885673893590217	0.9993707106007725
2.5080909630780392	0.9998012180661037
2.5473281920233317	0.9998074522974331
2.5717441083879762	0.9999432458012649
2.6173499955027948	0.9999631616923426
2.6256326549444320	0.9999852499318129
2.6466685714174907	1.0202442838234360
2.6503249733917671	0.6561977870696596
2.6503249733917671	0.8963460363453659
2.6504913504811674	0.9859806399798487
2.6522770868409009	1.0044007551352523
2.6632862241037336	1.0013855462192274
2.7347322490412163	0.6499663618976420
2.7347322490412163	0.8700775865059509
2.7349153655398779	0.9570853451565440
2.7371982960437284	0.9929043482105711
2.7387546284531057	0.9950546475173266
2.7483147033017921	0.9986905229090701
2.7498669467954935	0.9991514736919304
2.7640442950785578	0.9995833415209947
2.7762666594423555	0.9997659028342049
2.7791381685230330	0.9998474373355772
2.7964076323358631	0.9999494644607518
2.8061575251875897	0.9999626231513710
2.8588797043572569	0.9999821236225575
2.8610866541993198	0.9999885839499031
2.8754816149888622	0.9999923618822044
2.9516893610970842	0.9999929133392845
2.9567154191469744	0.9999982480242132
2.9678980181571744	0.9999990088117797
3.0027155004757864	0.9999992089588020
3.0356123768709034	0.9999992123026986
3.0792190889947570	0.9999992123585683
3.0812078003477881	0.9999992386621362
3.1756872766342581	1.0000002215900701
3.1814761331933297	1.0000003655026455
3.1852572258671374	1.0000005109089871
3.2064192137592191	1.0000005531408334
3.2232336079275927	1.0000005593052159
3.3930026914842975	1.0000005602050170
3.4173906323200200	1.0000008862883547
3.4178055940141392	1.0000009285538354
3.4313120282085054	1.0000019874362487
3.4339370557851763	1.0000021481493711
3.4347462057744464	1.0000023046641611
3.4476236690553881	1.0000023509689444
3.4612501814326277	1.0000023569541157
3.4791967641238255	1.0001670129477580
3.4816957216496438	1.0001910251525232
3.4824657699697630	1.0002183213327107
3.4948947919922082	1.0002191768820938
3.5015277305752730	1.0002228025482693
3.5261567903079509	1.0002233457832019
3.5307445058182827	1.0002239854587629
3.5679518956742937	1.0006088156205843
3.5901172553704006	1.0006159870041398
3.6757480500848367	0.6403953791040184
3.6757480500848367	0.8798911313461899
3.6759094737283973	0.9678802444808917
3.6768629127779553	1.0029922009308132
3.6994491707826778	0.6475329216277064
3.6994491707826778	0.8786110014352485
3.6996119774539427	0.9664721015787623
3.7005763659358522	1.0023311573445888
3.7197850977994067	0.6472293896230714
3.7197850977994067	0.8806874639632452
3.7199492399750080	0.9687562103595271
3.7209561017136483	1.0026333523924398
3.7418512347699386	0.6471056882564294
3.7418512347699386	0.8761478029652545
3.7420137109022900	0.9807553097946660
3.7424529528670614	1.0026257939795293
3.7628514957222650	0.6526350008982603
3.7628514957222650	0.8904292370209833
3.7630195125870864	0.9831731344593067
3.7634205936792604	0.9991699566095165
3.8373387809689725	0.9998689707260250
4.1093609661211188	0.9999509055960206
4.2433483694514580	0.9999743709938769
4.2894892702166789	0.9999930432905059
5.1723834754598279	0.9999984874219677
5.1972487746187106	0.9999992766052066
5.2106364291333342	1.0000000822391797
6.0702144038871975	1.0000008740551150
9.7960635666112879	0.9999961313030896
