0.0000000000000000	0.0000000000000000
0.1461575451030519	0.0299999999999999
0.1463917465122137	0.0105173434785827
0.1467808517333260	0.0157152932126229
0.1473892585344526	0.0257152932126232
0.1474741538975702	0.0232763868070536
0.1480653206254153	0.0332763868070533
0.1487277448103556	0.0432763868070530
0.1491974511296467	0.0532763868070529
0.1495225658591914	0.0632763868070531
0.1498527021898678	0.0732763868070533
0.1501086622397966	0.0832763868070532
0.1503550542784477	0.0932763868070529
0.1505560883943663	0.1032763868070524
0.1507515507499540	0.1136040254877582
0.1509336512361187	0.1249644280365349
0.1511188786815372	0.1374608708401883
0.1513061520524651	0.1512069579242080
0.1514946983858842	0.1663276537166281
0.1516886706320664	0.1829604190882899
0.1518904502891182	0.2012564609971197
0.1520999541313717	0.2213821070968300
0.1523087189946734	0.2435203178065145
0.1525214316419190	0.2678723495871670
0.1527307902913484	0.2946595845458837
0.1529582985245176	0.3241255430004701
0.1531999641363097	0.3565380973005159
0.1534543175139544	0.3921919070305669
0.1537033997430765	0.4314110977336237
0.1539822780342868	0.4745522075069862
0.1542930943312242	0.5220074282576842
0.1546202791350957	0.5742081710834528
0.1549737094430908	0.6316289881917951
0.1554507803763928	0.6947918870109748
0.1559092880532456	0.7642710757120726
0.1566300734411860	0.8406981832832812
0.1576255905229437	0.8984875244581570
0.1586165993265514	0.9337607743869192
0.1594999925166524	0.9583370423444828
0.1604778728495851	0.9750366818835055
0.1614514118594276	0.9837202654020220
0.1616377948264976	0.9890725767703151
0.1626489025563654	0.9918256569125083
0.1645461046153851	0.9968409617967643
0.1656465189381213	0.9984314814409171
0.1679362823375307	0.9989867592700730
0.1691010827752493	0.9995915884293950
0.1806592899892087	0.9999069433626823
0.1822583956486188	0.9999646471885799
0.1894094532833099	0.9999904548496973
0.1926144534510585	0.9999953443829873
0.1983490000413707	0.9999987672990854
0.2013248020596713	0.9999993845122040
0.2084382069539607	0.9999998409773817
0.2112640605669846	0.9999999212866402
0.2193066465135021	0.9999999799806801
0.2220290390725718	0.9999999902028008
0.2305640566749367	0.9999999975095551
0.2329830073833057	0.9999999987959021
0.2416542971849769	0.9999999996934101
0.2439804386215686	0.9999999998531254
0.2526608161071378	0.9999999999623216
0.2548601335285510	0.9999999999820309
0.2633338531985904	0.9999999999953758
0.2655544845442735	0.9999999999978053
0.2739628285765435	0.9999999999994336
0.2762405133823629	0.9999999999997323
0.2845581782334199	0.9999999999999306
0.2865911489336656	1.0000000000004161
0.2891254570269455	1.0000000000011751
0.2931048955210802	1.0000000000013853
0.2941744278096008	1.0000000000015361
0.2951831779407253	1.0000000000020484
0.2972216683946272	1.0000000000022986
0.2992078703990628	1.0000000000024849
0.2999081414429868	1.0000000000026159
0.3012837694036324	1.0000000000027256
0.3032182721083872	1.0000000000028244
0.3056288940788195	1.0000000000029157
0.3083109168522956	1.0000000000029998
0.3106948178553774	1.0000000000030767
0.3330863847383785	1.0041458754707708
0.3330863847384216	1.0046676422430185
0.3407805008210259	0.9980989576304210
0.3450304911587066	1.0006158905056319
0.3882399863974338	0.9391665653124812
0.3884091716401121	0.9782347694709466
0.3895428765383411	1.0000416838858452
0.3985713255155764	1.0000912619415392
0.4878732530560730	0.9988378945555944
0.5491500083471492	0.9995219070525767
0.5828322612505615	0.9998695969117014
0.6015806644707525	0.9999152358995038
0.8387530961548664	0.9999692497726597
0.8866813973043991	0.9999900224009270
0.8940257224165916	0.9999927057622907
0.9030256983149424	0.9999961508480371
1.4166839983572548	1.0015394846285579
1.4179531824934637	1.0017381634014002
1.4400470930201703	1.0017636973889761
1.4647087846541724	0.6411328517669570
1.4647087846541724	0.8604948852006523
1.4648647172001892	0.9445838603765455
1.4654354286563918	0.9971099039755045
1.4796888633301730	1.0003469545387123
1.5705624731030643	1.0000358547250683
3.0301534726058255	0.6455880734113559
3.0301534726058255	0.8804951080806958
3.0303203188819681	0.9685446188886679
3.0310094293282939	0.9956471896188099
3.0326864034192673	0.9991986002741526
3.0606315915497655	0.9998703406134599
3.0829895823517499	0.9993530295125351
3.1165575630801481	0.9996840001801096
3.1237232001951893	0.9997913174713002
3.1802347878551256	0.9998162560927172
3.2514165267100896	0.9998216782973470
3.2934591640705388	0.9999659541443404
3.2968669637701096	0.9999845923439463
3.3643171613819649	0.9999878790036734
3.3793603033093009	0.9999887836944169
3.6241534852166688	0.9999889858047475
3.7784712978700545	0.9999890153065608
3.8607336449424769	0.9999978560091168
3.8615398119901045	0.9999989987164403
3.9327765638028382	0.9999991736859598
4.6659586505964716	0.9999991766089638
5.6431496674971156	0.9999997195421140
5.6526318399433864	0.9999997897213752
5.7101574334811724	0.9999998000141148
6.2386547935892258	0.9999998001860851
8.2231957424556388	0.9999998372526617
8.2724495250397023	0.9999998378719647
8.6446548124484472	0.9999998378823116
