0.0000000000000000	0.0000000000000000
0.1562541974415242	0.0300000000000000
0.1564466130611839	0.0106115386921420
0.1576278956403178	0.0206115386921414
0.1578661839663353	0.0255034933491273
0.1583010263160617	0.0269168533979307
0.1588085066684133	0.0369168533979310
0.1590472990820209	0.0403094877777447
0.1593683036561517	0.0503094877777452
0.1597573482463684	0.0603094877777448
0.1600935081876814	0.0703094877777451
0.1603790840719800	0.0803094877777449
0.1606193184859676	0.0903094877777457
0.1608416808831022	0.1003094877777448
0.1610389351020612	0.1103404365555187
0.1612261905439371	0.1213744802110703
0.1614165125298859	0.1335119282321780
0.1616017517176178	0.1468631210553961
0.1617958908242874	0.1615494331609353
0.1619918504962628	0.1777043764770297
0.1621904390657578	0.1954748141247321
0.1623929150262903	0.2150222955372052
0.1626033600316671	0.2365245250909259
0.1628225156992145	0.2601769776000175
0.1630369750646825	0.2861946753600191
0.1632563136910841	0.3148141428960221
0.1634885484140208	0.3462955571856240
0.1637415778327641	0.3809251129041855
0.1640011020827307	0.4190176241946063
0.1642600675170293	0.4609193866140678
0.1645600153403518	0.5070113252754719
0.1648945398451745	0.5577124578030190
0.1652239506354471	0.6134837035833214
0.1656269417218977	0.6748320739416552
0.1661044466265164	0.7423152813358221
0.1667594391066840	0.8165468094694045
0.1676119979527382	0.8726918462583598
0.1684945342181568	0.9226546790741944
0.1694436270819386	0.9564272936376722
0.1709201981481797	0.9770665941499128
0.1719977108415520	0.9870353267546067
0.1731320302718075	0.9913789762956512
0.1749219707200999	0.9962807930892548
0.1760386597821433	0.9977131634475384
0.1788799702378890	0.9986955500998853
0.1799705687439943	0.9991388128947655
0.1800414497080673	0.9996184754153209
0.1839081104263298	0.9997491981618748
0.1852159532396014	0.9998527234176179
0.1880873146828022	0.9998904080281198
0.1885423748534658	0.9999390721749559
0.1921362329910384	0.9999746785761375
0.1925333152300099	0.9999861698946371
0.1983078919274118	0.9999899323364476
0.1992749053391815	0.9999926991548197
0.1993454252405802	0.9999972322968064
0.2010655435483989	0.9999978182314303
0.2042873794235457	0.9999988833963774
0.2089586219701221	0.9999993495007771
0.2102840289635150	0.9999997296507119
0.2127576739823777	0.9999997787885688
0.2168295658949972	0.9999998787121933
0.2205105157192189	0.9999998934384086
0.2213687541494494	0.9999999324975276
0.2215959861646325	0.9999999711522900
0.2244436481791751	0.9999999761487910
0.2274361518745072	0.9999999866141379
0.2323941518604368	0.9999999925144498
0.2324156188397042	0.9999999966691736
0.2379615169748251	0.9999999982710563
0.2426525166437865	0.9999999994819377
0.2435454112669119	0.9999999996384558
0.2492211544080852	0.9999999997542256
0.2509130647727622	0.9999999997962948
0.2530590736152650	0.9999999999378377
0.2538966845156732	0.9999999999561338
0.2591662443209710	0.9999999999693981
0.2610180169486375	0.9999999999742621
0.2642291035566011	0.9999999999922810
0.2649899701079800	0.9999999999946103
0.2697817380608450	0.9999999999961811
0.2715445966777537	0.9999999999967567
0.2752298640076861	0.9999999999990412
0.2759405219324814	0.9999999999993362
0.2805474070152517	0.9999999999995248
0.2821877527886714	0.9999999999995940
0.2862326433946283	0.9999999999998811
0.2868543187148083	0.9999999999999364
0.2974737103244484	0.9999999999999856
0.2978320605610948	0.9999999999999921
0.3078651431250631	0.9999999999999991
0.3099966808842909	1.0000000000000002
0.3180143718175969	1.0000000000000007
0.3197389707480782	1.0000000000000009
0.3330863847383529	1.0354838709677434
0.3353311548809296	0.9821556854810336
0.3363119770405184	1.0011807634381131
0.3376574604329274	1.0011204485687242
0.3441311063845214	0.9997070914588146
0.3489755799996433	0.9933482254843264
0.3662276105690724	0.9990498287865373
0.3833771973823237	0.9995494747052093
0.4071960511590357	0.9999097117897582
0.4075632047526679	0.9999560806708586
0.4300538064716776	0.9999628553181479
0.4742185564193962	0.9999629675459678
0.4832221889913451	0.9999874312640993
0.4891109742566375	0.9999938885816960
0.4977950052651328	0.9999953112897121
0.5414970891122344	0.9999953350156868
0.5851410389962850	0.9999953354119113
0.5915014946592150	0.9999960355502665
0.5943164386116275	0.9999961377466295
0.6242537482968294	0.9999991668798559
0.6250016121487050	0.9999995584200959
0.6468154465218914	0.9999996155719540
0.6904230975591035	0.9999996165268121
0.7340294702426505	0.9999996165427657
0.7776191196277545	0.9999996165430323
0.8200652298938533	0.9999996165430368
0.8445137279947331	0.9999996165430367
0.8853146694851493	0.9999996838679758
0.8866033842969332	0.9999997035224304
0.9302097361371673	0.9999997038508084
0.9738146442683457	0.9999997038562951
1.0174604958075764	0.9999997038563866
1.0192313774737003	0.9999999102350953
1.0204236749865496	0.9999999369115284
1.0422261767966925	0.9999999408054290
1.0858313417653764	0.9999999408704884
1.1294374912213114	0.9999999408715753
1.1727900852045898	0.9999999408715937
1.2620862500439285	0.9999999408715938
1.3157611669139837	0.9999999408715938
1.6118475288278249	0.7999999526972744
1.6118475288278249	1.0204744841509004
1.6160063409565533	0.6563795967812618
1.6160063409565533	0.8861244159688617
1.6161690894795666	0.9747368575657185
1.6169393486679478	1.0143326819537186
1.6226906276188733	0.6555082483524597
1.6226906276188733	0.8765355371216593
1.6228508653157279	1.0380283622463764
1.6229932952286374	1.0005153097834050
1.6255819604418602	0.9098277753203831
1.6257710933318843	0.9762491755874744
1.6273795095174568	0.9977716542824512
1.6347134259717733	0.9990755090201584
1.6361810598783921	0.9999032161442550
1.6406723100298384	0.9999795177689111
2.5233493925656085	0.9999913351848071
2.8527649592666777	0.9999945794719376
3.0496647532145382	1.0001133454800670
3.0521835827187771	1.0001286598975727
3.0807682127090170	1.0057685749244278
3.0955892563586556	0.6446157576889681
3.0955892563586556	0.8632625099694722
3.0957458517141276	0.9495887609663356
3.0964129049032971	0.9965830025547165
3.1052352295414445	1.0011723733315867
3.1110186689213855	0.9785690530565743
3.1145962857826546	0.9985507037462297
3.1321937098577148	0.9996336507658979
3.2994595458501199	0.9999180468244122
3.3825551426736675	0.9999543321977405
3.3963855788877004	0.9999783757737788
3.9948137577323517	0.9999951924769327
4.0001782476042456	0.9999973656134106
6.0509211396828011	0.9999988408895896
6.0518714123284960	0.9999990315798051
7.7581753710402497	0.9999995149950096
7.7592944138375666	0.9999995774807970
9.6103108391433185	0.9999996339923387
9.6150640601649311	0.9999996412970056
