0.0000000000000000	0.0000000000000000
0.1700689310808157	0.0300000000000001
0.1703246119145978	0.0128409792025555
0.1712262346810898	0.0228409792025559
0.1713887634990254	0.0243197117595922
0.1723572063759735	0.0343197117595923
0.1728907509737806	0.0443197117595921
0.1734014823060668	0.0543197117595920
0.1737561367683707	0.0643197117595918
0.1740661967996350	0.0743197117595925
0.1743118932176119	0.0843197117595924
0.1745593326778591	0.0943197117595920
0.1747567288182149	0.1043197117595912
0.1749508540439059	0.1147516829355514
0.1751294510399457	0.1262268512291068
0.1753153643858508	0.1388495363520184
0.1755092097203936	0.1527344899872202
0.1757019264944356	0.1680079389859415
0.1758965557497622	0.1848087328845357
0.1760961616536803	0.2032896061729888
0.1763067186720866	0.2236185667902866
0.1765226709746867	0.2459804234693174
0.1767321857703995	0.2705784658162509
0.1769445587356651	0.2976363123978746
0.1771678192407855	0.3273999436376623
0.1774174134547734	0.3601399380014299
0.1776781988447563	0.3961539318015744
0.1779232037867907	0.4357693249817310
0.1781934789705703	0.4793462574799051
0.1785245596060301	0.5272808832278930
0.1788437699539218	0.5800089715506845
0.1791968885883474	0.6380098687057522
0.1796761854899227	0.7018108555763294
0.1801522845177770	0.7719919411339633
0.1809324104621981	0.8491911352473627
0.1819643024257294	0.9012903171757134
0.1828147460921865	0.9362688761935485
0.1838082197243815	0.9593407919609904
0.1847263863792866	0.9806178048787323
0.1851289392903599	0.9828456376861637
0.1867469191289752	0.9909374274486672
0.1877044299941570	0.9956218442065783
0.1902879485250950	0.9987037734288454
0.1910533046973413	0.9991113112106430
0.1962405481118664	0.9995329026198798
0.1982493270590173	0.9998703293212042
0.2018051358132999	0.9999282341118874
0.2079012420890327	0.9999808101354767
0.2096671370184578	0.9999898635244087
0.2178556494264232	0.9999974402382712
0.2200094749464235	0.9999987566046032
0.2289009279528985	0.9999996893929048
0.2312555022244938	0.9999998562222684
0.2405331934114912	0.9999999635646902
0.2428536176538165	0.9999999834038290
0.2516834212475927	0.9999999957458189
0.2540909566771493	0.9999999980754982
0.2626452358375250	0.9999999994982139
0.2651025491618293	0.9999999997711694
0.2731120363942870	0.9999999999402883
0.2756777624343108	0.9999999999728731
0.2835841936465778	0.9999999999928768
0.2862162738793402	0.9999999999967609
0.2939844743602282	0.9999999999991450
0.2966556219214341	0.9999999999996106
0.3043894999202926	0.9999999999998971
0.3070867908507996	0.9999999999999529
0.3148863125448376	0.9999999999999878
0.3175455515610244	0.9999999999999946
0.3256261829611974	0.9999999999999987
0.3285107983458128	0.9999999999999994
0.3353311548809460	1.0003889174967795
0.3378389104603599	1.0004465389355148
0.3402216447048833	1.0005447349775749
0.3439726025964667	1.0005573635929867
0.3564183407895892	1.0005611330600168
0.3655713353846880	0.9922504534584586
0.3690556173258554	0.9998207868113440
0.4031012741668789	0.9999151621232265
0.5762227251304712	1.0000408993492873
0.6308808084606311	1.0000309778442680
1.9327345845246386	0.9098049987529766
1.9331240454110619	0.9822732585131527
1.9351049835659109	0.9976442672776148
1.9366558888757057	0.9987165688760405
1.9526502631266485	0.9997953760798365
1.9618371949510716	0.9999344929130121
1.9860219243332145	0.9999520702867336
2.0577632243259911	0.9999719257519113
2.1054698165527950	0.9999761839172921
2.1308692551455524	0.9999767342270467
2.1872253617898685	0.9999960643494369
2.2104724936846329	0.9999986326398007
2.2316966659202149	0.9999989644841711
2.4026005703356974	0.9999993355716448
2.4723479219612292	0.9999994263966758
2.4941854696136678	0.9999994381366899
2.8052433685852702	1.0000005721889771
2.8207253304259803	1.0000007202920678
2.8423053071518156	1.0000007394353319
2.9802214374147011	1.0000007611762398
3.0304916717402168	1.0000007664608259
3.0522957659238918	1.0000007671439084
4.4286208687257069	1.0000007676068423
4.4406870802288623	1.0000007677549740
4.4624899742789053	1.0000007677741216
5.7712726444105442	1.0000008117745804
5.7750470694763001	1.0000008174645199
5.7968401860975822	1.0000008181999975
5.8464111832179970	1.0000008190425100
5.8577031636223289	1.0000008192464798
5.8795057390222913	1.0000008192728449
6.3130433738000136	1.0000008192762526
6.3349325884074714	1.0000008192766932
6.3631708066672825	1.0000008192946825
6.4870505821767823	1.0000008192970649
6.5088837330466349	1.0000008192973731
8.0191869098187993	1.0000008192974126
8.0701166217215157	1.0000008192974177
8.2201386499280851	1.0000008192974177
