0.0000000000000000	0.0000000000000000
0.1733125449499004	0.0300000000000002
0.1735522850524127	0.0130134094393882
0.1745039264662979	0.0230134094393879
0.1746363975740781	0.0173821542371685
0.1749655996737150	0.0227084932948898
0.1757676283823779	0.0280446543697387
0.1761374840345076	0.0380446543697387
0.1766875739012095	0.0480446543697387
0.1771546106016103	0.0580446543697391
0.1774281751607580	0.0680446543697397
0.1777062536182440	0.0780446543697402
0.1779430573268934	0.0880446543697400
0.1781292310636018	0.0980446543697397
0.1783218110097222	0.1080446543697404
0.1785148780355367	0.1188491198067143
0.1786956665890481	0.1307340317873855
0.1788639208062653	0.1438074349661234
0.1790365210099003	0.1581881784627354
0.1792243409555945	0.1740069963090091
0.1794185861444223	0.1914076959399096
0.1796168632135395	0.2105484655338992
0.1798246699019701	0.2316033120872883
0.1800403203078381	0.2547636432960156
0.1802590294353569	0.2802400076256170
0.1804805984316518	0.3082640083881806
0.1807021743119596	0.3390904092269987
0.1809510102986973	0.3729994501496986
0.1812103840326941	0.4102993951646663
0.1814789468271614	0.4513293346811350
0.1817465817697305	0.4964622681492470
0.1820727790948136	0.5461084949641690
0.1824320971999340	0.6007193444605846
0.1827861291756716	0.6607912789066404
0.1833121362395624	0.7268704067973022
0.1838441606123117	0.7984272759537224
0.1846287947614897	0.8782700035490939
0.1860219257745920	0.9398165136657138
0.1875431321770328	0.9659041208716348
0.1887337940065690	0.9815130237481614
0.1887606996319084	0.9870448136472814
0.1903679274086477	0.9927525211295856
0.1938644213046706	0.9979166898457673
0.1943668179789282	0.9985489874982285
0.1977444965214449	0.9992048487761562
0.1996139042078136	0.9993212247083131
0.1997004315334095	0.9998129219691418
0.2027682126979355	0.9999082698554610
0.2107060765868267	0.9999753763813566
0.2136241518640334	0.9999908752604602
0.2211632536623590	0.9999978344139596
0.2240951823004979	0.9999991160312928
0.2331381803649397	0.9999997741354584
0.2358026896737294	0.9999999062616900
0.2441300039042671	0.9999999753228646
0.2467752253482517	0.9999999896654116
0.2548731043747224	0.9999999971545234
0.2575627158355825	0.9999999987452536
0.2649838712503539	0.9999999996647153
0.2677605548558372	0.9999999998553448
0.2748519016022012	0.9999999999606929
0.2779485153608464	0.9999999999828427
0.2851753359747123	0.9999999999953166
0.2882670162311112	0.9999999999979382
0.2957075005501859	0.9999999999994363
0.2987093429285491	0.9999999999997504
0.3062839648197892	0.9999999999998773
0.3072368827682783	0.9999999999999342
0.3093564439015167	0.9999999999999721
0.3152266770584151	0.9999999999999857
0.3181920007727255	0.9999999999999923
0.3194639591331679	0.9999999999999967
0.3253851874375738	0.9999999999999983
0.3286686832054965	0.9999999999999991
0.3297768626250216	0.9999999999999997
0.3353311548809628	1.0000223339646592
0.3363311995516133	1.0000295380437692
0.3385758499269533	1.0000340648139114
0.3431349887690695	1.0000390840400974
0.3479439975018149	1.0000405352022952
0.3675617891700049	1.0000407466975505
0.5444121989225325	1.0041844420962509
0.5444123428288935	1.0047058364660080
0.5518135510485593	0.9979323657707982
0.5649321596298744	1.0006176015187025
0.5917019762302487	0.9814734869414594
0.5918578871742197	0.9815360220454298
0.5923134911416178	0.9774082856170714
0.5957667385258248	0.9990265571111989
0.6006836984892306	0.9998668075767447
0.6299555284567151	0.9999831922612482
1.0339061160695868	0.9999978758898601
1.2718374595071833	0.9919182168503395
1.2752583614354489	0.9996470548396373
1.3792438115090919	0.9999778216784088
1.6261627233500757	1.0000132923232254
1.9327115969211024	1.0479091543658703
1.9327426766372973	1.1077690805878273
1.9332128713459642	1.0254919815864358
1.9332497580577703	1.0015985979497533
1.9395746691887594	1.0026383992656787
1.9414222985399623	1.0220369828355116
1.9417941588358254	0.9995341365221694
2.1705320664342787	0.9999189012964104
2.1867474030429506	0.9999761647262253
2.7940051494375000	0.9999994413395961
2.8050869518457535	1.0000024726808046
5.7682695124007584	1.0000033826915193
5.7712672445565012	1.0000035003477341
