0.0000000000000000	0.0000000000000000
0.1828245181630621	0.0300000000000001
0.1830646161881169	0.0090522601978561
0.1844630925578792	0.0317836787096789
0.1844746906440859	0.0278686828767973
0.1856570522461052	0.0464337063632031
0.1863910071795057	0.0677576425286556
0.1865029111206197	0.0750667547218234
0.1868757586332078	0.0850667547218231
0.1871666946783110	0.0950667547218237
0.1873893578020207	0.1050667547218242
0.1875875531482829	0.1155734301940056
0.1877827851252655	0.1271307732134052
0.1879738537271116	0.1398438505347453
0.1881689459739180	0.1538282355882200
0.1883671784671488	0.1692110591470426
0.1885689412784645	0.1861321650617481
0.1887697786044366	0.2047453815679218
0.1889696510088230	0.2252199197247129
0.1891785361721486	0.2477419116971833
0.1893919422658364	0.2725161028669031
0.1896163928079161	0.2997677131535924
0.1898549575066589	0.3297444844689518
0.1900862623466495	0.3627189329158467
0.1903291657412296	0.3989908262074302
0.1905935137306413	0.4388899088281708
0.1908879571582860	0.4827788997109874
0.1911855248101200	0.5310567896820874
0.1915118422577984	0.5841624686502958
0.1919075392617758	0.6425787155153246
0.1923212789819479	0.7068365870668558
0.1929201490737211	0.7775202457735422
0.1936081752069116	0.8430894862809709
0.1943647392761647	0.8942769994570071
0.1954135920827217	0.9282670105257113
0.1960090425441857	0.9501147372617862
0.1961488696354365	0.9572220942016192
0.1972368863375895	0.9739121384541816
0.1981174564338438	0.9832773452838278
0.1984576589589072	0.9887209775009109
0.1993825039309867	0.9915917209940771
0.2017661206305104	0.9967865760580745
0.2026525836579409	0.9984116625617979
0.2075683052311404	0.9993833820800897
0.2090434506887007	0.9998292131392378
0.2117163588196738	0.9999128932122227
0.2226853645529041	0.9999797138399660
0.2241909118487815	0.9999906565684881
0.2340778728895303	0.9999976121280207
0.2359832476350654	0.9999988414591020
0.2432240867084235	0.9999997027678781
0.2458281159654850	0.9999998526221501
0.2531984920115636	0.9999999625648881
0.2559975856111548	0.9999999810994835
0.2636672197404235	0.9999999951978885
0.2660279370505678	0.9999999976023387
0.2744290504077517	0.9999999993923500
0.2767003636478115	0.9999999996997211
0.2853905547351466	0.9999999999231242
0.2873236997293898	0.9999999999624722
0.2961276294804456	0.9999999999903842
0.2981300245027745	0.9999999999953398
0.3068842536025803	0.9999999999988058
0.3089649868409617	0.9999999999994242
0.3176365330153557	0.9999999999998525
0.3197816334004462	0.9999999999999289
0.3283245772060662	0.9999999999999820
0.3306186145296894	0.9999999999999910
0.3353311549389186	1.0000000648050393
0.3378267581794636	1.0000000742644881
0.3381446403973766	1.0000000854207709
0.3386808605303180	1.0000000975421219
0.3581626699694260	1.0000001016236808
0.3649607578578004	1.0000001025091458
0.3665310843129533	1.0000001032514449
0.3691791852834095	1.0000001038309998
0.3739665504076069	1.0000001120515625
0.3750278558598434	1.0000001131890623
0.3903761727004873	1.0000001135027961
0.3943096192514641	1.0000001137171821
0.3963979790181266	1.0000001138634542
0.3965804269766856	1.0000001144566639
0.3966047093181034	1.0000001145799604
0.3979718014558064	1.0000001148094193
0.3990440296391394	1.0000001153487028
0.3992344097958107	1.0000001154480700
0.4015187832270535	1.0000001157515772
0.4020267363606127	1.0000001158009781
0.4189886436463223	1.0000001158176564
0.4193149388384161	1.0000001158573131
0.4193548387674984	1.0000001158645948
0.4296757231959669	1.0000001158775378
0.4304329183438387	1.0000001158794340
0.4461820498732674	1.0000001158797580
0.4468831190471764	1.0000001158815066
0.4470960887616888	1.0000001158818217
0.4547550510886595	1.0000001158822729
0.4561142098795165	1.0000001158823395
0.4711523030714496	1.0000001158824030
0.4721231173053294	1.0000001158824130
0.4764255797619440	1.0000001158824294
0.4779959917004487	1.0000001158824319
0.4925879391617382	1.0000001158824348
0.4960058481876608	1.0354839907247528
0.4963442390527972	1.0050068274979693
0.4997568144985470	1.0051046640385621
0.5138225344735663	0.6432826388311743
0.5138225344735663	0.8607820444976723
0.5139784269614273	0.9468602489474465
0.5146546064172981	0.9916613352450053
0.5196172545730267	0.9992918882062009
0.5428521404928476	0.9996895748068387
0.5919053311063374	0.9998339436985041
0.8648625835952840	0.9999721445422467
0.8705898468313051	0.9999876784877976
0.9699037800050599	0.9999922502137049
0.9796192836177988	0.9999928404481415
1.3688915580389904	0.9999973519205915
1.3716895057117677	0.9999980290124540
1.5077578593315590	0.9999986797553401
1.6092614405228880	0.9999988735774004
1.6187306437938098	0.9999988986290879
1.6348032229939433	0.9999999396306565
1.6348710468314827	1.0000000741895252
1.6864585471096054	1.0000001316635061
1.6930568884624864	1.0000001390925224
1.8652417111756610	1.0000001414175290
1.8742478305527555	1.0000001417180562
1.9701161567712615	1.0000105751274015
1.9726121445092484	1.0000119234556968
1.9836835085145623	1.0000123229344799
1.9846724772423652	1.0000139177384528
1.9886637487107195	1.0000141623504786
2.0070446409831018	1.0000141939568565
2.0305040644466699	1.0000142038281075
2.0395304237285572	1.0000142051038658
2.1042644060448241	1.0000142056412455
2.1109549819222089	1.0000142057107024
2.3399973832382255	1.0000142057399579
2.3466869750286836	1.0000142057437389
3.1732723279615729	1.0000142057453314
3.1797452524620398	1.0000142057455370
6.4046637690256398	0.6400090916774316
6.4046637690256398	0.8794212778592678
6.4048252153009502	0.9673634056451614
6.4057792577059107	1.0026316144264138
6.4238840654822615	0.6473271466379015
6.4238840654822615	0.8814731728819283
6.4240489865759169	0.9696204901702119
6.4250814205783300	1.0020753424375772
6.4485128112245285	0.6465209955228322
6.4485128112245285	0.8837537168970870
6.4486771348485918	0.9880046630733996
6.4490499205527438	1.0000892405608257
6.4569720118457097	1.0004762209263758
6.4980831027529691	0.6563869783607739
6.4980831027529691	0.8949878395831096
6.4982547850138301	0.9896120724614025
6.4986748272416044	0.9992887158460610
6.5734411964992328	0.9999144179802602
6.6172797711497990	0.9999201232388878
6.7431346428236880	0.9999257810924205
6.7720773147731572	0.9999258647602814
6.8724772516726009	1.0000058969645149
6.8766102409055190	1.0000186370390158
