0.0000000000000000	0.0000000000000000
0.1917987846882422	0.0299999999999999
0.1920387054199938	0.0129733854874109
0.1929912017407190	0.0229733854874108
0.1931251170593945	0.0244995178254811
0.1942506323804438	0.0344995178254810
0.1948561368052824	0.0444995178254812
0.1953422935461491	0.0544995178254814
0.1957108743099729	0.0644995178254812
0.1959765798868511	0.0744995178254811
0.1962559689713281	0.0844995178254810
0.1964680340170734	0.0944995178254803
0.1966819678748609	0.1044995178254805
0.1968696760213360	0.1149494696080291
0.1970549222114124	0.1264444165688314
0.1972382410251800	0.1390888582257145
0.1974234543352835	0.1529977440482849
0.1976141081438715	0.1682975184531125
0.1978037921671253	0.1851272702984240
0.1979990866153099	0.2036399973282648
0.1982063138418982	0.2240039970610915
0.1984227524151759	0.2464043967672020
0.1986286777651997	0.2710448364439227
0.1988353159484699	0.2981493200883168
0.1990555328023778	0.3279642520971502
0.1993019329222774	0.3607606773068644
0.1995545509124084	0.3968367450375527
0.1998021102023358	0.4365204195413099
0.2000771736759898	0.4801724614954423
0.2004021361621305	0.5281897076449847
0.2007124425409289	0.5810086784094814
0.2010818613715134	0.6391095462504304
0.2015352860224356	0.7030205008754750
0.2020471486004394	0.7733225509630246
0.2028177088754508	0.8459557109060767
0.2037389376404845	0.9114579503401908
0.2050267286678524	0.9452633732727654
0.2059385079584231	0.9727319003677672
0.2066434806043512	0.9765521759356823
0.2083335316388902	0.9927402517981460
0.2092628336399512	0.9946709410991995
0.2126757559759682	0.9972364676701552
0.2139396499859104	0.9991086546987339
0.2173173285284279	0.9993153734956697
0.2173659011283727	0.9996443999439598
0.2223410447049197	0.9999135007363433
0.2253095993280557	0.9999563961776703
0.2331969838710543	0.9999896513189995
0.2355236837249929	0.9999952350773472
0.2436680143080256	0.9999988471658613
0.2461413131233445	0.9999995012011649
0.2553755216843468	0.9999998735589624
0.2577858257533208	0.9999999454101753
0.2663480573886643	0.9999999858301030
0.2688382785832447	0.9999999938756069
0.2771355481640403	0.9999999983585738
0.2797125025795066	0.9999999992692877
0.2873333842336653	0.9999999998065164
0.2900478701918311	0.9999999999147690
0.2975213237765144	0.9999999999771912
0.3004083555188135	0.9999999999898930
0.3078396818196837	0.9999999999972811
0.3107671332164114	0.9999999999987884
0.3182819568935359	0.9999999999996733
0.3211764866844413	0.9999999999998539
0.3289483380655122	0.9999999999999613
0.3317437328023545	0.9999999999999831
0.3353315852373281	1.0000000000264810
0.3378291949649509	1.0000000000458811
0.3399146315861711	1.0000000000642530
0.3467407551351040	1.0000000000670399
0.3476900461257086	1.0000000000698159
0.3487314098168041	1.0000000000725873
0.3589859283677333	1.0000000000763418
0.3668062998780138	1.0000000000789171
0.3696374548648277	1.0000000000797931
0.3723502478132970	1.0000000000804681
0.3739085165991661	1.0000264685242621
0.3739085166985341	1.0000298892509243
0.3957151353514269	1.0000304738571590
0.3957223656340205	1.0000309913214152
0.3965157739943002	1.0000315965978253
0.3969320852203170	1.0000322000430251
0.3975773299961604	1.0000322898889906
0.4168548712396193	1.0000323146143697
0.4171861608976241	1.0000323197289938
0.4248392429343095	1.0000323423888391
0.4251532099459532	1.0000323454910891
0.4449597958591067	1.0000323463760843
0.4455132763595304	1.0000323470370132
0.4462698622239914	1.0000323471283541
0.4666578038173192	1.0000323471411323
0.4670476078252589	1.0000323471448245
0.4682745569225212	1.0000323471724610
0.4686974694823232	1.0000323471761927
0.4859754833050420	1.0000323471777746
0.4869923114210177	1.0000323471780586
0.4960058481915863	1.0000468489705068
0.4985020443329363	1.0000489646947979
0.4988470080802346	1.0000535324983610
0.4998190473987542	1.0000562959534527
0.5016232572201021	1.0002950693611685
0.5018838494728780	1.0003258799050319
0.7493347790362515	0.6402517013817355
0.7493347790362515	0.8596278551169160
0.7494904488944166	0.9438830694247043
0.7500565150819729	0.9969141418711845
0.7643111684079313	1.0001629119147872
0.9724371589948934	0.9360764886670037
0.9725759687254723	0.9986481526377615
0.9975088917852831	0.9997806262478036
1.1486983144929761	0.9999622779462966
1.1487676645744929	0.9999859016896998
1.1979388183043453	0.9999889699204167
1.1982531905227145	0.9999898147261042
1.2213915281738545	0.9999899239163955
1.2322718956076817	0.9999899539645618
1.2554022167392702	0.9999899578485895
1.2662665601827212	0.9999899589174847
1.2893942852960720	0.9999899590556506
1.3002543800643713	0.9999899590936779
1.3233802007237487	0.9999899590985933
1.3342421708076999	0.9999899590999461
1.3573599350385548	0.9999899591001210
1.3682163524122142	0.9999899591001693
1.3701865050297077	0.9999935305427677
1.3701865050680990	0.9999939919105827
1.3919009475671975	0.9999940518208101
1.3919476743740591	0.9999940682744801
1.4150712957833034	0.9999940704012791
1.4259118349949331	0.9999940709866343
1.4490378615432384	0.9999940710622974
1.4598989276867846	0.9999940710831221
1.4830251529498448	0.9999940710858138
1.4901298045016269	0.9999977085250890
1.4901298104200369	0.9999981788039212
1.5119327677055774	0.9999982574526128
1.5533278809747850	0.9999982587475221
1.5626650458641860	0.9999982591039207
1.5857912027250864	0.9999982591499886
1.5966523890064144	0.9999982591626678
1.6197799731446525	0.9999982591643066
1.6306405205072196	0.9999982591647577
1.6537659031053227	0.9999982591648159
1.6646244436189688	0.9999982591648320
1.6874634176805883	0.9999982591648340
1.6970105702133393	0.9999982591648339
7.3377304236150094	0.9960007604286177
7.3394430637540786	0.9982380079693800
7.3715084567987965	0.9994053358332992
7.4175890397510829	0.9999081864967175
7.4191622529107297	0.9999726201131228
7.8613682727554925	0.9999903528192758
7.9494090411173479	1.0000020559493950
7.9687561575493548	1.0000037635135464
