0.0000000000000000	0.0000000000000000
0.1863759774628225	0.0300000000000002
0.1866198179115492	0.0123637189086074
0.1874414654834194	0.0176045506977537
0.1876568142593432	0.0276045506977536
0.1877358702032019	0.0236956024352316
0.1883520586818296	0.0336956024352317
0.1890270606312056	0.0436956024352313
0.1895103738317862	0.0536956024352311
0.1898432194089824	0.0636956024352308
0.1901702707001414	0.0736956024352308
0.1904201404993181	0.0836956024352305
0.1906656911650652	0.0936956024352306
0.1908630319998070	0.1036956024352302
0.1910569465412286	0.1140651626787535
0.1912377705993196	0.1254716789466290
0.1914222208183749	0.1380188468412921
0.1916118561667482	0.1518207315254203
0.1918044159526293	0.1670028046779622
0.1919974593642045	0.1837030851457579
0.1921967536844124	0.2020733936603350
0.1924037184659284	0.2222807330263672
0.1926165284947916	0.2445088063290029
0.1928275025237704	0.2689596869619015
0.1930383089674373	0.2958556556580904
0.1932641968715224	0.3254412212238973
0.1935089847054137	0.3579853433462888
0.1937703733129342	0.3937838776809181
0.1940152328385674	0.4331622654490102
0.1942856865327013	0.4764784919939090
0.1946158460374703	0.5241263411932990
0.1949374667529599	0.5765389753126309
0.1952829529924608	0.6341928728438918
0.1957669636940923	0.6976121601282810
0.1962104732079434	0.7673733761411072
0.1969790470264399	0.8441107137552155
0.1979842523985400	0.8994974041252707
0.1989198603047223	0.9347306320896472
0.1998489352298779	0.9587269042637935
0.2007834588404610	0.9753070680043127
0.2017945665703335	0.9838396873031386
0.2019385755649462	0.9891670481231400
0.2029748375330687	0.9918849693403092
0.2047921829520837	0.9968567458686243
0.2070819463514919	0.9985937444140778
0.2077281704597684	0.9991160780275131
0.2104091288128387	0.9996351853339975
0.2140425605870532	0.9997922657289051
0.2189513843374636	0.9998104901446994
0.2198049540031698	0.9999224169029682
0.2202655135145633	0.9999368787391918
0.2239845178026023	0.9999817096025643
0.2285551172973207	0.9999908659258475
0.2342864734142505	0.9999975480583104
0.2374946640555733	0.9999987625822412
0.2447758545812232	0.9999996794734631
0.2475838709672871	0.9999998414438798
0.2558187245565517	0.9999999596555049
0.2584523105565411	0.9999999804824036
0.2672594242914458	0.9999999950376995
0.2697097203844363	0.9999999976304186
0.2784534593479303	0.9999999993955412
0.2807999631463302	0.9999999997140115
0.2894647793835385	0.9999999999265731
0.2918065006356789	0.9999999999653202
0.3001600147352943	0.9999999999910593
0.3024795912259326	0.9999999999957944
0.3107503382836649	0.9999999999989115
0.3131085345611826	0.9999999999994895
0.3212800693715221	0.9999999999998676
0.3237025638172128	0.9999999999999379
0.3318025506643691	0.9999999999999838
0.3342106664135793	0.9999999999999926
0.3353311610257151	1.0000000036922316
0.3378267632310744	1.0000000046467463
0.3386513203183049	1.0000000055419895
0.3390486678877809	1.0000000062453440
0.3479873860613282	1.0000000064881138
0.3561522012784407	1.0000000065194943
0.3584745631851964	1.0000000068681096
0.3611606791435887	1.0000000069131718
0.3652858170456182	1.0000000069782193
0.3669610611923271	1.0000000070323001
0.3696496034497754	1.0000000070755091
0.3739092601436909	1.0000001768580253
0.3739098581682521	1.0000001988040372
0.3956761698195708	1.0000002025759636
0.3957064746400290	1.0000002059002453
0.3964880890687870	1.0000002121634206
0.3969548368931622	1.0000002170900011
0.3971992756672195	1.0000002207735734
0.3981083891044829	1.0000002275182134
0.3982696923345964	1.0000002289602752
0.3992812321808715	1.0000002344284147
0.4000806101072814	1.0000002351624326
0.4186994031358689	1.0000002358385678
0.4190832773310199	1.0000002359446114
0.4276620533171844	1.0000002361529077
0.4285927971038818	1.0000002361818328
0.4462336711745210	1.0000002362062497
0.4465539336300789	1.0000002362100588
0.4512067576903617	1.0000002362166640
0.4525083954844925	1.0000002362176059
0.4691950432355762	1.0000002362183185
0.4697582868012728	1.0000002362184335
0.4723575121351730	1.0000002362186799
0.4736200390285246	1.0000002362187153
0.4898066963115811	1.0000002362187488
0.4903066407568146	1.0000002362187541
0.4960058481876660	1.0020219113422173
0.4985660855909305	1.0023109050744006
0.5329891625468808	0.6418510938920886
0.5329891625468808	0.8612261587449040
0.5331453877996314	0.9450021668758271
0.5337206276271872	0.9967328138088867
0.5479627621989159	0.9999514274753269
0.7497074047908785	0.9999770838971513
1.6287044581561065	1.0000012417150055
1.6564450207976062	1.0000016007484844
1.6564958825301805	1.0000016996691248
1.6864438107252124	1.0000017217752986
1.7001227441633180	1.0000017250020838
1.8652416278229227	1.0000017258963523
1.8767421837879215	1.0000017260268868
1.9701162470924829	1.0000022524534917
1.9740311419223580	1.0000024061115873
1.9861212130196357	1.0000025222997893
2.0061739796485503	1.0000025363599738
2.0326245916390340	1.0000025397719694
2.0382777524220561	1.0000025407110249
2.1042646048792677	1.0000025408967701
2.1122795704897461	1.0000025409478914
2.3399981469307480	1.0000025409580033
2.3480127998011846	1.0000025409607864
3.1732856583761810	1.0000025409613369
3.1808217715053364	1.0000025409614883
6.1167315336113717	1.0000025409614886
6.1919548949674450	1.0000025409615223
6.4046637690256434	1.0207845393774875
6.4083265403903376	0.6566272249481615
6.4083265403903376	0.8837909361333162
6.4084889649471073	0.9721700297466146
6.4095457670813065	1.0049079571955069
6.4177298552282709	0.9419096540065764
6.4180728260474664	0.9914400753597290
6.4225933150137395	0.9985875362368926
6.4250940069290055	0.9995930662000059
6.4390816060318139	0.9996236499574322
6.4485733424685758	1.0176728822981953
6.4528420185841124	0.6541985218453834
6.4528420185841124	0.8788697627333143
6.4530031400267447	0.9667567390066506
6.4539293410090570	0.9998969974139936
6.4627908185070710	0.9511635690355877
6.4629395839077279	0.9414143330241926
6.4645379495970383	0.9940400776725665
6.4654942050606019	0.9987895430164241
6.5125443275331492	0.9997238424726087
6.5139609530356815	0.9998411834230215
6.6207028651172068	0.9999398454788218
6.6214825300951894	0.9999676200020977
6.6256403585000436	0.9999712070749164
6.7633859958011557	0.9999929156557139
6.7634230565068556	0.9999957214598799
6.9305333879767321	1.0000014216180375
7.1178311513420311	1.0000031194383219
7.1201233934516068	1.0000033388870739
7.3349468987076367	1.0002402519678020
7.3349498471061860	1.0002708287473279
7.3575303736804152	1.0002752874592247
7.8116107201217639	1.0000470290553929
8.6873798080454119	0.9824488524488426
8.6875354553095789	0.9799578027368034
8.6879806066706031	0.9766093608493644
8.6913829491884229	0.9986951290660616
8.7022382357528425	0.9996172817898100
8.7034577113160498	0.9997114711925434
8.7934979969371749	0.9999930143773865
9.5194427532032790	1.0000016593508909
