0.0000000000000000	0.0000000000000000
0.1874816815111743	0.0300000000000000
0.1877358702032019	0.0125863936833043
0.1885822837998488	0.0225863936833048
0.1888405152634824	0.0239740908716590
0.1895495511755801	0.0339740908716591
0.1901763688575772	0.0439740908716588
0.1906679987755204	0.0539740908716583
0.1910123566413023	0.0639740908716588
0.1913297965230262	0.0739740908716587
0.1915764341008908	0.0839740908716592
0.1918234156232236	0.0939740908716593
0.1920206721565610	0.1039740908716584
0.1922146795034744	0.1143714999588252
0.1923943781823788	0.1258086499547086
0.1925781607397737	0.1383895149501804
0.1927686500013590	0.1522284664451991
0.1929614312610118	0.1674513130897182
0.1931549008929475	0.1841964443986904
0.1933539599235337	0.2026160888385608
0.1935613812465984	0.2228776977224182
0.1937766598891725	0.2451654674946581
0.1939860608058009	0.2696820142441241
0.1941980965324213	0.2966502156685364
0.1944219497222092	0.3263152372353913
0.1946716517724469	0.3589467609589294
0.1949326981712705	0.3948414370548204
0.1951768025749814	0.4343255807603031
0.1954463473642527	0.4777581388363309
0.1957782889427158	0.5255339527199661
0.1960973878016012	0.5780873479919613
0.1964399729293804	0.6358960827911604
0.1969225099610903	0.6994856910702778
0.1973877689332895	0.7694342601773043
0.1981619121635036	0.8463776861950330
0.1991800021724697	0.9003013786755342
0.2000830350370349	0.9354192643971491
0.2010375971083629	0.9590019413095465
0.2019385755649462	0.9754992031224996
0.2029748375330687	0.9839233901994595
0.2030850261810661	0.9892327890664606
0.2041498831759301	0.9919253933079787
0.2060124428187467	0.9967359661316363
0.2077281704597684	0.9983736147955605
0.2093021429161110	0.9991341931654867
0.2104091288128387	0.9993175135901446
0.2128319440154419	0.9997495502170458
0.2140425605870532	0.9998051505083992
0.2189513843374636	0.9998618376101763
0.2202655135145633	0.9999066907058609
0.2216522270827925	0.9999662781991024
0.2239845178026023	0.9999821832137186
0.2311683512807818	0.9999951490874018
0.2342864734142505	0.9999975199598343
0.2420695775564442	0.9999993580564461
0.2447758545812232	0.9999996834006082
0.2532737646958757	0.9999999195707122
0.2558187245565517	0.9999999615166982
0.2647998477223026	0.9999999902290057
0.2672594242914458	0.9999999953937870
0.2760636030026984	0.9999999988243509
0.2784534593479303	0.9999999994506845
0.2870863991954389	0.9999999998585134
0.2894647793835385	0.9999999999339385
0.2977530827832581	0.9999999999829160
0.3001600147352943	0.9999999999920492
0.3083193112497551	0.9999999999979340
0.3107503382836649	0.9999999999990402
0.3187984448409378	0.9999999999997496
0.3212800693715221	0.9999999999998839
0.3292734603963859	0.9999999999999696
0.3318025506643691	0.9999999999999859
0.3353311610257151	1.0000000013101384
0.3378268128572386	1.0000000018838640
0.3391524121028748	1.0000000025372116
0.3479873860613282	1.0000000026364506
0.3584745631851964	1.0000000027843727
0.3633169665865160	1.0000000028243115
0.3658439925583180	1.0000000028514526
0.3674173113660360	1.0000000028737159
0.3700620128438598	1.0000000028914779
0.3739085541672209	1.0000004689542701
0.3739092601436909	1.0000005291995206
0.3957064746400290	1.0000005395047975
0.3957104507367897	1.0000005486240551
0.3964875040677339	1.0000005566982302
0.3964880890687870	1.0000005589206455
0.3964881677961753	1.0000005683251236
0.3971992756672195	1.0000005797442004
0.3972601866503173	1.0000005895861761
0.3980781618833704	1.0000005982593330
0.3981083891044829	1.0000006006525903
0.3987479917329841	1.0000006150856811
0.3992812321808715	1.0000006170259870
0.4182719135460651	1.0000006185724213
0.4186994031358689	1.0000006188123403
0.4268667344365563	1.0000006193416544
0.4276620533171844	1.0000006194155660
0.4458722927567622	1.0000006194698650
0.4462336711745210	1.0000006194785291
0.4499767051814292	1.0000006194947879
0.4512067576903617	1.0000006194971318
0.4685925317098554	1.0000006194986615
0.4691950432355762	1.0000006194989142
0.4712043245519406	1.0000006194995343
0.4723575121351730	1.0000006194996216
0.4890164097635712	1.0000006194996991
0.4898066963115811	1.0000006194997109
0.4960058481876660	1.0007179875184180
0.4985104282363996	1.0008240244787479
0.4988998613628882	1.0009416177625972
0.5146440846669894	1.0009484087009770
0.5329891625468808	0.9831342063523436
0.5331453877996314	0.9824159591702913
0.5336002241335248	0.9776454524449207
0.5370928222725768	0.9989638409874372
0.5479627621989159	0.9998969194875489
0.5595273252463325	1.0000046369959747
6.4046637690256434	1.0073762123929892
6.4083265403903376	1.0455302236619375
6.4085213044765705	0.9895953552030813
6.4095457670813065	1.0003080764891910
6.4180728260474664	0.9969807760033261
6.4225933150137395	0.9995371863694887
6.4485733424685758	1.0063259025441778
6.4528420185841124	1.0262502717487656
6.4530440955252013	0.9871135909192539
6.4587226578669954	0.9997182177284190
6.4629395839077279	0.9790086689237303
6.4645379495970383	0.9978315037485761
6.4746363566852718	0.9995450942156195
6.5125443275331492	0.9998547074536142
6.6214825300951894	0.9999408389252504
6.6859832817990306	0.9999934851612876
6.7633859958011557	1.0000011838191498
7.0801792114801287	1.0000055833004606
7.1178311513420311	1.0000061857158502
7.3349068710991796	1.0006567747144834
7.3349468987076367	1.0007405313913962
7.4126817752796583	1.0001136472429961
7.8116107201217639	1.0000324772446361
8.6873971385348323	0.9929713045045538
8.6879806066706031	0.9908572927308467
8.6913829491884229	0.9987637516569926
8.7034577113160498	0.9990973226743952
8.7046239901227977	0.9998705027974409
8.7934979969371749	0.9999699199412739
8.9566792342259767	0.9999825579449158
9.0271485826763396	0.9999966862465165
9.0708136117987905	0.9999969217522279
9.1145220335577068	0.9999969256818322
9.1581467165814008	0.9999969257474824
9.2017507061690242	0.9999969257485792
9.2450089532752475	0.9999969257485979
9.3843486048016160	0.9999969257485979
