0.0000000000000000	0.0000000000000000
0.2023973501700438	0.0300000000000000
0.2026374481950987	0.0090522601978562
0.2040359245648610	0.0317836787096787
0.2040475226510677	0.0278686828767978
0.2052298842530869	0.0464337063632033
0.2059638391864874	0.0677576425286559
0.2060757431276014	0.0750667547218232
0.2064485906401895	0.0850667547218234
0.2067395266852927	0.0950667547218239
0.2069621898090024	0.1050667547218242
0.2071603851552646	0.1155734301940075
0.2073556171322473	0.1271307732134090
0.2075466857340934	0.1398438505347490
0.2077417779808998	0.1538282355882249
0.2079400104741306	0.1692110591470483
0.2081417732854462	0.1861321650617545
0.2083426106114184	0.2047453815679304
0.2085424830158049	0.2252199197247229
0.2087513681791304	0.2477419116971945
0.2089647742728182	0.2725161028669137
0.2091892248148979	0.2997677131536051
0.2094277895136407	0.3297444844689644
0.2096590943536314	0.3627189329158599
0.2099019977482114	0.3989908262074484
0.2101663457376231	0.4388899088281920
0.2104607891652679	0.4827788997110116
0.2107583568171019	0.5310567896821115
0.2110846742647802	0.5841624686503194
0.2114803712687577	0.6425787155153505
0.2118941109889298	0.7068365870668859
0.2124929810807030	0.7775202457735768
0.2131810072138937	0.8430894862809863
0.2139375712831465	0.8942769994570247
0.2149864240897042	0.9282670105257141
0.2155818745511671	0.9501147372617889
0.2157217016424187	0.9572220942016194
0.2168097183445713	0.9739121384541810
0.2176902884408249	0.9832773452838304
0.2180304909658893	0.9887209775009140
0.2189553359379706	0.9915917209940780
0.2213389526374925	0.9967865760580746
0.2222254156649221	0.9984116625617979
0.2271411372381214	0.9993833820800897
0.2286162826956810	0.9998292131392378
0.2312891908266551	0.9999128932122227
0.2422581965598892	0.9999797138399662
0.2437637438557617	0.9999906565684881
0.2536507048967350	0.9999976121280209
0.2555560796413278	0.9999988414591020
0.2627969187153258	0.9999997027678781
0.2654009479744812	0.9999998526221501
0.2727713240145370	0.9999999625648879
0.2755704175985816	0.9999999810994835
0.2832400517009968	0.9999999951978887
0.2856007691631688	0.9999999976023388
0.2940018835976990	0.9999999993923497
0.2962731949235278	0.9999999996997208
0.3049633685576190	0.9999999999231244
0.3068965449609686	0.9999999999624720
0.3157004100539981	0.9999999999903845
0.3177027726058224	0.9999999999953396
0.3264567513827398	0.9999999999988054
0.3285377038631235	0.9999999999994242
0.3372074054082879	0.9999999999998522
0.3393563805728607	0.9999999999999292
0.3462740601176914	1.0000000000000000
0.3467216344525897	1.0000000000000091
0.3550565754103202	1.0000000000000191
0.3572688325104704	1.0000000000000213
0.3636935314917429	1.0000000000000233
0.3698106257914499	1.0000000000000244
0.3728818779477920	1.0000000000000249
0.3739085165859545	1.0114768057458312
0.3740131030905386	1.0466135511830934
0.3743012789021218	1.0172117362344031
0.3789203542335315	0.6520885232043061
0.3789203542335315	0.8703287507707534
0.3790809304278210	0.9573616258478335
0.3799345020926674	0.9940450645073564
0.3821383642969320	0.9816863001796271
0.3845755564016093	0.9853614175050981
0.3847845457382030	0.9936922180443145
0.3857404147805552	0.9970940936051863
0.3967711109887343	0.9993869966368600
0.4007850261408141	0.9997553897465112
0.4271783408251706	0.9999254005531558
0.4348933610614219	0.9999472790438465
0.4735914778576475	0.9999757120995354
0.4758002093472627	0.9999793838327491
0.5031541942021298	0.9999912464807883
0.5300172616699318	0.9999949416762572
0.5390927050453126	0.9999954189186803
0.5767711204233537	0.9999966544973488
0.5778626537177061	0.9999968141971391
0.6575931705599790	0.9999969023074999
0.6627026910330329	0.9999969151687358
0.7049022339223048	1.0000354981823063
0.7049030781439383	1.0000404842617387
0.7344683827304035	1.0000426072031994
0.7410955138122612	1.0000428815353075
0.8035419138546256	1.0000429660640333
0.8067733282429117	1.0002689074441244
0.8067768772977536	1.0002980683997800
0.8322350696628408	1.0003060582429861
1.2055918773531500	0.6401971556504241
1.2055918773531500	0.8596166793293444
1.2057475446037151	0.9434571810637850
1.2063118671212452	0.9967483024581574
1.2204527247378258	1.0000385936556460
1.5779009952854175	0.9657495908757814
1.5804603677846474	0.9966031545306063
1.5840756022687874	0.9993505170105953
1.6521376112001271	0.9998973500165435
1.6783778932772921	0.9999654402334912
2.0245406019313799	0.9999941154004351
2.0330812968298688	0.9999982972201686
2.6894989943805858	1.0000035216444705
2.6918203847756628	1.0000041969120161
3.7949921783402289	1.0000045025460185
3.8020374239586650	1.0000045420514643
5.4588183135281261	0.9994021387753872
5.5108184495026062	0.9999002534832350
5.5486163487063180	0.9997783920142380
5.5700621693009422	1.0182537589410583
5.5745871165237286	1.0027222754239884
5.5909888798473677	1.0010799533026364
5.6033759786272288	0.9988573778928233
5.6202349092768147	1.0000112836191573
5.6227860101579932	0.9988942366488638
5.7326017127319062	0.9997702680730374
5.7441145088297398	0.9999108547701728
6.0350260920673238	0.9999790586973450
6.0432704793379610	0.9999890407543680
6.4414366138037362	0.9999986018095673
6.4421525854807733	0.9999998375511614
7.7620290493757409	1.0000004511116694
7.7623334663968153	1.0000005304260065
