0.0000000000000000	0.0000000000000000
0.2287874271017611	0.0300000000000001
0.2290431079355431	0.0128409792025562
0.2299447307020351	0.0228409792025563
0.2301072595199707	0.0243197117595930
0.2310757023969188	0.0343197117595928
0.2316092469947258	0.0443197117595928
0.2321199783270120	0.0543197117595929
0.2324746327893158	0.0643197117595931
0.2327846928205802	0.0743197117595926
0.2330303892385570	0.0843197117595929
0.2332778286988043	0.0943197117595930
0.2334752248391601	0.1043197117595925
0.2336693500648510	0.1147516829355528
0.2338479470608908	0.1262268512291073
0.2340338604067959	0.1388495363520170
0.2342277057413387	0.1527344899872190
0.2344204225153807	0.1680079389859407
0.2346150517707073	0.1848087328845346
0.2348146576746254	0.2032896061729874
0.2350252146930317	0.2236185667902875
0.2352411669956319	0.2459804234693166
0.2354506817913446	0.2705784658162482
0.2356630547566103	0.2976363123978711
0.2358863152617306	0.3273999436376583
0.2361359094757185	0.3601399380014223
0.2363966948657013	0.3961539318015637
0.2366416998077358	0.4357693249817191
0.2369119749915154	0.4793462574798925
0.2372430556269752	0.5272808832278800
0.2375622659748669	0.5800089715506660
0.2379153846092925	0.6380098687057324
0.2383946815108675	0.7018108555763061
0.2388707805387219	0.7719919411339371
0.2396509064831430	0.8491911352473297
0.2406827984466738	0.9012903171757100
0.2415332421131317	0.9362688761935494
0.2425267157453270	0.9593407919609883
0.2434448824002317	0.9806178048787316
0.2438474353113048	0.9828456376861633
0.2454654151499203	0.9909374274486668
0.2464229260151019	0.9956218442065787
0.2490064445460407	0.9987037734288456
0.2497718007182874	0.9991113112106432
0.2549590441328139	0.9995329026198796
0.2569678230799617	0.9998703293212042
0.2605236318342394	0.9999282341118872
0.2666197381099776	0.9999808101354765
0.2683856330394319	0.9999898635244086
0.2765741454471692	0.9999974402382716
0.2787279709672949	0.9999987566046031
0.2876194239741058	0.9999996893929046
0.2899739982443756	0.9999998562222682
0.2992516894221935	0.9999999635646900
0.3015721136208380	0.9999999834038292
0.3104019172985290	0.9999999957458189
0.3128094528849385	0.9999999980754982
0.3213637323093553	0.9999999994982139
0.3238210463384885	0.9999999997711694
0.3318305271348223	0.9999999999402883
0.3343962660047304	0.9999999999728733
0.3423026860216583	0.9999999999928768
0.3449350163334653	0.9999999999967610
0.3527033528391484	0.9999999999991452
0.3553741796337478	0.9999999999996106
0.3631081672763095	0.9999999999998971
0.3658100672097355	0.9999999999999529
0.3736190769045453	0.9999999999999876
0.3739085167737695	1.0000000892203562
0.3763801501292354	1.0000001670594811
0.3816884667681128	1.0000001788686681
0.3826273901175711	1.0000001905023188
0.3838737793325677	1.0000002016475060
0.3860869235917033	1.0000002119001441
0.3888191126329993	1.0000002208333316
0.4122177772512107	1.0000002255643998
0.4170590153031318	1.0000002270887629
0.4242843616778496	1.0000002278557372
0.4300615723723352	1.0000002280719702
0.4358682830042545	1.0000002281851301
0.4419035184294812	1.0000002282106013
0.4488171495610942	1.0000002282239933
0.4547926009538973	1.0000002282267419
0.4612246316801673	1.0000002282282536
0.4648077390737929	1.0000015076450244
0.4648077420356180	1.0000016730207046
0.4866104169803350	1.0000017013176350
0.4866107749532733	1.0000017263510690
0.4873872198728025	1.0000017556229648
0.4873897832187606	1.0000017815662545
0.4881701633810321	1.0000018117788927
0.4881884549634687	1.0000018386275178
0.4893605862316437	1.0000018769528718
0.4896686536938943	1.0000018819067715
0.5086339588610786	1.0000018853620520
0.5087010173557094	1.0000018859428468
0.5170767252505180	1.0000018872726246
0.5179013136953527	1.0000018874554686
0.5363314149106518	1.0000018875715366
0.5370656785119056	1.0000018875903141
0.5402389601021856	1.0000018876304619
0.5417614790466950	1.0000018876360770
0.5592753971792815	1.0000018876388383
0.5592954697268925	1.0000018876393788
0.5627690951153104	1.0000018876411643
0.5637331673623979	1.0000018876413952
0.5795160972750293	1.0000018876416008
0.5797536174026143	1.0000018876416272
0.5871864395238077	1.0000133454502314
0.5871864395264239	1.0000148263684507
0.6089908544383362	1.0000150786827586
0.6089939952202025	1.0000153026682712
0.6097740709758797	1.0000155635273791
0.6101271831265249	1.0000155972447931
0.6285910330753810	1.0000156050396438
0.6378692291904517	1.0000156155836146
0.6384297162145182	1.0000156170503778
0.6557857386163538	1.0000156177076025
0.6559867575694390	1.0000156177925523
0.6706190672139714	1.0000156178283277
0.6732025387671431	1.0000156178353385
0.6820438649443374	1.0000156178386514
0.6856300949023726	1.0000156178392985
0.6963613663642624	1.0000156178395745
0.7017968319367586	1.0000156178396311
0.7150786393296058	1.0000156178396493
0.7200746859325006	1.0000156178396529
0.7289197636127214	1.0000156178396544
0.7335979100874975	1.0000156178396549
0.7350039276821629	1.0000156178396553
0.7365664429411010	1.0354989960559877
0.7369305943488157	1.0662153802035499
0.7369600066350267	1.0396070585008568
0.7392960407923093	0.9655516106494928
0.7410281190233405	0.9902317712016369
0.7420607498772107	1.0000986634238200
0.7442920407444853	0.9968993611355687
0.7507546195904875	1.0020493692670864
0.7700737485679374	0.6443669873429574
0.7700737485679374	0.8482409753360588
0.7702259603904391	0.9721108826420922
0.7726716254416345	0.9955309732167901
0.7753850322211345	0.9963513043648294
0.7813760395756763	0.9993192393841417
0.7890742250770405	0.9996940658534572
0.8141808411004168	0.9998281924826782
0.8165200096062033	0.9998924532834543
0.8291584383239013	0.9999371726364229
0.8333548339561093	0.9999429023934168
0.8522175883534794	0.9999942687470665
0.8702795611811256	1.0000073995285585
0.8899475237434424	1.0000100644028747
0.8950241074309764	1.0000141138851211
0.9093200014582135	1.0000142260069922
0.9685139523201156	1.0000147638027292
0.9855036549571505	1.0000148333120449
1.1157720600365961	1.0000149217745404
1.5048616463831297	1.0004817112246591
1.5049067851774025	1.0005418788323690
1.5295041518612422	1.0005505781895681
1.6212815082331440	0.6403537619384755
1.6212815082331440	0.8818416142528718
1.6214433602464575	0.9737557662225644
1.6214637430522021	0.9985271418993307
1.6518607917903625	0.9997703926691929
1.7214318454860951	0.9999132701767435
1.7963125826444970	0.9999540131804677
1.8346035562403431	0.9999995386763152
1.9280665282567524	1.0000075698153161
2.1956670741092932	1.0000144916613791
2.1989433428653333	1.0000153862696004
2.3344757855453473	1.0000158256344229
2.4463081061925251	1.0000256875357445
2.4490010999427629	1.0000271574395343
2.7210314718556265	1.0011674470255398
2.7446940018330168	1.0011882813130275
2.7511201887856935	1.0003274814270335
2.8348958278887775	0.9938077774725684
2.8354567854546522	0.9911121029785847
2.8388869432089132	0.9989068319091737
2.8510276583664309	0.9992490261320641
2.8543772373991798	0.9999184421603321
2.9593469193951645	0.9998741487490282
3.0489413423496066	0.9999638768339714
3.0541760156851621	0.9999905084520160
3.0655363619570046	0.9999943874336871
3.2157645605314071	0.9999983310004882
3.2805876003974412	1.0000004071908797
3.2865080685629349	1.0000018941121041
3.2927267588460096	1.0000021111474360
3.2972930378164027	1.0000023313958462
3.7964048102411798	1.0000029045850132
3.7974892408392686	1.0000029786735214
4.5293550566373213	1.0000029882494075
4.6971789917431819	1.0000032396507688
4.7171693508860004	1.0000033180514680
4.7279606896932238	1.0000033294953314
4.9275610358499815	1.0000033311657708
4.9661142590494025	1.0000033313816905
5.8978293519017697	1.0037914773202103
5.8978293757190396	1.0042693327932715
5.9178483586142505	0.6434149333576686
5.9178483586142505	0.8597544834177174
5.9180038874909400	0.9457299317596244
5.9187139569341394	0.9877791156610851
5.9218376186224742	0.9987048412863531
5.9261140808165456	0.9997147687187086
5.9683100244657705	1.0001146377979420
5.9990519330359424	1.0001674971037184
6.0441686010218776	1.0577559738914217
6.0442250328247606	1.0037371379689859
6.0460067132609137	1.0064933693813354
6.0590253494719200	0.6445967534300284
6.0590253494719200	0.8657604539737987
6.0591824147063287	1.0383036978828231
6.0591882020692802	0.9973224559537318
6.0720810737292901	1.0009646117312567
6.0852312793936054	1.0010697264600787
6.0873892661594642	1.0003734967488644
6.0891725377926296	1.0001855115763845
6.0997394533938856	1.0001613859701941
6.1151731368634454	1.0001511535568013
6.1212122745266146	1.0001497961394141
6.1420479537821802	1.0001492339009010
6.1488252525460600	1.0001491612088800
6.1682093343544171	0.9932200228060206
6.1821166451781924	0.9988747057855373
6.1836097982986162	0.9996233298041263
6.2621379114992575	0.9998366884232894
6.2852357915248449	0.9999831782652111
6.3007289791050596	1.0000048602458944
6.3437631629299798	0.9999864578724075
7.0091560960759098	1.0191882869780424
7.0135048609875996	1.0028539294734100
7.0257278434844777	0.9963302108897862
7.0258852152623730	1.0140830948203057
7.0258987258720857	0.9995952119506791
7.0294968148046726	0.9996256125377988
7.0389187302777714	1.0009095408198931
7.0521478824287511	1.0009436750632978
7.1284179311301061	0.6408255164022052
7.1284179311301061	0.8591830075975613
7.1286015562278529	0.9451013083573998
7.1303008435030284	0.9635601410270718
7.1306475917454177	0.9932105421590406
7.1326736908902770	0.9965100465903390
7.1463580179310320	0.9983308241964164
7.1488400010135784	0.9994382756970545
7.1577638386670008	0.9998261914664931
7.1787170677531540	0.9998731213068451
7.2030289870096942	0.9999531461784995
7.2169787652389363	0.9999763450456780
7.2664068085408822	0.9999793378328355
7.2755471430203800	0.9999998469042132
7.9936255860060603	1.0076900334520673
7.9978032203114191	1.0020128336183689
8.0213297787502871	1.0009587169147176
8.1071456453276376	0.6427878612477784
8.1071456453276376	0.8624530321684147
8.1073286943189977	0.9486983353855318
8.1087426006199319	0.9708720481468316
8.1095953205719802	0.9937442967732267
8.1114339601247814	0.9979245638264219
8.1291531121243352	0.9995511449309924
8.1396825163254238	0.9998323860712628
8.1701695977050033	0.9998731124473209
8.1836046778799449	0.9999665535096446
8.2278400662562294	0.9999851546667727
8.2831300194740329	0.9999878670118955
8.3373705645704668	0.9999893561179956
8.3574072781325235	0.9999959899159885
8.5209349850307827	0.9999972839819382
8.5398460325473184	0.9999974741567358
8.6307592190934859	0.9999974773336887
8.8455349536795858	0.9999977094390516
8.8481476319452579	0.9999977433263155
8.8695294615987468	0.9999982351904281
8.9805438499756836	0.9999983089698337
8.9997787996240302	0.9999983197598837
9.0451857219509773	0.9999983199401636
9.3329858038534130	0.9999994178701361
9.3411324796745241	0.9999995614197248
9.3627187353600991	0.9999995799748348
9.4258432681045452	0.9999995857243600
9.4380823278419559	0.9999995865997019
9.4834056605896375	0.9999996502847009
9.4917698603917060	0.9999996586611364
9.5133552680274693	0.9999996597438737
9.5618030481229539	0.9999996600652218
9.5730284184171435	0.9999996601743801
9.9403092183294604	0.9999996601854179
9.9677741385780383	0.9999996601870296
