0.0000000000000000	0.0000000000000000
0.2625687769440263	0.0300000000000000
0.2627660186720129	0.0148030089161609
0.2637617697501035	0.0248030089161606
0.2638287385541203	0.0198003332817617
0.2641634056424815	0.0297172278827433
0.2646823352074325	0.0327002423364945
0.2650027158287609	0.0427002423364945
0.2654109500868481	0.0527002423364940
0.2657637662253459	0.0627002423364938
0.2661022183885332	0.0727002423364937
0.2663637786658839	0.0827002423364926
0.2666184738187624	0.0927002423364921
0.2668247579602653	0.1027002423364916
0.2670190296582055	0.1129702665701395
0.2671969085456458	0.1242672932271523
0.2673826629796081	0.1366940225498668
0.2675737519455919	0.1503634248048554
0.2677663044002411	0.1653997672853389
0.2679645813106854	0.1819397440138746
0.2681701334545867	0.2001337184152646
0.2683778295242016	0.2201470902567936
0.2685764950205197	0.2421617992824696
0.2687833307620914	0.2663779792107157
0.2690013952731193	0.2930157771317835
0.2692353757270297	0.3223173548449600
0.2694801837354573	0.3545490903294551
0.2697150011726833	0.3900039993623983
0.2699712808407924	0.4290043992986395
0.2702575973834231	0.4719048392285014
0.2705556172316265	0.5190953231513512
0.2708659450516100	0.5710048554664846
0.2712635930435931	0.6281053410131308
0.2716687215788953	0.6909158751144415
0.2721865596264815	0.7600074626258918
0.2728728830779915	0.8308596468476122
0.2737360369063042	0.8961782061411320
0.2748900007426971	0.9325820173250263
0.2757198860379491	0.9577642506175301
0.2767489869868339	0.9746481639727304
0.2776738319589135	0.9835452743823415
0.2779148648914758	0.9889335069150317
0.2788884039013267	0.9917355478480482
0.2809439116858685	0.9968185587456392
0.2819830966572736	0.9984226230992435
0.2865380748171338	0.9996516167277683
0.2873347787166277	0.9998077680999786
0.2996953876905044	0.9999577154570235
0.3009766925808443	0.9999813999820532
0.3100514454931494	0.9999951830950731
0.3123692009176657	0.9999976509009616
0.3187617941010275	0.9999993903648738
0.3215154147355719	0.9999996959864308
0.3287010526043000	0.9999999223133014
0.3314898200525717	0.9999999613251727
0.3394660312065783	0.9999999901329795
0.3419585477915002	0.9999999951356383
0.3504199993824932	0.9999999987607984
0.3527203784039872	0.9999999993959636
0.3614174318169464	0.9999999998460707
0.3636818771205048	0.9999999999253426
0.3722971463241342	0.9999999999808874
0.3744189475016423	0.9999999999907915
0.3829915855649537	0.9999999999976386
0.3851754209173416	0.9999999999988682
0.3936775649096383	0.9999999999997093
0.3959262778931563	0.9999999999998612
0.4043354883320889	0.9999999999999644
0.4066177316083727	0.9999999999999831
0.4146463372122647	1.0000148206236059
0.4170113287395917	1.0000215969091828
0.4187320374137411	1.0000258883814528
0.4317838570922281	1.0000265515453146
0.4349209079996436	1.0000271547966808
0.4507590051910705	1.0000273823600101
0.4586537674320316	1.0000274117704460
0.4676192621797646	1.0000274227116377
0.4751950713547732	1.0000274243503131
0.4983885898020985	1.0000274246711440
0.5110359480728730	1.0000274247195815
0.5193406496027060	1.0000274247335734
0.5278529129245296	1.0000274247353820
0.5353036337248193	1.0000274247363534
0.5405500613060386	1.0000274247364791
0.5489328419543031	1.0000274247365575
0.5533635315876962	1.0000274247365672
0.5614878448000937	1.0000274247365786
0.5635097463938623	1.0000274247365799
0.5706401553476963	1.0000274247365819
0.5739149514718568	1.0000274247365821
0.5742235190433336	1.0000274247365826
0.5870893591241296	1.0000274247365828
0.5918224140739010	1.0000274247365828
0.5970467623143527	1.1000301672102410
0.5974795984824800	1.0119435651600404
0.6014051238871903	0.9800543522536631
0.6039492169276162	0.9830485819647179
0.6059380586167361	0.9911167964078880
0.6079985963881864	0.9987205872404729
0.6131912979482207	0.9997445295509418
0.6269027589398208	0.9998898255970843
0.6387345076849867	0.9999734108189634
0.6473173091089199	0.9999823532977400
0.6732927126951133	1.0000185505084564
0.6740065935208496	1.0000232249462750
0.6958466010263498	1.0000238286725354
0.7177450527929961	1.0000239065674512
0.7396206146742101	1.0000239166292555
0.7614647782584519	1.0000239179289101
0.7669587110180358	1.0000285494455228
0.7669595018581625	1.0000291480178896
0.7882445415889879	1.0000292253757741
0.8100552171644282	1.0000292353728564
0.8304049342600271	0.9918814350412286
0.8338056807727633	0.9996528227221464
0.8565366111717715	0.9999805981971172
0.9498586114009910	1.0020003821923085
0.9755395253206313	1.0020768960659561
0.9909188598079206	0.6556371921576071
0.9909188598079206	0.8687167748600984
0.9910802710505345	0.9555884523461047
0.9918362992555124	0.9973699990609721
0.9988480416792170	1.0003770842147051
1.0875886733302005	1.0000706754644968
1.3222430624653476	0.9997554583640306
1.4687662370883039	0.9813539841570291
1.4691470030982052	0.9919969545928683
1.4707693664215755	1.0000857428442556
1.6262049335183584	0.9999953591053150
2.6485709387522363	1.0582737295903497
2.6486346949174351	0.9587095132679699
2.6509196932972534	0.9846573206291633
2.6513440643621777	0.9909910886900111
2.6570065359552473	0.9977759630959611
2.6579842290939126	0.9993428590260313
2.6774177372181920	0.9999680953972407
2.6837819038222506	1.0001338411162475
2.7172315535968674	1.0001959050355624
2.7407819386703136	1.0002112934424532
2.8588583037757198	1.0002144504758370
3.1426486770774584	1.0000327030067078
4.5194479195037198	1.0000090078614579
4.5285212099096830	1.0000055457378958
4.5475540343732961	1.0000050970736845
4.5808148609389692	1.0000049737309096
4.5910047789287676	1.0000049577659915
4.6243327286460714	1.0000049533746573
4.6345772427416199	1.0000049528070334
4.6679428139369969	1.0000049526508090
4.6781823198435957	1.0000049526306158
4.7115495308897701	1.0000049526250583
4.7217925689382394	1.0000049526243402
4.7551072863537014	1.0000049526241421
4.7654251959531377	1.0000049526241168
4.7984000690532245	1.0000049526241097
4.8090995755018877	1.0000049526241088
4.8164835196188562	1.0000049526241086
4.8348413296424937	1.0000049526241084
4.8397446048771231	1.0000049526241084
4.8688117730281357	0.8000039620992914
4.8688117730281357	0.8977610387590553
4.8692711986863459	0.9806759380334042
4.8707678582317060	0.9861069323746604
4.8711166447233225	0.9988219770891382
4.9209958033184815	0.9999090557726155
5.0209011129752010	1.0000076632509802
5.4070034648331688	0.9959027788945601
5.4089460416019080	0.9993740527420711
5.4234921441088169	1.0002037268994175
5.4316529898578745	1.0455627682742574
5.4317929738348862	1.1040691902025341
5.4323104004879674	1.0247342501606991
5.4323480484556779	1.0032457005250455
5.4419984907818337	1.0008435193604845
5.4554110969994616	1.0007312234811447
5.4576169099873129	0.9938504040942843
5.4576464951986976	0.9929223983752293
5.4623670682635304	0.9987136116900461
5.4934292435276912	0.9998319281102417
5.5403029080471402	0.9999669964315956
7.1138603059773313	0.9999938485133036
7.5082037802098762	0.9999973139626969
8.1844907839346526	0.9999990529331806
9.2525285423600909	0.9999999161785570
9.3302408380196979	1.0001240364611741
9.3361618851342190	1.0001400390144650
9.4206192697443232	1.0583251835636085
9.4207798079023473	1.0051602259077703
9.4246297817797373	1.0221848112662397
9.4282953220936694	1.0027310134624232
9.4422666173534573	1.0006249240840162
9.4435812923006441	1.0002857714045603
9.4645799653548046	1.0002483696881637
9.4750211225094070	1.0002415445857780
9.4785507046959765	0.9936153032952544
9.4811316369032284	0.9987512091798357
9.5815088902293724	0.9997809402811498
9.6235965252287183	0.9999416935574801
