0.0000000000000000	0.0000000000000000
0.2611158461909890	0.0300000000000000
0.2613559442160439	0.0090522601978560
0.2627544205858061	0.0317836787096783
0.2627660186720129	0.0278686828767977
0.2639483802740321	0.0464337063632027
0.2646823352074325	0.0677576425286538
0.2647942391485465	0.0750667547218221
0.2651670866611346	0.0850667547218213
0.2654580227062379	0.0950667547218214
0.2656806858299475	0.1050667547218220
0.2658788811762097	0.1155734301940030
0.2660741131531923	0.1271307732134029
0.2662651817550384	0.1398438505347427
0.2664602740018449	0.1538282355882161
0.2666585064950757	0.1692110591470380
0.2668602693063913	0.1861321650617430
0.2670611066323634	0.2047453815679147
0.2672609790367498	0.2252199197247080
0.2674698642000753	0.2477419116971775
0.2676832702937632	0.2725161028668943
0.2679077208358430	0.2997677131535868
0.2681462855345857	0.3297444844689415
0.2683775903745763	0.3627189329158346
0.2686204937691564	0.3989908262074201
0.2688848417585681	0.4388899088281638
0.2691792851862128	0.4827788997109839
0.2694768528380468	0.5310567896820838
0.2698031702857253	0.5841624686502919
0.2701988672897025	0.6425787155153229
0.2706126070098747	0.7068365870668587
0.2712114771016481	0.7775202457735486
0.2718995032348386	0.8430894862809629
0.2726560673040913	0.8942769994570001
0.2737049201106482	0.9282670105257117
0.2743003705721128	0.9501147372617876
0.2744401976633631	0.9572220942016214
0.2755282143655165	0.9739121384541846
0.2764087844617714	0.9832773452838277
0.2767489869868339	0.9887209775009110
0.2776738319589135	0.9915917209940776
0.2800574486584371	0.9967865760580751
0.2809439116858685	0.9984116625617984
0.2858596332590695	0.9993833820800900
0.2873347787166277	0.9998292131392378
0.2900076868476045	0.9999128932122228
0.3009766925808443	0.9999797138399664
0.3024822398767028	0.9999906565684881
0.3123692009176657	0.9999976121280207
0.3142745756623392	0.9999988414591020
0.3215154147355719	0.9999997027678783
0.3241194439992351	0.9999998526221503
0.3314898200525717	0.9999999625648883
0.3342889136329950	0.9999999810994835
0.3419585477915002	0.9999999951978885
0.3443192652555715	0.9999999976023387
0.3527203784039872	0.9999999993923502
0.3549916909883444	0.9999999996997210
0.3636818771205048	0.9999999999231242
0.3656150187400626	0.9999999999624722
0.3744189475016423	0.9999999999903842
0.3764213940798001	0.9999999999953397
0.3851754209173416	0.9999999999988056
0.3872561115036766	0.9999999999994242
0.3959262778931563	0.9999999999998525
0.3980759329237274	0.9999999999999289
0.4066177316083727	0.9999999999999820
0.4088927997695361	0.9999999999999910
0.4146463372122647	1.0000417672119881
0.4169499980268652	1.0000532799121835
0.4181360870016613	1.0000636175465818
0.4317838570922281	1.0000652155500376
0.4349209079996436	1.0000666687119530
0.4499163333304711	1.0000670119646458
0.4586537674320316	1.0000670948518617
0.4751950713547732	1.0000670989095095
0.5110359480728730	1.0000670990286178
0.5278529129245296	1.0000670990337144
0.5405500613060386	1.0000670990340681
0.5533635315876962	1.0000670990340965
0.5635097463938623	1.0000670990341007
0.5706401553476963	1.0000670990341014
0.5742235190433336	1.0000670990341018
0.5870893591241296	1.0000670990341018
0.5970467623143529	1.1000738089375179
0.5974795984824800	1.0036668116085739
0.6039492169276162	0.9830338669522396
0.6079985963881864	0.9996022900647947
0.6269027589398208	1.0000273342270025
0.6473173091089199	1.0000525683115624
0.6740065935208496	1.0000657447056613
0.7177450527929961	1.0000659642401550
0.7614647782584519	1.0000659679029329
0.7669595018581625	1.0000676548848106
0.8100552171644282	1.0000676830595630
0.8298001787849861	0.9823723426950951
0.8299558216687328	0.9817556655635175
0.8304049342600271	0.9771048342396113
0.8338056807727633	0.9990123975268659
0.8447731421948271	0.9999414933851833
0.9678529268986641	1.0007361334536340
1.0875886733302005	1.0001130363456028
1.3172819138296772	0.9835323829842570
1.3222430624653476	0.9992229376499729
1.3385723344341838	0.9999493671091988
1.6030653314819470	0.9991377758109391
1.6262049335183584	0.9999677721376290
1.8050065293299655	0.9999827513516163
2.4920767940613278	0.9999976025025379
2.5414609050648220	1.0001360733855089
2.5508771228578477	1.0003578941195670
2.6484640725879021	1.1454186259729882
2.6486346949174351	0.9493244664596555
2.6490873999067359	0.9722709333824451
2.6513440643621777	0.9860073676041329
2.6514223475532845	0.9941081771023201
2.6579842290939126	0.9986518072905252
2.6642958378699269	0.9994519590880345
2.6837819038222506	0.9999213414520782
2.6862615446787093	1.0000232015272799
2.7407819386703136	1.0000666037935477
2.7476234007626372	1.0000755053929500
2.9115458892801866	1.0000787273600085
3.0674401654217149	1.0000794939154476
4.5194479195037198	1.0000133568760345
4.5475540343732961	1.0000120926177920
4.5910047789287676	1.0000120476255865
4.6345772427416199	1.0000120460259097
4.6781823198435957	1.0000120459690014
4.7217925689382394	1.0000120459669770
4.7654251959531377	1.0000120459669051
4.8090995755018877	1.0000120459669026
4.8164835196188562	1.0000120459669022
4.8397446048771231	1.0000120459669024
4.8688117730281357	0.9271488976856324
4.8688119488847388	0.9606690393899461
4.8711166447233225	0.9965573660863880
4.8713931775570201	0.9997388034738732
5.0209011129752010	1.0000435430820886
5.4068356310795389	1.1334256851034057
5.4070034648331688	0.9884760665992682
5.4080256009037280	0.9984423128621600
5.4234921441088169	1.0007693859416136
5.4316080809859262	1.1285710766277435
5.4317929738348862	1.0597789695708901
5.4323480484556779	0.9971805106921383
5.4324099909343850	1.0018238880274528
5.4574048979344338	1.0059375701032307
5.4576169099873129	0.9824132899651538
5.4623670682635304	0.9986084918837185
5.4750409309332220	0.9995667704268819
5.5403029080471402	0.9999610497934814
5.6293355208587643	0.9999843263328131
7.5082037802098762	0.9999941002570339
7.5819268574406795	0.9999953202043591
8.1844907839346526	0.9999990011551131
8.1848070793026633	0.9999994769416229
9.2744721862466299	1.0003092314113005
9.3361618851342190	1.0003543613298966
9.4205946000875205	1.1455846002123375
9.4207798079023473	0.9962773541019629
9.4251342950846233	1.0066511487306422
9.4422666173534573	1.0007065389996317
9.4645799653548046	1.0006025827928866
9.4760083362800227	0.9840599700622132
9.4811316369032284	0.9985563829608932
9.5011159380885513	0.9994411230729074
9.6235965252287183	0.9999052245059529
9.6614353020249499	0.9999646457611346
