0.0000000000000000	0.0000000000000000
0.2565185292684816	0.0300000000000003
0.2567639090799904	0.0139659323358258
0.2576773984006506	0.0239659323358263
0.2577756241581773	0.0258485515832991
0.2588332939721277	0.0358485515832985
0.2594012456996217	0.0458485515832977
0.2598594560346411	0.0558485515832975
0.2601819294060248	0.0658485515832975
0.2604867067151666	0.0758485515832978
0.2607340610492054	0.0858485515832977
0.2609686176085783	0.0958485515832967
0.2611652087735615	0.1058485515832967
0.2613640160931420	0.1164334067416261
0.2615434323863874	0.1280767474157888
0.2617247429494766	0.1408844221573669
0.2619113301200937	0.1549728643731030
0.2621037867438887	0.1704701508104121
0.2623000701133502	0.1875171658914537
0.2625011405768570	0.2062688824806023
0.2627022836458864	0.2268957707286587
0.2629116485505190	0.2495853478015223
0.2631148775094879	0.2745438825816753
0.2633316567620301	0.3019982708398453
0.2635647895128595	0.3321980979238336
0.2638057454019679	0.3654179077162120
0.2640517301832519	0.4019596984878371
0.2643044238501889	0.4421556683366190
0.2645938486481540	0.4863712351702827
0.2649211077051773	0.5350083586873086
0.2652241255146439	0.5885091945560373
0.2656343049087797	0.6473601140116423
0.2660760638717861	0.7120961254128088
0.2666268041116047	0.7833057379540919
0.2673764477316252	0.8596853360797910
0.2684511976086968	0.9243524093791093
0.2700404396080349	0.9606772157033440
0.2712947164134207	0.9793429972146691
0.2718209368032800	0.9863153370276772
0.2740791307399701	0.9947655752309722
0.2746189429222911	0.9957782653411410
0.2757859122478452	0.9980815366629487
0.2770262095257457	0.9985117446463128
0.2826195132605956	0.9993923050231909
0.2842739176286781	0.9997129572940620
0.2877118903383887	0.9998812951906634
0.2886391792406852	0.9999399450572585
0.2921335652190821	0.9999761102392078
0.2939297842606992	0.9999928232882788
0.2966436946605225	0.9999955179241747
0.3043162772911543	0.9999967905775301
0.3056891639200024	0.9999991761192411
0.3067811521790303	0.9999994844688338
0.3161858276212373	0.9999996259877949
0.3182983018640953	0.9999999041349579
0.3190955729496625	0.9999999421819692
0.3291803273282630	0.9999999866461947
0.3296121951812534	0.9999999923936247
0.3396349677572710	0.9999999982538768
0.3399835309918971	0.9999999990113709
0.3498527237109410	0.9999999997322333
0.3505170228437457	0.9999999998701088
0.3601131028998193	0.9999999999658328
0.3617268256264582	0.9999999999833853
0.3711604972583498	0.9999999999956757
0.3727524450908428	0.9999999999979006
0.3821942989662283	0.9999999999994572
0.3837702579746773	0.9999999999997370
0.3931959570360924	0.9999999999999319
0.3946397609457627	0.9999999999999653
0.4034850415874528	0.9999999999999912
0.4052908800124359	0.9999999999999958
0.4145915068656428	0.9999999999999991
0.4146463372119034	1.0021032319536782
0.4172192089328022	1.0024103456278171
0.4499370587544725	0.6419207514174670
0.4499370587544725	0.8612851348177504
0.4500933200837297	0.9450281225159128
0.4506691327149991	0.9966792377812252
0.4649076289091951	0.9998968889906759
0.5845100484042719	0.9999613469156058
1.1440700660806216	0.9999901731983035
1.4126598647820832	1.0000022044841399
1.4141635541679767	1.0000037592823547
1.4787182955424469	1.0000051920931816
1.4797432163659456	1.0000055863747808
1.6026208379309941	1.0442607193026472
1.6026208630710752	1.0483866277611760
1.6040509965694341	1.0077651074427270
1.6073579770300324	1.0054711930653630
1.6085742233825717	0.8817041027280583
1.6087670205384785	0.9764555993107118
1.6108259390251551	1.0016198106522527
1.6166715309610029	1.0011960693318835
1.6645317727779367	0.6499728721194523
1.6645317727779367	0.8762781562114987
1.6646952935863601	1.0511316996040365
1.6646989276545971	1.0022447966602486
1.6675666850977486	0.9864145107664617
1.6713869432917714	0.9974851175824370
1.6725734570717958	0.9990805990851848
1.6990825441583826	0.9993638992788407
1.7376247468248960	0.9998143731178910
1.7695296632184192	0.9999434377227150
1.7911117161148531	0.9999608934028075
1.9622876586064810	0.9999911636552393
1.9758506466304526	0.9999950755112103
2.0099856810062264	0.9999959313465135
2.3271381532523554	0.9999983289359404
2.3632581140004247	0.9999986788465314
2.5414396953926799	1.0068189726078030
2.5420979410757889	1.0168518386791670
2.5423610443965554	1.0040872347159362
2.5470470074228899	1.0022946195936815
2.5807135010886344	1.0003584109817754
2.6493157960853262	0.6582961480755157
2.6493157960853262	0.8782834385545550
2.6493169582926690	0.9248449672042076
2.6498109581520914	0.9922881664610501
2.6607176796981427	0.9990586494789278
2.6624001753841160	0.9996054435387997
2.6905706972223093	0.9999088579762606
2.7092708591285115	0.9999389532213314
2.7505378175070052	0.9999628180042867
2.7549222558565352	0.9999658477552129
2.8850339868074966	0.9999679526969127
2.8891933723785677	0.9999682246131028
2.9753838058428386	0.9999914573654530
2.9779092966887397	0.9999944594619600
3.0309244835412170	0.9999954810855323
3.0392740594901304	0.9999956129966564
3.2701344766207985	0.9999956656517818
3.2772243354803039	0.9999956724572925
4.1021464256156435	0.9999956753238389
4.1088413052875961	0.9999956756943758
4.2042175822868737	0.9999993063372054
4.2071976265640005	0.9999998442807224
4.2262263214461706	0.9999999137873523
4.2492356553021411	0.9999999352285110
4.2583777747729572	0.9999999379994734
4.3553522714258799	0.9999999391839546
4.3619453900966025	0.9999999393370604
4.8627844045522153	0.9999999393814308
4.8725075738505357	0.9999999393871662
5.0100112434971207	1.0001162220606410
5.0125104664460087	1.0001312167280219
5.0150141872571092	1.0001331526827306
5.0206044132433707	1.0060440194823776
5.0232183890269333	1.0068817535183585
5.0251749991758885	0.9879069499880782
5.0253336943583999	1.0141724677034758
5.0254424589435969	1.0005044155199532
5.0422524323999474	1.0009906533512409
5.1486676438321926	0.6407118161978007
5.1486676438321926	0.8602449023076886
5.1488234580525765	0.9443575527926217
5.1493908135821664	0.9969937917769521
5.1636538122090796	1.0002279761850250
5.2097203896229702	0.9722341353868218
5.2128207606929244	0.9975202334881041
5.2178821127525996	0.9995258591364669
5.3264595647834927	0.9999371541858809
5.3774993660057184	0.9999888746751259
5.5311264891675460	0.9999890015696962
5.8963498099275267	0.9999956761437406
5.8964164009584943	0.9999965388625893
9.2744265972138642	1.0152986656136940
9.2832963988145085	1.0059169848993363
9.2833518620289777	0.9936994877829752
9.2835108326675524	1.0137837954741009
9.2836147868956509	1.0001631495532393
9.2908043878666415	1.0010148408121675
9.4168326782940550	0.6407857687212146
9.4168326782940550	0.8602101115512570
9.4169884733743565	0.9443511054025742
9.4175568321761425	0.9970340828167067
9.4256408145419268	1.0036432756628038
9.4470226656367924	0.6433891672795625
9.4470226656367924	0.8642562770627741
9.4471798859571852	0.9472978094024543
9.4477540988016599	0.9971616033106143
9.4526038293447598	0.9295286801016608
9.4527776872231932	0.9803933498917353
9.4540918752964256	0.9995858300265786
9.4659110664951580	0.9998302717233356
9.6935810982217916	0.9999410127365053
9.7913318962963416	0.9999745999866743
