0.0000000000000000	0.0000000000000000
0.2781549796890871	0.0300000000000001
0.2783925685768928	0.0097467580400512
0.2797212362833489	0.0240249998693567
0.2810519449241999	0.0420213521075335
0.2818051256031978	0.0627113841698075
0.2819246375935922	0.0692922220288893
0.2823324219467196	0.0792922220288903
0.2826458160808942	0.0892922220288903
0.2828740142708044	0.0992922220288916
0.2830807300571327	0.1092922220288910
0.2832682923560181	0.1202214442317796
0.2834591062905313	0.1322435886549574
0.2836536853521403	0.1454679475204512
0.2838458844798273	0.1600147422724949
0.2840393391379717	0.1760162164997455
0.2842414563674579	0.1936178381497214
0.2844398864653901	0.2129796219646910
0.2846396184890242	0.2342775841611622
0.2848444936582663	0.2577053425772822
0.2850565612639777	0.2834758768350100
0.2852869448315442	0.3118234645185124
0.2855152863247134	0.3430058109703668
0.2857525297730112	0.3773063920674034
0.2860044405473003	0.4150370312741387
0.2862896714823963	0.4565407344015482
0.2865664763685660	0.5021948078417073
0.2868764762883604	0.5524142886258738
0.2872458819231358	0.6076557174884669
0.2876159435653347	0.6684212892373119
0.2881203233489497	0.7352634181610387
0.2887267915375458	0.8087897599771383
0.2895747032119348	0.8760759627628764
0.2905416884215634	0.9161862764552170
0.2914306843583399	0.9458957055396566
0.2921314821795776	0.9664636892460458
0.2922101121591674	0.9727303896529660
0.2941496517164149	0.9909096760999682
0.2966363170763366	0.9967328304442182
0.2990782355053716	0.9983972977216177
0.3043226357756347	0.9993782308186124
0.3047054121862712	0.9996929966653694
0.3090577667613236	0.9998794525743747
0.3103687729484007	0.9999656639318826
0.3127142107789199	0.9999819328504346
0.3233088724275963	0.9999955466634389
0.3250676575308283	0.9999978701731400
0.3356550236666616	0.9999994714226419
0.3376857923367719	0.9999997423594043
0.3460284474413926	0.9999999357487123
0.3483844468035375	0.9999999661558219
0.3558036462944537	0.9999999915056162
0.3576862736577016	0.9999999955995242
0.3659584916723727	0.9999999989011760
0.3679615154314756	0.9999999994356512
0.3766472979511052	0.9999999998536944
0.3779945111647148	0.9999999999273345
0.3871177606034318	0.9999999999813394
0.3888795927403955	0.9999999999908159
0.3980326610562602	0.9999999999976503
0.3998753971459146	0.9999999999988499
0.4089360335548993	0.9999999999997065
0.4108387103717205	0.9999999999998570
0.4146500356989937	1.0000000000170288
0.4171204850251373	1.0000000000430078
0.4212284954220746	1.0000000000469120
0.4217516992071522	1.0000000000510265
0.4226714400381594	1.0000000000688776
0.4249771503906558	1.0000000000755767
0.4270115315718493	1.0000000000806062
0.4280061625745341	1.0000000000843234
0.4296684112489216	1.0000000000875473
0.4318962872437033	1.0000000000904872
0.4346287116369723	1.0000000000931870
0.4377787142995013	1.0000000000956588
0.4623310539012649	1.0000000000975366
0.4646301941377606	1.0000000000985014
0.4697135387507947	1.0000000000991223
0.4749804075465059	1.0000000000993601
0.4802155270011242	1.0000264685432778
0.4802155270349404	1.0000298892698689
0.5020221465242336	1.0000304738757666
0.5020293764842535	1.0000309913399703
0.5028227829895301	1.0000315966261384
0.5032391002961337	1.0000322000727615
0.5038846796213449	1.0000322899110285
0.5231636850558710	1.0000323146342895
0.5234622367063945	1.0000323197566523
0.5311562026334568	1.0000323424081252
0.5314676090964555	1.0000323455095890
0.5512501304601941	1.0000323463946399
0.5518177871056223	1.0000323470555010
0.5525683659073530	1.0000323471468471
0.5729258190103618	1.0000323471596344
0.5732998744180704	1.0000323471633308
0.5745657704208583	1.0000323471909704
0.5749877389120545	1.0000323471947030
0.5922632693822119	1.0000323471962849
0.5932782868939098	1.0000323471965691
0.5970467623215041	1.0000468489886696
0.5990882673658028	1.0002849925545714
0.5992599192258030	1.0003157217595524
0.6078764458593685	1.0003277245179609
0.6273236070727602	1.0003286225298578
0.6511885731992229	1.0003288581987340
0.8478407589684170	0.6402105069542099
0.8478407589684170	0.8596055028496887
0.8479963979576276	0.9438807534741364
0.8484457964501962	1.0061871652976366
0.8548718380711751	0.6566304128753108
0.8548718380711751	0.8709213511532956
0.8550331840874349	0.9580134862686269
0.8558201137243261	0.9981412776037834
0.8626375452967227	1.0010010240944824
0.8718280249341822	0.9800958496291816
0.8759578378564312	0.9989067884356003
0.8915359567724123	0.9995315639039384
1.0367349668279979	0.9998619041571026
1.1333325204090001	0.9999826805933463
1.6418126816940126	0.9999982325848217
1.6635486869790252	1.0000002376377490
2.3476568501550292	1.0486133575233509
2.3478043066195822	1.0031904230909741
2.3493312397392905	1.0060853431065337
2.3652515024490115	1.0011513295302745
2.4105068754697458	1.0005129521549629
2.4377959318493310	0.9543446034866649
2.4393177742826317	0.9930713968724785
2.4441429114984552	0.9984709886352801
2.4472930833488884	0.9940779498904266
2.4542127680598051	0.9971402419122803
2.4623494633038612	0.9985226031875881
2.4674597319438596	0.9995770292405969
2.4716119119822375	0.9997113846930135
2.4862911986417924	0.9999390771510444
2.5701552280518336	0.9999872791429401
2.5905707620032197	1.0000007984929065
2.7715520516670749	1.0000010727192541
2.8333743595086269	1.0000047840456907
2.8459262498540752	1.0000058747274121
2.9041231091084319	1.0009327436672320
2.9066424426094102	1.0010672775488865
3.0204827720864920	1.0002171979545860
3.0882253501402848	0.9961677643594785
3.1191372836120714	0.9994169675549038
3.1261079850406093	0.9998488068033418
3.1261124443141850	0.9999036358086084
3.3391613674825384	1.0000019489526502
3.3481061507633534	1.0000146461219970
3.3700082037149892	1.0000162845090155
3.3901994917638119	1.0007917192057836
3.4874585724958376	1.0001275195422950
3.8641602127797983	1.0000423601212487
4.9293765918075829	1.0000121544163301
4.9344528607189515	1.0000082457074160
4.9640004976109129	1.0000043526475779
4.9671924724756984	1.0000038494166339
4.9918001257940965	1.0000032161064771
4.9943289266813986	1.0000031342456734
5.0183714875343046	1.0000030287575181
5.0208411222040947	1.0000030151223316
5.0448313307864270	1.0000029975159357
5.0472959684223708	1.0000029952401703
5.0712818520593270	1.0000029923011273
5.0737460976766160	1.0000029919212328
5.0977316912987014	1.0000029914306121
5.1001959222780142	1.0000029913671953
5.1241815048524719	1.0000029912852950
5.1266457854656204	1.0000029912747088
5.1506278564419414	1.0000029912610369
5.1530929625281239	1.0000029912592696
5.1770684720454563	1.0000029912569872
5.1795316034038299	1.0000029912566921
5.2036370512742556	1.0000029912563113
5.2060956980884274	1.0000029912562620
5.2300401221772734	1.0000029912561985
5.2328208601659760	1.0000029912561903
5.2555027266672791	1.0000029912561794
5.2579384752434004	1.0000029912561781
5.2767504850881011	1.0000029912561781
5.3703695447254409	0.8000023930049425
5.3703695447254409	0.9664036893474046
5.3735152642378878	1.0083733588615207
5.3768876232864420	1.0008303015101301
5.3946441651910879	0.9997049531665360
5.6054113828886951	0.9974310925048048
5.6169541856178036	0.9994788002453934
5.6846038652923392	0.9998699207533844
5.7987913481932329	0.9999803617966619
6.1805170417106279	0.9999945594935076
6.1938430688341120	0.9999963916745072
6.4693822017475755	1.0000001554772906
7.8923323109558359	1.0000008770565256
7.9071858430555331	1.0000009703216952
9.7848022472603446	1.0000011195380607
