0.0000000000000000	0.0000000000000000
0.2842401374977311	0.0300000000000004
0.2844839779464578	0.0123637189086071
0.2853056255183278	0.0176045506977532
0.2855209742942518	0.0276045506977523
0.2856000302381105	0.0236956024352310
0.2862162187167381	0.0336956024352310
0.2868912206661142	0.0436956024352318
0.2873745338666948	0.0536956024352309
0.2877073794438910	0.0636956024352314
0.2880344307350500	0.0736956024352322
0.2882843005342267	0.0836956024352322
0.2885298511999738	0.0936956024352314
0.2887271920347156	0.1036956024352309
0.2889211065761372	0.1140651626787561
0.2891019306342282	0.1254716789466329
0.2892863808532836	0.1380188468412966
0.2894760162016569	0.1518207315254280
0.2896685759875380	0.1670028046779715
0.2898616193991133	0.1837030851457712
0.2900609137193211	0.2020733936603469
0.2902678785008371	0.2222807330263818
0.2904806885297003	0.2445088063290190
0.2906916625586792	0.2689596869619201
0.2909024690023461	0.2958556556581118
0.2911283569064312	0.3254412212239209
0.2913731447403224	0.3579853433463100
0.2916345333478430	0.3937838776809392
0.2918793928734761	0.4331622654490339
0.2921498465676100	0.4764784919939393
0.2924800060723791	0.5241263411933286
0.2928016267878687	0.5765389753126665
0.2931471130273696	0.6341928728439308
0.2936311237290013	0.6976121601283276
0.2940746332428523	0.7673733761411600
0.2948432070613489	0.8441107137552720
0.2958484124334497	0.8994974041252696
0.2967840203396305	0.9347306320896430
0.2977130952647857	0.9587269042637995
0.2986476188753699	0.9753070680043208
0.2996587266052446	0.9838396873031386
0.2998027355998545	0.9891670481231384
0.3008389975679756	0.9918849693403092
0.3026563429869915	0.9968567458686245
0.3049461063864011	0.9985937444140779
0.3055923304946772	0.9991160780275130
0.3082732888477457	0.9996351853339975
0.3119067206219598	0.9997922657289052
0.3168155443723806	0.9998104901446989
0.3176691140380821	0.9999224169029681
0.3181296735494725	0.9999368787391920
0.3218486778375443	0.9999817096025641
0.3264192773322394	0.9999908659258476
0.3321506334489853	0.9999975480583104
0.3353588240907565	0.9999987625822412
0.3426400146159791	0.9999996794734631
0.3454480310030097	0.9999998414438798
0.3536828845957530	0.9999999596555049
0.3563164705600487	0.9999999804824037
0.3651235843184688	0.9999999950376998
0.3675738807728465	0.9999999976304186
0.3763176200968595	0.9999999993955412
0.3786641210578751	0.9999999997140115
0.3873289380771239	0.9999999999265733
0.3896706638909448	0.9999999999653200
0.3980241288968906	0.9999999999910590
0.4003437205405732	0.9999999999957944
0.4086143385249047	0.9999999999989118
0.4109723385050427	0.9999999999994895
0.4178840566653021	1.0000000000000320
0.4184904836130185	1.0000000000003102
0.4214373365061802	1.0000000000003459
0.4238370194994824	1.0000000000005276
0.4244170365849826	1.0000000000006886
0.4252431725218963	1.0000000000007094
0.4271783066259509	1.0000000000008165
0.4288662872344465	1.0000000000008893
0.4296034516593669	1.0000000000009384
0.4310844995708994	1.0000000000009825
0.4331890459954635	1.0000000000010176
0.4357671757566577	1.0000000000010503
0.4390261126426108	1.0000000000010802
0.4644484531023506	1.0000000000011011
0.4668195269533529	1.0000000000011173
0.4708748144176342	1.0000000000011258
0.4760783841406643	1.0000000000011315
0.4802155269978837	1.0041458754688324
0.4802155269978860	1.0046676422410863
0.4981065880613676	0.6437341137926882
0.4981065880613676	0.8627804452331708
0.4982628809388081	0.9490584897564981
0.4989049512289738	0.9978848921249125
0.5158808781840345	1.0006215407097465
0.5230108288053612	0.9797449602864953
0.5270734155769383	0.9989268108119501
0.5415149854911379	0.9998334572715346
0.6030443482206345	0.9981157202622765
0.6387587158547116	0.9995728371474000
0.6616983160449933	0.9998721412544166
0.8566016986965330	0.9999756911301320
1.2685115478272353	0.9999890323617501
1.6855150871431228	0.9999961650859989
2.3487526666081529	1.0003926488974721
2.3515565616652609	1.0066681015474204
2.3574983742871791	1.0018346601722028
2.3726378165305047	0.9935956969348817
2.3762247693305243	1.0007557126039890
2.5421817723785427	1.0000378842829845
2.8842689757391748	0.9999631100838050
3.3878475667610686	0.9940271596418996
3.3924334817590514	0.9915400129274639
3.3934448825016870	0.9979682475575224
3.4000629415942192	0.9988138850651292
3.4022012812152433	0.9997328782304510
3.4711140695960174	0.9999204017236124
3.5263706013505898	0.9999476234674893
3.5429493770574778	0.9999751731318210
3.5949038328092957	0.9999961761370311
3.8181890252620763	1.0000024513573051
3.8908680211800810	1.0000038017788486
3.9126709860224769	1.0000047873524522
4.4695864499170863	1.0000059694790333
