0.0000000000000000	0.0000000000000000
0.2806886781979706	0.0299999999999999
0.2809287762230255	0.0090522601978565
0.2823272525927878	0.0317836787096791
0.2823388506789943	0.0278686828767974
0.2835212122810138	0.0464337063632018
0.2842551672144142	0.0677576425286537
0.2843670711555282	0.0750667547218210
0.2847399186681163	0.0850667547218211
0.2850308547132195	0.0950667547218209
0.2852535178369291	0.1050667547218209
0.2854517131831914	0.1155734301940016
0.2856469451601740	0.1271307732134009
0.2858380137620201	0.1398438505347399
0.2860331060088265	0.1538282355882155
0.2862313385020573	0.1692110591470382
0.2864331013133730	0.1861321650617433
0.2866339386393452	0.2047453815679204
0.2868338110437316	0.2252199197247136
0.2870426962070571	0.2477419116971840
0.2872561023007450	0.2725161028669060
0.2874805528428247	0.2997677131535922
0.2877191175415675	0.3297444844689535
0.2879504223815581	0.3627189329158452
0.2881933257761382	0.3989908262074331
0.2884576737655499	0.4388899088281820
0.2887521171931947	0.4827788997110028
0.2890496848450287	0.5310567896820995
0.2893760022927070	0.5841624686503030
0.2897716992966844	0.6425787155153349
0.2901854390168565	0.7068365870668651
0.2907843091086297	0.7775202457735546
0.2914723352418203	0.8430894862809681
0.2922288993110732	0.8942769994570071
0.2932777521176302	0.9282670105257139
0.2938732025790945	0.9501147372617879
0.2940130296703451	0.9572220942016206
0.2951010463724982	0.9739121384541823
0.2959816164687520	0.9832773452838310
0.2963218189938162	0.9887209775009143
0.2972466639658978	0.9915917209940777
0.2996302806654190	0.9967865760580750
0.3005167436928494	0.9984116625617983
0.3054324652660499	0.9993833820800899
0.3069076107236090	0.9998292131392378
0.3095805188545879	0.9999128932122229
0.3205495245878378	0.9999797138399664
0.3220550718836872	0.9999906565684881
0.3319420329246565	0.9999976121280207
0.3338474076690008	0.9999988414591020
0.3410882467426454	0.9999997027678781
0.3436922760061629	0.9999998526221501
0.3510626520497603	0.9999999625648879
0.3538617456287259	0.9999999810994835
0.3615313797173224	0.9999999951978885
0.3638920970136306	0.9999999976023388
0.3722932109865180	0.9999999993923500
0.3745645245067091	0.9999999996997211
0.3832547107747388	0.9999999999231246
0.3851878558203926	0.9999999999624724
0.3939918692044067	0.9999999999903842
0.3959941732765055	0.9999999999953398
0.4047484671331568	0.9999999999988058
0.4068298932619984	0.9999999999994242
0.4147243474529410	1.0000000000023153
0.4172384187770657	1.0000000000064311
0.4211977860901477	1.0000000000069631
0.4215776717321174	1.0000000000077014
0.4221102155020676	1.0000000000082865
0.4234303489104714	1.0000000000110179
0.4253491312475783	1.0000000000123230
0.4276762425768887	1.0000000000132903
0.4285190387872114	1.0000000000139646
0.4301017944686832	1.0000000000145244
0.4323054508614175	1.0000000000150262
0.4350346363891102	1.0000000000154852
0.4381845566002782	1.0000000000159055
0.4629492258997450	1.0000000000162348
0.4654409402367187	1.0000000000164149
0.4703157648018492	1.0000000000165370
0.4753846234406236	1.0000000000165865
0.4802155269979862	1.0001995033965170
0.4802155269987041	1.0002252583980797
0.5020492374512110	1.0002296574489324
0.5021038756975204	1.0002335402032425
0.5028737350916728	1.0002341278547342
0.5310156958786068	1.0002343062600607
0.5513213096504667	1.0002343100457280
0.5664956388483410	1.0002343101289020
0.5743683830542164	1.0002343101549724
0.5846924023587895	1.0002343101584514
0.5904218818667288	1.0002343101594311
0.5934566671981470	0.9841245380038305
0.5936123544007125	0.9835564381627174
0.5940623163390065	1.0022288587373955
0.5990660955088101	1.0022463015468532
0.6017385023344182	0.9968183009926570
0.6133431232214417	1.0002151710276572
0.6823354854474816	0.9808755982537654
0.6824911998077874	0.9810948148484657
0.6829457097131082	0.9772059203026192
0.6863666779106258	0.9990515118261206
0.6973116638053110	0.9999706580772103
0.8550505134976722	0.9937463824159888
0.8567415120113427	0.9999923057789406
1.0603075015843233	0.9999712339880606
2.3476569742949658	1.0069077628479142
2.3514960510715017	1.1162714026471345
2.3516923705644204	0.9953052754544096
2.3530642025253905	1.0022323486911517
2.3864842276029359	1.0004147979035451
2.4377607736816942	0.9873366911118795
2.4379463400543484	1.0030525007770990
2.4385032576199857	0.9926811202079189
2.4396214369005982	0.9980272110541147
2.4587463509923460	0.9994039431680211
2.4731119135325375	0.9997448619262314
2.4754644187626393	0.9999541543568130
2.4780091463924867	0.9999811238616968
2.4889575639677184	1.0000134948989348
2.4939582731699241	1.0000211522512594
2.5158703273974625	1.0000221415763091
2.5378744997840412	1.0000222688848222
2.5598051443630232	1.0000222853308933
2.5701561022579273	1.0000291388849349
2.5701836322712808	1.0000300267195767
2.5993223329447392	1.0000320635302560
2.6024234078008979	1.0000323267566218
2.6144272716703520	1.0000323607741881
2.6362440178291893	1.0000323651698904
2.6580561577334412	1.0000323657379571
2.6798656221067088	1.0000323658113781
2.7016717256992915	1.0000323658208665
2.7234764678462322	1.0000323658220931
2.7452826658988165	1.0000323658222516
2.7670402349861059	1.0000323658222721
2.7934061091934108	1.0000324048103808
2.7959018767358037	1.0000324098496511
2.7983973877541097	1.0000324105009062
2.8202049145559194	1.0000324105850815
2.8333744176180513	1.0000329382492437
2.8333757949185721	1.0000330064535805
2.8473501593377875	1.0000331703355991
2.8536973951409230	1.0000331915173026
2.8652678324663361	1.0000331942547500
2.8870758759665143	1.0000331946085608
2.9041231100864571	1.0001649732537439
2.9091642211629845	1.0001840396246175
3.3808201881009365	0.6401208359790950
3.3808201881009365	0.8594989186159343
3.3809758314099549	0.9437774739927196
3.3814251539837814	1.0061176329001127
3.3878443774660743	0.6565900292031318
3.3878443774660743	0.8732749843087653
3.3880105697463727	0.9606024827397098
3.3892882584094433	0.9850968316313026
3.3905058189335899	0.9988123501676938
3.3998024240464373	0.9731661853019107
3.4029965189468281	0.9979697871967307
3.4082114899922540	0.9998816152714263
3.4532727256605238	1.0000930600346298
4.4209312649958648	1.0000314348054198
4.9304577430599172	1.0000075099872912
4.9660591431195291	1.0000033008563907
4.9939689665672073	1.0000025949198605
5.0205521967760189	1.0000024770252580
5.0470133318354220	1.0000024573440462
5.0734640043603232	1.0000024540586043
5.0999138593812781	1.0000024535101582
5.1263635738844204	1.0000024534186043
5.1528101148601690	1.0000024534033212
5.1792497519023835	1.0000024534007699
5.2058176871165971	1.0000024534003440
5.2322174496938034	1.0000024534002732
5.2571366683603955	1.0000024534002609
5.3703695447254436	0.9971806531046099
5.3747536517169143	0.9946451009485744
5.3918494029709452	0.9994654673898123
5.3980808969724663	0.9998946851793483
5.7706242754325023	0.9999664874804263
6.2358696519363273	0.9999948530303961
6.2360707671788802	0.9999985175998745
8.5962497646925922	0.9999996420872869
8.5965074611070218	0.9999997874343952
