0.0000000000000000	0.0000000000000000
0.3017144409579895	0.0299999999999998
0.3019116826859761	0.0148030089161606
0.3029074337640669	0.0248030089161611
0.3029744025680836	0.0198003332817614
0.3033090696564449	0.0297172278827431
0.3038279992213960	0.0327002423364950
0.3041483798427244	0.0427002423364957
0.3045566141008115	0.0527002423364951
0.3049094302393094	0.0627002423364956
0.3052478824024966	0.0727002423364957
0.3055094426798474	0.0827002423364946
0.3057641378327258	0.0927002423364943
0.3059704219742288	0.1027002423364943
0.3061646936721689	0.1129702665701430
0.3063425725596093	0.1242672932271591
0.3065283269935716	0.1366940225498739
0.3067194159595554	0.1503634248048628
0.3069119684142047	0.1653997672853467
0.3071102453246489	0.1819397440138837
0.3073157974685503	0.2001337184152733
0.3075234935381652	0.2201470902568005
0.3077221590344832	0.2421617992824810
0.3079289947760549	0.2663779792107274
0.3081470592870829	0.2930157771317975
0.3083810397409933	0.3223173548449790
0.3086258477494209	0.3545490903294745
0.3088606651866468	0.3900039993624186
0.3091169448547560	0.4290043992986657
0.3094032613973867	0.4719048392285312
0.3097012812455902	0.5190953231513803
0.3100116090655737	0.5710048554665149
0.3104092570575567	0.6281053410131604
0.3108143855928589	0.6909158751144781
0.3113322236404452	0.7600074626259242
0.3120185470919553	0.8308596468476224
0.3128817009202677	0.8961782061411360
0.3140356647566605	0.9325820173250287
0.3148655500519127	0.9577642506175287
0.3158946510007972	0.9746481639727276
0.3168194959728765	0.9835452743823397
0.3170605289054390	0.9889335069150300
0.3180340679152895	0.9917355478480470
0.3200895756998312	0.9968185587456388
0.3211287606712371	0.9984226230992436
0.3256837388310982	0.9996516167277684
0.3264804427305919	0.9998077680999785
0.3388410517044667	0.9999577154570233
0.3401223565947834	0.9999813999820530
0.3491971095070899	0.9999951830950731
0.3515148649314074	0.9999976509009615
0.3579074581145573	0.9999993903648738
0.3606610787489854	0.9999996959864303
0.3678467166087669	0.9999999223133014
0.3706354840386945	0.9999999613251724
0.3786116951853328	0.9999999901329795
0.3811042117523022	0.9999999951356383
0.3895656633635399	0.9999999987607984
0.3918660436772110	0.9999999993959635
0.4005630934716192	0.9999999998460707
0.4028275359744293	0.9999999999253426
0.4114428227440846	0.9999999999808872
0.4135645767191414	0.9999999999907915
0.4221371127441050	0.9999999999976386
0.4243211511574080	0.9999999999988682
0.4328231146616506	0.9999999999997093
0.4350721110249448	0.9999999999998612
0.4434811932103512	0.9999999999999644
0.4457619083692755	0.9999999999999831
0.4542826185604097	0.9999999999999957
0.4561743496728428	0.9999999999999978
0.4602651534512413	1.0000124760050217
0.4627643099129780	1.0000161471007634
0.4635995162173958	1.0000188254733029
0.4675414693855141	1.0000218909899068
0.4704157179134946	1.0000235866218841
0.4772572309650854	1.0000238057587432
0.4777308098034719	1.0000240659778790
0.4784509211291717	1.0000240996119505
0.5035271989524589	1.0000241639681211
0.5067938449627507	1.0000241735105286
0.5254160515234882	1.0000241749755510
0.5416865580201763	1.0000241751648953
0.5520677468356685	1.0000241752270986
0.5606464828466732	1.0000241752351382
0.5742895325715421	1.0000241752377981
0.5828071330268625	1.0000241752382828
0.5988930603513911	1.0000241752383625
0.6115825259526732	1.0000241752383743
0.6212935461299023	1.0000241752383765
0.6232253198709029	1.0000241752383767
0.6298260650331498	1.0000241752383767
0.6403452131699926	1.1000265927622144
0.6406835887962623	1.0000241752383765
1.0533919468184474	0.9924515539929010
1.0632864272573550	0.9986303902731889
1.0737053191133046	0.9996820430016236
1.0966661485038460	0.9997987035183858
1.1628407218847574	0.9998002112611333
1.2118253917286974	0.9998002351718034
1.2314439368525969	0.9999711863619979
1.3189944494383843	0.9999932682182391
1.3414013455810609	0.9999961209513081
1.7574497156735358	0.9999904381105179
3.3159201258410222	0.9999978911866904
3.3491298336775612	0.9999980156440433
3.3927723798810101	0.9999980177221762
3.4363878250158146	0.9999980177568960
3.4799807071316025	0.9999980177574764
3.5243789718765171	0.9999980177574861
3.6005264176298000	0.9999980177574863
3.7679884079060946	0.9999992625990298
4.5405456788945999	1.0000015003011471
4.5828469857385743	1.0000015376760238
4.6264688442410327	1.0000015383003269
4.6700777745242315	1.0000015383107572
4.7136520843006746	1.0000015383109315
4.7564866718230281	1.0000015383109346
5.1972842981654397	1.0000018324623130
