0.0000000000000000	0.0000000000000000
0.3223130331659038	0.0300000000000003
0.3225472345750653	0.0105173434786506
0.3229363397961836	0.0157152932126968
0.3235447465973026	0.0257152932126966
0.3236296419604213	0.0232763868071229
0.3242208086882577	0.0332763868071228
0.3248832328731968	0.0432763868071232
0.3253529391924853	0.0532763868071235
0.3256780539220298	0.0632763868071236
0.3260081902527048	0.0732763868071242
0.3262641503026337	0.0832763868071235
0.3265105423412841	0.0932763868071240
0.3267115764572027	0.1032763868071247
0.3269070388127904	0.1136040254878370
0.3270891392989548	0.1249644280366199
0.3272743667443735	0.1374608708402828
0.3274616401153012	0.1512069579243104
0.3276501864487202	0.1663276537167410
0.3278441586949025	0.1829604190884140
0.3280459383519544	0.2012564609972534
0.3282554421942081	0.2213821070969796
0.3284642070575097	0.2435203178066810
0.3286769197047551	0.2678723495873523
0.3288862783541848	0.2946595845460914
0.3291137865873542	0.3241255430007048
0.3293554521991459	0.3565380973007706
0.3296098055767910	0.3921919070308478
0.3298588878059128	0.4314110977339307
0.3301377660971243	0.4745522075073181
0.3304485823940617	0.5220074282580527
0.3307757671979328	0.5742081710838548
0.3311291975059296	0.6316289881922439
0.3316062684392327	0.6947918870114744
0.3320647761160855	0.7642710757126171
0.3327855615040257	0.8406981832838748
0.3337810785857885	0.8984875244583507
0.3347720873893875	0.9337607743870838
0.3356554805794945	0.9583370423445555
0.3366333609124208	0.9750366818835599
0.3376068999222711	0.9837202654020469
0.3377932828893336	0.9890725767703353
0.3388043906192085	0.9918256569125196
0.3407015926782194	0.9968409617967674
0.3418020070009547	0.9984314814409188
0.3440917704003650	0.9989867592700739
0.3452565708380788	0.9995915884293954
0.3568147780520448	0.9999069433626823
0.3584138837114400	0.9999646471885800
0.3655649413461748	0.9999904548496973
0.3687699415139938	0.9999953443829874
0.3745044881044301	0.9999987672990854
0.3774802901220280	0.9999993845122042
0.3845936950187061	0.9999998409773815
0.3874195486309959	0.9999999212866403
0.3954621345754423	0.9999999799806804
0.3981845271864483	0.9999999902028007
0.4067195447053530	0.9999999975095549
0.4091384953487603	0.9999999987959024
0.4178097876140001	0.9999999996934101
0.4201359279807739	0.9999999998531254
0.4288163006740247	0.9999999999623216
0.4310156297302769	0.9999999999820309
0.4394893666911943	0.9999999999953756
0.4417098654750286	0.9999999999978053
0.4501182928559958	0.9999999999994336
0.4523955691464132	0.9999999999997323
0.4606224461004782	1.0000000000002827
0.4622194326895911	1.0000000000003535
0.4639472371842027	1.0000000000008378
0.4668089676182408	1.0000000000009002
0.4679589380024901	1.0000000000013074
0.4705893837547327	1.0000000000014146
0.4720583484884916	1.0000000000016720
0.4759456262335219	1.0000000000019713
0.4797036540133162	1.0000000000021563
0.4846608120914663	1.0000000000022993
0.4898060793811392	1.0000000000023666
0.4948762080117360	1.0000096416702373
0.4948762080315876	1.0000108878727982
0.5166801915555200	1.0000111008620212
0.5166828278278134	1.0000112894416848
0.5174649367107402	1.0000115101701743
0.5174834640594015	1.0000117054208448
0.5185453599091991	1.0000119586137015
0.5188743391441573	1.0000119913404772
0.5381235641176576	1.0000120057764401
0.5384232428187998	1.0000120083442685
0.5460904098880787	1.0000120180711680
0.5464888140821438	1.0000120194068978
0.5660337220879034	1.0000120199729976
0.5662332172095176	1.0000120200752010
0.5678973492482633	1.0000120203014997
0.5691277731186627	1.0000120203339131
0.5878478275402217	1.0000120203433960
0.5884522629449349	1.0000120203453922
0.5954874364943102	1.0000120203546181
0.5958425448223361	1.0000120203558835
0.6134516466811097	1.0000120203565837
0.6140230713378632	1.0000120203567018
0.6256023527011420	1.0000120203567626
0.6267471678714592	1.0000120203567737
0.6292972237890242	1.0000528907462647
0.6317941527979434	1.0000589398727513
0.6321258349783599	1.0000658555292976
0.6325236066510979	1.0000735862730314
0.6448511602220909	1.0001614068284290
0.6450707814085695	1.0001727477920950
0.6613279131447484	1.0001750946117172
0.6652289626926842	1.0001757386699315
0.6657258057195600	1.0001775879191037
0.6667076010709418	1.0001778268148329
0.6885643436368147	1.0001778576216058
0.8754752625789087	0.9840827485975395
0.8756309042392713	0.9835334620823648
0.8760803269234707	1.0022775307866929
0.8998085171871751	0.6444566706961761
0.8998085171871751	0.8636122526641382
0.8999660085716115	0.9499734779305593
0.9006272566168216	0.9973777221183460
0.9155990149105709	1.0001650047002575
0.9493913529541440	1.0118346568677188
0.9496365322963899	0.9989799838948226
0.9669308851532118	0.9999830674731222
0.9817100570580098	1.0000169985984564
1.6695772853887414	0.9918777021353770
1.6752148716653181	0.9985587639521841
1.6848457970758826	0.9993781246701782
1.6935771954956231	0.9998193463048265
1.8061521209556648	0.9999777846658123
1.9032713715834242	0.9999981560626564
2.8430791835940359	1.0000075228742389
2.8765190451068792	1.0576301698634349
2.8767059159109620	1.0053855309968309
2.8944577938516614	0.6445115298817261
2.8944577938516614	0.8656914146333083
2.8946151147720802	1.0380977035943013
2.8946220819879667	0.9971626115873016
2.9075445200942154	1.0007983363528314
2.9207121693964209	1.0009031491653786
2.9346094889084680	1.0004126269095897
2.9363324473718064	1.0002155855519219
2.9434276932613925	1.0001902849108064
2.9666140038335720	1.0001302456981116
2.9677142354151740	1.0001224598750929
2.9917497510850874	1.0001118738555528
2.9938119546707496	1.0001105055962873
3.0180447672973316	1.0001087174282606
3.0201983577954992	1.0001084863811274
3.0444703655167871	1.0001081873625257
3.0466476860675149	1.0001081487305901
3.0684873101503296	1.0001029311263749
3.0685081785685431	1.0001022570261668
3.0769504280076689	0.9930402063488716
3.0775558364523232	0.9910195099525831
3.0810237096974422	0.9983442168057685
3.0956906706890606	0.9986762919899459
3.1058246144345074	0.9996496352826358
3.1757463922732119	0.9997747385323167
3.1860519069250519	0.9999669194138566
3.2588452086885145	0.9999916884997080
3.4829420754827436	1.0000283091901931
4.4540036598020576	0.9999742887132363
4.5709649480173047	1.0000104610614839
5.0439201199910428	0.9999987755067778
5.0808109059999316	1.0000136475671191
5.1379021436076746	1.0000182715032653
5.2039698880096186	1.0000195868597819
5.2354885077981521	1.0011062702295246
5.2380404956032010	1.0012435704114191
5.2656822053928414	0.9825734883076604
5.2658381706481405	0.9822321646837393
5.2662935999890932	0.9777629063087445
5.2697769078653760	0.9991641851444134
5.2806869877055229	1.0000894824385427
5.3754110837779479	1.0000636950877548
5.7910136752594559	0.9998854553932374
6.1539893362570508	1.0000196342358023
6.5595693155242980	1.0001208228673188
6.5766662272519882	1.0007070117889258
6.6257811240461288	1.1424887456502908
6.6259469647282359	0.9872131683199662
6.6270781258824778	0.9962540530604546
6.6449719338869020	0.9981043093174790
6.6485403305826827	0.9995858536721054
6.6641101984403051	0.9999610146897447
6.8422977461812833	1.0000213537901712
7.0439992919632495	1.0000317021919924
8.2288498749668175	1.0010990531986990
8.2427089769827298	1.1460613240403432
8.2428746922727534	0.9898286010533109
8.2443124642512338	0.9970911478265930
8.2648323104644934	0.9986510259775629
8.2719243570201435	0.9997711256781415
8.3003446995846222	0.9999139999542090
8.3894852178872767	0.9999349258035667
8.5228875803449942	0.9999773294659142
8.5340081421058382	0.9999835149757155
8.5483384917305347	0.9999944345346421
8.9933566075642268	0.9999969311852471
9.0062065833952971	0.9999972952310332
9.2744703780837412	1.0003892122309594
9.2806869135604444	1.0004463372298729
9.3011631168914501	1.0004543282544733
9.3147221263575108	0.9924869852757697
9.3183255117624242	0.9998218480344471
9.3384593084666410	1.0001538094955302
9.5033285891419190	0.9999998101337203
