0.0000000000000000	0.0000000000000000
0.3141986894953711	0.0300000000000000
0.3144488400221930	0.0135466911410708
0.3153380215937569	0.0235466911410714
0.3154824051009357	0.0262927720675130
0.3164462181671405	0.0362927720675121
0.3168930316055042	0.0462927720675129
0.3173645545225217	0.0562927720675137
0.3177304257061139	0.0662927720675140
0.3180358835422472	0.0762927720675129
0.3182835991783544	0.0862927720675134
0.3185183043306298	0.0962927720675124
0.3187200023882256	0.1062927720675130
0.3189095439432030	0.1169220492742627
0.3190843975337385	0.1286142542016904
0.3192748621990792	0.1414756796218604
0.3194705544176317	0.1556232475840487
0.3196658182745233	0.1711855723424539
0.3198643020533319	0.1883041295766966
0.3200668194282523	0.2071345425343649
0.3202650856890489	0.2278479967878000
0.3204728780353991	0.2506327964665801
0.3206898192255453	0.2756960761132380
0.3209122788849347	0.3032656837245620
0.3211503917008967	0.3335922520970181
0.3213802281162447	0.3669514773067184
0.3216349881553897	0.4036466250373885
0.3218973296764148	0.4440112875411289
0.3221866493778455	0.4884124162952458
0.3224726206713964	0.5372536579247682
0.3228181883958138	0.5909790237172431
0.3232042001340290	0.6500769260889684
0.3236502613628117	0.7150846186978606
0.3242439279357709	0.7865930805676431
0.3249898029092389	0.8530534918374335
0.3258388655930430	0.8989599813518677
0.3265247854091572	0.9387961367405546
0.3277962567640702	0.9679825658182336
0.3285803668974044	0.9704918745283169
0.3297146863276599	0.9842356350313983
0.3300132124343640	0.9902921116005791
0.3326213158379964	0.9947867727033687
0.3333374389432371	0.9978384109874611
0.3357447055466930	0.9990598315354420
0.3365532247998493	0.9992140733868541
0.3392494533695519	0.9993843290647911
0.3404907664821902	0.9994307208816033
0.3413380092815416	0.9997149833556384
0.3417986092954508	0.9997516777456922
0.3446699707386561	0.9998685185222320
0.3464303863593354	0.9999400949589156
0.3491159712858942	0.9999757220646507
0.3508520612400575	0.9999873864220327
0.3553621906816032	0.9999949818504742
0.3558575613947610	0.9999959635415259
0.3576481996042495	0.9999977799932439
0.3608700354795180	0.9999981579532461
0.3630347733104991	0.9999985684871273
0.3654996482002287	0.9999994374859482
0.3655412780246127	0.9999996028773276
0.3693403300441889	0.9999997552052377
0.3734122219520177	0.9999997906619911
0.3749043236395906	0.9999998363132778
0.3778140689709281	0.9999999435368532
0.3779514102050412	0.9999999573965320
0.3810263042389331	0.9999999728856900
0.3840188079773618	0.9999999765991999
0.3883306912621223	0.9999999927965086
0.3889768075487664	0.9999999948901677
0.3930005031703545	0.9999999963644246
0.3945441738305000	0.9999999969328347
0.3987020275931653	0.9999999990675911
0.3992351725461423	0.9999999994972587
0.4092355135836558	0.9999999998858172
0.4096417369046637	0.9999999999360419
0.4204452740403963	0.9999999999855079
0.4208117891483250	0.9999999999919015
0.4314705602741347	0.9999999999981719
0.4318129657531901	0.9999999999989824
0.4424862444501673	0.9999999999997711
0.4428155402248153	0.9999999999998728
0.4533546239338304	0.9999999999999660
0.4540823003028486	0.9999999999999837
0.4602652409083707	1.0000000002917353
0.4628157489928288	1.0000000003707608
0.4631474052750624	1.0000000006035250
0.4661777666881511	1.0000000008091110
0.4718284089019487	1.0000000009972765
0.4742804844114240	1.0000000011201609
0.4789878331094371	1.0000000012064310
0.4838619482384787	1.0000000012449357
0.4891227909666874	1.0000000012682313
0.4948773277531151	1.0000000094756558
0.4948789405784579	1.0000000105395566
0.5158274596970995	1.0000000107318647
0.5164984277548904	1.0000000108942415
0.5174468660806173	1.0000000110825757
0.5174530448726394	1.0000000112491425
0.5182300623196544	1.0000000114440222
0.5182303277549913	1.0000000116166363
0.5190048800313898	1.0000000118189367
0.5190066729776722	1.0000000119979349
0.5197851078055832	1.0000000121564074
0.5197851209649432	1.0000000122000290
0.5197900230716013	1.0000000123845703
0.5205119610182074	1.0000000126085198
0.5209435968242190	1.0000000126374673
0.5213990762713346	1.0000000129214217
0.5216863748544109	1.0000000129581257
0.5331918273835177	1.0000000129672670
0.5335344644272124	1.0000000129698665
0.5401456896398501	1.0000000130157818
0.5402762507438980	1.0000000130218130
0.5507175173329464	1.0000000130354250
0.5513425950669232	1.0000000130373650
0.5683905729794457	1.0000000130395326
0.5687283889543532	1.0000000130398656
0.5771882950771980	1.0000000130403084
0.5784985303483292	1.0000000130403741
0.5929787072706773	1.0000000130404376
0.5931057399996289	1.0000000130404456
0.6012498648487362	1.0000000130404600
0.6017008438845124	1.0000000130404625
0.6162054669427601	1.0000000130404643
0.6168663723936294	1.0000000130404647
0.6292972237884232	1.0354838836635081
0.6296356147891831	1.0050067253418997
0.6330481877251719	1.0051045618784438
0.6471139109039203	0.6432825734480515
0.6471139109039203	0.8607819545679753
0.6472698034101584	0.9468601500247926
0.6479459830233898	0.9916612243637503
0.6529086265319975	0.9992917839899114
0.6880378322337769	0.9998571639790715
0.7224630851101268	0.9999280621160079
1.0362096644263357	0.9999767416494025
1.0470465017950270	0.9999829043304234
1.6359791050737209	0.9999945812883188
1.9044817933019302	0.9999989127258212
1.9171702581845640	0.9999994725297495
2.8769141167321255	1.0007744665258342
2.8769161734342377	1.0008741479598204
3.0161647567314862	0.6406994031588267
3.0161647567314862	0.8607908987234248
3.0163207932771443	0.9447412463077601
3.0168848233529562	0.9970095132847733
3.0311648049227120	1.0002229996769592
3.1709998565092787	0.9596655877644895
3.1713023713367439	0.9944396187015399
3.1746663329015767	0.9989334785134502
3.2109647679768440	0.9995508967474326
3.2425483781513682	1.0462851091912098
3.2426282348686080	1.0141200971728399
3.2513191321380317	0.6514257499415045
3.2513191321380317	0.8724116401805353
3.2514775544692989	1.0384447231584277
3.2515617194750281	0.9995185507510573
3.2538318986498949	1.0004493553353477
3.2562787153343136	1.0006142178932718
3.2958061526105418	0.6587958852344686
3.2958061526105418	0.8787948023679496
3.2959949511422555	0.9666742826047656
3.2981722043506339	0.9940653348394192
3.3059524818920680	0.9991676613835966
3.3212214418663795	0.9996987160592062
3.3460938509245217	1.0424899777120806
3.3465870615507995	1.0140118512431635
3.3549920084095213	0.6515563195599515
3.3549920084095213	0.8721390751712497
3.3551508967398340	1.0367685851830701
3.3552499091002201	0.9983355852196139
3.3803788665439192	1.0001131858250301
3.3955606270784462	1.0006326148151612
3.4590900012722803	0.6404879821201239
3.4590900012722803	0.8716288993901123
3.4592495079478587	0.9580214027543654
3.4592756299478826	0.9976065704060680
3.4652909982017492	0.9976595045030812
3.4697461840744173	0.9961448656236568
3.4765844871320546	0.9991814299468362
3.5182422734129686	0.9998218361027074
3.5692912099793954	0.9998998050135841
3.6068504893888833	0.9999557119817032
3.6821297490344200	1.0000007839478646
5.0049556365513563	1.0066895029979943
5.0064261099579612	1.0075212471857109
5.0162064812323024	0.6462048668641983
5.0162064812323024	0.8607423166050677
5.0163618184344028	0.9468165482656716
5.0169672931739022	0.9988117939448575
5.0263088761852259	1.0011592990033003
5.0419682662511640	1.0002655243273770
5.2356407658876138	0.9721230745070406
5.2356923462049103	0.9898240499298570
5.2384289597294895	0.9986641616589798
5.2606351766527135	0.9999234717644410
5.3030237658354924	0.9995408067615283
5.3446627043803927	0.9999401529129872
5.3539968476601478	1.0000402921998139
5.4621875595578615	1.0000591414062980
5.5838007037061033	1.0000618987390872
6.5540457873606899	0.6400431595238151
6.5540457873606899	0.8594160052668326
6.5542014202689387	0.9437050078534781
6.5546503864524661	1.0061118334338333
6.5594545312987425	1.0120718708793428
6.5609766475703593	1.0133165066113501
6.5613980077090881	0.9997598997237128
6.5794671505571811	1.0002117573057596
6.7687764263315371	0.9977787651140655
6.7833224771443970	0.9994977423429728
6.9159273609669283	1.0000065662510311
6.9616410326020031	1.0000140889054714
7.5014016880839840	1.0000162618733406
8.2060023581023671	0.9574928149112130
8.2063798170436257	0.9867470918656810
8.2080330527518228	0.9985090465891980
8.2089275470594174	0.9997005592439566
8.2290827591575688	1.0002044753013306
8.2414580485034694	1.0002693111477776
8.5509914177906516	0.6402667400763186
8.5509914177906516	0.8595363194767813
8.5511470868591140	0.9438069295067490
8.5517140165386412	0.9968734817775513
8.5659649217423866	1.0001256810251051
9.2742173187613339	0.6406007877356767
9.2742173187613339	0.8787342944261777
9.2743786663978973	0.9753596862757493
9.2747415819669587	0.9994395048577838
9.3122344238142709	1.0007139762978539
9.4310211695621931	0.6406608602610254
9.4310211695621931	0.8608771526780163
9.4311988277516274	1.0079008779525642
9.4315074409371338	0.9751996285456642
9.4325105666440479	0.9922388820205453
9.4422232119774030	0.9984176324096533
9.4536849154600908	0.9995865828153180
9.4664949070668047	0.9998969058676186
9.5091987794738433	0.9999116082503474
9.5202965331230587	0.9999721115081442
9.5239449773491600	0.9999813808647248
9.5289723211864263	0.9999915267421390
9.5494858120237431	0.9999948140659722
9.6877672278536533	0.9999950491823044
9.7740970043301036	0.9999978904474948
9.7769851010121371	0.9999983196787859
9.7837511477347050	0.9999987969436932
9.9543982499977446	0.9999988150824212
