0.0000000000000000	0.0000000000000000
0.3358300098603813	0.0300000000000002
0.3360669521861042	0.0137299757311460
0.3370044840339484	0.0237299757311464
0.3371110645978380	0.0183496011137649
0.3374566676221794	0.0236799405972250
0.3381639750641656	0.0336799405972256
0.3388009355496316	0.0436799405972257
0.3392375992527830	0.0536799405972258
0.3396530690165768	0.0636799405972254
0.3399261384734725	0.0736799405972262
0.3401643663701520	0.0836799405972253
0.3404055702355768	0.0936799405972266
0.3406041469096814	0.1036799405972266
0.3407561675324391	0.1140479346569496
0.3409191441350564	0.1254527281226431
0.3411011370937181	0.1379980009349090
0.3412886566811724	0.1517978010283988
0.3414818308187230	0.1669775811312374
0.3416793009690054	0.1836753392443606
0.3418832863990082	0.2020428731687984
0.3420908897916515	0.2222471604856787
0.3422936530975320	0.2444718765342478
0.3425051408527830	0.2689190641876708
0.3427230569637164	0.2958109706064371
0.3429563719092483	0.3253920676670797
0.3432029358044970	0.3579312744337857
0.3434399300298944	0.3937244018771611
0.3436902997099206	0.4330968420648744
0.3439854658050427	0.4764065262713676
0.3442830080661239	0.5240471788985094
0.3445979548222272	0.5764518967883628
0.3449953097456320	0.6340970864671992
0.3453934332427059	0.6975067951139229
0.3459285894068361	0.7672574746253138
0.3466178420216018	0.8295330787196658
0.3472925659691038	0.8822270638652233
0.3482826055834817	0.9071895602422431
0.3485481033362518	0.9455729066286500
0.3501122648312068	0.9682838519987897
0.3509286081801130	0.9866984044918854
0.3523704587678963	0.9893069970452217
0.3540772402757729	0.9964226772677884
0.3553548130972824	0.9984280984547586
0.3625652456566036	0.9993827174294451
0.3630411317965776	0.9996977742685108
0.3669305072686148	0.9998797058162677
0.3677762627822720	0.9999398109614243
0.3714327067998500	0.9999856978809085
0.3722211122886529	0.9999916254650065
0.3837861535517754	0.9999981741823100
0.3839804919480566	0.9999990206177113
0.3964042883550177	0.9999997841768851
0.3965896298931199	0.9999998828735485
0.4071029428241028	0.9999999685664573
0.4074716553543411	0.9999999843440770
0.4164047696495058	0.9999999958814554
0.4179262959340544	0.9999999979608994
0.4266800102117594	0.9999999994671480
0.4281440531138235	0.9999999997229380
0.4367130079646888	0.9999999999304691
0.4384044164932360	0.9999999999644358
0.4475980904565090	0.9999999999911419
0.4494519720355949	0.9999999999955030
0.4585934860666993	0.9999999999988842
0.4604864123414677	0.9999999999994366
0.4695594257387776	0.9999999999998603
0.4714869742849825	0.9999999999999296
0.4805228582275544	0.9999999999999816
0.4817961212548497	0.9999999999999910
0.4908803626876512	0.9999999999999976
0.4919336034283920	0.9999999999999988
0.4948762080102247	1.0048255671672899
0.4974414306735800	1.0055211276577156
0.5022092444031179	0.9869040913617231
0.5023667571551217	1.0150391192869910
0.5024163970780122	1.0007174641075667
0.5055317493059501	0.9923919559955279
0.5077399058046295	0.9994825916696470
0.5177221768201581	1.0004916312087455
0.5272125915534656	1.0007458311673061
0.5930128007548880	0.6407041760537180
0.5930128007548880	0.8589030077776111
0.5931681750551617	0.9447933085553868
0.5937894014834304	0.9952871980141655
0.6022466078296126	1.0002402845119900
0.8018158585868870	0.9057824729738881
0.8020052112995774	0.9799654198767361
0.8040953506922986	1.0004217716455610
0.8100927969291731	1.0004079698772845
0.8242199586433332	0.9996571812734283
0.9658447447766714	0.9999561350048228
0.9732878885483228	1.0009220475279794
0.9756682348312431	1.0479468646234458
0.9758484764933449	0.9973529658300467
1.0108634970255335	0.9994848367751561
1.0202805011344722	0.9998729226437153
1.3619341692274824	0.9999252462010120
1.5174527265968705	0.9999893951303919
1.5275018582109892	0.9999978013888157
1.9563019250826890	0.9999994706605791
2.9494615039184477	1.0000014924648948
3.3876099679610352	1.0000015519647156
3.4303014330682582	1.0029546524690625
3.4328952506478685	1.0033131444660630
3.4338926862563715	1.0532928813371287
3.4340608981758316	1.1145337015501526
3.4345679887358220	1.0306552122288950
3.4345771327841663	1.0067770935673481
3.4459527840620048	1.0011358049051862
3.4584163940215902	1.0003681604846373
3.4708459860543188	1.0001493009372151
3.4779816731256559	1.0001189130214883
3.5085694436523962	1.0001107656978254
3.5174228190388712	1.0001096699601935
3.5495720753135722	1.0001093708712181
3.5598189539683025	1.0001093321616130
3.5721562108140552	0.9930995242001981
3.5727686332361004	0.9912008161640600
3.5763202917198593	0.9983850945054296
3.5904545049153711	0.9987179347002839
3.6010955767135124	0.9998184263959796
3.6622498756514514	0.9999597476880885
3.7999552827151737	0.9999383898528447
4.1707152422293907	0.9999956233738300
4.3618013199427210	1.0193330572504764
4.3656772618045352	0.6554671460605730
4.3656772618045352	0.8947415656122560
4.3658432635670987	0.9842157221733411
4.3664110833611902	1.0184954946377685
4.3701062500801298	0.9891965104457801
4.3741458556119381	1.0025249180287703
4.3788951300198731	1.0047260150946860
4.3798259482384427	1.0031931508655232
4.4029625824675547	0.6439680884847447
4.4029625824675547	0.8627566618996048
4.4031199410342357	0.9490323280895467
4.4032171000441425	0.9951888552430797
4.4199099312933052	0.9993725027250784
4.4672686002161992	0.9998474126043623
4.6207828140632659	0.9999826954089035
4.6655360204741365	0.9999848855662471
4.7104096753379903	0.9999849217345844
4.7542135797707150	0.9999849223382040
4.7978272175662156	0.9999849223482873
4.8538940258849017	1.0000073158410194
4.9344391748538445	1.0000105803188266
5.3201147307353187	1.0000138966438568
5.5123370406358614	1.0010289460462383
5.5177138345297845	1.0011601978137090
5.6049275464237072	0.6409277142675356
5.6049275464237072	0.8604948183933061
5.6050834424939886	0.9445533838645672
5.6056517376236128	0.9970344036555274
5.6199201422243021	1.0002627959603014
5.7386506456723412	1.0000388350718208
6.7976878051669773	0.6453522876424425
6.7976878051669773	0.8824872366818450
6.7978519840637537	0.9707359603498359
6.7989111460811635	1.0024069754707410
6.8219651099726022	0.6466078267206139
6.8219651099726022	0.8809843275040152
6.8221288765980121	0.9690827602544414
6.8231871088617382	1.0017542700308921
6.8452412320645797	0.6463501743840026
6.8452412320645797	0.8833792728661271
6.8454060189662185	0.9717172001528536
6.8465149605891975	1.0023243064294296
6.8707289404728602	0.6463846931190861
6.8707289404728602	0.8760538091059562
6.8708912245790605	0.9636591900163544
6.8717902996559186	1.0023155701629114
6.8889276659477732	0.6476669857277113
6.8889276659477732	0.8758524195074081
6.8890906462142381	0.9634376614583182
6.8899865483304108	0.9977579421695397
6.9069017778864916	0.9994756111466017
6.9167668716401876	0.9998655022842460
7.1314286989000450	0.9999153577361911
7.1621630216117964	0.9999531373951663
7.2216371182865950	0.9999825812138676
7.4192264417057201	0.9999848725542843
7.4204707352504755	0.9999946812882984
7.4618882500423735	0.9999962156983577
7.7888114017219117	0.9999962973713545
8.0143114336085333	0.9999964058554822
8.1924793026113161	0.9999964092731176
8.2369962069840259	0.9999989878629487
8.2597132057181337	0.9999990375098770
8.3195282420883228	0.9999990395420290
8.4386798751336638	0.9999990412824099
8.5130983978545363	0.9999990413443254
8.7300551410275631	0.9999996877050118
8.7325535799622305	0.9999997836603551
8.7697495755967960	0.9999997857051102
8.8451389099204718	0.9999997858467276
9.1727848259139577	0.9999997858545222
9.8863687092506680	0.9999997900432003
9.9243903366720012	0.9999997902736795
