0.0000000000000000	0.0000000000000000
0.3614586971798672	0.0300000000000002
0.3616928985890287	0.0105173434786506
0.3620820038101470	0.0157152932126968
0.3626904106112661	0.0257152932126966
0.3627753059743846	0.0232763868071228
0.3633664727022212	0.0332763868071233
0.3640288968871602	0.0432763868071231
0.3644986032064487	0.0532763868071235
0.3648237179359932	0.0632763868071237
0.3651538542666682	0.0732763868071242
0.3654098143165971	0.0832763868071233
0.3656562063552475	0.0932763868071241
0.3658572404711661	0.1032763868071242
0.3660527028267538	0.1136040254878361
0.3662348033129182	0.1249644280366190
0.3664200307583369	0.1374608708402818
0.3666073041292646	0.1512069579243094
0.3667958504626836	0.1663276537167405
0.3669898227088659	0.1829604190884141
0.3671916023659179	0.2012564609972582
0.3674011062081716	0.2213821070969847
0.3676098710714731	0.2435203178066797
0.3678225837187185	0.2678723495873476
0.3680319423681481	0.2946595845460812
0.3682594506013175	0.3241255430006852
0.3685011162131092	0.3565380973007543
0.3687554695907543	0.3921919070308294
0.3690045518198761	0.4314110977339090
0.3692834301110876	0.4745522075072985
0.3695942464080250	0.5220074282580278
0.3699214312118960	0.5742081710838307
0.3702748615198928	0.6316289881922120
0.3707519324531958	0.6947918870114347
0.3712104401300486	0.7642710757125788
0.3719312255179888	0.8406981832838345
0.3729267425997511	0.8984875244583522
0.3739177514033512	0.9337607743870894
0.3748011445934584	0.9583370423445553
0.3757790249263842	0.9750366818835586
0.3767525639362347	0.9837202654020438
0.3769389469032965	0.9890725767703321
0.3779500546331696	0.9918256569125186
0.3798472566921823	0.9968409617967673
0.3809476710149191	0.9984314814409185
0.3832374344143278	0.9989867592700739
0.3844022348520434	0.9995915884293956
0.3959604420660104	0.9999069433626825
0.3975595477253962	0.9999646471885801
0.4047106053601688	0.9999904548496973
0.4079156055279688	0.9999953443829873
0.4136501521183414	0.9999987672990854
0.4166259541358062	0.9999993845122038
0.4237393590290072	0.9999998409773815
0.4265652126303660	0.9999999212866403
0.4346077985950804	0.9999999799806804
0.4373301912046824	0.9999999902028007
0.4458652087219238	0.9999999975095549
0.4482841593838597	0.9999999987959021
0.4569554484243387	0.9999999996934101
0.4592815892610561	0.9999999998531256
0.4679619776677533	0.9999999999623216
0.4701613333992504	0.9999999999820307
0.4786348983210045	0.9999999999953758
0.4808554450452684	0.9999999999978054
0.4892649455255952	0.9999999999994336
0.4915410168442622	0.9999999999997321
0.4949364864554377	1.0000000000021343
0.4978386566862847	1.0000000000036484
0.4986969478826174	1.0000000000065667
0.5004744695949107	1.0000000000092089
0.5018506005527337	1.0000000000115559
0.5109491542721383	1.0000000000118594
0.5123196911437039	1.0000000000122546
0.5131659960421575	1.0000000000126059
0.5142645971227200	1.0000000000129421
0.5155994492807797	1.0000000000132669
0.5178657903493616	1.0000000000135782
0.5187767333013298	1.0000000000140736
0.5308748764939299	1.0000000000146898
0.5333644333740387	1.0000000000149447
0.5388833342054773	1.0000000000150580
0.5466541102886635	1.0000000000150726
0.5499163533344905	1.0000000000150897
0.5517321079712405	1.0000000000150917
0.5560610265997927	1.0000000000151372
0.5591319409606067	1.0000000000151763
0.5644595766652684	1.0000000000151823
0.5646744981715180	1.0000000000151932
0.5698902752770738	1.0000000000152049
0.5728854170942281	1.0000000000152089
0.5808738781945444	1.0000000000152098
0.5819523538434715	1.0000000000152103
0.5835117032477419	1.0354838709835903
0.5839017489362484	1.0095864121187392
0.5925270315161791	0.6469417301635129
0.5925270315161791	0.8895448789748301
0.5927746655553615	1.0303476919765227
0.5932133505525299	0.9977214530375116
0.5955631456886508	0.8972964581986992
0.5957539070167674	0.9744620484002005
0.5974649180663101	0.9970796335308353
0.6083154809065237	0.9998880480442377
0.6097717916630135	1.0001592824744496
0.7747174401267017	0.6406274861812840
0.7747174401267017	0.8599845622154920
0.7748734192838930	0.9440882842530111
0.7754425163898614	0.9967393698877725
0.7896821292924940	0.9999832389282525
2.1174483789959546	1.0443994823257550
2.1177587571847507	1.0149637709174497
2.1251591229351412	0.6521882724807205
2.1251591229351412	0.8802704552830516
2.1253224445797776	0.9682975008113319
2.1253485069889839	0.9960528457344675
2.1411708765412496	0.9996699100928066
2.1548191171795650	0.9998402376153400
2.3112823603860129	0.9999169656427419
2.6145195658025253	0.9999663454969122
2.7873925511292792	0.9999727233453244
2.8482893854259199	1.0001585868882947
2.8577685345366013	0.9998466125669192
2.8755676221825555	1.0408151359996827
2.8761922849484565	1.0136191308597713
2.8839705727047602	1.0062525005233320
2.8881567578911080	0.9964919578095056
2.8887964831961095	1.0000385746117062
2.9061710212573453	0.9999003191749719
2.9237781473396023	0.9998915380678278
2.9772211486163549	0.9998606226256734
2.9929259042791245	0.9998553349863196
3.0027933898345598	0.9977220458582013
3.0041027269543994	0.9957084413479327
3.0237461238220962	0.9992645486227889
3.0239582645748655	0.9997217729760206
3.0722624333765807	0.9998357560735941
3.1521792450978312	0.9999097149188586
3.1532754907818488	0.9999192671535297
3.1690564585820669	0.9999304476051412
3.2459158060845597	0.9999852545884889
3.2460398954702887	0.9999923370206779
3.3260284426505797	0.9999937720561081
3.3265602194266553	0.9999941670202982
3.5888882107676667	0.9999954442067561
3.5896504907330833	0.9999956255683065
3.7983536596279097	0.9999990776552825
3.7984293856438360	0.9999995279565822
3.8388247816359233	0.9999995867783520
3.8389328540903800	0.9999996029678406
3.8939320610227028	1.0000058304745165
3.8964079656797934	1.0000066353385266
3.8967441848759745	1.0000075482544002
3.8970693556723708	1.0000085899014728
3.8990881187976698	1.0000097520769042
3.9016823213411160	1.0001739477902249
3.9041953962526135	1.0001950984540651
3.9045327503834879	1.0002188001438743
3.9073181436292783	1.0002245940899510
3.9188925706956668	1.0002253398876022
3.9351130459983286	1.0209247044205418
3.9387376881139002	0.6567037091544159
3.9387376881139002	0.8969009870137544
3.9389042054483525	0.9860052888526714
3.9413625505204086	0.9996436073632613
3.9417442733662487	1.0004887277970720
4.1704737573225383	0.9716834859789206
4.1729885024337285	0.9940365370914593
4.1793838322720926	0.9978282564533094
4.1956377435869454	0.9985122203643517
4.2173355511895787	0.9995237480440945
4.2233413352288478	0.9998247080977499
4.2483809450976224	0.9998731030191690
4.3128661037015776	0.9999622485087418
4.3310481581723508	0.9999871161361684
4.3811120912982737	0.9999911792412775
4.5340842271711947	0.9999988849630780
4.5834707524254670	1.0000009993306587
4.6864653373862248	1.0000013940717045
5.0469569444424183	1.0000020628169499
5.7006611118273591	1.0000021492573314
5.7500804832748447	1.0207823300148160
5.7537613559326894	0.6566255201306920
5.7537613559326894	0.8968498866896258
5.7539277909880813	0.9865348753585211
5.7557502088072141	1.0046411584585677
5.7667131716845068	1.0015738743311966
5.7921416823922725	1.0009934808537515
5.8001289739674924	0.9960250612409820
5.8192043584036535	0.9992461299617298
5.8207434335306214	1.0142132296129862
5.8260703854238551	0.6514912028965207
5.8260703854238551	0.8708163780109239
5.8262286298781261	0.9578980158119397
5.8269889098317469	0.9990793808452725
5.8391632431465315	0.9998452408923610
5.8621075854759290	0.9995578239082753
5.8720965088167816	0.9997424944252608
5.8940705274772247	1.0084908411418008
5.9011369114604388	0.6534798105968754
5.9011369114604388	0.8932563886394158
5.9013045973392870	0.9943211988119073
5.9016929995912033	1.0000933542877435
5.9832901818326771	0.9977367437860454
6.0097183214688519	0.9993088728709870
6.0561009811657209	0.9997667050436515
6.0663186229864570	0.9998667096936329
6.1561004862369844	0.9999434465059791
6.2304764067806717	0.9999809017262259
6.2650818759022249	0.9999890747238763
6.4741049297086786	0.9999949712887599
6.9025243583118163	0.9999969266155820
7.0184067126369296	0.9999973176697398
7.6871639439510400	0.9999997177472749
8.0359423674897741	1.0000001356000854
8.2391968355634759	1.0042443242881305
8.2392765977212044	1.0047781198392634
8.2665277725264961	0.6438229349617778
8.2665277725264961	0.8640230167212980
8.2666844177269052	0.9473979395729677
8.2672632948149953	0.9976333970998985
8.2816296746252789	1.0007684579288565
8.3047723268323974	1.0001347434419134
8.8416663124150112	0.9975758919559760
8.8622960483490054	0.9996071241850755
8.8624736960657788	0.9998706926739699
8.9784819505887778	0.9999083534902432
9.3201165785662994	0.9999863736236116
9.3329138383097394	0.9999964528935760
9.7153006704105511	0.9999970243689904
