0.0000000000000000	0.0000000000000000
0.3785528382328791	0.0299999999999997
0.3787929362579340	0.0090522601978563
0.3801914126276963	0.0317836787096788
0.3802030107139028	0.0278686828767970
0.3813853723159223	0.0464337063632024
0.3821193272493227	0.0677576425286541
0.3822312311904367	0.0750667547218226
0.3826040787030249	0.0850667547218228
0.3828950147481281	0.0950667547218218
0.3831176778718377	0.1050667547218228
0.3833158732181000	0.1155734301940037
0.3835111051950826	0.1271307732134042
0.3837021737969287	0.1398438505347442
0.3838972660437351	0.1538282355882167
0.3840954985369659	0.1692110591470397
0.3842972613482815	0.1861321650617447
0.3844980986742537	0.2047453815679186
0.3846979710786401	0.2252199197247128
0.3849068562419656	0.2477419116971854
0.3851202623356535	0.2725161028669031
0.3853447128777333	0.2997677131535978
0.3855832775764760	0.3297444844689545
0.3858145824164667	0.3627189329158538
0.3860574858110468	0.3989908262074398
0.3863218338004585	0.4388899088281843
0.3866162772281033	0.4827788997110054
0.3869138448799372	0.5310567896821077
0.3872401623276157	0.5841624686503220
0.3876358593315931	0.6425787155153521
0.3880495990517651	0.7068365870668916
0.3886484691435384	0.7775202457735864
0.3893364952767293	0.8430894862809960
0.3900930593459820	0.8942769994570342
0.3911419121525397	0.9282670105257242
0.3917373626140028	0.9501147372617976
0.3918771897052543	0.9572220942016282
0.3929652064074070	0.9739121384541900
0.3938457765036625	0.9832773452838306
0.3941859790287243	0.9887209775009126
0.3951108240008040	0.9915917209940784
0.3974944407003276	0.9967865760580747
0.3983809037277579	0.9984116625617978
0.4032966253009553	0.9993833820800897
0.4047717707585160	0.9998292131392380
0.4074446788894930	0.9999128932122224
0.4184136846226882	0.9999797138399662
0.4199192319185647	0.9999906565684880
0.4298061929591001	0.9999976121280207
0.4317115677049576	0.9999988414591020
0.4389524067780366	0.9999997027678781
0.4415564360431432	0.9999998526221500
0.4489268120786991	0.9999999625648879
0.4517259056421498	0.9999999810994835
0.4593955397222652	0.9999999951978885
0.4617562571947114	0.9999999976023388
0.4701573713748040	0.9999999993923497
0.4724286847335754	0.9999999996997208
0.4811188579288598	0.9999999999231242
0.4830520149126063	0.9999999999624720
0.4918558866596628	0.9999999999903845
0.4938582457424431	0.9999999999953397
0.5026124948261418	0.9999999999988056
0.5046933043597878	0.9999999999994242
0.5133636242364445	0.9999999999998525
0.5155117834646111	0.9999999999999289
0.5240531126155109	0.9999999999999820
0.5262896164715521	0.9999999999999910
0.5345363952037339	0.9999999999999978
0.5364362087138663	0.9999999999999990
0.5463347227960631	0.9999999999999998
0.5477632942246345	0.9999999999999999
0.5494813936598563	1.0322580645161292
0.5494813936598563	1.0359765056217192
0.5518651075219501	0.9807958069600854
0.5541388838511065	1.0011150769117214
0.5562869750403716	0.9741270831240733
0.5564675142927943	0.9459481594291593
0.5582695870389944	0.9773896322706573
0.5589328099663281	0.9863535731108425
0.5599867066736341	0.9914680748291985
0.5671172779008672	0.9981906073325503
0.5700450692043653	0.9991112776610583
0.5858827251429169	0.9997952282653146
0.5905982301860569	0.9998827865109249
0.6416067807722796	0.9999278479822082
0.8257294439361047	0.9999792799881387
0.8257294452069307	0.9999859253594299
0.8781156572169536	0.9999933894540211
0.8813392068586449	0.9999943527715882
1.3237073931062640	0.9999977799399570
1.3237073931082399	0.9999982229284945
1.6014710782214834	0.9999982875907024
1.8056316363117035	1.0042432209123127
1.8056319733855204	1.0047771117979349
1.8365403083097278	1.0008034179153416
1.8551193668385684	1.0007126974502267
1.8857211153194180	0.9829919388768674
1.8858770817752259	0.9804030085064699
1.8863255063376811	0.9770662040190710
1.8897848156577925	0.9986432315842131
1.9007788866768565	0.9995493388062716
1.9042982531016783	0.9996438851068439
1.9746982650213454	1.0000525391912964
2.0918947092935558	1.0144601993172448
2.0933558068044755	1.0161478044911099
2.0988057149331221	1.0024718321480639
2.1129751881003980	0.9903728518218342
2.1131322712180958	0.9863580775015883
2.1135590674547124	0.9784398998271545
2.1172058487689904	1.0087064420147116
2.1213931034674633	0.9984189945965343
2.1231015410168692	0.9996538527419842
2.1342185726493770	0.9998092249913820
2.4818708450322049	0.9999973106377428
5.7637025953391419	1.0008942974702824
5.8809560042288789	1.0001479278395382
5.8951688491904966	1.0000392094935873
5.9165785586585411	1.0000212013830969
5.9386298131666440	1.0000181556089529
5.9610944047297130	1.0000176388056130
5.9836317987777861	1.0000175510535290
6.0061844218509792	1.0000175361512631
6.0287401077686908	1.0000175336204518
6.0512963807183686	1.0000175331906485
6.0738530366696448	1.0000175331176555
6.0964105659302641	1.0000175331052590
6.1189671822754299	1.0000175331031540
6.1415228333368077	1.0000175331027963
6.1634312793406636	1.0000175331027354
6.1877121012079810	1.0000175331027255
6.2245576195126970	1.0000175331027237
6.2401081130586347	1.0000175331027237
9.7175478875079673	0.6400112211857378
9.7175478875079673	0.8515201534934146
9.7177054092066903	0.9366721688430749
9.7182351919765075	0.9964180671677930
9.7264926093461952	0.9998574585991796
9.8032587034290266	0.9811604268870817
9.8034440116680042	0.9484511645341609
9.8052197632839420	0.9797691472651946
9.8059402551739563	0.9923389077827959
9.8148902673269980	0.9977252307578712
9.8172934049835039	0.9991944426861826
9.8541532019950395	0.9996615649830731
9.8546253133175910	0.9997864741048822
9.8838368006934232	0.9999542445906870
9.8864219936256674	0.9999758956330158
9.9630880160635922	0.9999857019854430
9.9894833205051370	0.9999897622124714
9.9910768413362057	0.9999902870070252
