0.0000000000000000	0.0000000000000000
0.3832100015809914	0.0300000000000002
0.3834641902730190	0.0125863936833043
0.3843106038696659	0.0225863936833040
0.3845688353332994	0.0239740908716587
0.3852778712453971	0.0339740908716588
0.3859046889273943	0.0439740908716584
0.3863963188453375	0.0539740908716590
0.3867406767111194	0.0639740908716597
0.3870581165928433	0.0739740908716608
0.3873047541707079	0.0839740908716601
0.3875517356930407	0.0939740908716608
0.3877489922263782	0.1039740908716614
0.3879429995732915	0.1143714999588296
0.3881226982521959	0.1258086499547127
0.3883064808095908	0.1383895149501852
0.3884969700711762	0.1522284664452043
0.3886897513308290	0.1674513130897236
0.3888832209627646	0.1841964443986942
0.3890822799933509	0.2026160888385651
0.3892897013164155	0.2228776977224227
0.3895049799589897	0.2451654674946666
0.3897143808756180	0.2696820142441321
0.3899264166022384	0.2966502156685472
0.3901502697920263	0.3263152372354017
0.3903999718422641	0.3589467609589460
0.3906610182410878	0.3948414370548408
0.3909051226447986	0.4343255807603261
0.3911746674340700	0.4777581388363612
0.3915066090125330	0.5255339527199914
0.3918257078714184	0.5780873479919895
0.3921682929991977	0.6358960827911920
0.3926508300309077	0.6994856910703089
0.3931160890031068	0.7694342601773452
0.3938902322333211	0.8463776861950844
0.3949083222422879	0.9003013786755316
0.3958113551068516	0.9354192643971407
0.3967659171781797	0.9590019413095358
0.3976668956347626	0.9754992031224892
0.3987031576028827	0.9839233901994597
0.3988133462508838	0.9892327890664623
0.3998782032457492	0.9919253933079785
0.4017407628885643	0.9967359661316366
0.4034564905295862	0.9983736147955605
0.4050304629859289	0.9991341931654868
0.4061374488826553	0.9993175135901448
0.4085602640852580	0.9997495502170459
0.4097708806568746	0.9998051505083992
0.4146797044072861	0.9998618376101759
0.4159938335843695	0.9999066907058609
0.4173805471526091	0.9999662781991022
0.4197128378724322	0.9999821832137183
0.4268966713504482	0.9999951490874021
0.4300147934838709	0.9999975199598345
0.4377978976275124	0.9999993580564461
0.4405041746523355	0.9999996834006082
0.4490020847632793	0.9999999195707122
0.4515470446316183	0.9999999615166981
0.4605281677539581	0.9999999902290057
0.4629877442866558	0.9999999953937869
0.4717919229654122	0.9999999988243506
0.4741817798664419	0.9999999994506845
0.4828147173207263	0.9999999998585134
0.4851930995729400	0.9999999999339385
0.4934813982030056	0.9999999999829160
0.4958883437428419	0.9999999999920491
0.5040474592400332	0.9999999999979340
0.5064787397463606	0.9999999999990402
0.5145270784859842	0.9999999999997496
0.5170073454435674	0.9999999999998839
0.5250041641432175	0.9999999999999694
0.5275158330115576	0.9999999999999859
0.5353998119055864	0.9999999999999962
0.5381589468794865	0.9999999999999982
0.5452522802753719	0.9999999999999996
0.5490353152284836	0.9999999999999997
0.5492313936598562	0.9999999999999997
0.5494813936598562	1.0999999999999996
0.5498721072223371	1.0148462124122382
0.5520451174193965	0.9860078644811663
0.5545727973010073	0.9984886798693533
0.5565197973517857	1.0029715757951501
0.5703981283839012	0.6444888471700360
0.5703981283839012	0.8636071744132867
0.5705555746140164	0.9499678918546365
0.5712177264481793	0.9973074699567299
0.5872772028447287	0.9999140549677493
0.6863620847189074	0.9999571502547583
1.4852537039769937	0.9999939972497214
1.4852929943808795	0.9999987582169436
1.4959153298602998	1.0000008640407465
1.5031134711956446	1.0000011362223282
1.5275141121856126	1.0000012584086937
1.5346037488391149	1.0000012742023827
1.5626873594660342	1.0000012765076074
1.6002154778824651	1.0000012828708582
1.6082463459463101	1.0000012836933683
1.6301656861587575	1.0000012838134285
1.6737735624070107	1.0000012838154342
1.7172220273660312	1.0000012838154677
1.7539934764210972	1.0000012838154684
1.7617781017860015	1.0000012838154684
2.0797343294222137	0.8000010270523747
2.0797343294222137	1.0221296654551129
2.0835564246334877	0.9844076534079359
2.0860718590947780	1.0051283172900709
2.0920489882550153	0.9675251148634096
2.0923606624768327	0.9942043106762574
2.1008863509481097	0.9983840488606542
2.1023420702761233	1.0000750898734652
2.1389247362166142	1.0003148382965690
2.1624995806622409	0.9824814479651209
2.1626557202772116	0.9819998943028440
2.1631090685514733	0.9774896878501206
2.1665663368854049	0.9990516170481055
2.1774818882716080	0.9999793385119538
2.8163798567905851	0.9999985211416357
6.4496609053932339	1.0000177416120981
6.5591410303775239	0.9988235885758617
6.5853660556990263	0.9999113751389103
6.6760112845986805	1.0000237355591461
6.8161731653326445	1.0535751347024134
6.8162316014358453	1.0025659745331030
6.8176838879484043	1.0063036101569507
6.8371501768086134	1.0014597702995709
6.8387910518375365	0.9970726922085481
6.8671077960711431	0.9952150624663613
6.8753677911741677	0.9993166479205779
6.8889833595466241	1.0454696790322635
6.8889881934763189	1.0018336444694773
6.8906646245689904	1.0053015124336349
6.9105489632248895	1.0011501912847329
6.9147010230880408	0.9965854505708513
6.9372440709743914	0.9994751360983729
6.9401026887942585	0.9956079036645672
6.9430483125500482	0.9993769190471705
6.9619127758462609	1.0427635459112012
6.9620411477277111	1.0996302294749782
6.9625864965911424	1.0227136535331069
6.9626264423835771	1.0024609143612726
6.9868926067095769	0.9948417878200640
6.9916104386219846	0.9988627507071961
7.0346651144188721	0.9993613739910235
7.0358270967497658	0.9998963026916264
7.1055265565664012	0.9999615873380793
7.1658121273930249	1.0000010853368033
7.3496716011648440	1.0194010444794284
7.3534438898214907	0.6555206619296488
7.3534438898214907	0.8952418086533632
7.3536100286484709	0.9847659895185401
7.3552716118356019	1.0047017914963248
7.3673704485583063	1.0016429805623952
7.3909608714592290	0.6517133669388502
7.3909608714592290	0.8715291385429416
7.3911235388422067	1.0329454309288935
7.3912581367870072	0.9955648831329079
7.4069009037187268	0.9990916900291380
7.4090180835084007	0.9996409984926492
7.4193792969967154	0.9997144161971864
7.4198131433189145	1.0175190651642940
7.4241087595009354	0.6540609455398900
7.4241087595009354	0.8734658957263133
7.4242674925121719	0.9608124852988421
7.4250739488633863	0.9996181944277793
7.4352244372052620	1.0000783272013143
7.4638246350548361	0.9997369003374162
7.4731272455693896	0.9997248154877848
7.4941380250021172	1.0084207874784206
7.4996956253566278	0.6551875440200770
7.4996956253566278	0.8933237751926593
7.4998646332763252	0.9925035089334967
7.5002674954459589	0.9998128757105252
7.6871580067808862	0.9999722678339823
9.7203299368791427	0.9996291098527541
9.7854749902484990	0.9999391585389057
9.7897864504745886	0.9999792438923321
