0.0000000000000000	0.0000000000000000
0.4016771295396213	0.0299999999999999
0.4019209699883481	0.0123637189086076
0.4027426175602183	0.0176045506977539
0.4029579663361421	0.0276045506977547
0.4030370222800008	0.0236956024352319
0.4036532107586284	0.0336956024352317
0.4043282127080045	0.0436956024352319
0.4048115259085850	0.0536956024352320
0.4051443714857812	0.0636956024352318
0.4054714227769401	0.0736956024352308
0.4057212925761169	0.0836956024352307
0.4059668432418641	0.0936956024352321
0.4061641840766058	0.1036956024352318
0.4063580986180274	0.1140651626787531
0.4065389226761184	0.1254716789466290
0.4067233728951737	0.1380188468412915
0.4069130082435470	0.1518207315254220
0.4071055680294282	0.1670028046779646
0.4072986114410034	0.1837030851457628
0.4074979057612113	0.2020733936603361
0.4077048705427272	0.2222807330263692
0.4079176805715904	0.2445088063290046
0.4081286546005692	0.2689596869619085
0.4083394610442362	0.2958556556581029
0.4085653489483213	0.3254412212239087
0.4088101367822125	0.3579853433462951
0.4090715253897331	0.3937838776809246
0.4093163849153661	0.4331622654490153
0.4095868386095001	0.4764784919939135
0.4099169981142692	0.5241263411933087
0.4102386188297587	0.5765389753126372
0.4105841050692597	0.6341928728439036
0.4110681157708910	0.6976121601282954
0.4115116252847423	0.7673733761411292
0.4122801991032390	0.8441107137552475
0.4132854044753394	0.8994974041252660
0.4142210123815208	0.9347306320896409
0.4151500873066759	0.9587269042637999
0.4160846109172601	0.9753070680043229
0.4170957186471353	0.9838396873031400
0.4172397276417448	0.9891670481231393
0.4182759896098662	0.9918849693403095
0.4200933350288819	0.9968567458686241
0.4223830984282898	0.9985937444140776
0.4230293225365666	0.9991160780275131
0.4257102808896379	0.9996351853339975
0.4293437126638497	0.9997922657289052
0.4342525364142909	0.9998104901446992
0.4351061060799657	0.9999224169029682
0.4355666655913623	0.9999368787391920
0.4392856698794216	0.9999817096025641
0.4438562693741512	0.9999908659258476
0.4495876254909336	0.9999975480583104
0.4527958161326575	0.9999987625822413
0.4600770066583392	0.9999996794734631
0.4628850230451926	0.9999998414438798
0.4711198766394603	0.9999999596555049
0.4737534626030671	0.9999999804824036
0.4825605762923073	0.9999999950376998
0.4850108727699612	0.9999999976304185
0.4937546116728616	0.9999999993955410
0.4961011133999197	0.9999999997140115
0.5047659306007422	0.9999999999265733
0.5071076422444728	0.9999999999653200
0.5154611431013255	0.9999999999910588
0.5177805627835262	0.9999999999957944
0.5260511124697741	0.9999999999989118
0.5284098124951111	0.9999999999994894
0.5365799342461668	0.9999999999998676
0.5390042631428471	0.9999999999999378
0.5470855013759361	0.9999999999999838
0.5494813949675711	1.0000000162420524
0.5519662560729613	1.0000000227088079
0.5528353717315314	1.0000000301556817
0.5535844262930629	1.0000000394260522
0.5631689073566184	1.0000000440634114
0.5652209514452780	1.0000000465812133
0.5770858607305539	1.0000000479743303
0.5814554106383405	1.0000000488166760
0.5878234136141460	1.0000000489255574
0.5882732174396437	1.0000000490529921
0.5889595913520885	1.0000000491261363
0.5901255528781575	1.0000000492994681
0.6036337419756718	1.0000000493829084
0.6089417735319006	1.0000000494098726
0.6161385963176479	1.0000000494199242
0.6196879601651518	1.0000000494249848
0.6227827900567539	1.0000000494260839
0.6261726612521886	1.0000013288434326
0.6261727102031766	1.0000014942198532
0.6479749030398709	1.0000015224859307
0.6479755935310565	1.0000015475154818
0.6487521751759734	1.0000015768213459
0.6487546446195487	1.0000016027689698
0.6495363169019983	1.0000016331411785
0.6495536026631316	1.0000016600105215
0.6507356098459515	1.0000016982012880
0.6510357430511373	1.0000017031377961
0.6700049656295065	1.0000017065843216
0.6702868980549667	1.0000017071345646
0.6784183546026045	1.0000017084724129
0.6790478055189352	1.0000017086601920
0.6975503836713897	1.0000017087778357
0.6978794438256173	1.0000017087972559
0.7009721046236480	1.0000017088377520
0.7021858032707272	1.0000017088435327
0.7201962931825251	1.0000017088466970
0.7207860281796737	1.0000017088472417
0.7224324966446269	1.0000017088488184
0.7234709077942943	1.0000017088490385
0.7406789539366170	1.0000017088492119
0.7413383637636566	1.0000017088492394
0.7452961271928342	1.0000131636296081
0.7452961271993280	1.0000146441578444
0.7513154285871392	1.0000271384890091
0.7529878602656827	1.0000289445590367
0.7560574231381529	1.0000327810606715
0.7612660421261421	1.0000332999064161
0.7656580352318352	1.0000343276098265
0.7690302147300349	1.0000347539685945
0.7762914323489061	1.0000349661459966
0.7793212104276288	1.0000349935679098
0.7843302910612232	1.0000350178478867
0.7986711423560326	1.0000350480892133
0.8012263062867062	1.0000350519976935
0.8160873845691921	1.0000350541545060
1.0167623514702662	1.0002605316634052
1.0751327348336222	0.9839991475088440
1.0752885026056220	0.9835144443440382
1.0757394928716775	1.0022005800899119
1.0974241221319989	0.6443981529768834
1.0974241221319989	0.8625322114398831
1.0975811100393553	0.9487854325838684
1.0982656286227011	0.9934586790964268
1.1049466745355245	0.9992355047068063
1.1147563473413105	0.9997781538840342
1.2074412573456972	0.9999944877860113
1.2153735913586070	1.0000227893606271
1.3556550031930217	0.9919004374971014
1.3590722586755319	0.9996367482322288
1.3820545074361705	0.9999667583272537
1.6180576981729273	1.0000021298934805
1.8969081033861113	1.0000175545916441
2.0535151920679704	1.0547292728579747
2.0537028010171330	1.0042109730128168
2.0579895025172568	1.0068298236889890
2.0703098849696238	0.6453465655268020
2.0703098849696238	0.8664157619240697
2.0704672921761240	1.0379650740795179
2.0704839031086206	0.9973109421204298
2.0835583661624808	1.0009138151168233
2.0954654056039388	1.0004840130696138
2.2200784091810917	0.9492898488354925
2.2212087187979530	0.9619010425642839
2.2218612357888969	0.9712015294778956
2.2247660665746647	0.9919284445518927
2.2299891545782438	0.9975634753299587
2.2363343984886317	0.9992105277540998
2.2383405458420342	0.9997224615996467
2.2441888645689261	0.9997875312499621
2.2731501128075640	0.9999593372059630
2.2884398658863359	0.9999814354874069
2.3033166940862446	1.0072594716077632
2.3085554318611550	1.0017830817370033
2.3224331949219512	0.9936147240997829
2.3260183488511785	1.0007560533206705
2.3859098812769131	1.0627316518985648
2.3862781427364865	0.9999997824774672
2.5553531054406711	1.0000241497866755
2.7238145732159911	0.9988564963148563
2.7794626418702904	0.9996279094106448
2.8513098174624192	0.9999039163132271
3.0799169390444847	0.9999387848153134
3.1310659885311272	0.9999786903475713
3.3686479605366269	0.9999942924293520
3.3758885515418116	0.9999963081990416
