0.0000000000000000	0.0000000000000000
0.4120628495302792	0.0299999999999998
0.4123130000571011	0.0135466911410711
0.4132021816286652	0.0235466911410706
0.4133465651358439	0.0262927720675111
0.4143103782020489	0.0362927720675109
0.4147571916404126	0.0462927720675102
0.4152287145574301	0.0562927720675108
0.4155945857410224	0.0662927720675117
0.4159000435771557	0.0762927720675105
0.4161477592132628	0.0862927720675105
0.4163824643655383	0.0962927720675096
0.4165841624231341	0.1062927720675098
0.4167737039781115	0.1169220492742628
0.4169485575686470	0.1286142542016904
0.4171390222339877	0.1414756796218602
0.4173347144525402	0.1556232475840486
0.4175299783094318	0.1711855723424541
0.4177284620882404	0.1883041295766976
0.4179309794631608	0.2071345425343692
0.4181292457239574	0.2278479967878056
0.4183370380703077	0.2506327964665858
0.4185539792604539	0.2756960761132479
0.4187764389198432	0.3032656837245738
0.4190145517358053	0.3335922520970338
0.4192443881511534	0.3669514773067351
0.4194991481902983	0.4036466250374124
0.4197614897113234	0.4440112875411590
0.4200508094127542	0.4884124162952736
0.4203367807063051	0.5372536579247977
0.4206823484307224	0.5909790237172737
0.4210683601689378	0.6500769260889967
0.4215144213977204	0.7150846186979023
0.4221080879706796	0.7865930805676938
0.4228539629441479	0.8530534918374214
0.4237030256279515	0.8989599813518505
0.4243889454440650	0.9387961367405522
0.4256604167989786	0.9679825658182366
0.4264445269323132	0.9704918745283198
0.4275788463625688	0.9842356350314024
0.4278773724692738	0.9902921116005794
0.4304854758729054	0.9947867727033683
0.4312015989781446	0.9978384109874605
0.4336088655815994	0.9990598315354420
0.4344173848347556	0.9992140733868542
0.4371136134044621	0.9993843290647912
0.4383549265170965	0.9994307208816033
0.4392021693164508	0.9997149833556386
0.4396627693303632	0.9997516777456923
0.4425341307735688	0.9998685185222324
0.4442945463942425	0.9999400949589154
0.4469801313208098	0.9999757220646509
0.4487162212749639	0.9999873864220330
0.4532263507167129	0.9999949818504744
0.4537217214299435	0.9999959635415259
0.4555123596392308	0.9999977799932439
0.4587341955141255	0.9999981579532460
0.4608989333477552	0.9999985684871273
0.4633638082344250	0.9999994374859481
0.4634054380608162	0.9999996028773275
0.4672044900731851	0.9999997552052374
0.4712763819859905	0.9999997906619909
0.4727684836793598	0.9999998363132782
0.4756782290081052	0.9999999435368533
0.4758155702411972	0.9999999573965320
0.4788904642712941	0.9999999728856898
0.4818829679666263	0.9999999765992001
0.4861948512658322	0.9999999927965086
0.4868409679501108	0.9999999948901674
0.4908646626085356	0.9999999963644244
0.4924083330897462	0.9999999969328345
0.4965661870583195	0.9999999990675911
0.4970993326411055	0.9999999994972587
0.5070996739075012	0.9999999998858172
0.5075058892611970	0.9999999999360419
0.5183094344599605	0.9999999999855077
0.5186759345972174	0.9999999999919013
0.5293344578452256	0.9999999999981717
0.5296766729300988	0.9999999999989826
0.5403530307977860	0.9999999999997711
0.5406794085398942	0.9999999999998730
0.5494907192347543	1.0000000000022644
0.5519580801725452	1.0000000000026898
0.5520426298977870	1.0000000000051816
0.5548830188894851	1.0000000000100524
0.5587274194721243	1.0000000000106821
0.5631000920719458	1.0000000000115803
0.5636645060884368	1.0000000000128382
0.5673298453564193	1.0000000000139360
0.5762424970078358	1.0000000000144620
0.5780614327559218	1.0000000000149230
0.5838525206032408	1.0000000000152389
0.5888337966634346	1.0000000000154510
0.5916296349885279	1.0000000000155687
0.5926781475091845	1.0000000000156453
0.6076480841603970	1.0000000000156872
0.6126072766231504	1.0000000000157137
0.6177559913245683	1.0000000000157245
0.6237639014383173	1.0000000000157314
0.6261726605733287	1.0114768057611998
0.6261726605733305	1.0128522139651455
0.6328068254067811	0.6502817711696004
0.6328068254067811	0.8678983078055401
0.6329637735476804	0.9546881385861055
0.6337508931781177	0.9918345091694694
0.6380752952943225	0.9995080599247145
0.6466789763789068	1.0000090016506045
0.6758327539201487	0.9920144997556991
0.6817396022885565	0.9986227383779920
0.6914805861842244	0.9994315085629587
0.6998671974313485	0.9998704808842652
0.7291913571239935	1.0000367140376978
0.7754654121039807	0.9999017656391130
1.1544042067609648	0.9999746364599412
1.1777202213953186	0.9999926370850933
1.1846349713959299	0.9999953409735319
1.2311630982192752	0.9999953985031113
1.2563729458230113	0.9999954300651455
1.3629040484412629	0.9999954311880010
1.7223512966582821	0.9999954318453114
1.7425341459631605	0.9999954972891849
1.7820605719249210	0.9999955008910613
1.8560181861410354	0.9999955010192022
1.8902504543879288	0.9999955023384625
1.9399714098906555	0.9999955023853971
2.0738525199272111	0.9999955023870667
2.0837435091630949	1.0000065744972531
2.0862392649680621	1.0000082176022687
2.1223577028497558	1.0000082536251507
2.1472452807609304	1.0000082541580775
2.2245945050452534	1.0000082557710082
2.2490379518755979	1.0000082557948717
2.5740334590435294	1.0000084724825615
2.5770829280854310	1.0000085041505233
2.6026519155602879	1.0000085053631937
2.6768525369663716	1.0000085054407877
2.9885602199809549	1.0000085054438277
3.0132134997232893	1.0000085054438728
