0.0000000000000000	0.0000000000000000
0.4060171778995363	0.0299999999999997
0.4062627475828062	0.0129179018472899
0.4072038251703161	0.0229179018472896
0.4073398574967926	0.0244241672780728
0.4083880201516530	0.0344241672780733
0.4089157799506374	0.0444241672780728
0.4094280191857542	0.0544241672780729
0.4097862054766755	0.0644241672780724
0.4101005808238253	0.0744241672780721
0.4103567045508500	0.0844241672780727
0.4105973373628196	0.0944241672780736
0.4107995206801152	0.1044241672780740
0.4109958762701352	0.1148665840058820
0.4111769015436698	0.1263532424064708
0.4113589928488087	0.1389885666471180
0.4115531901460214	0.1528874233118301
0.4117432617157805	0.1681761656430120
0.4119360794391483	0.1849937822073107
0.4121355082963985	0.2034931604280437
0.4123452086684822	0.2238424764708501
0.4125618652395616	0.2462267241179361
0.4127718295411394	0.2708493965297269
0.4129828015736781	0.2979343361827022
0.4132055153448544	0.3277277698009686
0.4134544322300074	0.3605005467810632
0.4137146947305862	0.3965506014591694
0.4139584838747269	0.4362056616050812
0.4142286122112467	0.4798262277655945
0.4145587022685283	0.5278088505421511
0.4148720404892304	0.5805897355963686
0.4152274072336695	0.6386487091560032
0.4157039628540491	0.7025135800715997
0.4161803311433758	0.7727649380787640
0.4169600845524950	0.8500414318866343
0.4180084501707320	0.9015885509636373
0.4188807481193084	0.9347520389692551
0.4195982819553389	0.9565077572039371
0.4204234163939775	0.9764000351448079
0.4219446326811508	0.9894140747807660
0.4225784140779384	0.9908417971866145
0.4245639857167482	0.9967482248811522
0.4251619326088743	0.9978227465380118
0.4279769080527657	0.9987935350304565
0.4326670532051727	0.9997206288179349
0.4331233111427979	0.9998393415082958
0.4406107514048556	0.9999604866708079
0.4427752261727810	0.9999791263438053
0.4508248358018372	0.9999948664463669
0.4527296335101179	0.9999975546537300
0.4614424652005131	0.9999993978974863
0.4637749120365653	0.9999997288821456
0.4730869778099547	0.9999999313725407
0.4754071774799600	0.9999999694617259
0.4841394305285621	0.9999999921354265
0.4865574051975091	0.9999999965148414
0.4950136554040203	0.9999999990813986
0.4975192214852815	0.9999999995862334
0.5053490236812475	0.9999999998913079
0.5079860177699554	0.9999999999513179
0.5157094325149028	0.9999999999871143
0.5184582257670950	0.9999999999942122
0.5260683053744947	0.9999999999984600
0.5288587328246791	0.9999999999993060
0.5364796587647188	0.9999999999998148
0.5392740611959871	0.9999999999999164
0.5470355384628178	0.9999999999999779
0.5494814861925017	1.0000000003283549
0.5519705285184412	1.0000000005439817
0.5536859238477659	1.0000000007636825
0.5542003325831070	1.0000000010111016
0.5627148256198377	1.0000000010485959
0.5633185326728991	1.0000000011846175
0.5663763107740705	1.0000000012704295
0.5758665326198196	1.0000000012815216
0.5771988241981749	1.0000000013234935
0.5826027638284245	1.0000000013523673
0.5882432880809220	1.0000000013612325
0.5895883518570831	1.0000000013685499
0.5910327728026424	1.0000000013739825
0.6064674072388241	1.0000000013771368
0.6106133359454851	1.0000000013783916
0.6168773368514898	1.0000000013790409
0.6220681972358155	1.0000000013792771
0.6261726605752670	1.0000726653731611
0.6261726605863656	1.0000820535547703
0.6479865104806182	1.0000836577609242
0.6480063713266471	1.0000850766464824
0.6488308687809239	1.0000867333086920
0.6491962339787926	1.0000869474078884
0.6687725689514069	1.0000869792822182
0.6691207840393338	1.0000869880540164
0.6766339066495288	1.0000869898713733
0.6769728283472586	1.0000870474150225
0.6771134139152948	1.0000870554517156
0.6971780354184053	1.0000870565521593
0.6972149711233058	1.0000870568661220
0.6972785637554406	1.0000870580871646
0.6977766526405729	1.0000870583216304
0.7203226430642699	1.0000870583951249
0.7205196542432281	1.0000870584049315
0.7363770206326195	1.0000870584076937
0.7382178871715067	1.0000870584082548
0.7452961271796714	1.0007381144308212
0.7452961271813286	1.0008219064253210
0.8287163607921516	0.6406435957949361
0.8287163607921516	0.8598589687121724
0.8288720790736793	0.9440709222977194
0.8294410808309507	0.9969656524773882
0.8436929588731493	1.0002141219330993
1.0002222586232852	0.9394891890420722
1.0004008144104182	0.9824206832335334
1.0020880585078675	0.9999934364316612
1.0079824954073566	1.0003521354868663
1.0236136480650393	0.9996193510573682
1.1334595748379743	0.9997870407072512
1.3350620915013593	0.9999570249349664
1.3687836402937261	0.9999789542416669
1.4418813336347436	0.9999897956145913
1.9283344897137606	0.9999920915382469
2.0536879763026734	1.0011034276088406
2.0564400949533574	1.0012438008548381
2.0981255919747599	1.0004395957651935
2.2201944065021935	0.9976909848853349
2.2526762411911689	0.9994345991366174
2.2672487186733052	0.9998195200540272
2.2860379590459208	0.9998675948709966
2.3035370115025668	1.0000342612101383
2.3348160195608361	1.0207341893143038
2.3384283927625669	0.6565818696578121
2.3384283927625669	0.8790027481920255
2.3385889461348039	0.9669030230112123
2.3394993598381570	1.0007156787274705
2.3484241932247145	1.0002505928971741
2.3775512891376169	0.9999205707240042
2.9308060120654855	0.9999886192019313
2.9575899091853195	0.9999981758500263
5.0450740199122013	0.9999988715137560
7.6590262061689192	0.9999991061748231
