0.0000000000000000	0.0000000000000000
0.4038757182310889	0.0300000000000002
0.4041416673402812	0.0127343183924018
0.4049892169164020	0.0227343183924019
0.4051985959983786	0.0241748943914303
0.4060511365213755	0.0341748943914309
0.4066203143473008	0.0441748943914306
0.4071223458772052	0.0541748943914300
0.4074753219891353	0.0641748943914307
0.4077866941943310	0.0741748943914313
0.4080326193321635	0.0841748943914316
0.4082794804018816	0.0941748943914335
0.4084766823246541	0.1041748943914349
0.4086705309689857	0.1145923838305797
0.4088495869863807	0.1260516222136369
0.4090338744751565	0.1386567844350005
0.4092253827244042	0.1525224628785017
0.4094186103497887	0.1677747091663499
0.4096125567478657	0.1845521800829867
0.4098113019898776	0.2030073980912884
0.4100197547651177	0.2233081379004156
0.4102358646643887	0.2456389516904564
0.4104446830404598	0.2702028468595043
0.4106575137485733	0.2972231315454526
0.4108815706791081	0.3269454447000005
0.4111320137498591	0.3596399891700027
0.4113925536471564	0.3956039880870058
0.4116371653340141	0.4351643868957097
0.4119056641360410	0.4786808255852829
0.4122364368479713	0.5265489081438074
0.4125558417093488	0.5792037989581896
0.4129058910702538	0.6371241788540094
0.4133868558519994	0.7008365967394097
0.4138603601730448	0.7709202564133473
0.4146395454285198	0.8480122820546880
0.4156671478905514	0.9008765497644752
0.4165413319070934	0.9359132386222868
0.4175124984900253	0.9591990432891528
0.4183861782578650	0.9756367069495925
0.4194510352527294	0.9839827849737260
0.4200029233741396	0.9916332077072818
0.4213135948955449	0.9932889563540834
0.4216209032127557	0.9959148230586853
0.4246032949929108	0.9982861739970340
0.4259272887811207	0.9994736929114932
0.4281330960922370	0.9996244960045613
0.4311145321956443	0.9997801828806514
0.4366791198970731	0.9999437716099998
0.4369533791595871	0.9999648856333319
0.4445411211022346	0.9999904087922753
0.4464695033576084	0.9999950089509249
0.4548834590303001	0.9999987189092898
0.4573707296345134	0.9999993711198687
0.4661294863073159	0.9999998412786909
0.4685749167673580	0.9999999250806881
0.4777276016905138	0.9999999809910358
0.4801009996845882	0.9999999911792700
0.4889649405647783	0.9999999977447306
0.4913647557061864	0.9999999989620272
0.4999765342838331	0.9999999997312654
0.5023875560496134	0.9999999998759787
0.5105517495557105	0.9999999999678082
0.5130542315444762	0.9999999999851873
0.5210903744537562	0.9999999999961340
0.5236203059936679	0.9999999999982220
0.5315290780774582	0.9999999999995338
0.5340998811969024	0.9999999999997857
0.5419663294749240	0.9999999999999435
0.5445782486286832	0.9999999999999741
0.5494814178386779	1.0000000023093807
0.5519689002236520	1.0000000035273744
0.5532544038766126	1.0000000048075754
0.5538840521915946	1.0000000063169845
0.5630282479738753	1.0000000065455703
0.5632897770015977	1.0000000072344828
0.5657823162406275	1.0000000076975109
0.5770933081467012	1.0000000079668299
0.5819797335229848	1.0000000081263434
0.5881718681817451	1.0000000081624434
0.5889846210957442	1.0000000082000637
0.5905624922060368	1.0000000082304319
0.6052283261504201	1.0000000082468594
0.6098076881582014	1.0000000082528171
0.6165198550286091	1.0000000082555340
0.6211061420929813	1.0000000082566052
0.6258069889453118	1.0000000082570040
0.6261726606014406	1.0000096499246702
0.6261726609395625	1.0000108961272050
0.6479766365732861	1.0000111091165911
0.6479792797952474	1.0000112976962696
0.6487613899008280	1.0000115184247558
0.6487799169188673	1.0000117136754201
0.6498418125403802	1.0000119668682554
0.6501707916556791	1.0000119995950272
0.6694200325206500	1.0000120140309754
0.6697197160110078	1.0000120165988002
0.6774235048190929	1.0000120253400393
0.6778664624056634	1.0000120265481365
0.6973101642693752	1.0000120270873978
0.6985249561009970	1.0000120273448487
0.6998725532700451	1.0000120273808870
0.7192298735067771	1.0000120273913029
0.7196795551580801	1.0000120273934714
0.7209416732742684	1.0000120274039896
0.7215839923425075	1.0000120274054265
0.7392391225353638	1.0000120274062267
0.7400034450664373	1.0000120274063615
0.7452961271839572	1.0000983580305260
0.7452961271876867	1.0001095107008080
0.7585725368790766	1.0001139267365533
0.7647079726640310	1.0001160097584003
0.7677089107874763	1.0001164250250096
0.7908356423858034	1.0001165693787233
0.7951889474656105	1.0001165953827380
0.8082876800462376	1.0001166030405853
0.8127758830978483	1.0001166045857903
0.8241730572395172	1.0001166050919801
0.8342890167073440	1.0001166051573942
0.9931875970947988	0.9840250123321711
0.9933432407286880	0.9834739641879351
0.9937926504047527	1.0022193518786231
0.9985406868434392	1.0022466985298322
1.0195536788645607	0.6449518754411806
1.0195536788645607	0.8641341145143793
1.0197113715846311	0.9505475259658448
1.0203801551380480	0.9974138407481249
1.0342654069567427	1.0003930142810060
1.0822423921586484	0.9643345996756929
1.0847197914903779	0.9963626258093672
1.0861996985356772	0.9999869013300962
1.1004569114793268	0.9985232881862394
1.1601884188751388	0.9996903121226307
1.1866475903850644	0.9999041479113219
1.4352841147441426	0.9999804263585053
1.8585848063781669	0.9999965750873570
2.0536835360883403	1.0077804615037216
2.0582525757880710	1.0020934949577576
2.1348433276885648	1.0004613271007341
2.2028062090003844	1.0004522073941597
2.2200755446161233	0.9827399177689849
2.2202480942010570	0.9430134917916904
2.2219646456127742	0.9833280317146431
2.2227304937794221	0.9883826990466481
2.2254893522879406	0.9911778883827216
2.2303344514398886	0.9983032869490067
2.2319732821895175	0.9991813849152994
2.2671708033294538	0.9994904172434795
2.2720385011293818	0.9998829337100621
2.2728310545761299	0.9999335064661219
2.2951923136595536	0.9999551235085181
2.2960714134077511	0.9999610564850654
2.3034303696499001	1.0010117304237001
2.3059379006626370	1.0011641609431940
2.3347764602201266	1.1460884789649937
2.3349561733682198	0.9913301390754592
2.3359461908416606	1.0012401579657588
2.3571357623028333	1.1292306512925268
2.3573064250627711	0.9905752285095103
2.3585258679407661	0.9988790635453130
2.3857458415961128	1.1203542467016419
2.3859172643600175	0.9959687464364608
2.3959267812946372	0.9994324763322247
2.4223336382112834	0.9997563567353472
2.4656635595107201	0.9999608423731521
2.5511798143383899	0.9999871710523222
2.5938243375998060	0.9999924477668989
3.0856396145932541	0.9999901050937199
5.0081206025712381	0.9999979817820115
5.0089670571578315	0.9999989998757413
