0.0000000000000000	0.0000000000000000
0.4347376357449407	0.0300000000000002
0.4349752246327464	0.0097467580400511
0.4363038923392025	0.0240249998693569
0.4376346009800535	0.0420213521075342
0.4383877816590514	0.0627113841698083
0.4385072936494459	0.0692922220288921
0.4389150780025732	0.0792922220288913
0.4392284721367478	0.0892922220288898
0.4394566703266579	0.0992922220288893
0.4396633861129862	0.1092922220288889
0.4398509484118716	0.1202214442317774
0.4400417623463849	0.1322435886549533
0.4402363414079939	0.1454679475204508
0.4404285405356809	0.1600147422724945
0.4406219951938253	0.1760162164997447
0.4408241124233115	0.1936178381497207
0.4410225425212437	0.2129796219646953
0.4412222745448778	0.2342775841611622
0.4414271497141199	0.2577053425772815
0.4416392173198313	0.2834758768350082
0.4418696008873978	0.3118234645185114
0.4420979423805669	0.3430058109703601
0.4423351858288647	0.3773063920673985
0.4425870966031539	0.4150370312741372
0.4428723275382499	0.4565407344015451
0.4431491324244194	0.5021948078416953
0.4434591323442139	0.5524142886258655
0.4438285379789894	0.6076557174884546
0.4441985996211881	0.6684212892373010
0.4447029794048034	0.7352634181610336
0.4453094475933994	0.8087897599771422
0.4461573592677884	0.8760759627628835
0.4471243444774172	0.9161862764552247
0.4480133404141937	0.9458957055396616
0.4487141382354313	0.9664636892460488
0.4487927682150213	0.9727303896529680
0.4507323077722686	0.9909096760999700
0.4532189731321910	0.9967328304442185
0.4556608915612252	0.9983972977216177
0.4609052918314872	0.9993782308186124
0.4612880682421247	0.9996929966653697
0.4656404228171844	0.9998794525743747
0.4669514290042549	0.9999656639318825
0.4692968668347846	0.9999819328504344
0.4798915284831806	0.9999955466634389
0.4816503135867393	0.9999978701731398
0.4922376797224839	0.9999994714226417
0.4942684483897102	0.9999997423594039
0.5026111034793650	0.9999999357487123
0.5049671028618038	0.9999999661558215
0.5123863022419843	0.9999999915056164
0.5142689297283319	0.9999999955995240
0.5225411473590619	0.9999999989011757
0.5245441713921249	0.9999999994356512
0.5332299531306229	0.9999999998536944
0.5345771589116078	0.9999999999273343
0.5437004185611561	0.9999999999813394
0.5454621930806223	0.9999999999908159
0.5546153621906357	0.9999999999976505
0.5564574957829771	0.9999999999988504
0.5655232140113303	0.9999999999997067
0.5674218950722048	0.9999999999998568
0.5763787105657936	0.9999999999999637
0.5784647723057376	0.9999999999999821
0.5870749897385467	0.9999999999999954
0.5891253042039555	0.9999999999999978
0.5971719266518334	0.9999999999999993
0.6008617964877134	0.9999999999999996
0.6011792568051737	0.9999999999999998
0.6020883477142646	1.0000000000000000
0.6206521542373562	1.0000000000000002
0.6261066996919019	1.0041458754677113
0.6261066996919038	1.0046676422399692
0.6337961886646983	0.9980995053812589
0.6380511472681853	1.0006139579882789
0.6812318417713022	0.9391649741012612
0.6814010275016851	0.9782327355949233
0.6825347374893175	1.0000446394078701
0.6915566027965896	1.0000946467359175
0.7780722465646369	0.9814213378918905
0.7806048631689709	0.9974403485442268
0.7859541235924168	0.9995497613954428
0.8500581383422848	0.9998190352699975
0.8984094211482019	0.9999155367475556
1.0661484826158880	0.9999268569259614
1.1402811050997130	0.9999762121677689
1.1438419752535636	0.9999838242367882
1.2379120382168929	0.9999948848172251
1.9255724295185561	1.0015367172416358
1.9306213812623778	1.0017369330557424
1.9771449739546392	0.6413942361918874
1.9771449739546392	0.8602901435999838
1.9773007184178224	0.9463191579599998
1.9779155122594321	0.9973309779504844
1.9923438740264330	1.0003302218230281
2.0837138189366624	1.0000379022540926
3.8704777926725442	1.0000071729959419
3.9089067486573543	1.0000060737739176
3.9523252916482052	1.0000060347373418
3.9959198286618380	1.0000060333481755
4.0395257787410301	1.0000060332987557
4.0831438580008763	1.0000060332969978
4.1268776588439193	1.0000060332969352
4.1776171876003598	1.0000060332969329
4.1970695702819691	0.6607344369763215
4.1970695702819691	0.8911273681853492
4.1972441674187948	0.9802401050039148
4.1982775832906114	1.0053709562737423
4.2067997543057158	0.6488212817650869
4.2067997543057158	0.8696619781543151
4.2069592550578037	1.0368721915315462
4.2070258634760025	0.9976016433428871
4.2211017083960840	1.0005614076882741
4.2346346572713180	1.0006320422633690
4.2385307506992955	1.0001325973893567
4.3522341461571177	1.0000107803350051
4.3956842739960722	0.9999949315513796
4.4259973969237985	0.9999905700982571
4.4374789063484616	0.9999900062100132
4.4688546859265985	0.9999898499138697
4.4803445643408661	0.9999898297110504
4.5123784397580042	0.9999898241492616
4.5239385778420154	0.9999898234303511
4.5559824129993780	0.9999898232324868
4.5675451732805499	0.9999898232069114
4.5995888069505177	0.9999898231998723
4.6111489892297479	0.9999898231989623
4.6431784933658058	0.9999898231987121
4.6548162854542205	0.9999898231986796
4.6855374291741505	0.9999898231986707
4.6985185687671889	0.9999898231986694
4.7247968498340818	0.9999898231986688
4.7642070840058075	0.9999898231986691
4.8690174086049467	1.0000034784346334
4.8690175327429568	1.0354880358416645
4.8693557927402473	1.0000050762331560
6.9707375814306411	0.9833233420454186
6.9756800764765030	0.9971574877230687
6.9823326722546808	0.9992987533622457
7.0439178750723768	0.9998747799002549
7.0564261232988423	0.9999481379059576
7.1997283175740954	0.9999814351996152
7.2007323270938519	0.9999857365319522
7.2090398372858386	0.9999862923479267
7.3610206001738732	0.9999983115251785
7.3619063104940095	0.9999998650301865
7.7701378631116844	1.0000002925446003
7.7817084398905676	1.0000003478035053
7.9755063151423542	1.0000006556794472
7.9755642168612955	1.0000006954753546
8.4786767554072551	1.0072728309461729
8.4812783865393424	1.0082882602591365
8.4823968633942410	1.1497139384586457
8.4825890252086218	0.9980151811446222
8.4850068471212268	1.0014447529869976
8.5306656486873056	1.0002662213422522
8.5413983123074626	1.0002074035298247
8.5648088537518525	1.0000643547348826
8.6703738982236231	0.9826695611204622
8.6705310884007396	0.9822394355591488
8.6709908972548888	0.9780524215698924
8.6745393420727268	0.9980685961073990
8.6868185430597986	0.9988816268443892
8.7243371575564890	0.9998698248205354
8.7443852710622814	0.9999584036508775
8.8639964399569813	0.9918614976711883
8.8673972983320581	0.9996390086986201
8.8990067837181801	0.9999731516861528
9.1338163478356353	1.0000092458360772
9.5548425378617559	1.0540794971746821
9.5549885163856683	1.0044690613772913
9.5837015923462197	1.0009069908531780
9.5928334775992870	1.0007602063210597
9.6345824810650136	1.0003806229716132
9.6535926130723535	0.9838265435331136
9.6536536307078844	0.9814593289008553
9.6593182681350065	0.9971945632245256
9.6717453499266703	0.9991042767849753
9.7033663538129034	1.0441044632857328
9.7034566506935427	1.0007107263259876
9.7052483969302301	1.0050653993980490
9.7204682793279815	0.9975164014556485
9.7388725741398972	0.9996347526378263
9.7508146517792582	1.0425499609755287
9.7508280179795026	0.9986210196452590
9.7668704038528453	0.9984694938099951
9.7876334106784668	0.9996887189071618
9.7923355919432851	0.9998449375301811
9.8528729938610304	0.9999263553871517
9.8882229607254519	1.0000067985027807
9.9109748813254335	1.0000185230944847
9.9828923058592043	1.0000200616172148
