0.0000000000000000	0.0000000000000000
0.4361093608760208	0.0300000000000002
0.4363038923392025	0.0127613597258644
0.4373708690962729	0.0227613597258648
0.4375114322788791	0.0170421142215828
0.4377863032006791	0.0266340708602739
0.4383877816590514	0.0271452538326522
0.4387654672655915	0.0371452538326527
0.4389099086486414	0.0389978192921433
0.4392164114838347	0.0489978192921427
0.4395666380210849	0.0589978192921420
0.4399333493172051	0.0689978192921412
0.4402171716545352	0.0789978192921426
0.4404364429005738	0.0889978192921410
0.4406561815395148	0.0989978192921406
0.4408658583070619	0.1089978192921426
0.4410180455080301	0.1198976012213570
0.4411746523499528	0.1318873613434946
0.4413549128388404	0.1450760974778452
0.4415387302207061	0.1595837072256319
0.4417330471710897	0.1755420779481958
0.4419357152888444	0.1930962857430156
0.4421413546450274	0.2124059143173192
0.4423513293750486	0.2336465057490485
0.4425599125680539	0.2570111563239512
0.4427710149445251	0.2827122719563466
0.4430004843639396	0.3109834991519815
0.4432348736937789	0.3420818490671837
0.4434813823276521	0.3762900339738997
0.4437253570638968	0.4139190373712870
0.4439967273837249	0.4553109411084166
0.4442923385005294	0.5008420352192540
0.4446059009078725	0.5509262387411762
0.4449446408238182	0.6060188626152929
0.4453762881602125	0.6666207488768163
0.4458081016746168	0.7332828237644966
0.4464393144935865	0.8066111061409511
0.4472898977974394	0.8692551520127323
0.4481941233401159	0.9312459417509644
0.4497974249399592	0.9562435467333349
0.4505956857261986	0.9767401331539676
0.4507323077722686	0.9828890574046661
0.4516837024283522	0.9883107420681857
0.4525642725246077	0.9913481788378816
0.4556608915612252	0.9967410960113680
0.4562129367212724	0.9984005611248212
0.4612880682421247	0.9993801117893338
0.4620151213219015	0.9996923531711555
0.4661631749104434	0.9999292067746585
0.4669514290042549	0.9999597214859868
0.4786377279394922	0.9999905762300652
0.4798915284831806	0.9999954058712049
0.4904300637260764	0.9999988705498318
0.4922376797224839	0.9999994387186969
0.5002749320585079	0.9999998610381590
0.5026111034793650	0.9999999296599326
0.5104444016786424	0.9999999818938385
0.5123863022419843	0.9999999908889234
0.5204747533055062	0.9999999976651017
0.5225411473590619	0.9999999988366557
0.5311471802385299	0.9999999997028831
0.5332299531306229	0.9999999998512208
0.5417705135810990	0.9999999999621098
0.5437004185611561	0.9999999999812728
0.5525767842156977	0.9999999999952379
0.5546153621906357	0.9999999999976630
0.5634115990663561	0.9999999999994064
0.5655232140113303	0.9999999999997101
0.5742330978577751	0.9999999999999265
0.5763787105657936	0.9999999999999643
0.5850859553188086	0.9999999999999906
0.5870749897385467	0.9999999999999954
0.5952479361530211	0.9999999999999989
0.5971719266518334	0.9999999999999994
0.6058428341555316	1.0000000000000000
0.6206521542373562	1.0000000000000002
0.6261066996919018	1.0114768057458075
0.6261066996919019	1.0128522139499052
0.6328562479037290	0.6502817711599227
0.6328562479037290	0.8679750322454969
0.6330131340101449	0.9547725354700358
0.6337961886646983	0.9921676854583509
0.6380511472681853	1.0000561471339311
0.6825347374893175	0.9999113289519641
0.7806048631689709	0.9989879270201032
0.8264500276226344	0.9998037081809745
0.8500581383422848	0.9998993881325887
0.8984094211482019	0.9999335809145066
1.0626695395690704	0.9999647222408055
1.0661484826158880	0.9999687380292666
1.1409293255356672	0.9999896391630613
1.1438419752535636	0.9999923399563524
1.2379120382168929	0.9999962646829488
1.9255697574558919	1.0042419059813459
1.9255724295185561	1.0047758799581032
1.9517763363340483	0.6438213170769495
1.9517763363340483	0.8634364174353588
1.9519328671011602	0.9465068758251791
1.9525140315620804	0.9974856534845402
1.9667051728475529	1.0007815965731039
1.9771449739546392	0.9784348745397051
1.9809657727116168	0.9989097443382192
1.9923438740264330	1.0000144199714500
4.1970695702819691	1.0715069814603499
4.1972835025702215	1.0289995483415810
4.1982775832906114	1.0244312735568526
4.1983781498734176	1.0035397431665791
4.2067997543057158	0.9935648169397912
4.2069592550578037	1.0143848181485944
4.2070258634760025	1.0003761483104732
4.2211017083960840	1.0001923909950652
4.3522341461571177	0.9999594229734536
4.4259973969237985	0.9999521896564944
4.4688546859265985	0.9999519329715636
4.5123784397580042	0.9999519238274773
4.5559824129993780	0.9999519235021485
4.5995888069505177	0.9999519234905749
4.6431784933658058	0.9999519234901630
4.6855374291741505	0.9999519234901484
4.7247968498340818	0.9999519234901477
4.8690174086049467	0.9999942542629060
6.9756800764765030	0.9989904470161413
7.0413430000918975	0.9997186474254159
7.0439178750723768	0.9999233437253550
7.0680885900354449	0.9999492568537133
7.1997283175740954	0.9999610691386982
7.2090398372858386	0.9999627924551607
7.2971546859800469	0.9999938404566632
7.3610206001738732	0.9999981047889062
7.3826504910717539	0.9999986559383346
7.7701378631116844	0.9999988076356021
7.7933052333941344	0.9999988272435640
7.9755642168612955	0.9999989506111805
8.4786767708316955	1.0029136016837543
8.4812783865393424	1.0032677598776010
8.4824181770309934	1.0597227190260488
8.4825890252086218	1.0060052123392262
8.4857755505942372	1.0072652578141372
8.4972646246424919	0.6448513722770268
8.4972646246424919	0.8659949935943767
8.4974218222038456	1.0377093917008968
8.4974360337213177	0.9970105722475824
8.5105096195463670	1.0006110320295571
8.5237533473468030	1.0007142362006682
8.5306656486873056	1.0002961587945316
8.5339964622697124	1.0001292451604458
8.5413983123074626	1.0001083170371845
8.5646677151008781	0.9997157456899812
8.5648088537518525	0.9996648759417315
8.6709908972548888	0.9923553113293664
8.6745393420727268	0.9967254687576409
8.7001245375803862	0.9994774009732619
8.7243371575564890	0.9998163082169235
8.8418390456055924	0.9999748049158450
8.8990067837181801	0.9999799879441792
8.9791648076457644	0.9999806521540406
9.5548425378617559	1.0191870669930376
9.5594045773377427	1.0021246878606156
9.5837015923462197	1.0009015606652709
9.5928334775992870	1.0008350162924313
9.6535926130723535	0.9494799825306942
9.6549734175574944	0.9912080443816798
9.6593182681350065	0.9972690263710760
9.6822519842912964	0.9995997944197060
9.7033663538129034	1.0155873106120974
9.7088231831147738	1.0021350661587858
9.7221990954557391	0.9991770285480311
9.7388725741398972	0.9998965094981305
9.7399358181812747	0.9999892359711492
9.7518557438617766	0.9995830052314982
9.7584073211290079	0.9960278596814153
9.7816640649000242	0.9993796427750620
9.7876334106784668	0.9998139940232667
9.8830279352243604	1.0000317379597552
9.8882229607254519	1.0000601935521316
9.9042971556793571	1.0000638580838739
