0.0000000000000000	0.0000000000000000
0.4451628419134996	0.0300000000000003
0.4454084115967694	0.0129179018472900
0.4463494891842794	0.0229179018472900
0.4464855215107560	0.0244241672780725
0.4475336841656163	0.0344241672780718
0.4480614439646008	0.0444241672780723
0.4485736831997175	0.0544241672780719
0.4489318694906389	0.0644241672780726
0.4492462448377886	0.0744241672780719
0.4495023685648133	0.0844241672780720
0.4497430013767829	0.0944241672780715
0.4499451846940785	0.1044241672780713
0.4501415402840985	0.1148665840058787
0.4503225655576331	0.1263532424064680
0.4505046568627721	0.1389885666471158
0.4506988541599848	0.1528874233118283
0.4508889257297438	0.1681761656430114
0.4510817434531116	0.1849937822073110
0.4512811723103619	0.2034931604280447
0.4514908726824456	0.2238424764708513
0.4517075292535250	0.2462267241179370
0.4519174935551029	0.2708493965297326
0.4521284655876415	0.2979343361827048
0.4523511793588179	0.3277277698009756
0.4526000962439709	0.3605005467810782
0.4528603587445498	0.3965506014591867
0.4531041478886905	0.4362056616051064
0.4533742762252101	0.4798262277656183
0.4537043662824918	0.5278088505421860
0.4540177045031941	0.5805897355964029
0.4543730712476330	0.6386487091560389
0.4548496268680130	0.7025135800716401
0.4553259951573394	0.7727649380788071
0.4561057485664587	0.8500414318866920
0.4571541141846965	0.9015885509636571
0.4580264121332722	0.9347520389692637
0.4587439459693024	0.9565077572039415
0.4595690804079410	0.9764000351448090
0.4610902966951141	0.9894140747807676
0.4617240780919015	0.9908417971866160
0.4637096497307125	0.9967482248811529
0.4643075966228385	0.9978227465380121
0.4671225720667296	0.9987935350304564
0.4718127172191341	0.9997206288179351
0.4722689751567602	0.9998393415082959
0.4797564154188264	0.9999604866708077
0.4819208901867832	0.9999791263438051
0.4899704998156580	0.9999948664463669
0.4918752975242002	0.9999975546537302
0.5005881292150961	0.9999993978974865
0.5029205760509028	0.9999997288821459
0.5122326418389728	0.9999999313725407
0.5145528415109345	0.9999999694617260
0.5232850945745168	0.9999999921354265
0.5257030693247798	0.9999999965148413
0.5341593191220957	0.9999999990813988
0.5366648841578742	0.9999999995862333
0.5444946869162051	0.9999999998913082
0.5471316800065866	0.9999999999513183
0.5548551852480523	0.9999999999871141
0.5576039167832071	0.9999999999942121
0.5652137456560355	0.9999999999984598
0.5680044362295716	0.9999999999993059
0.5756232604802248	0.9999999999998146
0.5784092240046018	0.9999999999999164
0.5861764004922231	0.9999999999999777
0.5889229205530491	0.9999999999999901
0.5963987222238416	0.9999999999999973
0.5990862815780676	0.9999999999999990
0.6085126725885293	0.9999999999999998
0.6169184696899785	0.9999999999999999
0.6745015289371509	0.9997478327669527
0.9014581470262519	0.9999786717541455
0.9388951759976406	0.9999948779826922
1.2526552870748413	0.9999984929407895
1.4969662882604515	0.9999997381411321
2.7578125776697395	0.9999999236880223
5.3682609654421789	0.9857446790413040
5.3686326133453726	0.9904359601819832
5.3697311832216981	1.0000710755031776
5.4086823063628131	1.0002616548961172
5.4564576129198743	0.9856643948365111
5.4568616177877614	0.9900378701074751
5.4572702763031948	1.0039348637921623
5.4599989056134302	1.0042618200462428
5.4769609771249153	0.6452228392822282
5.4769609771249153	0.8868351558031404
5.4771253787466634	0.9684225489326046
5.4771482002454208	0.9809991467707621
5.4792179182783149	0.9965720134701331
5.4827471548638140	1.0001440030863307
5.5428732145944766	1.0002725385346365
5.5886081727508765	1.0000972698739734
5.6039039362273879	1.0000231911838233
5.6128788513582641	1.0000135842204316
5.6427365564245537	1.0000107494530870
5.6498514809841458	1.0000035381865500
5.6562341022257048	1.0000015529526216
5.6654248216467984	1.0000010728936204
5.6848673198712367	1.0000009407608499
5.6910704109094148	1.0000009146008142
5.7137218082402876	1.0000009074006921
5.7183659650106211	1.0000009059763961
5.7410329158266080	1.0000009055843913
5.7456705590660002	1.0000009055068473
5.7683383198791809	1.0000009054855052
5.7729756453542933	1.0000009054812837
5.7956438212607937	1.0000009054801218
5.8002826670983634	1.0000009054798920
5.8229670162657916	1.0000009054798282
5.8275705429333993	1.0000009054798158
5.8541566110475971	1.0000009054798127
5.8570838016297389	1.0000009054798120
5.8793867189964093	0.9880559422727362
5.8872769797254891	0.9994566454555817
5.9334957587506514	0.9999621444444625
6.1398989547989808	1.0003118689711841
6.1789120495689680	1.0004117244909647
6.3371691998406972	1.0000771778652271
6.6543300692924667	1.0000183467044568
7.9250505820851220	1.0000183291557010
8.2424877874443059	1.0000140248768581
8.2657993427900358	1.0000118766363841
8.3093876979187691	1.0000118001748870
8.3529752529541188	1.0000117974533733
8.3965802121185042	1.0000117973565583
8.4401866758885138	1.0000117973531144
8.4837028824964200	1.0000117973529916
8.5276511070862107	1.0000117973529870
8.5836239261246199	1.0000117973529870
8.6228141642058489	0.8000094378823894
8.6228141642058489	0.9996812388376104
8.7577014918217220	0.9999609083913509
9.7889986279507841	1.0000779938749249
