0.0000000000000000	0.0000000000000000
0.4473321930476444	0.0300000000000004
0.4475719331501567	0.0130134094393884
0.4485235745640419	0.0230134094393883
0.4486560456718220	0.0173821542371687
0.4489852477714589	0.0227084932948902
0.4497872764801218	0.0280446543697390
0.4501571321322515	0.0380446543697389
0.4507072219989534	0.0480446543697394
0.4511742586993541	0.0580446543697385
0.4514478232585019	0.0680446543697384
0.4517259017159878	0.0780446543697386
0.4519627054246372	0.0880446543697380
0.4521488791613457	0.0980446543697395
0.4523414591074660	0.1080446543697402
0.4525345261332806	0.1188491198067160
0.4527153146867920	0.1307340317873877
0.4528835689040092	0.1438074349661246
0.4530561691076442	0.1581881784627356
0.4532439890533384	0.1740069963090113
0.4534382342421662	0.1914076959399148
0.4536365113112834	0.2105484655339044
0.4538443179997140	0.2316033120872946
0.4540599684055820	0.2547636432960215
0.4542786775331008	0.2802400076256267
0.4545002465293957	0.3082640083881895
0.4547218224097035	0.3390904092270124
0.4549706583964412	0.3729994501497177
0.4552300321304381	0.4102993951646868
0.4554985949249054	0.4513293346811548
0.4557662298674744	0.4964622681492671
0.4560924271925575	0.5461084949641897
0.4564517452976780	0.6007193444606040
0.4568057772734156	0.6607912789066634
0.4573317843373064	0.7268704067973226
0.4578638087100557	0.7984272759537439
0.4586484428592337	0.8782700035491158
0.4600415738723364	0.9398165136657116
0.4615627802747763	0.9659041208716279
0.4627534421043118	0.9815130237481604
0.4627803477296517	0.9870448136472804
0.4643875755063914	0.9927525211295852
0.4678840694024146	0.9979166898457675
0.4683864660766719	0.9985489874982286
0.4717641446191911	0.9992048487761566
0.4736335523055619	0.9993212247083132
0.4737200796311539	0.9998129219691421
0.4767878607956763	0.9999082698554609
0.4847257246845704	0.9999753763813566
0.4876437999617771	0.9999908752604602
0.4951829017600825	0.9999978344139596
0.4981148303984534	0.9999991160312928
0.5071578284627950	0.9999997741354584
0.5098223377699630	0.9999999062616900
0.5181496520125787	0.9999999753228646
0.5207948734008407	0.9999999896654116
0.5288927524003187	0.9999999971545234
0.5315823642074154	0.9999999987452535
0.5390035188291369	0.9999999996647155
0.5417802006910402	0.9999999998553448
0.5488715576320793	0.9999999999606929
0.5519681427416934	0.9999999999828428
0.5591951072670708	0.9999999999953166
0.5622864166509355	0.9999999999979382
0.5697272802901008	0.9999999999994366
0.5727283039999558	0.9999999999997504
0.5803085839541136	0.9999999999998773
0.5812581201846898	0.9999999999999342
0.5833833174492877	0.9999999999999721
0.5892505726431128	0.9999999999999857
0.5922132341925416	0.9999999999999923
0.5934949518242918	0.9999999999999967
0.5994416903327794	0.9999999999999983
0.6037048350053279	0.9999999999999991
0.6037312202296024	0.9999999999999996
0.6062844117189641	0.9999999999999997
0.6125831130176653	0.9999999999999998
4.7430834970683158	1.0000100330907997
5.3211769858675089	0.9836811361079177
5.3280670159321755	0.9960251726081260
5.3331509018033705	0.9998120833512655
5.3680998859264646	1.1363182873301092
5.3682790894291763	0.9913581186349186
5.3695663820806132	0.9996762261816979
5.3831502461048757	1.0022174758338127
5.4341144727482611	0.9856365394029831
5.4416491123558171	0.9997373885183336
5.4562939515181554	1.1061946109752765
5.4564785651290570	1.0462346790256880
5.4571568611796302	1.0323337976294715
5.4573681551026425	1.0067373474397097
5.4633459365544317	0.9972424474821195
5.4635067431044630	1.0148313486055491
5.4636532231948580	1.0015957228910741
5.4712694021143333	0.9847062382230560
5.4784957470837297	0.9944837393255475
5.4810551128808012	0.9984785115819814
5.5076893491638907	0.9998196481925126
5.5188724077212328	1.0000069340395696
6.1042167705971258	1.0030184642985320
6.1428223001994748	1.0005405853448306
6.1836638991262616	0.9856885313353784
6.1893598736487219	1.0613611816287003
6.1895407991045657	0.9826509938372732
6.1933974126589293	0.9978971906709818
6.2093668962978832	0.9994229598164855
6.2164184333624126	0.9999539495192804
6.2225393049350144	1.0000215686050027
6.2756413832372253	1.0000563664142406
6.2815855975918113	1.0000608296766156
8.2390543815824380	1.0000283973434310
8.2424863577880849	1.0000241982125093
8.2642454573338977	1.0000080089267600
8.2650696232300724	1.0000059161492885
8.2875992261027012	1.0000053400124478
8.2991576688146349	1.0000052655400595
8.3311863282570009	1.0000052450313581
8.3427425101586028	1.0000052423804500
8.3747773953974640	1.0000052416508400
8.3863403650114616	1.0000052415565324
8.4183835689589213	1.0000052415305771
8.4299464402856419	1.0000052415272223
8.4619851062459333	1.0000052415262985
8.4735436563496442	1.0000052415261795
8.5055441637327078	1.0000052415261464
8.5171194935067120	1.0000052415261422
8.5564890997138736	1.0000052415261409
8.5830177062136119	1.0000052415261409
