0.0000000000000000	0.0000000000000000
0.4679892490840935	0.0300000000000003
0.4682288776788038	0.0092328792606526
0.4696119251728949	0.0199776686159647
0.4707652261390176	0.0358595664567549
0.4714663384277701	0.0552892153390620
0.4722126111937285	0.0789880651833719
0.4724079713849640	0.0889880651833714
0.4727539364571360	0.0989880651833715
0.4729966030229899	0.1089880651833726
0.4731921035119776	0.1198868717017111
0.4733820546942298	0.1318755588718813
0.4735790299421689	0.1450631147590699
0.4737759977959420	0.1595694262349771
0.4739728563621352	0.1755263688584745
0.4741744007930204	0.1930790057443248
0.4743775371965169	0.2123869063187563
0.4745885345818802	0.2336255969506316
0.4748054986756227	0.2569881566456981
0.4750152670404942	0.2826869723102706
0.4752367157627972	0.3109556695412953
0.4754652244251624	0.3420512364954287
0.4757165674930570	0.3762563601449667
0.4759774489940521	0.4138819961594661
0.4762386324741577	0.4552701957754087
0.4765200844492918	0.5007972153529527
0.4768591546607728	0.5508769368882472
0.4771961874814344	0.6059646305770692
0.4775918233530328	0.6665610936347779
0.4780826200787908	0.7332172029982539
0.4786061459070604	0.8065389232980820
0.4795278263267347	0.8666006721991137
0.4802578372778338	0.9183023057312981
0.4816598521795029	0.9647349262212525
0.4823262741112943	0.9679319173396116
0.4839604075133734	0.9833736299939582
0.4840855102598882	0.9900596605185946
0.4871190287152848	0.9946619873439487
0.4874569014093963	0.9964792582275864
0.4880872828318074	0.9982876983396854
0.4932067618197756	0.9996387338266974
0.4932929116381353	0.9998106906765899
0.5017076869651744	0.9999478220376942
0.5042985566915515	0.9999716103992042
0.5053015451027735	0.9999830944626263
0.5125107373521246	0.9999958695706462
0.5147557337670777	0.9999985277950003
0.5234493410763172	0.9999995991267109
0.5267306604705465	0.9999998484961891
0.5347612982763748	0.9999999574323304
0.5377224840136202	0.9999999835496611
0.5455809312263042	0.9999999952584283
0.5484655846917256	0.9999999979158547
0.5554278992046782	0.9999999989970437
0.5567107237320112	0.9999999994381402
0.5585763504896727	0.9999999997644010
0.5640783858551022	0.9999999998829594
0.5670619994708413	0.9999999999345203
0.5684443892495187	0.9999999999719017
0.5741832471565929	0.9999999999856095
0.5781552440036004	0.9999999999921734
0.5787677992909299	0.9999999999965995
0.5847099677454339	0.9999999999982223
0.5891059995565674	0.9999999999990544
0.5893007213093605	0.9999999999995859
0.5953535091879667	0.9999999999997806
0.6000144285120871	0.9999999999999358
0.6008294867305314	0.9999999999999561
0.6071647513222230	0.9999999999999696
0.6088633732515221	0.9999999999999744
0.6110318797728453	0.9999999999999918
0.6116504364738763	0.9999999999999946
0.6166371536973959	1.0000000180176842
0.6191327556485884	1.0000000206866881
0.6194552630142703	1.0000000237621511
0.6197779870206318	1.0000000268338944
0.6200960824054347	1.0000000312509691
0.6204279282187051	1.0000000353049179
0.6207576669222985	1.0000000411906558
0.6211963117780789	1.0000000464149486
0.6311602372216654	1.0000000480929190
0.6399345453586602	1.0000000483098124
0.6404620731724783	1.0000000509270097
0.6431332535758870	1.0000000512653073
0.6473163693381340	1.0000000517534844
0.6487570194998140	1.0000000521588266
0.6491957417842847	1.0000000522112209
0.6513133620635284	1.0000000524842105
0.6587463814044716	1.0000000527222128
0.6750613388544323	1.0000000752879996
0.6750851888505484	1.0000000782048453
0.6938370340686320	1.0000000788160373
0.6963336515470633	1.0000000792822823
0.6975720674146706	1.0000000797984623
0.6976144294168407	1.0000000802558831
0.6983920498417490	1.0000000807721321
0.6983944152716173	1.0000000812435703
0.6991047035934632	1.0000000818160624
0.6991608782310000	1.0000000823095583
0.6999667082480542	1.0000000827447262
0.6999720952743475	1.0000000832355156
0.6999925859928907	1.0000000834189937
0.7011286576323389	1.0000000842376224
0.7018049186455676	1.0000000843484078
0.7201831945124495	1.0000000844722763
0.7202782235937174	1.0000000844909165
0.7300494356199179	1.0000000845247818
0.7308554250220545	1.0000000845295767
0.7478480127734158	1.0000000845343244
0.7481255071779706	1.0000000845350518
0.7547371878313152	1.0000000845361616
0.7559022681494955	1.0000000845363244
0.7714146131366042	1.0000000845364705
0.7720684664779320	1.0000000845364934
0.7760762941287140	1.0000000845365333
0.7774699605252692	1.0000000845365391
0.7867379552221677	1.0020217607979913
0.7892981915758882	1.0023107549668597
0.8249195986725082	0.6418509979709779
0.8249195986725082	0.8612974512054183
0.8250757158158266	0.9451614885452456
0.8256497076342565	0.9970620725517881
0.8399133056109583	1.0002784674050151
0.8692214518945566	0.9751679459892133
0.8726076860590908	0.9983539360781650
0.8800381758698457	0.9998959137927707
1.1118112001549896	1.0000613653779153
1.4505935957022063	1.1359569946849180
1.4507600574941231	1.0654080223842097
1.4512075757962786	0.9914348637535313
1.4577159325479652	0.9979519914403936
1.4653194746156037	0.9992561096862881
1.5311131410309429	0.9998668830522301
1.5311995093909014	0.9999450597710065
1.7110078859228939	0.9999904160179016
1.7111151801965172	0.9999962750936515
2.1977354977058465	0.9999996693270055
2.1978508841667557	1.0000001080432968
2.2467825341643222	1.0000222658656497
2.2472003489234806	1.0000279598926869
2.4420345784478874	1.0000292568361868
2.4547724162237063	1.0000294241555074
2.6142820807107969	0.9918858579860993
2.6176837633714221	0.9996552658503193
2.6379941682768306	0.9999832606624732
2.8758805940445904	1.0000183504287756
3.9656423997976269	1.0000226984679004
4.1703144823781946	1.0000062948612649
5.1802235168728270	1.0000101345833781
5.9736544008694574	1.0000101987393972
6.0850962612223372	1.0000763993178106
7.1964408189484796	0.9969000828237199
7.2025647860712914	0.9997200786800178
7.2697588016685826	1.0002242691221546
7.3125876028604786	0.9800091648326571
7.3143211365058995	0.9921881479309329
7.3191776706930494	0.9982811093142079
7.3272524394082579	0.9994912843953035
7.3715094476365133	0.9996939989825240
7.3975642361263603	0.9997618303378334
7.4101106110317776	0.9999581715785820
7.4327069781969985	0.9999835205703167
7.5268591310173711	0.9999906729936648
8.0231523641951448	0.9999909762600113
8.0491102504186109	0.9999952125508393
8.0589149256802504	0.9999957601259534
8.2781216207816062	0.9999995996515449
8.2807391064315166	1.0000000959373476
8.3626983367070320	1.0000001683779554
9.0766677025822418	1.0000003167342739
9.1010401993074428	1.0000003383894238
9.1986302431363001	1.0000003412299641
