0.0000000000000000	0.0000000000000000
0.4694195095532352	0.0299999999999998
0.4696119251728949	0.0106115386921441
0.4707932077520273	0.0206115386921444
0.4710314960780465	0.0255034933491302
0.4714663384277701	0.0269168533979564
0.4719738187801221	0.0369168533979570
0.4722126111937285	0.0403094877777502
0.4725336157678592	0.0503094877777504
0.4729226603580757	0.0603094877777510
0.4732588202993889	0.0703094877777501
0.4735443961836874	0.0803094877777492
0.4737846305976749	0.0903094877777497
0.4740069929948095	0.1003094877777498
0.4742042472137684	0.1103404365555231
0.4743915026556443	0.1213744802110748
0.4745818246415930	0.1335119282321834
0.4747670638293250	0.1468631210554033
0.4749612029359946	0.1615494331609421
0.4751571626079700	0.1777043764770357
0.4753557511774650	0.1954748141247390
0.4755582271379976	0.2150222955372129
0.4757686721433743	0.2365245250909309
0.4759878278109217	0.2601769776000226
0.4762022871763896	0.2861946753600254
0.4764216258027912	0.3148141428960259
0.4766538605257280	0.3462955571856290
0.4769068899444713	0.3809251129041933
0.4771664141944378	0.4190176241946115
0.4774253796287365	0.4609193866140774
0.4777253274520590	0.5070113252754868
0.4780598519568817	0.5577124578030392
0.4783892627471544	0.6134837035833394
0.4787922538336051	0.6748320739416801
0.4792697587382235	0.7423152813358447
0.4799247512183916	0.8165468094694305
0.4807773100644456	0.8726918462584042
0.4816598463298653	0.9226546790742154
0.4826089391936459	0.9564272936376903
0.4840855102598882	0.9770665941499183
0.4851630229532592	0.9870353267546090
0.4862973423835143	0.9913789762956530
0.4880872828318074	0.9962807930892555
0.4892039718938505	0.9977131634475388
0.4920452823495957	0.9986955500998858
0.4931358808557018	0.9991388128947659
0.4932067618197756	0.9996184754153209
0.4970734225380340	0.9997491981618751
0.4983812653513132	0.9998527234176179
0.5012526267945142	0.9998904080281202
0.5017076869651744	0.9999390721749563
0.5053015451027735	0.9999746785761372
0.5056986273417430	0.9999861698946368
0.5114732040389587	0.9999899323364475
0.5124402174508444	0.9999926991548195
0.5125107373521246	0.9999972322968064
0.5142308556599816	0.9999978182314301
0.5174526915342655	0.9999988833963777
0.5221239340835547	0.9999993495007771
0.5234493410763172	0.9999997296507117
0.5259229860963593	0.9999997787885689
0.5299948780013193	0.9999998787121933
0.5336758278209491	0.9999998934384086
0.5345340662664061	0.9999999324975276
0.5347612982763748	0.9999999711522903
0.5376089602738160	0.9999999761487913
0.5406014641533780	0.9999999866141379
0.5455594638595654	0.9999999925144499
0.5455809312263042	0.9999999966691738
0.5511268298820838	0.9999999982710563
0.5558178289451517	0.9999999994819375
0.5567107237320112	0.9999999996384559
0.5623864682433110	0.9999999997542258
0.5640783858551022	0.9999999997962947
0.5662243833345749	0.9999999999378377
0.5670619994708413	0.9999999999561336
0.5723315795398245	0.9999999999693980
0.5741832471565929	0.9999999999742620
0.5773944132154507	0.9999999999922813
0.5781552440036004	0.9999999999946105
0.5829478054485451	0.9999999999961808
0.5847099677454339	0.9999999999967568
0.5883953352166521	0.9999999999990409
0.5891059995565674	0.9999999999993361
0.5937107440884104	0.9999999999995247
0.5953535091879667	0.9999999999995940
0.5993955684783172	0.9999999999998811
0.6000144285120871	0.9999999999999364
0.6106625104034760	0.9999999999999858
0.6110318797728453	0.9999999999999918
0.6166371536973959	1.0000000063933667
0.6191270226707377	1.0000000073268416
0.6194507069903333	1.0000000084273057
0.6197792715570389	1.0000000108905223
0.6205192395090624	1.0000000143492298
0.6212469445334976	1.0000000188683709
0.6311602372216654	1.0000000195509380
0.6404620731724783	1.0000000206465145
0.6462213861083169	1.0000000209439728
0.6478703001008650	1.0000000211395881
0.6491957417842847	1.0000000213020108
0.6516460641607462	1.0000000214477989
0.6592866551578660	1.0000000215469163
0.6750400841865145	1.0000000833945319
0.6750613388544323	1.0000000914017435
0.6963336515470633	1.0000000928190693
0.6967539375954759	1.0000000940372806
0.6976144294168407	1.0000000954552852
0.6976185922291316	1.0000000967101610
0.6983944152716173	1.0000000981716197
0.6983951478191895	1.0000000994714071
0.6991608782310000	1.0000001010012438
0.6991765143022542	1.0000001023502649
0.6999720952743475	1.0000001038717123
0.7006602017538676	1.0000001060134345
0.7011286576323389	1.0000001063039157
0.7197815883219554	1.0000001065975699
0.7201831945124495	1.0000001066415232
0.7293670962117381	1.0000001067256215
0.7300494356199179	1.0000001067376383
0.7473805014325560	1.0000001067485829
0.7478480127734158	1.0000001067502675
0.7535324364213433	1.0000001067529702
0.7547371878313152	1.0000001067533639
0.7707693556539746	1.0000001067536906
0.7714146131366042	1.0000001067537425
0.7747148575617998	1.0000001067538418
0.7760762941287140	1.0000001067538558
0.7867379552221677	1.0007174756509885
0.7892425284475508	1.0008235132139367
0.7896319687445316	1.0009411412094071
0.8208214662867845	1.0009443276444199
0.8249195986725082	0.9831526832520349
0.8250757158158266	0.9824541417129279
0.8255297674343302	0.9777068287090283
0.8290113519413125	0.9990941494517956
0.8399133056109583	1.0000242911988870
0.8515260084601075	1.0001315219439646
0.8726076860590908	0.9994486206445583
0.9634344105290522	0.9999774053243731
1.1118112001549896	1.0000361882784894
1.4507600574941231	1.1140159128187053
1.4511641310383983	1.0241036339428293
1.4512075757962786	1.0014825411476997
1.4574877815195857	0.9962013670092909
1.4577159325479652	0.9984211006413674
1.5248535829731447	0.9996739844623360
1.5311131410309429	0.9998881745609964
1.7048342147642312	0.9999759113515277
1.7110078859228939	0.9999919898269979
2.1843945413159398	0.9999984209100391
2.1977354977058465	0.9999997336713948
2.2467825341643222	1.0000079214882645
2.4179108959764060	1.0000114234056301
2.4420345784478874	1.0000119424605831
2.6379941682768306	0.9999956885736609
3.6872519907172565	1.0000076501032995
3.9656423997976269	1.0000091929856936
5.1186715952727200	1.0000197343679893
5.1802235168728270	1.0000210967424181
5.2155136974996488	1.0000212727674576
5.9736544008694574	1.0000212955316996
6.0850962612223372	1.0002265200174580
6.5518539086859944	1.0000464816669081
6.8739449461794662	0.9891870934299349
6.8835546523426236	0.9997840494809568
6.9748348021245219	1.0000259196709747
7.3191776706930494	0.9993933832532380
7.4000183241977799	0.9999049907860119
7.4101106110317776	0.9999747317192574
8.0491102504186109	0.9999878501602038
8.2770246182463048	0.9999981709396041
8.2781216207816062	0.9999995332081278
9.0741510193470258	0.9999999371483713
9.0766677025822418	0.9999999897904938
9.0875430966012427	0.9999999965949645
