0.0000000000000000	0.0000000000000000
0.5130289637728676	0.0299999999999996
0.5132665526606732	0.0097467580400505
0.5145952203671293	0.0240249998693554
0.5159259290079802	0.0420213521075327
0.5166791096869782	0.0627113841698058
0.5167986216773727	0.0692922220288885
0.5172064060304999	0.0792922220288880
0.5175198001646746	0.0892922220288896
0.5177479983545847	0.0992922220288880
0.5179547141409131	0.1092922220288896
0.5181422764397985	0.1202214442317788
0.5183330903743117	0.1322435886549574
0.5185276694359208	0.1454679475204576
0.5187198685636077	0.1600147422725007
0.5189133232217521	0.1760162164997449
0.5191154404512384	0.1936178381497253
0.5193138705491706	0.2129796219646952
0.5195136025728045	0.2342775841611590
0.5197184777420466	0.2577053425772700
0.5199305453477581	0.2834758768350005
0.5201609289153246	0.3118234645185077
0.5203892704084937	0.3430058109703538
0.5206265138567915	0.3773063920673975
0.5208784246310807	0.4150370312741280
0.5211636555661767	0.4565407344015335
0.5214404604523463	0.5021948078416928
0.5217504603721407	0.5524142886258715
0.5221198660069163	0.6076557174884655
0.5224899276491152	0.6684212892373189
0.5229943074327303	0.7352634181610619
0.5236007756213265	0.8087897599771696
0.5244486872957156	0.8760759627629002
0.5254156725053440	0.9161862764552424
0.5263046684421219	0.9458957055396514
0.5270054662633561	0.9664636892460522
0.5270840962429485	0.9727303896529691
0.5290236358001963	0.9909096760999684
0.5315103011601167	0.9967328304442185
0.5339522195891520	0.9983972977216176
0.5391966198594147	0.9993782308186122
0.5395793962700495	0.9996929966653694
0.5439317508451020	0.9998794525743747
0.5452427570321803	0.9999656639318822
0.5475881948627058	0.9999819328504345
0.5581828565111078	0.9999955466634389
0.5599416416151439	0.9999978701731400
0.5705290077507132	0.9999994714226419
0.5725597764204579	0.9999997423594043
0.5809024315194429	0.9999999357487125
0.5832584309186297	0.9999999661558217
0.5906776303246278	0.9999999915056162
0.5925602577299403	0.9999999955995242
0.6008324758072375	0.9999999989011760
0.6028354989968668	0.9999999994356509
0.6115212770440054	0.9999999998536944
0.6128684880452396	0.9999999999273345
0.6219917354340160	0.9999999999813396
0.6237535787990575	0.9999999999908157
0.6329065581430992	0.9999999999976501
0.6347480370481854	0.9999999999988503
0.6438132169122416	0.9999999999997065
0.6457108489253652	0.9999999999998570
0.6546924534357477	0.9999999999999635
0.6567149864582809	0.9999999999999819
0.6651886988243668	0.9999999999999954
0.6672059721124606	0.9999999999999978
0.6672950252983928	1.0008010038127839
0.6699367473111718	1.0009161792423915
0.6894529605420145	1.0009331733979601
0.6903849315442121	0.9831038498908539
0.6905408631575605	0.9823784909191430
0.6909936441306416	0.9775926582007826
0.6944574335517508	0.9990862223715984
0.7053758743169433	1.0000167379362668
0.7170374485039970	1.0001239474956194
1.4156891418419100	0.9967805819829777
1.4454223204656407	0.9994322079891699
1.4458049796597241	0.9997767124448408
1.5363146086930566	0.9958748986859132
1.5408737872140084	0.9998762191914492
1.5816140812990365	1.0000504083075554
1.6319898138147455	1.0000852604064769
1.6469636186935899	1.0000897503974637
1.6693744890277673	1.0000903268341292
1.7661896056705881	1.0000991974469948
1.8917865301285377	1.1475401893981196
1.8919714700160721	1.0184362313071160
1.8930676240712094	1.0054678073410876
1.9090195807152075	0.9989737306512619
1.9112972939057247	0.9963096430782223
1.9464100334056320	0.9991528147383595
1.9690370546405052	0.9996799248192617
2.0448476253884245	0.9999440979598714
2.0449917824373069	0.9999781080669589
2.0476775130073488	0.9999824954272910
2.0697180083593403	0.9999830598934545
2.0918622429596714	0.9999831325160701
2.1139600508390086	0.9999831418635260
2.1358819234181166	0.9999831430711226
2.4866815939702231	0.9999942134826270
2.4874302044508716	0.9999956443934312
2.4899259755159560	0.9999958293386870
2.5117439990077308	0.9999958532321659
2.5335676633859201	0.9999958563200524
2.5553820856190637	0.9999958567191278
2.5771890989714197	0.9999958567707115
3.1597438104346334	0.9999983365475924
3.1619995463739494	0.9999986570747178
3.1644952394326418	0.9999986985053102
3.3039505464781236	0.9999993623625441
4.0087949693983447	0.9999995346986167
4.5622657072198729	0.9999996670263704
5.6962670473254766	0.9999997015691585
6.3198123360599778	0.9999997063255122
9.6032273525944287	0.9999997140509727
