0.0000000000000000	0.0000000000000000
0.5625998339553899	0.0300000000000007
0.5628454036386598	0.0129179018472905
0.5637864812261696	0.0229179018472896
0.5639225135526461	0.0244241672780732
0.5649706762075067	0.0344241672780741
0.5654984360064912	0.0444241672780746
0.5660106752416079	0.0544241672780737
0.5663688615325292	0.0644241672780721
0.5666832368796789	0.0744241672780726
0.5669393606067037	0.0844241672780739
0.5671799934186733	0.0944241672780770
0.5673821767359688	0.1044241672780746
0.5675785323259888	0.1148665840058783
0.5677595575995233	0.1263532424064633
0.5679416489046623	0.1389885666471060
0.5681358462018750	0.1528874233118192
0.5683259177716340	0.1681761656430028
0.5685187354950019	0.1849937822073073
0.5687181643522521	0.2034931604280401
0.5689278647243358	0.2238424764708394
0.5691445212954152	0.2462267241179301
0.5693544855969932	0.2708493965297288
0.5695654576295318	0.2979343361827063
0.5697881714007081	0.3277277698009775
0.5700370882858611	0.3605005467810755
0.5702973507864402	0.3965506014591857
0.5705411399305806	0.4362056616050939
0.5708112682671003	0.4798262277655956
0.5711413583243817	0.5278088505421602
0.5714546965450842	0.5805897355963821
0.5718100632895231	0.6386487091560077
0.5722866189099033	0.7025135800716054
0.5727629871992294	0.7727649380787550
0.5735427406083481	0.8500414318866206
0.5745911062265856	0.9015885509636318
0.5754634041751618	0.9347520389692587
0.5761809380111933	0.9565077572039357
0.5770060724498309	0.9764000351448071
0.5785272887370042	0.9894140747807697
0.5791610701337918	0.9908417971866180
0.5811466417726046	0.9967482248811532
0.5817445886647302	0.9978227465380125
0.5845595641086210	0.9987935350304566
0.5892497092610240	0.9997206288179351
0.5897059671986491	0.9998393415082959
0.5971934074607140	0.9999604866708076
0.5993578822286558	0.9999791263438049
0.6074074918574406	0.9999948664463667
0.6093122895658377	0.9999975546537301
0.6180251212564458	0.9999993978974863
0.6203575680931975	0.9999997288821459
0.6296696338786837	0.9999999313725407
0.6319898335393032	0.9999999694617260
0.6407220866230120	0.9999999921354265
0.6431400613863825	0.9999999965148413
0.6515963112495373	0.9999999990813986
0.6541018764277650	0.9999999995862333
0.6619316760027634	0.9999999998913079
0.6645686715500502	0.9999999999513179
0.6722920979592726	0.9999999999871141
0.6750408719518123	0.9999999999942121
0.6826507571837538	0.9999999999984598
0.6854414307940493	0.9999999999993059
0.6930598223319532	0.9999999999998148
0.6958457050836596	0.9999999999999164
0.7036238636256026	0.9999999999999779
0.7063593053340868	0.9999999999999899
0.7136899613683544	0.9999999999999971
0.7166580888583942	0.9999999999999988
0.7235541186577589	0.9999999999999996
0.7260099606038292	0.9999999999999998
0.7269623415562101	1.0000000000000000
0.7293111925393896	1.0124115732880588
0.7376591212447697	0.6499292586304480
0.7376591212447697	0.8702257745648019
0.7378163915750615	1.0405587643772249
0.7378521386244216	1.0002438370883697
0.7394990212607349	0.9077935266545957
0.7396884762213640	0.9757181620410913
0.7412820573562618	0.9977917380694267
0.7422202600270934	0.9992794798350075
0.7485826649114611	1.0005652099215532
0.7544009424451609	1.0007301135492430
0.7622805752324217	0.9999452117464107
0.9159248628945891	0.9832901042249748
0.9206946177313852	0.9965692275247292
0.9234526177376741	0.9990853703039033
0.9402538670843578	0.9997803903180407
0.9637507849577072	0.9999180196214409
0.9725671643031387	0.9999356698733199
1.0130465509494173	0.9999659835053842
1.0939803681972264	0.9999735170549441
1.1020813358869628	0.9999744906111666
1.1715835683705329	0.9999924423813231
1.2205621709605574	0.9999948880298056
1.2269529188060024	0.9999968401292293
1.2349125991269063	0.9999974085041496
1.3064497725516200	0.9999977668453407
1.3109253139887065	0.9999978131614662
1.6429107312130855	0.9999996957866722
1.6573627009896184	0.9999999451187388
1.6786429424148945	0.9999999773460706
1.7875909682488955	1.0000001079697522
1.8151233074115656	1.0000001411994215
1.8191250199947882	1.0000001454946748
2.1680879478082415	1.0000001460498669
2.1898917345250113	1.0000001461216308
2.2792462790451196	1.0000729335361460
2.2792503308881042	1.0000823376533996
2.3035502060826665	1.0000849308891686
2.3043336373382646	1.0000854443926313
2.3118624292880741	1.0000855107354647
2.3132955798509158	1.0000879907767997
2.3161848563602239	1.0000883198585340
2.3287049265477915	1.0000884518246427
2.3353358080965299	1.0000885113896654
2.3367193002331104	1.0000885554039980
2.3405336527558416	1.0000885610905255
2.3618715473089749	1.0168174553052545
2.3618715808260085	1.0187500961608817
2.3671641240051011	0.9165261283267671
2.3676568150680475	0.9832158159172442
2.3693174012562679	0.9997683956163248
2.3752147427812051	1.0025479080581512
2.3768413993471533	1.0004757090213137
2.5181422984369712	0.9976348401861496
2.5354495614033516	1.0000728188468528
2.6035768150965071	0.9858658115228323
2.6035981187078852	0.9906210339732784
2.6055011279767433	0.9988795683255031
2.6294058786884134	1.0001357110405835
3.1223213775258785	0.6412944180999149
3.1223213775258785	0.8607068071145445
3.1224777140200128	0.9446510250170426
3.1230504905133047	0.9968426684850766
3.1406994981912715	1.0000181918996753
5.9078922773006450	0.6405197265621283
5.9078922773006450	0.8799651696492592
5.9080539189724917	0.9679616866140845
5.9090127229277609	1.0028919963698566
5.9317707561032647	0.6474397272376378
5.9317707561032647	0.8783604041287650
5.9319335177640893	0.9661964445415199
5.9328924636919105	1.0022691898283613
5.9519318443613729	0.6472239207360460
5.9519318443613729	0.8805822914462322
5.9520960058490315	0.9686405205910522
5.9531003533582698	1.0026165777154592
5.9739063378537356	0.6471107788777941
5.9739063378537356	0.8770992610860407
5.9740691210145140	0.9648091871946416
5.9749940353704227	1.0023774353818022
5.9928963215736548	0.6475324783543025
5.9928963215736548	0.8765203477863671
5.9930593792720321	0.9641723825649581
5.9939697855393197	0.9979421177867590
6.0109964234440287	0.9995099794314253
6.0196363055661060	0.9998998873226973
6.1871299813969278	0.9999317768621744
6.2423005761553156	0.9999862962667733
6.2755628413987177	0.9999933406029793
6.3428729408393840	0.9999981375373250
6.6441053140834549	0.9999983985638891
7.3349597963042434	0.9999985250049328
7.7815246225710100	1.0000001062548618
7.7848758727105061	1.0000003439484852
7.8758589199263920	1.0000003530326467
8.1656430911296951	1.0010934742620194
8.1881126988156598	1.0011138959654116
8.2120402055022623	1.0004201590959969
8.2584530007778376	1.0001393825074110
8.2675296018141058	1.0001026316480919
8.2947446379506609	1.0000914832892676
8.2979739889946718	0.9999195538341022
8.3009405834727978	0.9998972568388178
9.0918724896754757	1.0050557828315907
9.1061754321982349	0.9989212393459821
9.1359472777126154	0.9995000988403718
9.3460492202460550	0.9999027101643132
9.3670739969251482	0.9999544864838150
9.9314568139883406	0.9999827209797444
9.9404454877387227	0.9999864095344051
