0.0000000000000000	0.0000000000000000
0.5604583742869425	0.0299999999999993
0.5607243233961348	0.0127343183924020
0.5615718729722556	0.0227343183924036
0.5617812520542320	0.0241748943914313
0.5626337925772293	0.0341748943914323
0.5632029704031545	0.0441748943914321
0.5637050019330589	0.0541748943914331
0.5640579780449890	0.0641748943914348
0.5643693502501848	0.0741748943914365
0.5646152753880173	0.0841748943914365
0.5648621364577353	0.0941748943914355
0.5650593383805077	0.1041748943914331
0.5652531870248393	0.1145923838305739
0.5654322430422343	0.1260516222136324
0.5656165305310101	0.1386567844349977
0.5658080387802578	0.1525224628784930
0.5660012664056423	0.1677747091663447
0.5661952128037192	0.1845521800829740
0.5663939580457311	0.2030073980912681
0.5666024108209712	0.2233081379003911
0.5668185207202422	0.2456389516904366
0.5670273390963132	0.2702028468594784
0.5672401698044267	0.2972231315454264
0.5674642267349616	0.3269454446999736
0.5677146698057127	0.3596399891699811
0.5679752097030097	0.3956039880869764
0.5682198213898675	0.4351643868956784
0.5684883201918945	0.4786808255852545
0.5688190929038249	0.5265489081437740
0.5691384977652020	0.5792037989581410
0.5694885471261072	0.6371241788539638
0.5699695119078523	0.7008365967393576
0.5704430162288981	0.7709202564132849
0.5712222014843730	0.8480122820546094
0.5722498039464039	0.9008765497643977
0.5731239879629454	0.9359132386222064
0.5740951545458733	0.9591990432891375
0.5749688343137193	0.9756367069495914
0.5760336913085841	0.9839827849737246
0.5765855794299934	0.9916332077072809
0.5778962509514002	0.9932889563540830
0.5782035592686096	0.9959148230586850
0.5811859510487639	0.9982861739970349
0.5825099448369777	0.9994736929114935
0.5847157521480969	0.9996244960045615
0.5876971882515023	0.9997801828806516
0.5932617759529307	0.9999437716099996
0.5935360352154482	0.9999648856333316
0.6011237771580439	0.9999904087922753
0.6030521594133459	0.9999950089509249
0.6114661150860533	0.9999987189092898
0.6139533856901132	0.9999993711198685
0.6227121423599750	0.9999998412786911
0.6251575728220189	0.9999999250806884
0.6343102577771486	0.9999999809910360
0.6366836558440665	0.9999999911792697
0.6455475965247062	0.9999999977447304
0.6479474109602026	0.9999999989620272
0.6565591903517476	0.9999999997312652
0.6589702072458514	0.9999999998759788
0.6671344086004015	0.9999999999678084
0.6696368938880501	0.9999999999851874
0.6776731764014389	0.9999999999961338
0.6802030396305496	0.9999999999982221
0.6881121650956858	0.9999999999995340
0.6906829975263951	0.9999999999997857
0.6985465807942148	0.9999999999999433
0.7011577207762627	0.9999999999999739
0.7089330205826125	0.9999999999999932
0.7115855302351223	0.9999999999999971
0.7204305439482146	0.9999999999999991
0.7241762095595519	0.9999999999999996
0.7254544050482736	0.9999999999999999
0.7270544050482737	0.9999999999999999
0.7293111925393896	1.0999999999999996
0.7296968603904160	1.0150124717482105
0.7318885122313767	0.9870468218487147
0.7345616480525616	0.9968238908697103
0.7357682579133412	1.0022218058976469
0.7584057305825325	0.6437813283160959
0.7584057305825325	0.8627478041939286
0.7585627648642311	0.9490225846133019
0.7592160906526976	0.9970080456139143
0.7721980744427911	1.0002219020139549
0.9148292416793448	0.9507503814882196
0.9149045797326032	0.9412080678776584
0.9165762480160101	0.9918806891295039
0.9175971081161111	0.9964664853061678
0.9351153393052448	0.9994026508810386
0.9435666821574923	0.9997617020509049
1.0015449181306824	0.9999597474821521
1.0077600630049275	0.9999852358114841
1.2231403305497719	0.9999989654319381
1.2290626608229582	1.0000009689586229
1.7815552287416794	1.0000018583471613
1.7880012782756125	1.0000019733054497
2.2840153050155623	1.0000116827773471
2.2840529858334016	1.0000129377296072
2.3218389151509200	1.0000139859961592
2.3256492017498038	1.0000141214881522
2.3618726096080533	1.0021973265515898
2.3618728071210757	1.0024755976243780
2.4210208608301893	1.0004224126085717
2.5179810297084946	0.9835886462453072
2.5181368621807576	0.9824768973121298
2.5183627218583560	0.9770593648913751
2.5220257005809072	0.9987278922787045
2.5329247994738058	0.9996714996306185
2.5987524881888331	1.0000549536721650
2.6465449252695890	0.9988328686308768
2.7013689194648589	0.9997618423810004
2.7392789559714958	0.9999536397433429
3.2148848448003116	0.9999773542091596
3.2799333172330547	0.9999839441889126
4.1689038329624291	0.9999998774496466
4.2996273114771055	1.0000020542582606
8.1656430881020103	1.0076898026606838
8.1667952050504447	1.0017945049501491
8.2572571991375092	1.0004414991209083
8.2768970473817287	1.0003968186261860
8.2979503790859628	0.9991973049138748
8.4467378173272820	0.9997411863835504
8.4725887645628557	0.9999239357641081
8.4732881802120481	0.9999474686552110
8.9296782993044843	0.9999812376192638
8.9296782993047117	0.9999856015016103
8.9511358181606351	0.9999861652661090
8.9729747027497506	0.9999862381064218
8.9948165066189141	0.9999862475167922
9.0166544176665369	0.9999862487325416
9.0384713063373709	0.9999862488896882
9.0602738501187012	0.9999862489100015
9.0820750480521077	0.9999862489126274
9.0918724896752678	1.0354706009405794
9.0947536494880374	1.0090308449050955
9.0980709204337131	1.0086359628520793
9.0982884441088263	0.9875592341646858
9.1002082259530557	0.9974886338806090
9.1491178575308059	0.9995772773727266
9.1493835776528556	0.9998395386747206
9.4002766483932216	0.9999719781990534
9.4002766484015208	0.9999890629782814
9.5007387634297586	0.9999912675710768
9.5228778844395876	0.9999915519210943
