0.0000000000000000	0.0000000000000000
0.5686455055861327	0.0300000000000003
0.5688956561129546	0.0135466911410710
0.5697848376845187	0.0235466911410724
0.5699292211916973	0.0262927720675091
0.5708930342579025	0.0362927720675097
0.5713398476962662	0.0462927720675107
0.5718113706132838	0.0562927720675118
0.5721772417968760	0.0662927720675110
0.5724826996330094	0.0762927720675123
0.5727304152691165	0.0862927720675128
0.5729651204213920	0.0962927720675145
0.5731668184789878	0.1062927720675129
0.5733563600339652	0.1169220492742675
0.5735312136245007	0.1286142542016938
0.5737216782898413	0.1414756796218586
0.5739173705083938	0.1556232475840429
0.5741126343652854	0.1711855723424448
0.5743111181440940	0.1883041295766852
0.5745136355190142	0.2071345425343551
0.5747119017798109	0.2278479967877921
0.5749196941261612	0.2506327964665692
0.5751366353163074	0.2756960761132300
0.5753590949756968	0.3032656837245614
0.5755972077916589	0.3335922520970246
0.5758270442070069	0.3669514773067314
0.5760818042461519	0.4036466250373951
0.5763441457671771	0.4440112875411403
0.5766334654686076	0.4884124162952524
0.5769194367621585	0.5372536579247706
0.5772650044865761	0.5909790237172526
0.5776510162247911	0.6500769260889688
0.5780970774535739	0.7150846186978719
0.5786907440265334	0.7865930805676595
0.5794366190000012	0.8530534918374127
0.5802856816838042	0.8989599813518483
0.5809716014999187	0.9387961367405765
0.5822430728548341	0.9679825658182445
0.5830271829881697	0.9704918745283257
0.5841615024184227	0.9842356350314039
0.5844600285251272	0.9902921116005815
0.5870681319287590	0.9947867727033695
0.5877842550339987	0.9978384109874612
0.5901915216374550	0.9990598315354422
0.5910000408906113	0.9992140733868543
0.5936962694603156	0.9993843290647911
0.5949375825729535	0.9994307208816035
0.5957848253723051	0.9997149833556382
0.5962454253862169	0.9997516777456922
0.5991167868294170	0.9998685185222320
0.6008772024500952	0.9999400949589153
0.6035627873766376	0.9999757220646509
0.6052988773307890	0.9999873864220329
0.6098090067725311	0.9999949818504742
0.6103043774857777	0.9999959635415259
0.6120950156948959	0.9999977799932439
0.6153168515690679	0.9999981579532460
0.6174815894031253	0.9999985684871274
0.6199464642907389	0.9999994374859488
0.6199880941185979	0.9999996028773274
0.6237871461286398	0.9999997552052377
0.6278590380347854	0.9999997906619910
0.6293511397482907	0.9999998363132779
0.6322608850572120	0.9999999435368534
0.6323982262910407	0.9999999573965320
0.6354731203004139	0.9999999728856900
0.6384656242217682	0.9999999765992000
0.6427775073487575	0.9999999927965085
0.6434236238180845	0.9999999948901677
0.6474473191627270	0.9999999963644246
0.6489909896461428	0.9999999969328347
0.6531488437032297	0.9999999990675911
0.6536819891811115	0.9999999994972587
0.6636823293201556	0.9999999998858172
0.6640885526411635	0.9999999999360419
0.6748920917512711	0.9999999999855079
0.6752586068591997	0.9999999999919015
0.6859174137304329	0.9999999999981719
0.6862595048756541	0.9999999999989824
0.6969336910226873	0.9999999999997711
0.6972580145864476	0.9999999999998731
0.7078350107352069	0.9999999999999662
0.7085286570986941	0.9999999999999837
0.7184301267072801	0.9999999999999954
0.7196728451538821	0.9999999999999980
0.7224132503104199	0.9999999999999983
0.7293111925393965	1.0007549926785839
0.7517894577062553	1.0007692700443678
0.7712939293360859	1.0007696311782306
0.7869729917324562	0.9829856290365919
0.7871290892149683	0.9822890567301389
0.7875826806089018	0.9775443465876001
0.7910554284687470	0.9989873687559262
0.7993916118025600	0.9978034448609606
0.8267809545892281	0.9995645804185010
0.8591020524154465	0.9998513709543324
1.0165824792871416	0.9999435015187149
1.1938280407509352	0.9999630953304961
1.3429431795283651	0.9999892066779748
1.4807071091929140	0.9999930196231199
1.9528611157709934	0.9999944322431178
2.2779521399683191	1.0114718721037914
2.2779651091587914	1.0128473553568558
2.2860313156783518	1.0020627724667710
2.3093756858443979	1.0006484412439993
2.3611337960807770	0.9977946245074887
2.3618744538993210	0.9805332816315376
2.3678038465917854	0.9939466377091362
2.3724110649874657	0.9964932775232402
2.3812808724809500	0.9992954400321377
2.3883995711915689	0.9997326316657614
2.4298897196049780	0.9999488239243156
2.4488815576528991	0.9999881207194558
2.5492082279300159	1.0000022787570486
2.6034394004051364	1.0082974241693790
2.6081302271212898	1.0021286432203902
2.6488158488428959	0.9992591319244288
2.6755546009590550	0.9999019305449882
2.6884023731387559	0.9999614139087214
2.6915599161340027	0.9999690729050502
2.7156627173617931	0.9999699695492527
2.7403105240842049	0.9999700842829085
2.7627237108114340	0.9999700989950199
2.7847445562720305	0.9999701008950114
2.8065711268449327	0.9999701011406082
2.8283729632072556	0.9999701011723561
2.8501738926279692	0.9999701011764602
3.2072472897079098	0.9998620403886769
3.8570005780338898	0.9999727004808489
3.9311052164764706	0.9999870047387466
5.9079073492966563	1.0029387016281881
5.9483632037014829	1.0002350956264063
5.9574847284119414	0.9982215734102896
5.9642935899208904	0.9994823614424505
5.9812587727108957	0.9996493929099353
6.3013961406202110	0.9999485545924370
6.3051899106796787	0.9999871415795341
7.2810942922792163	1.0000046385397972
7.2819790179123052	1.0000068995061087
8.1656469268880034	1.0000151532446977
8.9136503710048132	1.0000176737462634
