0.0000000000000000	0.0000000000000000
0.6088295053941519	0.0299999999999997
0.6090748852056607	0.0139659323358251
0.6099883745263210	0.0239659323358266
0.6100866002838478	0.0258485515832982
0.6111442700977985	0.0358485515832986
0.6117122218252925	0.0458485515832999
0.6121704321603119	0.0558485515832995
0.6124929055316957	0.0658485515833015
0.6127976828408375	0.0758485515833026
0.6130450371748762	0.0858485515833011
0.6132795937342491	0.0958485515833022
0.6134761848992324	0.1058485515833058
0.6136749922188128	0.1164334067416332
0.6138544085120583	0.1280767474157974
0.6140357190751474	0.1408844221573736
0.6142223062457645	0.1549728643731117
0.6144147628695595	0.1704701508104194
0.6146110462390210	0.1875171658914607
0.6148121167025278	0.2062688824806106
0.6150132597715573	0.2268957707286755
0.6152226246761898	0.2495853478015424
0.6154258536351588	0.2745438825817011
0.6156426328877010	0.3019982708398686
0.6158757656385304	0.3321980979238547
0.6161167215276389	0.3654179077162419
0.6163627063089228	0.4019596984878691
0.6166153999758598	0.4421556683366468
0.6169048247738249	0.4863712351703107
0.6172320838308480	0.5350083586873313
0.6175351016403148	0.5885091945560640
0.6179452810344508	0.6473601140116796
0.6183870399974569	0.7120961254128497
0.6189377802372761	0.7833057379541286
0.6196874238572962	0.8596853360797879
0.6207621737343673	0.9243524093791129
0.6223514157337058	0.9606772157033463
0.6236056925390919	0.9793429972146657
0.6241319129289503	0.9863153370276728
0.6263901068656387	0.9947655752309722
0.6269299190479594	0.9957782653411417
0.6280968883735173	0.9980815366629489
0.6293371856514168	0.9985117446463130
0.6349304893862694	0.9993923050231912
0.6365848937543523	0.9997129572940621
0.6400228664640636	0.9998812951906635
0.6409501553663580	0.9999399450572587
0.6444445413447607	0.9999761102392078
0.6462407603863345	0.9999928232882790
0.6489546707864822	0.9999955179241747
0.6566272534165014	0.9999967905775301
0.6580001400457443	0.9999991761192413
0.6590921283052290	0.9999994844688338
0.6684968037462600	0.9999996259877951
0.6706092779933157	0.9999999041349578
0.6714065490810275	0.9999999421819692
0.6814913034392205	0.9999999866461949
0.6819231713708007	0.9999999923936248
0.6919459440927000	0.9999999982538768
0.6922945077907954	0.9999999990113709
0.7021637000807252	0.9999999997322333
0.7028279925397750	0.9999999998701088
0.7124240880808994	0.9999999999658326
0.7140377549428784	0.9999999999833853
0.7234715648534903	0.9999999999956757
0.7250624715992117	0.9999999999979006
0.7345048176631976	0.9999999999994570
0.7360815026083380	0.9999999999997370
0.7454989634926560	0.9999999999999324
0.7469627058531954	0.9999999999999653
0.7558987519143078	0.9999999999999912
0.7574905749706081	0.9999999999999954
0.7615017316337319	1.0007347376200173
0.7639954882766897	1.0008415659850332
0.7643940572284414	1.0009437001041470
0.7991634674281098	1.0009463294177092
0.8005300405528245	0.9831658118647401
0.8006861571953194	0.9824785932671056
0.8011401987526947	0.9777455002155866
0.8046216072797342	0.9991350204637668
0.8155303573429653	1.0000641992191557
0.8249517171236218	0.9995081997731529
0.8303782208596411	0.9995580417371110
0.9652080372810137	0.9999602459104934
1.1460283348052289	1.0000035804990624
1.1592956893782960	1.0000091583997808
2.4819372971691687	1.0748085933928753
2.4824086181556351	1.0087999073545124
2.4857546599509943	1.0011871433323374
2.5035990496918470	1.0139418749608504
2.5040002926086755	0.9997894456077009
2.5259700892102201	0.9996131922651523
2.5463650514102443	0.9996083921961155
2.7523912309965501	0.9999592402312112
2.9378420407171228	0.9810946380646923
2.9393082457397006	0.9924617664743527
2.9409820417543702	0.9984505110332283
2.9517403112998437	0.9993082296076512
2.9662702138988739	0.9997119645561083
2.9950291418178985	0.9998706391796484
3.0070526477962649	0.9999469071293582
3.0129287587607352	0.9999567485060364
3.0324489608464615	0.9999813961761641
3.1209696558948905	0.9999892126160691
3.1255582150319312	0.9999902227601253
3.1887194998031352	0.9999915101034613
3.2127940461901985	0.9999972159641218
3.3366292847599999	0.9999985465800378
3.3574553964427158	0.9999989127835962
3.5534640455301227	0.9999991280475711
3.5560069521680080	0.9999991558725398
3.5958501863170387	0.9999991913553633
3.6202021982065604	0.9999992256979082
3.7638302358960454	0.9999992745342511
3.9407062614473101	0.9999998023526701
3.9769736413311225	0.9999998768907548
3.9981394165168052	0.9999998974055821
4.0943137271914170	0.9999999184167854
4.0957730501922853	0.9999999211326875
4.1154771441398292	0.9999999245960772
4.1242038810366397	0.9999999282357768
4.4781303115445734	0.9999999287062425
4.5294782143937091	0.9999999288357280
5.0146860911089490	0.9999999326212073
5.0723653996966132	0.9999999331105149
5.0752561707599240	0.9999999331737627
5.1133809565846589	0.9999999332544183
5.2987438625624828	0.9999999791227581
5.2993852748709953	0.9999999850621561
5.3212144964810522	0.9999999866968351
5.3382125252137511	0.9999999869081332
5.3679732887702007	0.9999999883909342
5.3680192550243166	0.9999999885826013
5.3882098003454511	0.9999999888195021
5.4078105352842227	0.9999999890929976
5.4191358735632873	0.9999999891283498
5.4681658494377716	0.9999999891380794
5.5434044616825622	0.9999999891393372
5.7377229975563511	0.9999999891396829
6.1725031519456071	0.9999999891397282
6.1827408229630256	0.9999999891397338
6.8740015090776154	0.9999999968212522
6.8740054524231429	0.9999999978141628
6.8958172779401146	0.9999999980874390
6.9074023998303486	0.9999999981227626
6.9248800616150179	0.9999999982113080
6.9250087646633585	0.9999999982227536
6.9822200633052622	0.9999999982360924
7.0110710340511195	0.9999999982378165
7.0737308460395658	0.9999999982515647
7.0821368622810770	0.9999999982533418
7.0849511396757734	0.9999999982535714
7.2237659878408778	0.9999999982538641
7.3124439933239644	0.9999999982539022
8.0256203538743041	0.9999999982539129
8.2478931613247983	0.9999999984513450
8.2503976837790916	0.9999999984753820
8.2530499511727413	0.9999999984784890
8.2901671280617322	0.9999999984826431
8.3237160306562838	0.9999999984831797
8.4569556264062236	0.9999999985591408
8.4569574666453420	0.9999999985689461
8.4623594863946341	0.9999999985814468
8.4719892973248552	0.9999999985959760
8.4843295907543119	0.9999999985978537
8.5187201821085967	0.9999999985983705
8.5995895576378718	0.9999999985984374
8.7116699862665516	0.9999999985984557
9.1884108630424226	0.9999999985984581
9.4419427395881677	0.9999999986016190
9.4419633046225382	0.9999999986018310
9.4459638489772857	0.9999999986025200
9.4605581244932235	0.9999999986026090
9.4651666098183895	0.9999999986026208
9.5129754418139463	0.9999999986026353
9.5190566108536210	0.9999999986031686
9.5256094776357170	0.9999999986032375
9.5287826880344486	0.9999999986032464
9.5663872427671865	0.9999999986032577
9.6353477445047915	0.9999999986032592
9.8077360695553875	0.9999999986032595
9.8820089154676030	0.9999999986032595
9.8960773857843041	1.3749999980794800
9.8961766659146946	1.0404944939106269
9.8965550843193171	1.0226682631366741
9.9007880239858110	1.0061757668584803
9.9052966706191974	1.0031033611077504
9.9086297441501436	0.9572153589146393
9.9106304173579431	0.9876200372026388
9.9132798110272002	0.9967402287096044
9.9314322164568640	0.9977522273233980
9.9328124342615567	0.9994534902524387
9.9399179134068003	0.9999011832938712
