0.0000000000000000	0.0000000000000000
0.6202440672413951	0.0300000000000006
0.6204997480751772	0.0128409792025562
0.6214013708416692	0.0228409792025581
0.6215638996596049	0.0243197117595924
0.6225323425365529	0.0343197117595927
0.6230658871343600	0.0443197117595919
0.6235766184666460	0.0543197117595906
0.6239312729289499	0.0643197117595888
0.6242413329602142	0.0743197117595883
0.6244870293781911	0.0843197117595908
0.6247344688384383	0.0943197117595887
0.6249318649787942	0.1043197117595925
0.6251259902044851	0.1147516829355501
0.6253045872005250	0.1262268512291027
0.6254905005464300	0.1388495363520088
0.6256843458809728	0.1527344899872097
0.6258770626550147	0.1680079389859341
0.6260716919103413	0.1848087328845268
0.6262712978142595	0.2032896061729819
0.6264818548326657	0.2236185667902785
0.6266978071352658	0.2459804234693035
0.6269073219309786	0.2705784658162304
0.6271196948962442	0.2976363123978453
0.6273429554013645	0.3273999436376294
0.6275925496153524	0.3601399380013895
0.6278533350053354	0.3961539318015290
0.6280983399473696	0.4357693249816838
0.6283686151311492	0.4793462574798432
0.6286996957666088	0.5272808832278373
0.6290189061145006	0.5800089715506119
0.6293720247489262	0.6380098687056750
0.6298513216505016	0.7018108555762443
0.6303274206783556	0.7719919411338669
0.6311075466227761	0.8491911352472586
0.6321394385863069	0.9012903171756569
0.6329898822527650	0.9362688761934921
0.6339833558849576	0.9593407919609707
0.6349015225398654	0.9806178048787288
0.6353040754509393	0.9828456376861611
0.6369220552895549	0.9909374274486675
0.6378795661547373	0.9956218442065782
0.6404630846856744	0.9987037734288455
0.6412284408579214	0.9991113112106431
0.6464156842724467	0.9995329026198797
0.6484244632195985	0.9998703293212040
0.6519802719738832	0.9999282341118872
0.6580763782495956	0.9999808101354767
0.6598422731790491	0.9999898635244086
0.6680307855869027	0.9999974402382714
0.6701846111068893	0.9999987566046031
0.6790760641138102	0.9999996893929045
0.6814306383807902	0.9999998562222683
0.6907083295587445	0.9999999635646900
0.6930287538021169	0.9999999834038290
0.7018585573040171	0.9999999957458191
0.7042660928394320	0.9999999980754983
0.7128203735392941	0.9999999994982137
0.7152776852226410	0.9999999997711694
0.7232871667754189	0.9999999999402885
0.7258528950378740	0.9999999999728733
0.7337593868867164	0.9999999999928768
0.7363916174443988	0.9999999999967610
0.7441598015290206	0.9999999999991452
0.7468307824785581	0.9999999999996106
0.7545654255473520	0.9999999999998971
0.7572686057593666	0.9999999999999529
0.7615017322472010	1.0000000428865652
0.7639972935184683	1.0000000801892706
0.7674882668039307	1.0000001047262324
0.7735533019687851	1.0000001084949168
0.7755895743591689	1.0000001119841935
0.7783191023168519	1.0000001151625195
0.7818256291304774	1.0000001180154694
0.7863079931745074	1.0000001205535884
0.8037024265598127	1.0000001221443560
0.8083060374800830	1.0000001226224644
0.8160279423135346	1.0000001228573283
0.8213127520130048	1.0000001229438362
0.8262861298799180	1.0000001229904953
0.8327115949394988	1.0000001229999691
0.8377290491236447	1.0000001230068221
0.8400059597364176	1.0000001230093618
0.8468137217852396	1.0000001230103315
0.8510914316177216	1.0000002927861951
0.8510914547864902	1.0000003147314591
0.8728924865619186	1.0000003184813848
0.8728937002455436	1.0000003218027256
0.8736687588430786	1.0000003256930019
0.8736699026338876	1.0000003291370214
0.8744467274232268	1.0000003330259033
0.8744488521537208	1.0000003367651680
0.8752230189854858	1.0000003409232996
0.8752454681043462	1.0000003446182142
0.8764723796773074	1.0000003502944355
0.8767278320930433	1.0000003510554505
0.8955198661746639	1.0000003517386979
0.8959412031026156	1.0000003518424552
0.9047239669384712	1.0000003520526257
0.9054906440257612	1.0000003520823746
0.9231651643581043	1.0000003521070762
0.9235579313274866	1.0000003521109460
0.9283734365078333	1.0000003521175584
0.9296747950368975	1.0000003521185152
0.9463232208427969	1.0000003521192318
0.9470354210141023	1.0000003521193475
0.9495676415026941	1.0000003521195941
0.9508916743119387	1.0000003521196292
0.9670020218289135	1.0000003521196632
0.9677322540225451	1.0000003521196683
0.9695187306803281	1.0000018648869213
0.9695187306913366	1.0000020604246618
0.9913215046107826	1.0000020936713883
0.9913218997063891	1.0000021232430889
0.9920865980896246	1.0000021580500074
0.9920994815033533	1.0000021887483663
0.9928874467865187	1.0000022159045892
0.9928885052624477	1.0000022233828181
0.9934430533575411	1.0000022646916200
0.9939993054227328	1.0000022703387417
1.0132123509443738	1.0000022734737342
1.0137477212043640	1.0000022739971146
1.0211195900508803	1.0000022756241531
1.0216495604764284	1.0000022758495541
1.0395515410005816	1.0000022760276606
1.0399707096628805	1.0000022760556591
1.0530289871755030	1.0000022760740546
1.0539730046068541	1.0000022760771705
1.0656471483565524	1.0000022760789635
1.0669322954332692	1.0000022760792882
1.0770420835781205	1.0000022760794678
1.0788710134661943	1.0000022760795022
1.0882307391986810	1.0000022760795206
1.0905119608920679	1.0000022760795244
1.0992841271628653	1.0000022760795264
1.1014538176044388	1.0000022760795266
1.1090544824442532	1.0000022760795269
1.1122931439661712	1.0000022760795269
1.1666267599366429	0.8000018208636215
1.1666267599366429	0.9999664237993324
1.1739291850797100	0.9999641902866991
1.2041663392340718	0.9999624639127894
1.5004809529813570	0.9999946511021773
1.5029739373697559	0.9999993543141691
1.5467500103728451	0.9999994326166000
1.5904960743846550	0.9999994339227386
1.6341056797367268	0.9999994339445621
1.6777055126149329	0.9999994339449271
1.7228222280424519	0.9999994339449330
1.7676833487089085	0.9999994339449332
2.4405903651068970	0.9994787236842049
2.4442605451780808	0.9994412616443942
2.4749428418879491	1.0064372115094700
2.4791111324310755	1.0297512620096292
2.4793113601812728	0.9877834549478609
2.4849837145750340	0.9988203600831034
2.4940859036125778	0.9999980379831673
2.5946857172599236	1.0000671701243971
2.6525326416145072	0.9968035870765809
2.6671139693219912	0.9998808347686169
2.8397219861649763	0.9999705785988481
3.0274806278071740	0.9999854827121498
3.2759219127017061	0.9999888907396439
3.5678506214200194	0.9999901889397551
4.8671494481490045	0.9999963241511316
4.8745047832474677	0.9999972196746952
4.8937391200095091	0.9999973351846108
4.9155897104308828	0.9999973501151893
4.9374264931202854	0.9999973520436627
4.9592460730516716	0.9999973522929341
4.9810493723882052	0.9999973523251545
5.0028524518067767	0.9999973523293195
5.0246519684055961	0.9999973523298578
5.0385139884557573	0.9999991199738687
5.0398576579993257	0.9999995768944376
5.0411056103138776	0.9999996359551692
5.0629141175338930	0.9999996435874389
5.0847237977159123	0.9999996445739500
5.1042793388413905	0.9999997229575001
5.1043073058990514	0.9999997332168498
5.1258389601600003	0.9999997345429690
5.1476415446893071	0.9999997347143825
5.1694440973788813	0.9999997347365392
5.1912451694189281	0.9999997347394034
5.2130450982225680	0.9999997347397737
5.2348176671510762	0.9999997347398216
5.2567359850203115	0.9999997347398280
5.2839227090088370	0.9999997347398285
5.2906021041797819	0.9999997347398285
5.8603852648482873	1.3749994334070217
5.8604747754285897	1.0033089037556400
5.8696444024957097	1.0793297551710339
5.8698623228730575	0.9953743890867567
5.8857826360698997	0.9997221893918803
5.9314399851465343	0.9999428398179857
6.1562825380532864	0.9999560621005398
6.6794494643526034	0.9999962809276814
6.7621253518882689	1.0000022109007616
8.5693153007290963	1.0000045948875975
