0.0000000000000000	0.0000000000000000
0.6260021656090888	0.0299999999999995
0.6261945812287486	0.0106115386921443
0.6273758638078809	0.0206115386921427
0.6276141521338999	0.0255034933491307
0.6280489944836237	0.0269168533979538
0.6285564748359758	0.0369168533979551
0.6287952672495822	0.0403094877777498
0.6291162718237130	0.0503094877777508
0.6295053164139294	0.0603094877777491
0.6298414763552426	0.0703094877777493
0.6301270522395411	0.0803094877777476
0.6303672866535286	0.0903094877777472
0.6305896490506632	0.1003094877777460
0.6307869032696221	0.1103404365555195
0.6309741587114980	0.1213744802110695
0.6311644806974467	0.1335119282321783
0.6313497198851786	0.1468631210553978
0.6315438589918483	0.1615494331609361
0.6317398186638237	0.1777043764770276
0.6319384072333186	0.1954748141247300
0.6321408831938512	0.2150222955372021
0.6323513281992280	0.2365245250909274
0.6325704838667754	0.2601769776000162
0.6327849432322433	0.2861946753600211
0.6330042818586450	0.3148141428960267
0.6332365165815818	0.3462955571856304
0.6334895460003250	0.3809251129041825
0.6337490702502915	0.4190176241946026
0.6340080356845901	0.4609193866140573
0.6343079835079126	0.5070113252754720
0.6346425080127353	0.5577124578030233
0.6349719188030080	0.6134837035833217
0.6353749098894587	0.6748320739416503
0.6358524147940769	0.7423152813358123
0.6365074072742450	0.8165468094694048
0.6373599661202990	0.8726918462583899
0.6382425023857188	0.9226546790742247
0.6391915952495001	0.9564272936377061
0.6406681663157440	0.9770665941499173
0.6417456790091112	0.9870353267546077
0.6428799984393675	0.9913789762956527
0.6446699388876604	0.9962807930892552
0.6457866279497041	0.9977131634475388
0.6486279384054509	0.9986955500998855
0.6497185369115567	0.9991388128947657
0.6497894178756287	0.9996184754153212
0.6536560785939012	0.9997491981618747
0.6549639214071576	0.9998527234176178
0.6578352828503675	0.9998904080281202
0.6582903430210244	0.9999390721749560
0.6618842011585971	0.9999746785761373
0.6622812833976048	0.9999861698946368
0.6680558600948182	0.9999899323364473
0.6690228735063962	0.9999926991548197
0.6690933934080636	0.9999972322968063
0.6708135117162151	0.9999978182314303
0.6740353475905028	0.9999988833963774
0.6787065901374951	0.9999993495007773
0.6800319971320828	0.9999997296507117
0.6825056421525162	0.9999997787885688
0.6865775340577590	0.9999998787121932
0.6902584838429102	0.9999998934384086
0.6911167223123639	0.9999999324975276
0.6913439543419920	0.9999999711522901
0.6941916163684486	0.9999999761487910
0.6971841201069067	0.9999999866141376
0.7021421197197577	0.9999999925144499
0.7021635870307049	0.9999999966691738
0.7077094859983567	0.9999999982710563
0.7124004847223150	0.9999999994819375
0.7132933787985842	0.9999999996384559
0.7189691240541412	0.9999999997542258
0.7206610437126655	0.9999999997962952
0.7228070486753501	0.9999999999378375
0.7236446673779687	0.9999999999561338
0.7289142022123256	0.9999999999693981
0.7307659777904129	0.9999999999742621
0.7339770791677975	0.9999999999922810
0.7347379457191765	0.9999999999946102
0.7395291743932526	0.9999999999961811
0.7412927278706438	0.9999999999967566
0.7449778821837405	0.9999999999990411
0.7456892339660107	0.9999999999993361
0.7502910603906580	0.9999999999995248
0.7519365221178221	0.9999999999995940
0.7559816769821398	0.9999999999998812
0.7565955955703640	0.9999999999999364
0.7615020147299120	1.0000000003473817
0.7639973659292298	1.0000000007047980
0.7683691243382084	1.0000000007646452
0.7684954069065026	1.0000000010409673
0.7718592780728973	1.0000000011229677
0.7734157413727899	1.0000000011753807
0.7747810854369610	1.0000000012205534
0.7768021833884678	1.0000000012617802
0.7795437469558000	1.0000000012994044
0.7830671449215193	1.0000000013333530
0.7875617321870210	1.0000000013636852
0.8084194999061697	1.0000000013822834
0.8120251805544906	1.0000000013944150
0.8170975079826589	1.0000000013987964
0.8231361049655427	1.0000000014014958
0.8280688827711583	1.0000000014024055
0.8342655081978817	1.0000000014029065
0.8397609240718485	1.0000000014030579
0.8447857088732581	1.0000000014031512
0.8493865778284969	1.0000000014031769
0.8510914285068655	1.0000264698468699
0.8510914285096423	1.0000298905734093
0.8728980492407188	1.0000304751792382
0.8729052783774246	1.0000309926434245
0.8736986845656215	1.0000315979295871
0.8741150018490313	1.0000322013762053
0.8747605799585603	1.0000322912148694
0.8940395119156156	1.0000323159382389
0.8943393716282386	1.0000323210603057
0.9020322503520073	1.0000323437116552
0.9023438226241612	1.0000323468130754
0.9221271962952378	1.0000323476981008
0.9226945142248602	1.0000323483589479
0.9234452069747164	1.0000323484502918
0.9438064867640971	1.0000323484630782
0.9441783236710449	1.0000323484667744
0.9454430502853944	1.0000323484944134
0.9458649176606554	1.0000323484981455
0.9631373997023693	1.0000323484997273
0.9641571334613109	1.0000323485000115
0.9695187306518065	1.0002682571993373
0.9695187306546387	1.0002987029298012
0.9913589258826856	1.0003039023779479
1.0107808664736029	1.0003039922859065
1.0202337385159237	1.0003040196446087
1.0309396448520651	1.0003040231802192
1.0363046260274509	1.0003040241898169
1.0448480781165679	1.0003040243955035
1.0474959785155098	1.0003040244637573
1.2170062912296784	0.6401945757006351
1.2170062912296784	0.8802675415883733
1.2173595075525572	1.0164173588152765
1.2178663944956396	0.9855638817612991
1.2225273320974008	0.9972983891346783
1.2320712867827330	0.9989488223544220
1.2358256115920530	0.9998447088424894
1.2404477456702021	0.9999584322179736
1.3412387951508715	1.0000031016502922
2.0088199136657336	1.0482455716799819
2.0090034987694789	1.0030715003385617
2.0102821045544834	1.0060162936114898
2.0129060654331004	0.9896482118403338
2.0133081484155486	0.9948871549574247
2.0155030182994684	1.0000653672589959
2.1036661152998817	1.0001573291446859
2.4441083983691536	0.6424540298449301
2.4441083983691536	0.8614627661147568
2.4442652233949187	0.9476090427262954
2.4449001173471245	0.9969972264515593
2.4586267857581170	1.0000965023531754
2.8088319978942535	0.6405576456502906
2.8088319978942535	0.8788861758330930
2.8089934019275704	0.9667747934163443
2.8095235131293910	1.0252505198858011
2.8116760642483163	0.9816834349591512
2.8142939439420829	0.9999610047498412
3.3327052655983045	0.9999901262356430
5.8606604728100651	1.0020216657111398
5.8628942804503836	1.0059376056638223
5.8771970568762226	0.6539802522270405
5.8771970568762226	0.8942329702484110
5.8773653458288608	0.9903794302670940
5.8777569125444344	0.9997290404368586
6.0262185214647213	0.9999546351895811
6.0305686062069830	1.0065522792542485
6.0464970491028156	0.6452881689337155
6.0464970491028156	0.8662662304213874
6.0466547932331114	1.0368651354964593
6.0466804542993655	0.9965437979364697
6.0600017148838363	0.9996932925573397
6.0733340081881071	0.9997790154051392
6.0887866511931295	0.9999249813879333
6.1136666448265968	0.9999502675187948
6.1524157558532702	0.9999511625493266
6.1863883488036384	0.9999511944257348
6.2093854415952423	0.9999565918636585
6.2530097996617142	0.9999566716750363
6.2532744157194049	0.9999567865706801
6.3037845264141090	0.9999567906564263
6.3377714861180436	0.9999567908017634
6.3717601097067176	0.9999567908069333
6.4057418151683345	0.9999567908071172
6.4390200684374799	0.9999567908071237
6.4579007221895939	0.9999567908071240
6.4586867505357413	0.9999567908071242
6.5033872918313582	1.0364216139581566
6.5056007821967814	0.9750287449327759
6.5075583518875275	0.9976928406727018
6.5077658482887895	1.0053484494223945
6.5087092709406766	1.0011718283163988
6.5753608388182032	0.6449436215477088
6.5753608388182032	0.8572322147055395
6.5754448972287873	0.9179362605307299
6.5758941412024265	0.9899445033052023
6.5823267954025608	0.9989256540581117
6.5876931730082733	0.9996153506297548
6.6627442649845570	0.9999323332027747
6.6925405534462445	0.9999373400333654
6.7191525660026299	0.9999787172783197
6.7361944222038446	0.9999847563232835
6.7608459049825944	0.9999848570085065
6.8045257016444447	0.9999848586900113
6.8481349626372623	0.9999848587181087
6.8917350417934786	0.9999848587185781
6.9345849895476572	0.9999848587185860
6.9598829477799926	0.9999848587185861
6.9601657769555896	0.9999848587185863
7.0272608573601971	0.9999921297324590
7.0470166367973395	0.9999922526285118
7.1942600345017889	0.9999922532367173
7.2378907314435414	0.9999922532468800
7.2815118964807803	0.9999922532470500
7.3285381688869355	0.9999922532470527
7.3386026836634182	0.9999932084656563
7.3632482890481423	0.9999933903291961
7.7423845359748338	0.9999975956149719
7.7860835877357797	0.9999976658434272
7.8297157725734197	0.9999976670163475
7.8512443040710673	0.9999982198260842
7.8755429607208489	0.9999983005382167
7.8998464066691083	0.9999983018867267
7.9434523735198956	0.9999983019092576
7.9870650212475667	0.9999983019096341
8.0320305233836411	0.9999983019096402
8.0639080331453119	0.9999983019096403
8.0651125774770129	0.9999983019096403
