0.0000000000000000	0.0000000000000000
0.6344525850766785	0.0299999999999997
0.6346498268046649	0.0148030089161600
0.6356455778827558	0.0248030089161591
0.6357125466867726	0.0198003332817606
0.6360472137751338	0.0297172278827413
0.6365661433400849	0.0327002423364936
0.6368865239614132	0.0427002423364917
0.6372947582195003	0.0527002423364906
0.6376475743579982	0.0627002423364914
0.6379860265211855	0.0727002423364923
0.6382475867985363	0.0827002423364941
0.6385022819514148	0.0927002423364942
0.6387085660929177	0.1027002423364915
0.6389028377908579	0.1129702665701431
0.6390807166782982	0.1242672932271573
0.6392664711122606	0.1366940225498754
0.6394575600782444	0.1503634248048636
0.6396501125328937	0.1653997672853539
0.6398483894433380	0.1819397440138913
0.6400539415872393	0.2001337184152767
0.6402616376568542	0.2201470902568036
0.6404603031531723	0.2421617992824889
0.6406671388947440	0.2663779792107434
0.6408852034057720	0.2930157771318230
0.6411191838596825	0.3223173548450075
0.6413639918681101	0.3545490903295163
0.6415988093053362	0.3900039993624610
0.6418550889734452	0.4290043992987065
0.6421414055160759	0.4719048392285664
0.6424394253642796	0.5190953231514310
0.6427497531842631	0.5710048554665761
0.6431474011762460	0.6281053410132357
0.6435525297115486	0.6909158751145508
0.6440703677591346	0.7600074626260048
0.6447566912106453	0.8308596468476288
0.6456198450389565	0.8961782061411442
0.6467738088753496	0.9325820173250399
0.6476036941706016	0.9577642506175498
0.6486327951194872	0.9746481639727498
0.6495576400915712	0.9835452743823413
0.6497986730241272	0.9889335069150287
0.6507722120339771	0.9917355478480462
0.6528277198185178	0.9968185587456383
0.6538669047899246	0.9984226230992431
0.6584218829497851	0.9996516167277680
0.6592185868492787	0.9998077680999782
0.6715791958231241	0.9999577154570233
0.6728605007134765	0.9999813999820530
0.6819352536257750	0.9999951830950731
0.6842530090500576	0.9999976509009615
0.6906456022334155	0.9999993903648738
0.6933992228677968	0.9999996959864303
0.7005848607286324	0.9999999223133014
0.7033736281574563	0.9999999613251724
0.7113498392890835	0.9999999901329795
0.7138423558732646	0.9999999951356382
0.7223038072288531	0.9999999987607984
0.7246041873694206	0.9999999993959633
0.7333012345912837	0.9999999998460705
0.7355656804448139	0.9999999999253428
0.7441809794618480	0.9999999999808872
0.7463027640862538	0.9999999999907914
0.7548752393222197	0.9999999999976383
0.7570589346522507	0.9999999999988682
0.7645729051697745	1.0000000000006926
0.7659180198185310	1.0000000000009284
0.7690358795175560	1.0000000000010978
0.7698170241062730	1.0000000000012124
0.7721310893242159	1.0000000000017157
0.7730743797564017	1.0000000000019551
0.7752575614213904	1.0000000000019862
0.7754111446746282	1.0000000000021205
0.7758041876398331	1.0000000000021494
0.7763018834924061	1.0000000000022429
0.7781252156490400	1.0000000000023423
0.7807956042185291	1.0000000000024221
0.7843108060749504	1.0000000000024920
0.7847263904905453	1.0000000000025013
0.7887212799451818	1.0000000000025575
0.8151232687381609	1.0000000000026072
0.8152492514029928	1.0000000000026357
0.8196150662837319	1.0000000000026557
0.8244359901952859	1.0000000000026648
0.8310496104802300	1.0000000000026699
0.8358812842674821	1.0000000000026719
0.8383203086609119	1.0000000000026723
0.8454392545657916	1.0000000000026730
0.8510914285051986	1.0322580645187274
0.8510914285051987	1.0355780978145401
0.8514340537290661	1.0056800089964277
0.8578145926506291	0.9772752096298706
0.8604265994031922	1.0061228191008134
0.8633139151948309	0.9988615302671960
0.8635667527775589	1.0005529765466972
0.8692169247329374	0.9918310070963708
0.8735998622885702	0.9984554589215615
0.9382057576062705	0.9996028357376794
1.0749381731062626	0.9998377763311712
1.1249699887174534	0.9999105699922921
1.1778858266469692	0.9999199584486577
1.2683612502935910	0.9999824430203565
1.4035255391341919	0.9999905152113703
1.4207646426026903	0.9999915574825410
1.9295301978281620	0.9999949151732818
2.0113526948332399	1.0000518679688373
2.0128189400104004	1.0012021333692505
2.0154871828901104	1.0013470971782745
2.0182136535322028	1.0013656168160137
2.0540093204221845	1.0005211659269866
2.0741471072286410	1.0011714819663298
2.1005878452235982	1.0002320604070776
2.1300339352475604	1.0002114629217818
2.1529964093228897	1.0002080604386694
2.1791717592267310	1.0002074947477035
2.2055974974084473	1.0002074003423582
2.2320529429488181	1.0002073845867296
2.2439609045350379	0.9930005039875229
2.2486881686410740	0.9987793511573704
2.2698321419543710	0.9994792335091570
2.3436812199566193	0.9998652275194596
2.3623080969127095	0.9999607620588401
2.5766195787249258	0.9999821960875924
2.6474810963886712	0.9999880938774403
2.8093361433332333	1.0008602656403296
2.8180017419016377	1.0009709700333220
2.8206411462169640	1.0009851560524152
2.8442110161410836	1.0002058089675292
3.2176970014961945	1.0690780251957377
3.2180621113610779	0.9999117113409268
3.3070985826623280	0.9998608966012114
3.3324106577036052	0.9998490083029595
3.5196179393783860	0.9999711437667073
5.2208814610645042	0.9999935200916771
5.2228326263335045	0.9999964099524671
5.2306457622853255	0.9999967834074183
5.2525296498730851	0.9999968315809201
5.2743970197050691	0.9999968378053852
5.2962240523520814	0.9999968386096774
5.3180363242839448	0.9999968387136358
6.0525303894662867	1.0151511204518169
6.0602243711249368	1.0028971309671340
6.0630747553810842	0.9988432430459637
6.0701654680992005	0.9934433219810619
6.0703389629879361	1.0088951567926865
6.0708009915302128	0.9978619052689601
6.0797399146797453	1.0001609340049149
6.0883816600037708	1.0005919111614114
6.1987630795908855	0.6404477794883431
6.1987630795908855	0.8598355005914059
6.1989187847525669	0.9440586879303335
6.1993691166952631	1.0061852276513001
6.2058354755769418	0.6566014215583441
6.2058354755769418	0.8738641391902604
6.2059982379144296	0.9612505531093432
6.2070601777567758	0.9907182594406589
6.2095534351457715	1.0010718449979834
6.2226005709136247	0.9698342903479720
6.2254855144116084	0.9968366973524680
6.2292768039009072	0.9992490763290192
6.3048118820442420	0.9999044518563094
6.3233870348498566	0.9999867132219609
6.6388875947855981	1.0000218542363628
8.8512633858908440	0.9998433357612891
8.9701484123725947	1.0000083217046891
9.2921234913873043	1.1420131044631647
9.2923069418562942	0.9901707607830675
9.2942514133092686	0.9991542084436879
9.3063381886853023	1.0022057126555324
9.3583403360820263	1.0004453897410908
9.3944380560756535	1.0003443374966721
9.4027712510347126	1.0003283409046222
9.4164445311744238	1.0003262727844644
9.4383633076041313	1.0003260976293331
9.4451721615251198	0.9831480390113195
9.4453314335251797	1.0105436399626297
9.4453713942869122	0.9961678090395829
9.4590138278295921	0.9975319806969061
9.4606275446542316	0.9996055569103163
9.4619575589782983	0.9999037280870940
9.5516054111150162	0.9999794371069326
9.5651645055264254	1.0000361547794647
9.5906653666805681	1.0000370923775135
9.5923167391787896	1.0000445385404018
