0.0000000000000000	0.0000000000000000
0.6540254170836605	0.0299999999999997
0.6542226588116470	0.0148030089161607
0.6552184098897377	0.0248030089161591
0.6552853786937545	0.0198003332817615
0.6556200457821156	0.0297172278827436
0.6561389753470667	0.0327002423364951
0.6564593559683951	0.0427002423364963
0.6568675902264823	0.0527002423364975
0.6572204063649801	0.0627002423364971
0.6575588585281674	0.0727002423364991
0.6578204188055182	0.0827002423365009
0.6580751139583967	0.0927002423364999
0.6582813980998996	0.1027002423364991
0.6584756697978397	0.1129702665701457
0.6586535486852800	0.1242672932271604
0.6588393031192424	0.1366940225498802
0.6590303920852262	0.1503634248048692
0.6592229445398755	0.1653997672853591
0.6594212214503198	0.1819397440138975
0.6596267735942211	0.2001337184152836
0.6598344696638360	0.2201470902568124
0.6600331351601540	0.2421617992824923
0.6602399709017257	0.2663779792107346
0.6604580354127537	0.2930157771318161
0.6606920158666642	0.3223173548449969
0.6609368238750918	0.3545490903295048
0.6611716413123179	0.3900039993624543
0.6614279209804269	0.4290043992986962
0.6617142375230577	0.4719048392285780
0.6620122573712613	0.5190953231514405
0.6623225851912449	0.5710048554665844
0.6627202331832278	0.6281053410132490
0.6631253617185305	0.6909158751145812
0.6636431997661166	0.7600074626260420
0.6643295232176274	0.8308596468476436
0.6651926770459384	0.8961782061411453
0.6663466408823313	0.9325820173250385
0.6671765261775831	0.9577642506175501
0.6682056271264690	0.9746481639727509
0.6691304720985530	0.9835452743823423
0.6693715050311090	0.9889335069150289
0.6703450440409598	0.9917355478480450
0.6724005518254985	0.9968185587456380
0.6734397367969055	0.9984226230992431
0.6779947149567677	0.9996516167277681
0.6787914188562603	0.9998077680999784
0.6911520278301250	0.9999577154570233
0.6924333327204816	0.9999813999820532
0.7015080856327501	0.9999951830950733
0.7038258410573446	0.9999976509009616
0.7102184342409711	0.9999993903648741
0.7129720548758675	0.9999996959864309
0.7201576927519566	0.9999999223133016
0.7229464601915552	0.9999999613251728
0.7309226714175117	0.9999999901329797
0.7334151879078122	0.9999999951356383
0.7418766396290728	0.9999999987607981
0.7441770190030451	0.9999999993959636
0.7528740700104898	0.9999999998460707
0.7551385196692507	0.9999999999253428
0.7637538218542995	0.9999999999808870
0.7658756551333996	0.9999999999907914
0.7744478907110067	0.9999999999976383
0.7766319753985145	0.9999999999988682
0.7851335979404900	0.9999999999997093
0.7873831610633364	0.9999999999998612
0.7957924826161635	0.9999999999999644
0.7980731977750879	0.9999999999999831
0.8065440071811727	0.9999999999999954
0.8085682496054152	0.9999999999999981
0.8178037861156362	0.9999999999999993
0.8200954527823029	0.9999999999999993
0.8709192761063244	0.7999999999999995
0.8709192761063244	0.9613275190832663
0.8737128377904766	0.9930991505448308
0.8767565270721118	0.9973520966968262
0.8910155240281313	0.9994927002231465
0.9058210360447553	0.9997930625433266
0.9151757343429092	0.9998309776060802
1.0017374292622832	0.9999519851615924
1.0222065730291205	0.9999831421643190
1.2008866853921669	1.0000308443074435
1.2325562050496188	1.0000390615415762
1.3604057914217051	1.0000412199610877
1.5360380872969730	1.0000947704324230
1.5711340246804895	1.0000956627299917
1.6760276973921078	1.0000958818851653
2.3657828710950031	1.0224019012055308
2.3661982453913155	1.0029453076051857
2.3787863126033337	1.0005607748493066
2.4338757268248554	1.0002636385252839
2.4601278769313262	1.0002229777116296
2.4929513053501728	1.0001216283212382
2.4941905032087552	1.0001085248842985
2.5166041810899387	1.0000605593886227
2.5218706739492793	1.0000325874168343
2.5271313467116712	1.0000289701237941
2.5387698103558929	1.0000274683534456
2.5809025523235274	1.0000272974830731
2.6244902616609576	1.0000272913206165
2.6681075257728071	1.0000272911014312
2.7117256460046102	1.0000272910936361
2.7529591663480666	0.9939616761607837
2.7529591663481612	0.9931473954803587
2.7567494314417460	0.9968921601715452
2.7917736374854898	0.9994083246183620
2.8412339034597904	0.9998382767302920
2.8415489463916344	0.9998945627234269
3.0303993334950676	0.9999657077819313
3.2160276975327005	0.9999898710271851
3.5670379983546097	0.9999968879654976
4.0947750129914988	0.9999991110517745
4.7683880425767740	0.9999997501008323
5.7171762262597570	1.0004923739388889
5.7208607798684534	1.0005648413317432
5.7411987419650750	1.0005757664639516
5.8151864165821339	1.0014902646038415
5.8820916379294541	1.0003483464098455
5.8845547082653527	0.9805784908194487
5.8863749354319133	0.9923675719081847
5.8950750301138077	0.9983768081535603
5.9025560878472607	0.9995409717064816
5.9740572742092724	0.9997350456075600
5.9854195611483325	0.9998013098768321
6.0000229802769702	0.9999967147487229
6.0216340708582301	1.0000234337637486
6.4044850427179654	1.0000326327599312
9.0130458461428820	1.0000054245160999
