0.0000000000000000	0.0000000000000000
0.6626333451244433	0.0299999999999993
0.6628730852269556	0.0130134094393891
0.6638247266408408	0.0230134094393880
0.6639571977486208	0.0173821542371697
0.6642863998482580	0.0227084932948914
0.6650884285569207	0.0280446543697404
0.6654582842090504	0.0380446543697398
0.6660083740757523	0.0480446543697408
0.6664754107761530	0.0580446543697396
0.6667489753353008	0.0680446543697390
0.6670270537927867	0.0780446543697385
0.6672638575014361	0.0880446543697395
0.6674500312381445	0.0980446543697369
0.6676426111842648	0.1080446543697343
0.6678356782100794	0.1188491198067100
0.6680164667635908	0.1307340317873853
0.6681847209808081	0.1438074349661282
0.6683573211844431	0.1581881784627448
0.6685451411301373	0.1740069963090145
0.6687393863189651	0.1914076959399177
0.6689376633880824	0.2105484655339157
0.6691454700765129	0.2316033120873046
0.6693611204823811	0.2547636432960428
0.6695798296098998	0.2802400076256382
0.6698013986061947	0.3082640083882035
0.6700229744865025	0.3390904092270279
0.6702718104732404	0.3729994501497388
0.6705311842072372	0.4102993951647187
0.6707997470017045	0.4513293346811919
0.6710673819442736	0.4964622681493189
0.6713935792693569	0.5461084949642510
0.6717528973744773	0.6007193444606673
0.6721069293502150	0.6607912789067397
0.6726329364141058	0.7268704067974139
0.6731649607868555	0.7984272759537447
0.6739495949360325	0.8782700035491092
0.6753427259491350	0.9398165136657253
0.6768639323515758	0.9659041208716436
0.6780545941811126	0.9815130237481650
0.6780814998064516	0.9870448136472844
0.6796887275831909	0.9927525211295877
0.6831852214792141	0.9979166898457678
0.6836876181534718	0.9985489874982286
0.6870652966959867	0.9992048487761560
0.6889347043823510	0.9993212247083131
0.6890212317079517	0.9998129219691421
0.6920890128724777	0.9999082698554610
0.7000268767613771	0.9999753763813566
0.7029449520385750	0.9999908752604603
0.7104840538369208	0.9999978344139594
0.7134159824756984	0.9999991160312928
0.7224589805377304	0.9999997741354586
0.7251234898520876	0.9999999062616900
0.7334508040875072	0.9999999753228646
0.7360960255292001	0.9999999896654116
0.7441939044952151	0.9999999971545236
0.7468835161368781	0.9999999987452536
0.7543046722643088	0.9999999996647153
0.7570813542472417	0.9999999998553448
0.7641727049872684	0.9999999999606927
0.7672693047388953	0.9999999999828427
0.7744961161066855	0.9999999999953164
0.7775875961836151	0.9999999999979384
0.7850289872307198	0.9999999999994363
0.7880304363007130	0.9999999999997506
0.7956127160530968	0.9999999999998773
0.7965577526518907	0.9999999999999342
0.7986933280196071	0.9999999999999722
0.8046091417709144	0.9999999999999855
0.8073959440438909	0.9999999999999923
0.8088015796926459	0.9999999999999967
0.8147496615980139	0.9999999999999982
0.8184886478331672	0.9999999999999991
0.8197211408303661	0.9999999999999997
0.8222887083979337	0.9999999999999999
0.8231602847806290	0.9999999999999998
0.8255513755000083	1.0005120656301911
0.8255565225395324	1.0325941769552609
0.8255879511907898	1.0357772579258908
0.8279034436377249	0.9784188640212289
0.8300856722605972	0.9993195562034189
0.8302316675098275	1.0065418359685585
0.8322374747884037	0.9696343595083468
0.8349322243188676	0.9979687438362471
0.8374800718374176	0.9923842010854523
0.8375949654193925	0.9944090198922428
0.8386680033173460	0.9978559885892049
0.8651534866363942	0.9995065428539492
0.9061392829764472	0.9998642798478121
0.9975660868726904	0.9999810974781388
1.0069332970343685	0.9999961203974973
1.0095929559584600	0.9999980604194766
1.0209154098131465	1.0000104005003847
1.1210030645735261	1.0002638649035107
1.1211199194430410	1.0002965721613051
1.1928532812270984	1.1470686943353623
1.1930383942352207	1.0175237505299746
1.1941329200327255	1.0044013443407258
1.2120926432035575	1.0011682220457769
1.2138478031218352	0.9972812700639840
1.2158326597219973	0.9962262761681522
1.2471742658599896	0.9982780668508924
1.2639520756992724	0.9994228747345771
1.3518696053536683	0.9997917571318859
1.3763425274168790	1.0010610105709006
1.4134663973997514	1.0002865468760640
1.5833642465063238	1.1459824311027125
1.5835293807376580	0.9960587519114783
1.5898666258578293	0.9985687004477163
1.6110423519037000	0.9998632664116065
1.6654128502584564	0.9999688847956605
1.6847209872367035	0.9999933937017097
1.7453879637632634	1.0000094103281387
1.7732448385259900	0.9987209908565428
1.7996042174229439	0.9998152451861438
1.8097641906200221	0.9999490311544910
1.9864777452734885	0.9999863824671710
2.0424545570082207	0.9999945439763945
2.3657719619482327	1.0002829614238307
2.3709720294060599	1.0084616371879931
2.3754926808220005	1.0020790419396592
2.4249205955145068	1.0003311418812106
2.4253937572788833	1.0000954882657569
2.4538057358901808	1.0000256321114258
2.5984610883600978	0.9989085930928653
2.6875569595469058	0.9996459199915981
2.7400816921791775	0.9999126952578808
3.2734065082194652	0.9999855988274657
3.4360364122851283	0.9999954931330012
4.5346797102360750	0.9999982166171676
4.6868533700782606	0.9999987942139752
6.0539502835761736	1.0000007760584304
6.0880561130172435	1.0000010459826396
7.6095883958879744	1.0000011270236309
