0.0000000000000000	0.0000000000000000
0.6572296496787353	0.0299999999999994
0.6574838383707630	0.0125863936833047
0.6583302519674098	0.0225863936833026
0.6585884834310434	0.0239740908716591
0.6592975193431411	0.0339740908716585
0.6599243370251382	0.0439740908716594
0.6604159669430815	0.0539740908716591
0.6607603248088634	0.0639740908716595
0.6610777646905872	0.0739740908716579
0.6613244022684518	0.0839740908716582
0.6615713837907846	0.0939740908716597
0.6617686403241221	0.1039740908716605
0.6619626476710354	0.1143714999588225
0.6621423463499396	0.1258086499547018
0.6623261289073346	0.1383895149501707
0.6625166181689199	0.1522284664451922
0.6627093994285728	0.1674513130897103
0.6629028690605084	0.1841964443986837
0.6631019280910947	0.2026160888385518
0.6633093494141593	0.2228776977224070
0.6635246280567335	0.2451654674946474
0.6637340289733618	0.2696820142441170
0.6639460646999822	0.2966502156685294
0.6641699178897701	0.3263152372353776
0.6644196199400079	0.3589467609589125
0.6646806663388313	0.3948414370548015
0.6649247707425422	0.4343255807602761
0.6651943155318136	0.4777581388363037
0.6655262571102769	0.5255339527199425
0.6658453559691619	0.5780873479919327
0.6661879410969413	0.6358960827911345
0.6666704781286507	0.6994856910702442
0.6671357371008503	0.7694342601772766
0.6679098803310646	0.8463776861950014
0.6689279703400304	0.9003013786754803
0.6698310032045947	0.9354192643970932
0.6707855652759207	0.9590019413095241
0.6716865437325068	0.9754992031224842
0.6727228057006266	0.9839233901994556
0.6728329943486275	0.9892327890664585
0.6738978513434901	0.9919253933079789
0.6757604109863100	0.9967359661316366
0.6774761386273309	0.9983736147955605
0.6790501110836724	0.9991341931654869
0.6801570969803992	0.9993175135901448
0.6825799121830032	0.9997495502170458
0.6837905287546200	0.9998051505083995
0.6886993525050391	0.9998618376101763
0.6900134816821297	0.9999066907058609
0.6914001952503583	0.9999662781991022
0.6937324859701732	0.9999821832137183
0.7009163194482363	0.9999951490874021
0.7040344415814522	0.9999975199598345
0.7118175457249191	0.9999993580564461
0.7145238227497422	0.9999996834006082
0.7230217328632049	0.9999999195707122
0.7255666927252494	0.9999999615166982
0.7345478158883999	0.9999999902290057
0.7370073924127619	0.9999999953937873
0.7458115717630966	0.9999999988243509
0.7482014277755963	0.9999999994506847
0.7568343728394794	0.9999999998585132
0.7592127475808726	0.9999999999339385
0.7675010402411770	0.9999999999829160
0.7699079565118228	0.9999999999920491
0.7780672160910764	0.9999999999979340
0.7804979576972403	0.9999999999990402
0.7885461742717190	0.9999999999997496
0.7910264412293022	0.9999999999998839
0.7990263001357746	0.9999999999999696
0.8015326737621483	0.9999999999999860
0.8094869597702983	0.9999999999999964
0.8124392686272248	0.9999999999999983
0.8206451521410986	0.9999999999999998
0.8225078972391378	0.9999999999999997
0.8255513755000073	1.0143464573367675
0.8314618738181980	0.6514771658694143
0.8314618738181980	0.8714125636641898
0.8316200325554752	1.0381157689449936
0.8316953639363278	0.9990279434608141
0.8434577852729529	0.9671987552643058
0.8461042614034363	0.9972191899505994
0.8494156034167666	0.9999502697858361
0.9605532934204631	0.9999769767154716
1.2007255047767009	1.0007281887435677
1.2007543763383226	1.0008248164396447
1.2382149628176669	0.9975797542328889
1.2740346688587443	0.9999678887403413
1.3723296731199672	1.1280376141764383
1.3725172285117806	0.9906581964828304
1.3737147150311535	0.9994373331102594
1.3878361050830563	1.0020460765765675
1.4180041539367694	1.0003687152322098
1.5130202047313108	0.9844230857528194
1.5131791171087801	1.0133349238155673
1.5131981364077183	0.9986972689979788
1.5263913633964594	1.0001045308538661
1.5397203969143101	1.0001533981154809
1.7426998544238719	0.9920037928932199
1.7461039079574510	0.9997687227272042
1.9623063072192024	0.9999643571065331
1.9813377416398925	1.0000124643731840
2.1856560808947232	1.0000162270254296
2.3656226889816945	1.0346457119205512
2.3658140999611956	1.0012644655551934
2.3700858008615060	1.0047433451941636
2.3711075160987951	0.9889982308788053
2.3714966072578743	0.9943636193106098
2.3733196950062370	1.0005725130972210
2.4637348802434413	1.0002570543353269
2.4966695148448443	1.0002180795413644
2.5233117198141937	1.0002083608550274
2.7529585816112294	0.6431115951794445
2.7529585816112294	0.8602581411035856
2.7531446059945779	0.9462839552138808
2.7547180882092102	0.9662154810960311
2.7553249099257822	0.9931232643599546
2.7572900082008491	0.9979691921727165
2.7756992820683832	0.9994947069433816
2.7949459072263356	0.9997986598050990
2.8281601179022191	0.9998424149103675
2.8354130768251804	0.9999364156490359
2.8642596480411555	0.9999737274052771
2.8748387049672468	0.9999791599867681
2.9190731674154531	0.9999792496899265
2.9405612202960976	0.9999888293426086
3.0487488270995171	0.9999936588213468
3.0580640310092426	0.9999943636448873
3.1017517946752768	0.9999943754023877
3.1453765568846457	0.9999943755987932
3.1640522397218560	0.9999955258850155
3.2160037105333181	0.9999965843939939
3.2162546298595740	0.9999982835548040
3.3421150615333581	0.9999983542971713
3.3803024692722321	0.9999985830717377
3.3990467092198706	0.9999986164548235
3.4117047251096144	0.9999986560369338
3.4373525043224089	0.9999991493602580
3.4885846395572000	0.9999991669095981
3.5399147921284269	0.9999992385552048
3.5430388920028020	0.9999992490132318
3.5453932681499358	0.9999992615506090
3.5711659698045342	0.9999996173545207
3.5738493451962121	0.9999997225115903
3.6067495412460513	0.9999997382089978
3.6197316979453524	0.9999997425844970
3.7327618973539964	0.9999997426765469
3.7867952255731026	0.9999997432540216
3.7941763613860133	0.9999997433428365
3.7958549311709229	0.9999997434400930
4.0947755395350649	0.9999998701139357
4.0982635287939289	0.9999998888815350
4.1174137763007588	0.9999998941367264
4.1443107108611770	0.9999998949165977
4.1559642260679652	0.9999998951346561
4.2652585023766507	0.9999998951390844
4.2950827291195166	0.9999998951678430
4.3014625046563575	0.9999998951721959
4.3041613171486661	0.9999998951770291
4.6868539237060913	0.9999999238412043
4.6870049181295306	0.9999999275469525
4.7087343878102645	0.9999999296485380
4.7149340394515002	0.9999999299201885
4.7417057328543617	0.9999999299598410
4.7669768145050737	0.9999999300716714
4.7684013746096507	0.9999999623280800
4.7709694104870088	0.9999999718182845
4.7818597655404771	0.9999999730449852
4.7938441247534618	0.9999999735980577
4.8382764277494132	0.9999999736695474
4.8578882117277820	0.9999999737016492
5.0180762972124651	0.9999999737057986
5.0386905816223466	0.9999999737079778
5.5166428783596313	0.9999999737082593
5.5442077387556994	0.9999999737083007
5.5644968519601115	0.9999999737084152
5.7171762272533959	1.0000248280537583
5.7196721393537917	1.0000285165704450
5.7199969225909353	1.0000326773794206
5.7215063638236785	1.0000375498569127
5.7396304230567008	1.0000382916742085
5.7451688958556897	1.0000390337437570
5.7634812239144173	1.0000392418051249
5.7920821570014240	1.0000392727104328
5.8050961803370820	1.0000392813457071
5.8151865048824005	1.0000913574186545
5.8177070779454993	1.0000990626405766
5.8374243369619219	1.0001012041998234
5.8598601344782555	1.0001015218290368
5.8726324537791195	1.0001016102221052
5.8866604637972237	1.0001016411560291
5.9545887697146602	1.0001016422562876
6.0885531426273340	1.0001016556870497
6.1369247483381208	1.0001016561647564
6.2135984299461482	1.0000277390971286
7.2128001510099438	0.9929624602541735
7.2133974279957132	0.9908501273288490
7.2167988023662755	0.9987610617101605
7.2281891080598832	0.9998325779300582
7.2948436702710451	0.9999589829237119
7.3833757020429145	0.9999941114015211
7.7984535712760117	0.9999985245150910
8.0537581972981638	1.0000004460000420
8.7455867142904573	1.0000019391729724
