0.0000000000000000	0.0000000000000000
0.6768024816857170	0.0299999999999999
0.6770566703777446	0.0125863936833035
0.6779030839743916	0.0225863936833048
0.6781613154380252	0.0239740908716582
0.6788703513501227	0.0339740908716589
0.6794971690321200	0.0439740908716609
0.6799887989500633	0.0539740908716604
0.6803331568158452	0.0639740908716619
0.6806505966975690	0.0739740908716605
0.6808972342754336	0.0839740908716600
0.6811442157977663	0.0939740908716571
0.6813414723311038	0.1039740908716583
0.6815354796780172	0.1143714999588289
0.6817151783569215	0.1258086499547101
0.6818989609143165	0.1383895149501821
0.6820894501759017	0.1522284664451961
0.6822822314355546	0.1674513130897125
0.6824757010674902	0.1841964443986875
0.6826747600980765	0.2026160888385588
0.6828821814211411	0.2228776977224158
0.6830974600637153	0.2451654674946644
0.6833068609803437	0.2696820142441327
0.6835188967069641	0.2966502156685469
0.6837427498967520	0.3263152372354036
0.6839924519469897	0.3589467609589345
0.6842534983458133	0.3948414370548275
0.6844976027495242	0.4343255807603078
0.6847671475387955	0.4777581388363383
0.6850990891172587	0.5255339527199606
0.6854181879761441	0.5780873479919534
0.6857607731039231	0.6358960827911370
0.6862433101356328	0.6994856910702534
0.6867085691078320	0.7694342601772871
0.6874827123380464	0.8463776861950250
0.6885008023470123	0.9003013786755431
0.6894038352115778	0.9354192643971588
0.6903583972829073	0.9590019413095281
0.6912593757394876	0.9754992031224758
0.6922956377076054	0.9839233901994535
0.6924058263556089	0.9892327890664575
0.6934706833504737	0.9919253933079748
0.6953332429932886	0.9967359661316352
0.6970489706343107	0.9983736147955604
0.6986229430906558	0.9991341931654867
0.6997299289873825	0.9993175135901446
0.7021527441899860	0.9997495502170461
0.7033633607615966	0.9998051505083994
0.7082721845120206	0.9998618376101763
0.7095863136891108	0.9999066907058609
0.7109730272573366	0.9999662781991024
0.7133053179771816	0.9999821832137186
0.7204891514553083	0.9999951490874018
0.7236072735888580	0.9999975199598347
0.7313903777321786	0.9999993580564461
0.7340966547564876	0.9999996834006082
0.7425945648724560	0.9999999195707122
0.7451395247234532	0.9999999615166981
0.7541206478530851	0.9999999902290057
0.7565802243857828	0.9999999953937869
0.7653844029270396	0.9999999988243509
0.7677742597643797	0.9999999994506847
0.7764072047722970	0.9999999998585134
0.7787855815068395	0.9999999999339384
0.7870738573971678	0.9999999999829160
0.7894808233635833	0.9999999999920492
0.7976400652189114	0.9999999999979344
0.8000710898147215	0.9999999999990403
0.8081223108106950	0.9999999999997496
0.8106007595475676	0.9999999999998839
0.8185918107735252	0.9999999999999696
0.8211008217625363	0.9999999999999860
0.8255513755036139	1.0000021122629106
0.8280447000261884	1.0000033240454640
0.8301505874637919	1.0000040812979594
0.8409967593199290	1.0000041981508758
0.8438693779969731	1.0000043045210110
0.8476350760499094	1.0000044013203917
0.8639838710083612	1.0000044379360911
0.8718633826527480	1.0000044426689123
0.8753469535302879	1.0000044484712411
0.8770740860146935	1.0000044492212317
0.8900903239931551	1.0000044494985727
0.8977113649228112	1.0000044495344209
0.9129943884139472	1.0000044495464959
0.9213604520501366	1.0000044495484921
0.9331282532301398	1.0000044495487896
0.9342044290048336	1.0000044497231710
0.9358893268687621	1.0000044497682437
0.9442473075149255	1.0000044497783633
0.9472478079359720	1.0000044497866221
0.9593630788249070	1.0000044497885621
0.9699422947221570	1.0000044497893177
0.9780354483220131	1.0000044497894807
0.9860493246518697	1.0002039508991252
0.9860493246540534	1.0002297050320796
1.0078854044190815	1.0002340097793427
1.0079387129224773	1.0002378802137346
1.0086513218442401	1.0002383802396675
1.0368624411566369	1.0002386196991226
1.0724175677337546	1.0002386236362202
1.0817035864239832	1.0002386247194401
1.1048374447008740	1.0002386248594248
1.1077476064126270	0.9841307667947812
1.1079032820357322	0.9835646517605271
1.1083531630586041	1.0022450942249532
1.1133414802442478	1.0022617621279171
1.1320428957651174	0.6449710959174185
1.1320428957651174	0.8618518841047340
1.1321996605972526	0.9480370725152464
1.1329299626692786	0.9893038505780121
1.1365460573293027	0.9988541329391785
1.1426038691134064	0.9997517797598389
1.2293208216580642	1.0000050843072241
1.2405253305989856	1.0000383954624523
1.3510512114010342	0.9916464388085514
1.3545694758856204	0.9991513239632622
1.3683720276414120	0.9997640231058074
1.4204163341559515	0.9999302302980267
1.4398270865614922	0.9999517722034227
1.6318083542397936	0.9999840042911581
1.6523164735890843	1.0000004769420354
1.6597866723709358	1.0000026044323289
1.8165021652751066	1.0000323810892320
1.8703205723122751	1.0000369501153163
1.8891421361747485	1.0000376168591085
2.2313693119813078	1.0000382932867429
3.6529686522650135	0.9965079134081037
3.6576781351636121	0.9988699569764298
3.6695200430474486	0.9997123789429263
3.6929066752758004	0.9998182549155675
3.8638315333480935	0.9999566998002644
3.8881859142459110	0.9999865400027660
3.9075591113653441	0.9999908848230862
4.6304170584220445	0.9999981722763595
4.7150676824620517	0.9999996805943288
4.7316578824808033	0.9999998755388513
6.0178019229136108	1.0000096877288598
6.0456614158722051	1.0000110095427486
6.0671630661434088	1.0000111803923821
6.4385936145594922	1.0000116808186723
6.4721055807570806	1.0000117925244529
6.4944714197391109	1.0000118069632320
7.5923364254663683	1.0000118109370921
7.6154656605390461	1.0000118114507455
