0.0000000000000000	0.0000000000000000
0.6832904011608921	0.0300000000000003
0.6835300297556024	0.0092328792606531
0.6849130772496935	0.0199776686159665
0.6860663782158167	0.0358595664567573
0.6867674905045690	0.0552892153390637
0.6875137632705275	0.0789880651833736
0.6877091234617630	0.0889880651833750
0.6880550885339349	0.0989880651833729
0.6882977550997889	0.1089880651833732
0.6884932555887765	0.1198868717017092
0.6886832067710288	0.1318755588718822
0.6888801820189678	0.1450631147590667
0.6890771498727408	0.1595694262349731
0.6892740084389340	0.1755263688584717
0.6894755528698192	0.1930790057443182
0.6896786892733158	0.2123869063187556
0.6898896866586791	0.2336255969506330
0.6901066507524216	0.2569881566457021
0.6903164191172931	0.2826869723102788
0.6905378678395963	0.3109556695413134
0.6907663765019615	0.3420512364954466
0.6910177195698560	0.3762563601449981
0.6912786010708513	0.4138819961594939
0.6915397845509569	0.4552701957754513
0.6918212365260910	0.5007972153529947
0.6921603067375721	0.5508769368882898
0.6924973395582334	0.6059646305771125
0.6928929754298319	0.6665610936348123
0.6933837721555900	0.7332172029983000
0.6939072979838597	0.8065389232981385
0.6948289784035344	0.8666006721991211
0.6955589893546327	0.9183023057313002
0.6969610042563017	0.9647349262212633
0.6976274261880928	0.9679319173396232
0.6992615595901733	0.9833736299939715
0.6993866623366907	0.9900596605185997
0.7024201807920838	0.9946619873439518
0.7027580534861996	0.9964792582275881
0.7033884349086074	0.9982876983396857
0.7085079138965741	0.9996387338266977
0.7085940637149333	0.9998106906765901
0.7170088390419809	0.9999478220376944
0.7195997087683852	0.9999716103992042
0.7206026971795685	0.9999830944626262
0.7278118894289015	0.9999958695706462
0.7300568858438719	0.9999985277950000
0.7387504931508098	0.9999995991267109
0.7420318125442253	0.9999998484961891
0.7500624503621014	0.9999999574323299
0.7530236360626216	0.9999999835496608
0.7608820830108073	0.9999999952584279
0.7637667365112255	0.9999999979158549
0.7707290512506779	0.9999999989970437
0.7720118748727457	0.9999999994381402
0.7738775056461950	0.9999999997644010
0.7793795369529264	0.9999999998829595
0.7823631579350983	0.9999999999345203
0.7837455498524077	0.9999999999719017
0.7894843825665214	0.9999999999856095
0.7934564129658905	0.9999999999921734
0.7940689141938734	0.9999999999965996
0.8000113622624797	0.9999999999982221
0.8044062118305277	0.9999999999990542
0.8046016461184482	0.9999999999995859
0.8106539326458269	0.9999999999997805
0.8153144744321285	0.9999999999999358
0.8161316033998152	0.9999999999999560
0.8224678263803462	0.9999999999999695
0.8241171267673663	0.9999999999999744
0.8255513760294317	1.0000000060720395
0.8280456824234098	1.0000000122287653
0.8317857121356218	1.0000000167414653
0.8365144537377026	1.0000000174273607
0.8379416362245725	1.0000000180849040
0.8398148401315739	1.0000000187010738
0.8422094287791855	1.0000000192710625
0.8450940124686100	1.0000000197929741
0.8488621713424606	1.0000000202688455
0.8588201850173852	1.0000000428704092
0.8588709224333513	1.0000000457918794
0.8754654700293414	1.0000000464302083
0.8796897625712701	1.0000000468903465
0.8810930272124513	1.0000000475858353
0.8812921493873375	1.0000000480665789
0.8821233375200568	1.0000000496953489
0.8823368455586011	1.0000000499680242
0.8836765131571187	1.0000000506726083
0.8841744696526830	1.0000000512119758
0.8851311502112014	1.0000000519758829
0.8855215071302724	1.0000000521584342
0.8980243707513385	1.0000000522086774
0.8982115886910208	1.0000000522233039
0.9033677575090833	1.0000000523217178
0.9038407252677527	1.0000000523344388
0.9140746495221679	1.0000000523662234
0.9141349589883475	1.0000000523703316
0.9293637455366743	1.0000000523710937
0.9309218297873999	1.0000000523713097
0.9316936853504955	1.0000000523752592
0.9318479103034601	1.0000000523757699
0.9363758185454671	1.0000000523763510
0.9374438914286731	1.0000000523766865
0.9378200898544139	1.0000000523777552
0.9387052417397148	1.0000000523778931
0.9459925455157553	1.0000000523780515
0.9495217763467446	1.0000000523780888
0.9523933086554951	1.0000000523781316
0.9541477958778543	1.0000000523782344
0.9597254723474202	1.0000000523782659
0.9600249326131740	1.0000000523782890
0.9654963948606458	1.0000000523783108
0.9658181698519415	1.0000000523783135
0.9712432396892273	1.0000000523783208
0.9736146380668966	1.0000000523783221
0.9747579238966576	1.0000000523783261
0.9768286327276909	1.0000000523783279
0.9796642800447921	1.0000000523783295
0.9819119598486620	1.0000000523783301
0.9843700170964712	1.0000000523783301
0.9860493246512992	1.1000000576161630
0.9864393704173831	1.0147199657694441
0.9884023988840268	0.9846763489021959
0.9907312319014243	1.0051989686270171
0.9954871139721811	1.0022708770367645
0.9968394270961646	0.9528443964212616
0.9980677897599950	0.9848623417252883
0.9992528820866978	0.9954411019438555
1.0008723394805299	0.9990298983072590
1.0227774340503484	0.9997136305448179
1.0351866585813376	1.0000091305307299
1.0621224608641913	1.0000355642346304
1.0884345483236122	1.0000359984631144
1.2897272802117561	1.0007290469899028
1.3664183551518581	0.6405774778378240
1.3664183551518581	0.8809150636949761
1.3665800447525573	0.9728988669111618
1.3665839263480173	0.9934450676385409
1.3741123168233911	0.9992328554205175
1.3919313228603243	0.9997278662854850
1.4371624981964948	0.9999635237869030
1.4540330119459990	0.9999937978385215
1.4726309015036450	0.9999976948249703
1.5923212816882748	1.0000021516818491
1.6425354949447126	1.0000032260851612
1.6646641257238999	1.0000033649538123
1.7469326637059082	1.0512286501139168
1.7471258917148453	1.0051601717697958
1.7492138169570575	1.0071450620142268
1.7508337741519082	0.9909510872421702
1.7512393507574628	0.9958636713780737
1.7534707035539117	1.0009110826045864
1.8011391584462475	1.0005357683579488
1.8032199528243027	0.9926361942961134
1.8068149196871917	0.9999791576648552
1.8381467324868812	1.0003510202272379
1.8959979044093687	0.9998971191612408
2.1263828969275411	1.0000959108544452
2.1345934904912856	1.0000274369568529
2.8421515178777925	0.9804324468457477
2.8476307245712986	0.9965049019858022
2.8520993125284395	0.9988773926293005
2.8915441696593382	0.9993710818437980
2.9007817497799602	0.9995054103541998
2.9166158880497921	0.9999131111786238
2.9297169459915100	0.9999656807101261
3.0028766804184395	0.9999856483887702
3.0159498820055783	0.9999882283965447
3.0250912384411279	0.9999885618254143
3.2878912912641631	0.9999983016008908
3.2903080743855306	0.9999996999343778
3.4198958679601676	1.0000000847623540
3.4624050240101889	1.0000001345040335
3.7589355588904292	1.0000001790368847
3.7760679133700674	1.0000001847931785
3.7813512615172273	1.0000001855372347
5.7959757962927334	1.0000001864860741
5.8402444458392937	1.0000003760914271
5.8408872410917470	1.0000004007223546
5.8524662714892877	1.0046229023587003
5.8524662955639748	1.0052028437073306
5.8725882193000096	1.0007130850232919
5.9278352699160735	1.0001769599365065
6.0684426965911813	0.9928989551568185
6.0686067225607783	0.9909773620135199
6.0722082785726750	0.9987639446350284
6.1542324961263235	0.9998442863258794
6.2217028525051346	0.9999718195034210
6.2383895399817479	0.9999879864333319
7.0566729389912748	1.0000073120972812
