0.0000000000000000	0.0000000000000000
0.7017790091384067	0.0300000000000003
0.7020187492409191	0.0130134094393883
0.7029703906548043	0.0230134094393884
0.7031028617625843	0.0173821542371686
0.7034320638622212	0.0227084932948895
0.7042340925708840	0.0280446543697377
0.7046039482230138	0.0380446543697372
0.7051540380897157	0.0480446543697384
0.7056210747901164	0.0580446543697373
0.7058946393492641	0.0680446543697378
0.7061727178067501	0.0780446543697355
0.7064095215153995	0.0880446543697350
0.7065956952521079	0.0980446543697329
0.7067882751982282	0.1080446543697301
0.7069813422240427	0.1188491198067053
0.7071621307775542	0.1307340317873788
0.7073303849947713	0.1438074349661121
0.7075029851984063	0.1581881784627210
0.7076908051441005	0.1740069963089979
0.7078850503329284	0.1914076959398993
0.7080833274020456	0.2105484655338940
0.7082911340904762	0.2316033120872808
0.7085067844963443	0.2547636432960154
0.7087254936238631	0.2802400076256151
0.7089470626201579	0.3082640083881737
0.7091686385004656	0.3390904092269827
0.7094174744872034	0.3729994501496725
0.7096768482212001	0.4102993951646485
0.7099454110156674	0.4513293346811072
0.7102130459582364	0.4964622681492168
0.7105392432833196	0.5461084949641298
0.7108985613884400	0.6007193444605381
0.7112525933641776	0.6607912789065981
0.7117786004280682	0.7268704067972634
0.7123106248008174	0.7984272759536956
0.7130952589499956	0.8782700035490709
0.7144883899630978	0.9398165136657080
0.7160095963655387	0.9659041208716320
0.7172002581950748	0.9815130237481615
0.7172271638204144	0.9870448136472822
0.7188343915971548	0.9927525211295878
0.7223308854931791	0.9979166898457674
0.7228332821674369	0.9985489874982283
0.7262109607099488	0.9992048487761560
0.7280803683963228	0.9993212247083129
0.7281668957219136	0.9998129219691417
0.7312346768864384	0.9999082698554609
0.7391725407753160	0.9999753763813567
0.7420906160525608	0.9999908752604602
0.7496297178508726	0.9999978344139596
0.7525616464893606	0.9999991160312928
0.7616046445522798	0.9999997741354584
0.7642691538660286	0.9999999062616900
0.7725964680924454	0.9999999753228643
0.7752416895384311	0.9999999896654118
0.7833395686472600	0.9999999971545234
0.7860291804931162	0.9999999987452535
0.7934503348859924	0.9999999996647155
0.7962270166014260	0.9999999998553448
0.8033183754358706	0.9999999999606929
0.8064149547273611	0.9999999999828427
0.8136418161760773	0.9999999999953166
0.8167333936979199	0.9999999999979382
0.8241737937826936	0.9999999999994368
0.8271756539204480	0.9999999999997504
0.8347578725775460	0.9999999999998773
0.8357046856751795	0.9999999999999342
0.8374248467022715	0.9999999999999736
0.8409152934806741	0.9999999999999853
0.8413498184658608	0.9999999999999921
0.8436849568897039	0.9999999999999990
0.8463498189990711	1.0000000000000080
0.8477607537433394	1.0000000000000098
0.8558735379410497	1.0000000000000104
0.8579647771159608	1.0000000000000115
0.8587584279096124	1.0354838709677543
0.8591484735981554	1.0095864121046021
0.8689822047100937	0.6469417301545596
0.8689822047100937	0.8581216941543026
0.8691361412735010	0.9439338635697410
0.8695500847352636	0.9631796294037349
0.8708077552803580	0.9875802733752048
0.8724740579175079	0.9983931976033174
0.8735828943870430	0.9994366369637513
0.9016486948914385	0.9999756477580301
0.9078974951408506	1.0000799928225361
0.9166996244995869	1.0000933862865138
0.9348323002329376	1.0001027642949001
0.9389118117117586	1.0001039734456671
0.9611443990995000	1.0001041275026659
1.1495369186896476	0.9835690250155082
1.1496925349947404	0.9832538354860406
1.1501427675593705	1.0022296273705251
1.1549228763048560	1.0022505865886069
1.1747788790475562	0.6450131175714182
1.1747788790475562	0.8641443593673594
1.1749365958040372	0.9505587953040765
1.1756078938300512	0.9972494888902081
1.1888320946239495	1.0003650407680877
1.2314267567751038	0.9773593930677096
1.2316591374476724	0.9972469676646574
1.2388633991658746	0.9994015991150187
1.2792284556013134	0.9998855720171289
1.3014210941599671	0.9999695155043208
1.3367045889656131	0.9999817705284755
1.4330907091377936	0.9999941652610798
1.4556509584022592	0.9999957671781653
1.5272539230234266	0.9999962032767621
1.6321512328770029	1.0205270732618370
1.6358848608286460	0.6564222660851886
1.6358848608286460	0.8965146022986776
1.6360513197230129	0.9857606602321756
1.6384200775644866	0.9999552653201392
1.6387519688019445	1.0008230954690271
1.7553635507312391	0.6430835292136502
1.7553635507312391	0.8627601168698470
1.7555207761136273	0.9462040514827637
1.7561025464285041	0.9970376754619145
1.7703604705426672	1.0002281015745398
1.9235114772984216	1.0118309512472181
1.9237596319875703	0.9989948842223619
1.9411122445022455	0.9999947814937133
1.9559119332360286	1.0000285659369568
3.1901102223650928	0.6536576917029044
3.1901102223650928	0.8928060059402956
3.1902803018612667	0.9745335043530210
3.1918515676658337	0.9980126482795485
3.1932534101795462	0.9995995933500034
3.2378374237552308	0.9999116336012562
3.3964377443237517	1.0000051345713776
3.4267393042341219	1.0000066065900712
3.8118867496967019	1.0000234115458679
3.8695161499998032	1.0000265408628100
3.9668421793378830	1.0000278278673793
4.1182760126026965	1.0000281967855702
4.3053366019760304	1.0000454111995760
4.3306622292352195	1.0000479177744297
4.3619741877144529	1.0000482832493547
4.3872038348498350	1.0073929830374098
4.3908711493567987	0.9951261198691911
4.3938744770078921	0.9939254983959973
4.3942176156936821	1.0001367294707244
4.7256414767235109	0.6408909767068451
4.7256414767235109	0.8767384759183615
4.7258024518752944	0.9673706583918711
4.7270140964736047	0.9974047888937563
4.7271514606482397	0.9989746802588343
4.7577036697425710	0.9998760655281953
4.7901873888642061	0.9999529067730982
4.8642171032815158	0.9999952625655276
4.8792011462193425	1.0000001332947304
5.2092414936222937	1.0000023725576124
5.2163437600145839	1.0000026611608823
6.6103980651944951	1.0000027812616499
6.6174465244110694	1.0000027967825373
