0.0000000000000000	0.0000000000000000
0.7283301158496663	0.0300000000000006
0.7285677047374720	0.0097467580400503
0.7298963724439281	0.0240249998693564
0.7312270810847792	0.0420213521075329
0.7319802617637771	0.0627113841698052
0.7320997737541716	0.0692922220288882
0.7325075581072988	0.0792922220288862
0.7328209522414735	0.0892922220288877
0.7330491504313836	0.0992922220288867
0.7332558662177120	0.1092922220288884
0.7334434285165974	0.1202214442317772
0.7336342424511106	0.1322435886549551
0.7338288215127197	0.1454679475204542
0.7340210206404066	0.1600147422724969
0.7342144752985510	0.1760162164997420
0.7344165925280371	0.1936178381497093
0.7346150226259693	0.2129796219646819
0.7348147546496034	0.2342775841611520
0.7350196298188455	0.2577053425772642
0.7352316974245569	0.2834758768349821
0.7354620809921233	0.3118234645184711
0.7356904224852924	0.3430058109703221
0.7359276659335902	0.3773063920673528
0.7361795767078794	0.4150370312740896
0.7364648076429754	0.4565407344015000
0.7367416125291449	0.5021948078416560
0.7370516124489394	0.5524142886258130
0.7374210180837147	0.6076557174883861
0.7377910797259134	0.6684212892372265
0.7382954595095285	0.7352634181609435
0.7389019276981242	0.8087897599770379
0.7397498393725128	0.8760759627628487
0.7407168245821428	0.9161862764551891
0.7416058205189180	0.9458957055396484
0.7423066183401569	0.9664636892460474
0.7423852483197458	0.9727303896529710
0.7443247878769955	0.9909096760999659
0.7468114532369153	0.9967328304442172
0.7492533716659483	0.9983972977216176
0.7544977719362145	0.9993782308186124
0.7548805483468508	0.9996929966653694
0.7592329029219044	0.9998794525743747
0.7605439091089800	0.9999656639318824
0.7628893469394995	0.9999819328504342
0.7734840085878493	0.9999955466634389
0.7752427936913966	0.9999978701731400
0.7858301598275467	0.9999994714226419
0.7878609284974749	0.9999997423594040
0.7962035830239353	0.9999999357487120
0.7985595825204010	0.9999999661558214
0.8059787518319874	0.9999999915056167
0.8078613852927385	0.9999999955995240
0.8161669101162359	0.9999999988964567
0.8181655026596650	0.9999999994303218
0.8265325424963668	0.9999999998508979
0.8279526833524933	0.9999999999248539
0.8362562779981803	0.9999999999804225
0.8382256416965980	0.9999999999901065
0.8460980794009508	0.9999999999974252
0.8482872853717597	0.9999999999986914
0.8558585274443907	0.9999999999996596
0.8581879101859993	0.9999999999998261
0.8588253225563721	1.0000000000067444
0.8612788748533969	1.0000000000120939
0.8627094118105330	1.0000000000195979
0.8659056407380756	1.0000000000270370
0.8711162900794555	1.0000000000281704
0.8717990028935586	1.0000000000292801
0.8724302232899981	1.0000000000303837
0.8732212837491874	1.0000000000314790
0.8740976515041535	1.0000000000324187
0.8750010906085709	1.0000000000337186
0.8765272811806682	1.0000000000347748
0.8790624275823449	1.0000000000357954
0.8816254523865007	1.0000000000367311
0.8835341635310041	1.0000000000376015
0.9091196237724579	1.0000726640316449
0.9091196239179830	1.0000820522134506
0.9309334642820999	1.0000836564204416
0.9309533329047558	1.0000850753061374
0.9317778316966955	1.0000867319684474
0.9321431969810792	1.0000869460676585
0.9517195306882603	1.0000869779419936
0.9520677456781038	1.0000869867137936
0.9595808666199827	1.0000869885311510
0.9599197905717396	1.0000870460748048
0.9600603758896326	1.0000870541114990
0.9801249967057055	1.0000870552119430
0.9801566920295028	1.0000870555259418
0.9802253504166111	1.0000870567469891
0.9807277228851767	1.0000870569814413
1.0032807816941025	1.0000870570549214
1.0034790065194170	1.0000870570647256
1.0193393331976390	1.0000870570674869
1.0211793831970186	1.0000870570680478
1.0291953038133694	1.0000891187536511
1.0291953039012922	1.0000893851182400
1.0327979786015646	1.0000909044651702
1.0386962431755382	1.0007439039600270
1.0386970906809931	1.0008279426238431
1.0582801021723303	0.9966630318441186
1.0679545090509575	1.0000276748520700
1.1660922711334480	1.0001220627407559
1.2836267143783717	0.9823100187496434
1.2837823908181780	0.9817493289395205
1.2842320771148166	0.9771434745979704
1.2876386262119790	0.9990178386609618
1.2986012841074399	0.9999463123406103
1.5474438777790362	1.0000506192922134
1.6062931644195717	0.9914406521459574
1.6078550634553832	1.0000140794372896
1.9967619649882620	0.9975146923085889
2.0154395455196226	0.9994786430428068
2.0448000197615035	0.9998697777445059
2.1130849132399665	0.9999164361970401
2.2285779221001674	0.9999713442009299
2.2715480072686480	0.9999917100682972
2.2791574166138182	0.9999943408189228
2.3144177035768800	0.9999976949329606
2.9410178051138804	0.9999985182258363
2.9513734652724395	0.9999986246403866
3.3328549062412858	1.0000371277144202
3.3558560814483864	1.0000421006051001
3.3584158700826432	1.0000427431574064
3.4016248636752238	1.0000435545402027
3.4602145674427955	1.0000008208701698
4.5610042512028528	1.0000145420893283
6.4784159725164230	1.0077441574138279
6.4790845535299919	1.0018187384305703
6.5469086145148490	1.0053302343703434
6.5472845952618046	0.9998852296826996
6.5555320121814464	0.9996198381768783
6.8181935719366313	0.9999506123145931
6.8292134535723861	0.9975786221641713
6.8405717858708748	0.9995245994896566
6.9140386700786376	0.9998865707525167
7.0259676722104931	0.9999734195678984
7.3675006344542942	0.9999901114461406
7.3763039179514323	0.9999922667883286
7.7112565961118813	0.9999973812399142
8.4044250967161158	0.9999979201404555
8.5161616814905301	0.9999993673853018
8.6546230817337193	0.9999995926307672
9.1762071841389918	0.9999998367477260
