0.0000000000000000	1.0000000000000000
0.2338222679251986	0.9604000000000000
0.2338222679251986	0.9849211531360546
0.2339823705044907	0.9947703646674146
0.2346946454229126	0.9999272839697370
0.4006203859790322	1.0000373049432967
0.4120587967172126	0.9999564085672177
1.3027112067298863	0.9995224536372906
1.3141717592505957	0.9998676795825754
1.3668341804649622	0.9993039666688922
1.3730722194978688	0.9998621027179012
1.3990783226260433	0.9999285720112455
1.4757504575531055	0.9999383742420213
1.5024948762860062	0.9999397634091375
1.5143534724939536	0.9999399746915333
1.5305245661940254	0.9999400066152186
1.5445061891166580	0.9999431626727580
1.5470225166529590	0.9999435706502701
1.5578241824928314	0.9999436908960904
1.5673891778855478	0.9999437064378414
1.5720970812254655	0.9999437632756597
1.5750503618824239	0.9999437706233344
1.5866271693000620	0.9999437729831229
1.5923832848785264	0.9999437744574042
1.6002982221896629	0.9999437746479913
1.6197076658118044	0.9999437747351226
1.6266682287259662	0.9999437747463866
1.6371653588043888	0.9999437747516030
1.6440366511017237	0.9999437747522775
1.6551111641566818	0.9999437747525909
1.6619628902186723	0.9999437747526315
1.6696125770052295	0.9999437747526562
1.6749572683235110	0.9999437747526596
1.6816902933024704	0.9999437747526617
1.6863117154213394	0.9999437747526622
1.6923289357258235	0.9999437747526622
