0.0000000000000000	1.0000000000000000
0.0001922557890190	0.9604000000000000
0.0003582102982832	0.9411920000000000
0.0003582102983832	0.9411919999890257
0.0003582102984832	0.9411919999780515
0.0004947045214936	0.9223681599784904
0.0004947045215936	0.9223681599665765
0.0004947045216936	0.9223681599546626
0.0004947045217936	0.9223681599427487
0.0004947045218936	0.9223681599308348
0.0004947045219936	0.9223681599189208
0.0004947045220936	0.9223681599070069
0.0004947045221936	0.9223681598950930
0.0004947045222936	0.9223681598831791
0.0004947045223936	0.9223681598712652
0.0004947045224936	0.9223681598593513
0.0004947045225936	0.9223681598474374
0.0004947045226936	0.9223681598355234
0.0004947045227936	0.9223681598236095
0.0004947045228936	0.9223681598116957
0.0006153943059427	0.9039207966154618
0.0006153943060427	0.9039207966014775
0.0006153943061427	0.9039207965874932
0.0007342012962723	0.8858423806557434
0.0008643234583089	0.8681255330426285
0.0008643234584089	0.8681255330314166
0.0008643234585089	0.8681255330202047
0.0009911972338738	0.8507630223598006
0.0011325759392640	0.8337477619126046
0.0011325759393640	0.8337477619032986
0.0012951045626698	0.8170728066652326
0.0014741082338545	0.8007313505319280
0.0016683882158255	0.7847167235212894
0.0016683882159255	0.7847167235150203
0.0018842132778874	0.7690223890447199
0.0018842132779874	0.7690223890390933
0.0021251567234450	0.7536419412583114
0.0023933606707586	0.7385691024331452
0.0027239075432875	0.7296639009949336
0.0029316430021384	0.7216579230920832
0.0031348608789163	0.7072247646302415
0.0031348608790163	0.7072247646294045
0.0031704580997630	0.7113844652764851
0.0034729181874413	0.6971567759709554
0.0034729181875413	0.6971567759706330
0.0035230796806012	0.7015970041642999
0.0038666441549646	0.6875650640810139
0.0038666441550646	0.6885627939207498
0.0039103550509871	0.6964523018231209
0.0040884478612929	0.6901747749994277
0.0043862451485478	0.6763712794994391
0.0043862451486478	0.6796950380222332
0.0044694539405734	0.6824443824138149
0.0049350448702534	0.6761768513969478
0.0054687601143626	0.6676887220097359
0.0054693525639795	0.6715878682075883
0.0058438879530976	0.6665656488360778
0.0065834109046450	0.6628705617609303
0.0077319331259557	0.6593071015498249
0.0077445157900671	0.6561651629086309
0.0089858265808094	0.6539677019891513
0.0117438634837402	0.6532690238018936
0.0160559365193057	0.6526770841144137
0.0180151319589009	0.6524812316504318
0.0217427428063962	0.6523392597455155
0.0240256548774786	0.6522913219215694
0.0258759149188197	0.6522779192963610
0.0275465294100997	0.6522515754027719
0.0285040165665836	0.6522445872146999
0.0356036868118904	0.6522355621743826
0.0369340742975827	0.6522322858982278
0.0396996749040467	0.6522296389153623
0.0424254461822004	0.6522287490222017
0.0461916588142375	0.6522281024384629
0.0529368220265644	0.6522039379277387
0.0529727994398516	0.6521935601208154
0.0543396889325543	0.6521908068880009
0.0614385253786877	0.6521869647223802
0.0636998533736717	0.6521859455150392
0.0673613547470666	0.6521855077953422
0.3170748680971536	0.6522046332008818
0.7951829431695862	0.6522189493232128
0.7951829434044656	0.6522227462434379
0.8513987353760349	0.6522256139066648
0.8514213246832044	0.6522263744828110
0.8652247342930540	0.6522268977088955
0.8657616222640951	0.6522270633708366
0.8738346723572409	0.6522271822587402
0.8752248952855497	0.6522272213347969
0.8826812046898931	0.6522272495978638
0.8846149706846085	0.6522272587689242
0.8922068926025940	0.6522272653847002
0.8941870476881956	0.6522272675281758
0.9017957265027980	0.6522272690739364
0.9037738457393871	0.6522272695746626
0.9113840578090074	0.6522272699357460
0.9133607471577044	0.6522272700527110
0.9209709866289567	0.6522272701370563
0.9229473627671309	0.6522272701643779
0.9305575049373757	0.6522272701840802
0.9325338620385470	0.6522272701904622
0.9401441560435908	0.6522272701950645
0.9406965563733392	0.6522276135395390
0.9406965761701290	0.6522277609869740
0.9433848290156810	0.6522278765446355
0.9472100509681900	0.6522280207214878
0.9496733915757180	0.6522280589609557
0.9582286713537055	0.6522281036777258
0.9588123570447311	0.6522281155377865
0.9672715400360282	0.6522281272495889
0.9699679572103904	0.6522281303558662
0.9769140130904534	0.6522281331125365
0.9783770165259016	0.6522281340316740
0.9862623999433960	0.6522281346639779
0.9887800121938900	0.6522281348630764
0.9971793351545660	0.6522281350000427
0.9994785060481867	0.6522281350431703
1.0021506827847033	0.6522281350799433
1.0033260083534283	0.6522281351142557
1.0040761841109904	0.6522281351400554
1.0067431650858760	0.6522281351511348
1.0090562161210006	0.6522281351598185
1.0224178247245912	0.6522281351675926
1.0252729116007129	0.6522281351698921
1.0339110605252864	0.6522281351714743
1.0359270474076681	0.6522281351719722
1.0430573409010733	0.6522281351723729
1.0449131697235412	0.6522281351725037
1.0525400917486640	0.6522281351725984
1.0548468342332917	0.6522281351726285
1.0626013476858516	0.6522281351726501
1.0647510440170365	0.6522281351726571
1.0725013475607466	0.6522281351726619
1.0744967479936469	0.6522281351726635
1.0814804008297814	0.6522281351726649
1.0853455324087287	0.6522281351726653
1.0896298066022772	0.6522281351726655
1.1008868088508132	0.6532598544730166
1.1120802145519151	0.6529062282465076
1.1249590519849679	0.6526747192453601
1.1288400870091719	0.6523987288484252
1.1295440531215961	0.6523254998538588
1.1361159502845544	0.6522751177496446
1.1361800880509669	0.6522544694845230
1.1395669970008044	0.6522389285189977
1.1419792324395630	0.6522337713308685
1.1459498382255442	0.6522300339069927
1.1484836190173675	0.6522288197816929
1.1526288226829910	0.6522279437340728
1.1550710017464021	0.6522276598607459
1.1592372000448024	0.6522274551405063
1.1616569304476956	0.6522273888233431
1.1658256616108740	0.6522273410005949
1.1682404308657788	0.6522273255094396
1.1724094678145023	0.6522273143385172
1.1748233221270468	0.6522273107199519
1.1789923957613579	0.6522273081105483
1.1814060875810888	0.6522273072652923
1.1855751674525910	0.6522273066557650
1.1879888300029529	0.6522273064583225
1.1921579070527233	0.6522273063159438
1.1945715728213124	0.6522273062698235
1.1987406628519988	0.6522273062365654
1.2011542963741280	0.6522273062257924
1.2053234418777925	0.6522273062180236
1.2077371777289301	0.6522273062155072
1.2119061944132909	0.6522273062136926
1.2143192210872238	0.6522273062131045
1.2184860828272683	0.6522273062126809
1.2209044837411032	0.6522273062125435
1.2250680268080043	0.6522273062124444
1.2275074964724915	0.6522273062124124
1.2317059325811290	0.6522273062123892
1.2340695870397278	0.6522273062123819
1.2382377503539042	0.6522273062123765
1.2407760528830871	0.6522273062123746
1.2452467259526714	0.6509887909287070
1.2452467259536650	0.6504627913246039
1.2518880002916164	0.6513099449217761
1.2543270248887746	0.6517022639754574
1.2660250366736785	0.6517935975035074
1.2698590565724823	0.6520014162797290
1.2702638378747835	0.6521015768605214
1.2781016601257220	0.6521742542798196
1.2801239988223536	0.6521978679879020
1.2877483537447807	0.6522149067818404
1.2897466130652324	0.6522204279731213
1.2973593930150353	0.6522244096629037
1.3007984342847629	0.6522254656952742
1.3063667239630685	0.6522259191977506
1.3113566884510004	0.6522260394756255
1.3194358089585214	0.6522260911280019
1.3246979067368085	0.6522261048274383
1.3332177578612896	0.6522261107105596
1.3385274405865675	0.6522261122709255
1.3471245506712228	0.6522261129410137
1.3524425799578250	0.6522261131187397
1.3610532451719835	0.6522261131950629
1.3663727633943950	0.6522261132153059
1.3749856935313987	0.6522261132239993
1.3803060524268398	0.6522261132263047
1.3889202684945809	0.6522261132272948
1.3942414910749314	0.6522261132275575
1.4028409846286372	0.6522261132276700
1.4081343337122569	0.6522261132277001
1.4129500058545532	0.6522265020631207
1.4129500061445039	0.6522266689092807
1.4173478139258413	0.6522267130351023
1.4244693923395209	0.6522267319907419
1.4296283808103114	0.6522267370182686
1.4379802745713699	0.6522267391773017
1.4432718584774713	0.6522267397499363
1.4518394885589627	0.6522267399958498
1.4745691632116333	0.6522269902153770
1.4746172761175351	0.6522270587314725
1.4825707030662074	0.6522271063725120
1.4836026465731318	0.6522271234480270
1.4903846424950762	0.6522271353988627
1.4926267814148060	0.6522271392020500
1.5003605902104635	0.6522271419343917
1.5015271801235421	0.6522271429177070
1.5082868308250097	0.6522271438130002
1.5085936578063375	0.6522271440504561
1.5149944429064413	0.6522271443267174
1.5152967282472896	0.6522271443999894
1.5200558232289345	0.6522271444911150
1.5217144615486524	0.6522271445231677
1.5248122288482304	0.6522271445369325
1.5266339594358036	0.6522271445477208
1.5340683667551303	0.6522271445729179
1.5349352807226180	0.6522271445796007
1.5417174295080927	0.6522271445867547
1.5422310225397058	0.6522271445886522
1.5445648002640944	0.6522271447920758
1.5458950466296151	0.6522271448460256
1.5473364638473734	0.6522271449862145
1.5475544399545331	0.6522271450695859
1.5507470723280654	0.6522271450916982
1.5572267049539663	0.6522271451892193
1.5588976394488359	0.6522271452150843
1.5621406371943771	0.6522271452420164
1.5621940833037922	0.6522271452646897
1.5667235256382648	0.6522271452707034
1.5710336242868974	0.6522271452929047
1.5717259847163014	0.6522271452987930
1.5772013856649472	0.6522271453065559
1.5774034768274257	0.6522271453124184
1.5792221359784457	0.6522271453177521
1.5814235562944718	0.6522271453200426
1.5839431972376288	0.6522271453218379
1.5910075814833327	0.6522271453246696
1.5932358084433140	0.6522271453254205
1.5940525769939964	0.6522271453260272
1.5955962760293982	0.6522271453266105
1.6017508074771516	0.6522271453272508
1.6026841854811267	0.6522271453275351
1.6109060553115742	0.6522271453277310
1.6118592675475945	0.6522271453278293
1.6166995959473283	0.6522271453279275
1.6170528674233893	0.6522271453279692
1.6221420219122620	0.6522271453280094
1.6248164820583402	0.6522271453280201
1.6317370520174228	0.6522271453280352
1.6324736977786685	0.6522271453280392
1.6363938986715256	0.6522271453280407
1.6377584991672851	0.6522271453280424
1.6440984994394978	0.6522271453280457
1.6456688045963228	0.6522271453280465
1.6518203750480267	0.6522271453280474
1.6575021932298448	0.6522271453280476
1.6634190130827859	0.6522286008135528
9.2726043786815335	0.6522276794633425
