0.0000000000000000	0.0000000000000000
0.0028182280231822	0.0000300000000000
0.0031566985936379	0.0000400000000000
0.0033064900885100	0.0000500000000000
0.0034035264365344	0.0000600000000000
0.0034817031150544	0.0000700000000000
0.0035534990310453	0.0000800000000000
0.0036196009436041	0.0000900000000000
0.0036807210783784	0.0001000000000000
0.0037374957790795	0.0001100000000000
0.0037901717552144	0.0001200000000000
0.0038376955193018	0.0001300000000000
0.0038828092831768	0.0001400000000000
0.0039257170802822	0.0001500000000000
0.0039655703518928	0.0001600000000000
0.0040033766910288	0.0001700000000000
0.0040395733588864	0.0001800000000000
0.0040734215938513	0.0001900000000000
0.0041062129152784	0.0002000000000000
0.0041376664604507	0.0002100000000000
0.0041676267794373	0.0002200000000000
0.0041967269922124	0.0002300000000000
0.0042246824043079	0.0002400000000000
0.0042516282571564	0.0002500000000000
0.0042779326576118	0.0002600000000000
0.0043032079227994	0.0002700000000000
0.0043277586055154	0.0002800000000000
0.0043518122316290	0.0002900000000000
0.0043749541026005	0.0003000000000000
0.0043975589398425	0.0003100000000000
0.0044197523219271	0.0003200000000000
0.0044411477605475	0.0003300000000000
0.0044621342237081	0.0003400000000000
0.0044827606303224	0.0003500000000000
0.0045026720686378	0.0003600000000000
0.0045222787379850	0.0003700000000000
0.0045415023031246	0.0003800000000000
0.0045601688533591	0.0003900000000000
0.0045785863320255	0.0004000000000000
0.0045966050767850	0.0004100000000000
0.0046142003966523	0.0004200000000000
0.0046315780439711	0.0004300000000000
0.0046485524702965	0.0004400000000000
0.0046652229844637	0.0004500000000000
0.0046816949399103	0.0004600000000000
0.0046977317666519	0.0004700000000000
0.0047135739518536	0.0004800000000000
0.0047291882107951	0.0004900000000000
0.0047444564897816	0.0005000000000000
0.0047595747466523	0.0005100000000000
0.0047744235571263	0.0005200000000000
0.0047890156667742	0.0005300000000000
0.0048034658471851	0.0005400000000000
0.0048176163765909	0.0005500000000000
0.0048316122944627	0.0005600000000000
0.0048454172554617	0.0005700000000000
0.0048590005368775	0.0005800000000000
0.0048724252192671	0.0005900000000000
0.0048856559564195	0.0006000000000000
0.0048986936947234	0.0006100000000000
0.0049116499293045	0.0006200000000000
0.0049243156274604	0.0006300000000000
0.0049369254401030	0.0006400000000000
0.0049493206728757	0.0006500000000000
0.0049615733098766	0.0006600000000000
0.0049737305406156	0.0006700000000000
0.0049856641433711	0.0006800000000000
0.0049975181648200	0.0006900000000000
0.0050092432045298	0.0007000000000000
0.0050207766746529	0.0007100000000000
0.0050322508703353	0.0007200000000000
0.0050435727454707	0.0007300000000000
0.0050547529873565	0.0007400000000000
0.0050658504206091	0.0007500000000000
0.0050767853435585	0.0007600000000000
0.0050876624416059	0.0007700000000000
0.0050984128833382	0.0007800000000000
0.0051090258058329	0.0007900000000000
0.0051195740623682	0.0008000000000000
0.0051299632589307	0.0008100000000000
0.0051402978924968	0.0008200000000000
0.0051505251224776	0.0008300000000000
0.0051606470562339	0.0008400000000000
0.0051707158018028	0.0008500000000000
0.0051806343726725	0.0008600000000000
0.0051904996791851	0.0008700000000000
0.0052002695045979	0.0008800000000000
0.0052099380294464	0.0008900000000000
0.0052195573047900	0.0009000000000000
0.0052290426606461	0.0009100000000000
0.0052384752429311	0.0009200000000000
0.0052478227695819	0.0009300000000000
0.0052570769670773	0.0009400000000000
0.0052662877565756	0.0009500000000000
0.0052753772944033	0.0009600000000000
0.0052844213077569	0.0009700000000000
0.0052933897299234	0.0009800000000000
0.0053022742435713	0.0009900000000000
0.0053111212083818	0.0010000000000000
0.0053198579063712	0.0010100000000000
0.0053285572619759	0.0010201000000000
0.0053372739121319	0.0010303010000000
0.0053460052545481	0.0010406040100000
0.0053547852461596	0.0010510100501000
0.0053635369475846	0.0010615201506010
0.0053723308602433	0.0010721353521070
0.0053811267503868	0.0010828567056281
0.0053899563412973	0.0010936852726844
0.0053988109050743	0.0011046221254112
0.0054076775825407	0.0011156683466653
0.0054165860639832	0.0011268250301320
0.0054254917769747	0.0011380932804333
0.0054344528537964	0.0011494742132376
0.0054433996081447	0.0011609689553700
0.0054523806584778	0.0011725786449237
0.0054613529439811	0.0011843044313729
0.0054703731592334	0.0011961474756867
0.0054793951896448	0.0012081089504435
0.0054884595376053	0.0012201900399480
0.0054975297394534	0.0012323919403474
0.0055066398844431	0.0012447158597509
0.0055157556864972	0.0012571630183484
0.0055249134507518	0.0012697346485319
0.0055340745095610	0.0012824319950172
0.0055432554196016	0.0012952563149674
0.0055524344323737	0.0013082088781171
0.0055616636355658	0.0013212909668983
0.0055708897561516	0.0013345038765672
0.0055801608468841	0.0013478489153329
0.0055894401119778	0.0013613274044862
0.0055987512009370	0.0013749406785311
0.0056080853820964	0.0013886900853164
0.0056174368406412	0.0014025769861696
0.0056268271122426	0.0014166027560313
0.0056361916755148	0.0014307687835916
0.0056455980155062	0.0014450764714275
0.0056550193343526	0.0014595272361418
0.0056644658098650	0.0014741225085032
0.0056739486748615	0.0014888637335882
0.0056834339885125	0.0015037523709241
0.0056929567418825	0.0015187898946333
0.0057025026644658	0.0015339777935797
0.0057120637806582	0.0015493175715155
0.0057216599954474	0.0015648107472306
0.0057312481200358	0.0015804588547029
0.0057408555384583	0.0015962634432500
0.0057504969810852	0.0016122260776825
0.0057601565816141	0.0016283483384593
0.0057698371554622	0.0016446318218439
0.0057795503084491	0.0016610781400623
0.0057892867002282	0.0016776889214629
0.0057990376906758	0.0016944658106776
0.0058088196605209	0.0017114104687843
0.0058186313640690	0.0017285245734722
0.0058284365549930	0.0017458098192069
0.0058382593573550	0.0017632679173990
0.0058481119777867	0.0017809005965730
0.0058579935636975	0.0017987096025387
0.0058678895668129	0.0018166966985641
0.0058778121517922	0.0018348636655497
0.0058877628259871	0.0018532123022052
0.0058977407311567	0.0018717444252273
0.0059077421279149	0.0018904618694796
0.0059177607808481	0.0019093664881743
0.0059277954281512	0.0019284601530561
0.0059378393681642	0.0019477447545867
0.0059479099324653	0.0019672222021325
0.0059580071462003	0.0019868944241538
0.0059681266586432	0.0020067633683954
0.0059782679771817	0.0020268310020793
0.0059884359002707	0.0020470993121001
0.0059986303414385	0.0020675703052211
0.0060088499438292	0.0020882460082733
0.0060190948712560	0.0021091284683561
0.0060293648198823	0.0021302197530396
0.0060396332760666	0.0021515219505700
0.0060499245566210	0.0021730371700757
0.0060602411437544	0.0021947675417765
0.0060705832671403	0.0022167152171943
0.0060809490360155	0.0022388823693662
0.0060913404950279	0.0022612711930599
0.0061017580065061	0.0022838839049905
0.0061122015214257	0.0023067227440404
0.0061226704400796	0.0023297899714808
0.0061331646477532	0.0023530878711956
0.0061436750769556	0.0023766187499075
0.0061541899344073	0.0024003849374066
0.0061647289416540	0.0024243887867807
0.0061752936783109	0.0024486326746485
0.0061858842425004	0.0024731190013950
0.0061965010052263	0.0024978501914089
0.0062071439339096	0.0025228286933230
0.0062178131929150	0.0025480569802562
0.0062285087678857	0.0025735375500588
0.0062392306555794	0.0025992729255594
0.0062499780935857	0.0026252656548150
0.0062607343123284	0.0026515183113631
0.0062715030470190	0.0026780334944768
0.0062822939335659	0.0027048138294215
0.0062931107609891	0.0027318619677157
0.0063039540670533	0.0027591805873929
0.0063148238612867	0.0027867723932668
0.0063257203076882	0.0028146401171995
0.0063366434548821	0.0028427865183715
0.0063475934195524	0.0028712143835552
0.0063585702412471	0.0028999265273908
0.0063695736161829	0.0029289257926647
0.0063805823995558	0.0029582150505913
0.0063916027004056	0.0029877972010972
0.0064026496113448	0.0030176751731082
0.0064137231817975	0.0030478519248393
0.0064248235685692	0.0030783304440877
0.0064359507786700	0.0031091137485285
0.0064471050152346	0.0031402048860138
0.0064582862343561	0.0031716069348740
0.0064694946576947	0.0032033230042227
0.0064807302469626	0.0032353562342649
0.0064919931504720	0.0032677097966076
0.0065032594211957	0.0033003868945737
0.0065145397423926	0.0033333907635194
0.0065258468809522	0.0033667246711546
0.0065371810274116	0.0034003919178661
0.0065485421885311	0.0034343958370448
0.0065599304751351	0.0034687397954153
0.0065713460294846	0.0035034271933694
0.0065827888284622	0.0035384614653031
0.0065942590347516	0.0035738460799561
0.0066057567180228	0.0036095845407557
0.0066172790162144	0.0036456803861632
0.0066288156750351	0.0036821371900249
0.0066403584354063	0.0037189585619251
0.0066519291308774	0.0037561481475444
0.0066635269934222	0.0037937096290198
0.0066751520745712	0.0038316467253100
0.0066868045002312	0.0038699631925631
0.0066984843542872	0.0039086628244888
0.0067101916512620	0.0039477494527336
0.0067219265087429	0.0039872269472610
0.0067336886536348	0.0040270992167336
0.0067454737959286	0.0040673702089009
0.0067572867026046	0.0041080439109899
0.0067690980941613	0.0041491243500998
0.0067809337426383	0.0041906155936008
0.0067927978651979	0.0042325217495368
0.0068046894695885	0.0042748469670322
0.0068166085481845	0.0043175954367025
0.0068285551863692	0.0043607713910696
0.0068405293928854	0.0044043791049803
0.0068525312515898	0.0044484228960301
0.0068645589350363	0.0044929071249904
0.0068766111063593	0.0045378361962403
0.0068886911531921	0.0045832145582027
0.0069007926437066	0.0046290467037847
0.0069128947499521	0.0046753371708225
0.0069250254698296	0.0047220905425308
0.0069371848509999	0.0047693114479561
0.0069493726122317	0.0048170045624356
0.0069615879554940	0.0048651746080600
0.0069738309586921	0.0049138263541406
0.0069861016852593	0.0049629646176820
0.0069983977907074	0.0050125942638588
0.0070107187001528	0.0050627202064974
0.0070230674934713	0.0051133474085624
0.0070354442359563	0.0051644808826480
0.0070478400291882	0.0052161256914745
0.0070602386751637	0.0052682869483892
0.0070726660407886	0.0053209698178731
0.0070851221618910	0.0053741795160519
0.0070976070732735	0.0054279213112124
0.0071101203540907	0.0054822005243245
0.0071226613017990	0.0055370225295677
0.0071352282497307	0.0055923927548634
0.0071478191115994	0.0056483166824121
0.0071604378168382	0.0057047998492362
0.0071730844256298	0.0057618478477285
0.0071857590005678	0.0058194663262058
0.0071984592651789	0.0058776609894679
0.0072111552799667	0.0059364375993626
0.0072238800482182	0.0059958019753562
0.0072366335796167	0.0060557599951097
0.0072494159057312	0.0061163175950608
0.0072622270585571	0.0061774807710115
0.0072750668164548	0.0062392555787216
0.0072879286017047	0.0063016481345088
0.0073008178823860	0.0063646646158539
0.0073137349558481	0.0064283112620124
0.0073266798756393	0.0064925943746325
0.0073396526971492	0.0065575203183789
0.0073526534765692	0.0066230955215626
0.0073656616756656	0.0066893264767783
0.0073786837994202	0.0067562197415460
0.0073917346424209	0.0068237819389615
0.0074048142296002	0.0068920197583511
0.0074179225861238	0.0069609399559346
0.0074310574754550	0.0070305493554940
0.0074442173793677	0.0071008548490489
0.0074574051396850	0.0071718633975394
0.0074706205261669	0.0072435820315148
0.0074838636322415	0.0073160178518300
0.0074971344934984	0.0073891780303483
0.0075104331421932	0.0074630698106517
0.0075237596298506	0.0075377005087583
0.0075370858321266	0.0076130775138458
0.0075504333094576	0.0076892082889843
0.0075638094166423	0.0077661003718741
0.0075772141717180	0.0078437613755929
0.0075906443625789	0.0079221989893488
0.0076041002126380	0.0080014209792423
0.0076175847466707	0.0080814351890347
0.0076310979543063	0.0081622495409251
0.0076446385630580	0.0082438720363343
0.0076582066628114	0.0083263107566976
0.0076718023287168	0.0084095738642646
0.0076854256057961	0.0084936696029073
0.0076990765402899	0.0085786062989363
0.0077127312216022	0.0086643923619257
0.0077264024260296	0.0087510362855450
0.0077401020914129	0.0088385466484004
0.0077538279320597	0.0089269321148844
0.0077675781230584	0.0090162014360333
0.0077813567907745	0.0091063634503936
0.0077951639426481	0.0091974270848975
0.0078089995801771	0.0092894013557465
0.0078228636819302	0.0093822953693040
0.0078367549590390	0.0094761183229970
0.0078506735173968	0.0095708795062270
0.0078646194152606	0.0096665883012893
0.0078785926941893	0.0097632541843021
0.0078925865931735	0.0098608867261452
0.0079065790065931	0.0099594955934066
0.0079205996333403	0.0100590905493407
0.0079346428102845	0.0101596814548341
0.0079487132689177	0.0102612782693824
0.0079628119128733	0.0103638910520763
0.0079769387575110	0.0104675299625970
0.0079910938229876	0.0105722052622230
0.0080052771314389	0.0106779273148452
0.0080194887038663	0.0107847065879937
0.0080337274446877	0.0108925536538736
0.0080479931522627	0.0110014791904123
0.0080622858666620	0.0111114939823165
0.0080766056281062	0.0112226089221396
0.0080909406635004	0.0113348350113610
0.0081052787710852	0.0114481833614746
0.0081196380898163	0.0115626651950894
0.0081340251672972	0.0116782918470403
0.0081484400987418	0.0117950747655107
0.0081628829011319	0.0119130255131658
0.0081773535935844	0.0120321557682974
0.0081918521946531	0.0121524773259804
0.0082063787228346	0.0122740020992402
0.0082209331969314	0.0123967421202326
0.0082355151368509	0.0125207095414349
0.0082501236108370	0.0126459166368493
0.0082647586622536	0.0127723758032178
0.0082794203363619	0.0129000995612500
0.0082941062003636	0.0130291005568625
0.0083087800469003	0.0131593915624311
0.0083234793126383	0.0132909854780554
0.0083382060434227	0.0134238953328360
0.0083529602566414	0.0135581342861643
0.0083677419699717	0.0136937156290260
0.0083825512017174	0.0138306527853162
0.0083973879711533	0.0139689593131694
0.0084122522988630	0.0141086489063011
0.0084271442070989	0.0142497353953641
0.0084420636516138	0.0143922327493177
0.0084570095961046	0.0145361550768109
0.0084719816097323	0.0146815166275790
0.0084869797516004	0.0148283317938548
0.0085020040589803	0.0149766151117934
0.0085170326522160	0.0151263812629113
0.0085320659697059	0.0152776450755404
0.0085471263321869	0.0154304215262958
0.0085622137604335	0.0155847257415588
0.0085773282774586	0.0157405729989744
0.0085924699086359	0.0158979787289641
0.0086076386818321	0.0160569585162537
0.0086228346275976	0.0162175281014163
0.0086380577143324	0.0163797033824304
0.0086533079045046	0.0165435004162547
0.0086685851666801	0.0167089354204173
0.0086838880137164	0.0168760247746215
0.0086992164167464	0.0170447850223677
0.0087145704326418	0.0172152328725913
0.0087299448725933	0.0173873852013172
0.0087453295492029	0.0175612590533304
0.0087607167901489	0.0177368716438637
0.0087761306781034	0.0179142403603023
0.0087915712515543	0.0180933827639054
0.0088070385480453	0.0182743165915444
0.0088225326046824	0.0184570597574599
0.0088380533824698	0.0186416303550345
0.0088536008454843	0.0188280466585848
0.0088691749664314	0.0190163271251706
0.0088847757269032	0.0192064903964223
0.0089004027130658	0.0193985553003866
0.0089160546752044	0.0195925408533904
0.0089317317170890	0.0197884662619243
0.0089474339405120	0.0199863509245436
0.0089631543015836	0.0201862144337890
0.0089788997569100	0.0203880765781269
0.0089946342365220	0.0205919573439082
0.0090103937400758	0.0207978769173473
0.0090261795762869	0.0210058556865207
0.0090419917119419	0.0212159142433859
0.0090578301255303	0.0214280733858198
0.0090736948069053	0.0216423541196780
0.0090895857532591	0.0218587776608748
0.0091055029671476	0.0220773654374835
0.0091214464447049	0.0222981390918584
0.0091374149778030	0.0225211204827769
0.0091534081067680	0.0227463316876047
0.0091694259622736	0.0229737950044807
0.0091854686747300	0.0232035329545256
0.0092015313836277	0.0234355682840708
0.0092176164642248	0.0236699239669115
0.0092337156673814	0.0239066232065807
0.0092498125994136	0.0241456894386465
0.0092659354625436	0.0243871463330329
0.0092820842625821	0.0246310177963632
0.0092982590144179	0.0248773279743269
0.0093144597423940	0.0251261012540702
0.0093306864806026	0.0253773622666109
0.0093469392691844	0.0256311358892770
0.0093632173741732	0.0258874472481697
0.0093795197333122	0.0261463217206514
0.0093958464445192	0.0264077849378579
0.0094121975720317	0.0266718627872365
0.0094285731883734	0.0269385814151089
0.0094449733749174	0.0272079672292599
0.0094613921081181	0.0274800469015526
0.0094778339872469	0.0277548473705681
0.0094942842218405	0.0280323958442737
0.0095107365066463	0.0283127198027165
0.0095272146311203	0.0285958470007436
0.0095437186532418	0.0288818054707511
0.0095602485899308	0.0291706235254586
0.0095768044020558	0.0294623297607132
0.0095933853303792	0.0297569530583203
0.0096099901762389	0.0300545225889035
0.0096266190378373	0.0303550678147926
0.0096432720443050	0.0306586184929405
0.0096599493289858	0.0309652046778699
0.0096766510303507	0.0312748567246486
0.0096933772930127	0.0315876052918951
0.0097101282688208	0.0319034813448140
0.0097269008957486	0.0322225161582622
0.0097436935643148	0.0325447413198448
0.0097604893191249	0.0328701887330432
0.0097772908516978	0.0331988906203737
0.0097941182331012	0.0335308795265774
0.0098109714913877	0.0338661883218432
0.0098278488728845	0.0342048502050616
0.0098447501854521	0.0345468987071122
0.0098616756248994	0.0348923676941833
0.0098786253534795	0.0352412913711252
0.0098955995137246	0.0355937042848364
0.0099125981704128	0.0359496413276848
0.0099296214067199	0.0363091377409616
0.0099466693247626	0.0366722291183712
0.0099637420451535	0.0370389514095549
0.0099808396962642	0.0374093409236505
0.0099979624159405	0.0377834343328870
0.0100151059186076	0.0381612686762159
0.0100322365528867	0.0385428813629781
0.0100493819066485	0.0389283101766078
0.0100665514399023	0.0393175932783739
0.0100837452655123	0.0397107692111577
0.0101009635194026	0.0401078769032692
0.0101182063486018	0.0405089556723019
0.0101354739129304	0.0409140452290249
0.0101527663867369	0.0413231856813152
0.0101700839069143	0.0417364175381284
0.0101874266753753	0.0421537817135096
0.0102047947912318	0.0425753195306448
0.0102221883238277	0.0430010727259512
0.0102396063435436	0.0434310834532107
0.0102570475626716	0.0438653942877428
0.0102745122579149	0.0443040482306202
0.0102919898567041	0.0447470887129264
0.0103094550846862	0.0451945596000557
0.0103269396425245	0.0456465051960563
0.0103444495035364	0.0461029702480168
0.0103619848433841	0.0465639999504970
0.0103795457609239	0.0470296399500020
0.0103971323868626	0.0474999363495020
0.0104147448844666	0.0479749357129970
0.0104323834358945	0.0484546850701270
0.0104500465961906	0.0489392319208283
0.0104677335003134	0.0494286242400366
0.0104854445130637	0.0499229104824369
0.0105031799201493	0.0504221395872613
0.0105209399530346	0.0509263609831339
0.0105387248691447	0.0514356245929652
0.0105565219601169	0.0519499808388949
0.0105743088472875	0.0524694806472838
0.0105921222843775	0.0529941754537567
0.0106099625297684	0.0535241172082943
0.0106278218985206	0.0540593583803772
0.0106457063532162	0.0545999519641810
0.0106636151774951	0.0551459514838228
0.0106815486964628	0.0556974109986610
0.0106995072597404	0.0562543851086476
0.0107174912443407	0.0568169289597341
0.0107355010534936	0.0573850982493314
0.0107535371026943	0.0579589492318247
0.0107715996317485	0.0585385387241430
0.0107896888593840	0.0591239241113844
0.0108078050225544	0.0597151633524983
0.0108258949455001	0.0603123149860232
0.0108440108007311	0.0609154381358835
0.0108621521604534	0.0615245925172423
0.0108803195149919	0.0621398384424147
0.0108985133736891	0.0627612368268389
0.0109167340422008	0.0633888491951073
0.0109349760777379	0.0640227376870583
0.0109532418216050	0.0646629650639289
0.0109715354140107	0.0653095947145682
0.0109898572890363	0.0659626906617139
0.0110082056146401	0.0666223175683311
0.0110265795453409	0.0672885407440144
0.0110449795370034	0.0679614261514546
0.0110633869007825	0.0686410404129691
0.0110817841560101	0.0693274508170988
0.0111002097417152	0.0700207253252698
0.0111186641522892	0.0707209325785225
0.0111371478917561	0.0714281419043077
0.0111556612850678	0.0721424233233508
0.0111742046201018	0.0728638475565843
0.0111927743701476	0.0735924860321501
0.0112113711819826	0.0743284108924716
0.0112299957462076	0.0750716950013963
0.0112486408816926	0.0758224119514103
0.0112673125924292	0.0765806360709244
0.0112860138075995	0.0773464424316336
0.0113047094289677	0.0781199068559500
0.0113234081248360	0.0789011059245095
0.0113421388407816	0.0796901169837546
0.0113608980519676	0.0804870181535922
0.0113796862159255	0.0812918883351281
0.0113985040669759	0.0821048072184793
0.0114173521876321	0.0829258552906641
0.0114362312361442	0.0837551138435707
0.0114551419319683	0.0845926649820064
0.0114740850456514	0.0854385916318264
0.0114930597896620	0.0862929775481447
0.0115120634718195	0.0871559073236261
0.0115310592273212	0.0880274663968624
0.0115500493584102	0.0889077410608310
0.0115690670106691	0.0897968184714393
0.0115881175581280	0.0906947866561537
0.0116072019203981	0.0916017345227152
0.0116263206824574	0.0925177518679424
0.0116454743483429	0.0934429293866218
0.0116646586670992	0.0943773586804880
0.0116838747218765	0.0953211322672929
0.0117031236565539	0.0962743435899658
0.0117224064677610	0.0972370870258655
0.0117416963942837	0.0982094578961242
0.0117609730758109	0.0991915524750855
0.0117802870680903	0.1001834679998363
0.0117996381882330	0.1011853026798347
0.0118190227281625	0.1021971557066330
0.0118384390486619	0.1032191272636994
0.0118578811602786	0.1042513185363364
0.0118773598571369	0.1052938317216997
0.0118968762955992	0.1063467700389168
0.0119164317393863	0.1074102377393059
0.0119360229142816	0.1084843401166989
0.0119555735600301	0.1095691835178659
0.0119751556979092	0.1106648753530445
0.0119947759412768	0.1117715241065750
0.0120144356072610	0.1128892393476407
0.0120341361320696	0.1140181317411171
0.0120538785413226	0.1151583130585283
0.0120736606939102	0.1163098961891136
0.0120934805399807	0.1174729951510047
0.0121133393226865	0.1186477251025148
0.0121332125571800	0.1198342023535399
0.0121530483894771	0.1210325443770753
0.0121729284826471	0.1222428698208461
0.0121928540968029	0.1234652985190546
0.0122128222066579	0.1246999515042451
0.0122328315109972	0.1259469510192875
0.0122528839475603	0.1272064205294803
0.0122729809973342	0.1284784847347751
0.0122931242878862	0.1297632695821229
0.0123133084693349	0.1310609022779441
0.0123334447505887	0.1323715113007236
0.0123536252110889	0.1336952264137308
0.0123738516732702	0.1350321786778681
0.0123941128812651	0.1363825004646468
0.0124144202349721	0.1377463254692932
0.0124347791512813	0.1391237887239861
0.0124551862520908	0.1405150266112260
0.0124756402102398	0.1419201768773382
0.0124960907454360	0.1433393786461116
0.0125165350636054	0.1447727724325728
0.0125370331696515	0.1462205001568985
0.0125575872041084	0.1476827051584675
0.0125781949249383	0.1491595322100522
0.0125988533375092	0.1506511275321526
0.0126195650488425	0.1521576388074742
0.0126403195476862	0.1536792151955489
0.0126610677233425	0.1552160073475044
0.0126818111948614	0.1567681674209794
0.0127026129363606	0.1583358490951892
0.0127234702871659	0.1599192075861410
0.0127443863017409	0.1615183996620024
0.0127653636962454	0.1631335836586223
0.0127864050393764	0.1647649194952086
0.0128075052789488	0.1664125686901608
0.0128285432572634	0.1680766943770624
0.0128496353294026	0.1697574613208330
0.0128707810428188	0.1714550359340413
0.0128919850711715	0.1731695862933817
0.0129132580878497	0.1749012821563155
0.0129345935038137	0.1766502949778787
0.0129559952872228	0.1784167979276575
0.0129773487969887	0.1802009659069341
0.0129987475562581	0.1820029755660035
0.0130202225564286	0.1838230053216636
0.0130417677022249	0.1856612353748802
0.0130633841098849	0.1875178477286291
0.0130850655867574	0.1893930262059154
0.0131067932104932	0.1912869564679745
0.0131284585257344	0.1931998260326541
0.0131502031520416	0.1951318242929807
0.0131720246050546	0.1970831425359105
0.0131939268950053	0.1990539739612696
0.0132159143325404	0.2010445137008824
0.0132379858896740	0.2030549588378912
0.0132600141781547	0.2050855084262701
0.0132820813501916	0.2071363635105328
0.0133042099917336	0.2092077271456382
0.0133264313995356	0.2112998044170946
0.0133487443014995	0.2134128024612655
0.0133711446859727	0.2155469304858782
0.0133935132058990	0.2177023997907370
0.0134159177852589	0.2198794237886443
0.0134384248048717	0.2220782180265307
0.0134610304831987	0.2242990002067959
0.0134837189632217	0.2265419902088638
0.0135064917011060	0.2288074101109525
0.0135291843513694	0.2310954842120621
0.0135519731941424	0.2334064390541828
0.0135748663815131	0.2357405034447246
0.0135978669720352	0.2380979084791719
0.0136209816662384	0.2404788875639637
0.0136441171079161	0.2428836764396033
0.0136672306122130	0.2453125132039993
0.0136904403481958	0.2477656383360392
0.0137137702057089	0.2502432947193995
0.0137372278609616	0.2527457276665935
0.0137607651601284	0.2552731849432595
0.0137842382507733	0.2578259167926921
0.0138078393102059	0.2604041759606190
0.0138315685578385	0.2630082177202251
0.0138554047322641	0.2656382998974274
0.0138793351523522	0.2682946828964017
0.0139031884062354	0.2709776297253657
0.0139271867193595	0.2736874060226195
0.0139513392119619	0.2764242800828458
0.0139756351466937	0.2791885228836742
0.0139999777205746	0.2819804081125110
0.0140242601717593	0.2848002121936360
0.0140487077777011	0.2876482143155725
0.0140733164436038	0.2905246964587282
0.0140980852010037	0.2934299434233156
0.0141228249914584	0.2963642428575489
0.0141476421504820	0.2993278852861243
0.0141725915361491	0.3023211641389856
0.0141977134054305	0.3053443757803755
0.0142229534220024	0.3083978195381794
0.0142481334208885	0.3114817977335611
0.0142735127029839	0.3145966157108967
0.0142990691444299	0.3177425818680057
0.0143247804340240	0.3209200076866857
0.0143503871338789	0.3241292077635526
0.0143761808427914	0.3273704998411880
0.0144021807058827	0.3306442048395999
0.0144284031528620	0.3339506468879960
0.0144545309879003	0.3372901533568760
0.0144807835126591	0.3406630548904447
0.0145072620652726	0.3440696854393491
0.0145339853158313	0.3475103822937425
0.0145606665617304	0.3509854861166799
0.0145874646276997	0.3544953409778467
0.0146144756869723	0.3580402943876251
0.0146417586721906	0.3616206973315014
0.0146689547864537	0.3652369043048163
0.0146963662919867	0.3688892733478644
0.0147240031205858	0.3725781660813430
0.0147518786781846	0.3763039477421564
0.0147796313268056	0.3800669872195780
0.0148076897728718	0.3838676570917739
0.0148360541124669	0.3877063336626917
0.0148644661735135	0.3915833969993187
0.0148929239243620	0.3954992309693118
0.0149217109857391	0.3994542232790049
0.0149508502503267	0.4034487655117948
0.0149798338939806	0.4074832531669127
0.0150090861911813	0.4115580856985818
0.0150387023921231	0.4156736665555675
0.0150685054732355	0.4198304032211231
0.0150982806823618	0.4240287072533342
0.0151284300134255	0.4282689943258675
0.0151589960342462	0.4325516842691263
0.0151893903778916	0.4368772011118175
0.0152201584286674	0.4412459731229356
0.0152513396719913	0.4456584328541650
0.0152825300329516	0.4501150171827066
0.0153140120296034	0.4546161673545336
0.0153458807371108	0.4591623290280789
0.0153779029744855	0.4637539523183596
0.0154101009238683	0.4683914918415432
0.0154427888044075	0.4730754067599586
0.0154756825357301	0.4778061608275582
0.0155086765759078	0.4825842224358338
0.0155422469899401	0.4874100646601921
0.0155760577288699	0.4922841653067940
0.0156099533973846	0.4972070069598619
0.0156444983565784	0.5021790770294602
0.0156792791827107	0.5072008677997549
0.0157141745914646	0.5122728764777525
0.0157497928920098	0.5173956052425299
0.0157856082603621	0.5225695612949551
0.0158216107449875	0.5277952569079045
0.0158584371984144	0.5330732094769834
0.0158953503635110	0.5384039415717535
0.0159326084642205	0.5437879809874708
0.0159707731229612	0.5492258607973457
0.0160088700328823	0.5547181194053190
0.0160475818352918	0.5602653005993724
0.0160871849433006	0.5658679536053662
0.0161265639467738	0.5715266331414197
0.0161669577184555	0.5772418994728340
0.0162079201659143	0.5830143184675626
0.0162489928484903	0.5888444616522380
0.0162911803944870	0.5947329062687602
0.0163336702914182	0.6006802353314477
0.0163767654362835	0.6066870376847622
0.0164210430508450	0.6127539080616097
0.0164652220214863	0.6188814471422258
0.0165104647912945	0.6250702616136480
0.0165566831803898	0.6313209642297845
0.0166031457136968	0.6376341738720821
0.0166511942850041	0.6440105156108028
0.0166992566366607	0.6504506207669110
0.0167486575240961	0.6569551269745800
0.0167992198189172	0.6635246782443260
0.0168500734508335	0.6701599250267694
0.0169029980121058	0.6768615242770368
0.0169558207032600	0.6836301395198073
0.0170106069607928	0.6904664409150053
0.0170664872225040	0.6973711053241556
0.0171229887012919	0.7043448163773971
0.0171823437944146	0.7113882645411711
0.0172411090923068	0.7185021471865826
0.0173030542326372	0.7256871686584485
0.0173654354829222	0.7329440403450329
0.0174303840035449	0.7402734807484833
0.0174972604657865	0.7476762155559682
0.0175649389092079	0.7551529777115279
0.0176371364658934	0.7627045074886433
0.0177085225038461	0.7703315525635297
0.0177847643554572	0.7780348680891650
0.0178620277486294	0.7858152167700567
0.0179431850382204	0.7936733689377573
0.0180272004403127	0.8016101026271349
0.0181142354196372	0.8096262036534064
0.0182059486251647	0.8177224656899404
0.0182980625330007	0.8258996903468397
0.0183998483741957	0.8341586872503081
0.0185021107312420	0.8425002741228113
0.0186154298977707	0.8509252768640393
0.0187286031022886	0.8594345296326797
0.0188567659373614	0.8680288749290064
0.0189856434619612	0.8767091636782965
0.0191294639063964	0.8854762553150795
0.0192795877099752	0.8943310178682302
0.0194315201292901	0.9038512385841925
0.0196332258578229	0.9128897509700343
0.0198342528576648	0.9220186484797348
0.0200634590716703	0.9312388349645322
0.0203125971343826	0.9405512233141774
0.0205817148122019	0.9592683903587438
0.0206467462335598	0.9490945951361638
0.0208786786188650	0.9562962756300788
0.0212166434578781	0.9651565576851059
0.0212763706293349	0.9623192232379307
0.0215406560595070	0.9719424154703100
0.0217155770926688	0.9755453356569239
0.0217838019067173	0.9817480680875728
0.0218924072283554	0.9802268726092201
0.0220878519673701	0.9737169858765234
0.0224846419539077	0.9863592460176280
0.0228427248348357	0.9904255279740573
0.0231366265548593	0.9913583795185874
0.0237104389883683	0.9847293067295789
0.0243059161491300	0.9942738353080165
0.0247558501643836	0.9966984598595362
0.0290586292796497	0.9988862460237178
0.0296234135920476	0.9994883380845906
0.0354694881489108	0.9998675071322566
0.0364873614539391	0.9999162862884651
0.0375018533704730	0.9999448036887965
0.0444107610976896	0.9999830498453458
0.0445330990087983	0.9999918289582663
0.0498733593132804	0.9999964404936751
0.0512036575798060	0.9999978912893287
0.0549770427741619	0.9999993690629567
0.0577337315201336	0.9999996864130076
0.0670068031116685	0.9999999043906105
0.0684388094424469	0.9999999540294188
0.0759345880468599	0.9999999865282998
0.0781266447483403	0.9999999937182399
0.0862135268573097	0.9999999981857516
0.0887483071929144	0.9999999991560986
0.0963974065981505	0.9999999997556960
0.0987399448882124	0.9999999998861823
0.1061216134133521	0.9999999999667681
0.1081837942463934	0.9999999999844930
0.1154514293873209	0.9999999999954126
0.1172186640565938	0.9999999999978511
0.1242303717428645	0.9999999999993578
0.1258849059243262	0.9999999999996987
0.1329306507583861	0.9999999999999096
0.1345740405888950	0.9999999999999576
0.1417682782108948	0.9999999999999871
0.1434343072851106	0.9999999999999940
0.1508343820673522	0.9999999999999980
0.1519945333914380	0.9999999999999991
0.1584976603008674	0.9999999999999998
0.1639522057554129	0.9999999999999996
