0.0000000000000000	0.0000000000000000
0.0095458535536425	0.0000300000000000
0.0098456007528408	0.0000150291173351
0.0103152938095773	0.0000239793302811
0.0106388826917333	0.0000339793302811
0.0106936435827121	0.0000345586991817
0.0110938152766412	0.0000445586991817
0.0113913119357361	0.0000545586991817
0.0116135528380414	0.0000653101720443
0.0118241336020988	0.0000753101720443
0.0119941002895219	0.0000853101720443
0.0121476749195810	0.0000953101720443
0.0122857259000043	0.0001053101720443
0.0124103437957065	0.0001153101720443
0.0125247726893113	0.0001253101720443
0.0126298875779314	0.0001353101720443
0.0127308410982341	0.0001453101720443
0.0128221045923555	0.0001553101720443
0.0129115910374671	0.0001653101720443
0.0129926235792757	0.0001753101720443
0.0130722111681125	0.0001853101720443
0.0131460890591289	0.0001953101720443
0.0132177687131146	0.0002053101720443
0.0132851964686774	0.0002153101720443
0.0133504761313064	0.0002253101720443
0.0134127732743184	0.0002353101720443
0.0134726703592095	0.0002453101720443
0.0135301447051044	0.0002553101720443
0.0135855907530306	0.0002653101720443
0.0136393215224806	0.0002753101720443
0.0136909892148227	0.0002853101720443
0.0137413881093020	0.0002953101720443
0.0137897807383649	0.0003053101720443
0.0138372497964772	0.0003153101720443
0.0138827737567941	0.0003253101720443
0.0139276655848834	0.0003353101720443
0.0139706570780779	0.0003453101720443
0.0140132001110684	0.0003553101720443
0.0140539399123904	0.0003653101720443
0.0140944485600647	0.0003753101720443
0.0141331682043835	0.0003853101720443
0.0141716953142040	0.0003953101720443
0.0142086539541207	0.0004053101720443
0.0142453897643562	0.0004153101720443
0.0142808042851355	0.0004253101720443
0.0143159203948406	0.0004353101720443
0.0143498600230437	0.0004453101720443
0.0143834953374334	0.0004553101720443
0.0144161405382609	0.0004653101720443
0.0144484218447006	0.0004753101720443
0.0144798124992528	0.0004853101720443
0.0145108494069874	0.0004953101720443
0.0145411124146658	0.0005053101720443
0.0145709727076760	0.0005153101720443
0.0146001366320860	0.0005253101720443
0.0146289299173961	0.0005353101720443
0.0146571489737321	0.0005453101720443
0.0146849846922275	0.0005553101720443
0.0147122897793925	0.0005653101720443
0.0147391354882011	0.0005753101720443
0.0147655639484160	0.0005853101720443
0.0147916504656375	0.0005953101720443
0.0148172116600840	0.0006053101720443
0.0148424505157809	0.0006153101720443
0.0148673444704400	0.0006253101720443
0.0148917933688775	0.0006353101720443
0.0149159985529996	0.0006453101720443
0.0149397218639034	0.0006553101720443
0.0149632688249447	0.0006653101720443
0.0149863323569445	0.0006753101720443
0.0150092148879171	0.0006853101720443
0.0150316872165953	0.0006953101720443
0.0150539418426543	0.0007053101720443
0.0150758903115482	0.0007153101720443
0.0150975248098374	0.0007253101720443
0.0151188975537572	0.0007353101720443
0.0151400696495805	0.0007453101720443
0.0151608523725485	0.0007553101720443
0.0151814967906297	0.0007653101720443
0.0152018694420843	0.0007753101720443
0.0152219735810433	0.0007853101720443
0.0152417970268696	0.0007953101720443
0.0152614926106435	0.0008053101720443
0.0152809166890558	0.0008153101720443
0.0153001511976954	0.0008253101720443
0.0153190753574208	0.0008353101720443
0.0153378821881597	0.0008453101720443
0.0153564264348616	0.0008553101720443
0.0153748579143144	0.0008653101720443
0.0153930263592517	0.0008753101720443
0.0154110807060263	0.0008853101720443
0.0154288231125115	0.0008953101720443
0.0154464634888070	0.0009053101720443
0.0154638586972682	0.0009153101720443
0.0154811543611071	0.0009253101720443
0.0154982109378895	0.0009353101720443
0.0155151724901877	0.0009453101720443
0.0155319001636218	0.0009553101720443
0.0155485358765451	0.0009653101720443
0.0155649454293252	0.0009753101720443
0.0155812673133715	0.0009853101720443
0.0155973703617804	0.0009953101720443
0.0156133891891392	0.0010053101720443
0.0156291980999916	0.0010153632737647
0.0156450105038947	0.0010255169065024
0.0156607789556878	0.0010357720755674
0.0156766174421716	0.0010461297963231
0.0156924243101215	0.0010565910942863
0.0157082841235502	0.0010671570052291
0.0157241334808147	0.0010778285752814
0.0157400098747945	0.0010886068610343
0.0157559047000872	0.0010994929296446
0.0157717937820700	0.0011104878589410
0.0157877380569163	0.0011215927375305
0.0158036375122295	0.0011328086649058
0.0158196272733851	0.0011441367515548
0.0158355424139947	0.0011555781190704
0.0158515346118294	0.0011671339002611
0.0158674987345914	0.0011788052392637
0.0158834749946157	0.0011905932916563
0.0158995002666153	0.0012024992245729
0.0159154775969273	0.0012145242168186
0.0159315255230456	0.0012266694589868
0.0159475500126226	0.0012389361535767
0.0159635944900914	0.0012513255151124
0.0159796959546829	0.0012638387702636
0.0159957366649498	0.0012764771579662
0.0160118355198871	0.0012892419295459
0.0160279561263117	0.0013021343488413
0.0160440488236125	0.0013151556923297
0.0160601921318365	0.0013283072492530
0.0160763441014421	0.0013415903217456
0.0160924800665389	0.0013550062249630
0.0161086602498344	0.0013685562872126
0.0161248552241195	0.0013822418500848
0.0161410278968051	0.0013960642685856
0.0161572394758184	0.0014100249112715
0.0161734859433918	0.0014241251603842
0.0161896931831430	0.0014383664119880
0.0162059323710438	0.0014527500761079
0.0162222024526506	0.0014672775768690
0.0162384792450256	0.0014819503526377
0.0162547437152075	0.0014967698561640
0.0162710358164039	0.0015117375547257
0.0162873540020120	0.0015268549302729
0.0163036799653854	0.0015421234795757
0.0163199936199994	0.0015575447143714
0.0163363310665479	0.0015731201615151
0.0163526898326523	0.0015888513631303
0.0163690688877430	0.0016047398767616
0.0163854421999092	0.0016207872755292
0.0164018189191751	0.0016369951482845
0.0164182142459183	0.0016533650997674
0.0164346263278283	0.0016698987507650
0.0164510545598065	0.0016865977382727
0.0164674835251859	0.0017034637156554
0.0164839075977007	0.0017204983528120
0.0165003395450115	0.0017377033363401
0.0165167864547874	0.0017550803697035
0.0165332479532095	0.0017726311734005
0.0165497228376787	0.0017903574851345
0.0165662108931992	0.0018082610599859
0.0165827110918896	0.0018263436705857
0.0165992233047852	0.0018446071072916
0.0166157467221782	0.0018630531783645
0.0166322813290514	0.0018816837101481
0.0166488215439325	0.0019005005472496
0.0166653709417398	0.0019195055527221
0.0166819324183842	0.0019387006082493
0.0166985054872488	0.0019580876143318
0.0167150902590955	0.0019776684904751
0.0167316863606442	0.0019974451753799
0.0167482939432548	0.0020174196271337
0.0167649127805723	0.0020375938234050
0.0167815430735244	0.0020579697616391
0.0167981834808275	0.0020785494592555
0.0168148341647794	0.0020993349538480
0.0168314944358318	0.0021203283033865
0.0168481617089111	0.0021415315864204
0.0168648391722373	0.0021629469022846
0.0168815270732118	0.0021845763713074
0.0168982250618742	0.0022064221350205
0.0169149336464813	0.0022284863563707
0.0169316521501927	0.0022507712199344
0.0169483812971072	0.0022732789321337
0.0169651203380733	0.0022960117214551
0.0169818697567680	0.0023189718386696
0.0169986292898417	0.0023421615570563
0.0170153989280091	0.0023655831726269
0.0170321789290998	0.0023892390043532
0.0170489687301933	0.0024131313943967
0.0170657688291954	0.0024372627083407
0.0170825788000989	0.0024616353354241
0.0170993987335819	0.0024862516887783
0.0171162288902461	0.0025111142056661
0.0171330686159624	0.0025362253477227
0.0171499178728331	0.0025615876012000
0.0171667693285119	0.0025872034772120
0.0171836239087495	0.0026130755119841
0.0172004884431768	0.0026392062671039
0.0172173626859362	0.0026655983297750
0.0172342465539284	0.0026922543130727
0.0172511403046754	0.0027191768562034
0.0172680437062868	0.0027463686247655
0.0172849566586190	0.0027738323110131
0.0173018793718616	0.0028015706341233
0.0173188117792184	0.0028295863404645
0.0173357536162026	0.0028578822038691
0.0173527050561778	0.0028864610259078
0.0173696662525171	0.0029153256361669
0.0173866368050746	0.0029444788925286
0.0174036167800426	0.0029739236814539
0.0174206063045675	0.0030036629182684
0.0174376054595331	0.0030336995474511
0.0174546138405672	0.0030640365429256
0.0174716315566772	0.0030946769083549
0.0174886586828170	0.0031256236774384
0.0175056932738307	0.0031568799142128
0.0175227357702706	0.0031884487133549
0.0175397875400905	0.0032203332004885
0.0175568486173539	0.0032525365324934
0.0175739190280932	0.0032850618978183
0.0175909986694291	0.0033179125167965
0.0176080873780197	0.0033510916419644
0.0176251851798675	0.0033846025583841
0.0176422920824558	0.0034184485839679
0.0176594080887440	0.0034526330698076
0.0176765331873646	0.0034871594005057
0.0176936673646609	0.0035220309945107
0.0177108105891743	0.0035572513044559
0.0177279626924451	0.0035928238175004
0.0177451236691104	0.0036287520556754
0.0177622935045722	0.0036650395762322
0.0177794721735151	0.0037016899719945
0.0177966596333566	0.0037387068717144
0.0178138558434672	0.0037760939404316
0.0178310607604317	0.0038138548798359
0.0178482743433801	0.0038519934286343
0.0178654965497435	0.0038905133629206
0.0178827273393979	0.0039294184965498
0.0178999666720855	0.0039687126815153
0.0179172145103106	0.0040083998083305
0.0179344708172527	0.0040484838064138
0.0179517355549725	0.0040889686444779
0.0179690086853064	0.0041298583309227
0.0179862901720523	0.0041711569142319
0.0180035700122823	0.0042128684833742
0.0180208555863501	0.0042549971682079
0.0180381492914417	0.0042975471398900
0.0180554511092591	0.0043405226112889
0.0180727610261092	0.0043839278374018
0.0180900790225331	0.0044277671157758
0.0181074050862911	0.0044720447869336
0.0181247391966574	0.0045167652348029
0.0181420813376800	0.0045619328871510
0.0181594314893775	0.0046075522160225
0.0181767896324722	0.0046536277381827
0.0181941557484401	0.0047001640155645
0.0182115298146261	0.0047471656557202
0.0182289118130212	0.0047946373122774
0.0182463017198285	0.0048425836854001
0.0182636995139581	0.0048910095222541
0.0182811051749506	0.0049399196174767
0.0182985186791427	0.0049893188136514
0.0183159400066038	0.0050392120017880
0.0183333664341714	0.0050896041218058
0.0183508003396880	0.0051405001630239
0.0183682419867844	0.0051919051646541
0.0183856913596214	0.0052438242163007
0.0184031484372177	0.0052962624584637
0.0184206132011907	0.0053492250830483
0.0184380856355795	0.0054027173338788
0.0184555657208078	0.0054567445072176
0.0184730534386829	0.0055113119522897
0.0184905487731056	0.0055664250718126
0.0185080517068956	0.0056220893225308
0.0185255622216116	0.0056783102157561
0.0185430802937327	0.0057350933179136
0.0185606058838104	0.0057924442510928
0.0185781389524166	0.0058503686936037
0.0185956794632781	0.0059088723805397
0.0186132273839590	0.0059679611043451
0.0186307826840128	0.0060276407153886
0.0186483453318146	0.0060879171225425
0.0186659152963833	0.0061487962937679
0.0186834925486197	0.0062102842567056
0.0187010770612130	0.0062723870992726
0.0187186688084378	0.0063351109702654
0.0187362677634539	0.0063984620799680
0.0187538739008967	0.0064624467007677
0.0187714871970761	0.0065270711677754
0.0187891076298078	0.0065923418794532
0.0188067351782029	0.0066582652982477
0.0188243698225651	0.0067248479512302
0.0188420115428760	0.0067920964307424
0.0188596603198310	0.0068600173950499
0.0188773161353850	0.0069286175690004
0.0188949789726473	0.0069979037446904
0.0189126485740425	0.0070678827821373
0.0189303246605714	0.0071385616099587
0.0189480072531264	0.0072099472260582
0.0189656941474668	0.0072820466983188
0.0189833783880808	0.0073548671653020
0.0190010694661813	0.0074284158369550
0.0190187673807371	0.0075026999953246
0.0190364721307134	0.0075777269952778
0.0190541837150251	0.0076535042652306
0.0190719021311974	0.0077300393078829
0.0190896273751054	0.0078073397009617
0.0191073594413133	0.0078854130979714
0.0191250983231941	0.0079642672289511
0.0191428440132352	0.0080439099012406
0.0191605965033038	0.0081243490002530
0.0191783557849136	0.0082055924902555
0.0191961218493947	0.0082876484151581
0.0192138946856956	0.0083705248993096
0.0192316742417540	0.0084542301483027
0.0192494604700167	0.0085387724497858
0.0192672533392193	0.0086241601742836
0.0192850528214863	0.0087104017760265
0.0193028588920866	0.0087975057937867
0.0193206690693201	0.0088854808517246
0.0193384855848188	0.0089743356602418
0.0193563086380749	0.0090640790168443
0.0193741382162052	0.0091547198070127
0.0193919743084312	0.0092462670050828
0.0194098169060111	0.0093387296751336
0.0194276660022085	0.0094321169718850
0.0194455215898450	0.0095264381416038
0.0194633836616785	0.0096217025230199
0.0194812522106978	0.0097179195482500
0.0194991272302498	0.0098150987437325
0.0195170087141673	0.0099132497311699
0.0195348966568484	0.0100123822284816
0.0195527910533718	0.0101125060507664
0.0195706918996466	0.0102136311112740
0.0195885991925060	0.0103157674223868
0.0196065129298240	0.0104189250966106
0.0196244331106521	0.0105231143475767
0.0196423597353170	0.0106283454910525
0.0196602928055259	0.0107346289459630
0.0196782323243205	0.0108419752354227
0.0196961782960408	0.0109503949877769
0.0197141307262699	0.0110598989376547
0.0197320896216879	0.0111704979270312
0.0197500545623608	0.0112822029063015
0.0197680253336443	0.0113950249353645
0.0197860019463898	0.0115089751847182
0.0198039844116780	0.0116240649365654
0.0198219727410815	0.0117403055859310
0.0198399669469094	0.0118577086417903
0.0198579670424168	0.0119762857282082
0.0198759730420244	0.0120960485854903
0.0198939849613282	0.0122170090713452
0.0199120028171046	0.0123391791620587
0.0199300266273387	0.0124625709536793
0.0199480564112717	0.0125871966632160
0.0199660921894883	0.0127130686298482
0.0199841339840100	0.0128401993161467
0.0200021717965052	0.0129686013093082
0.0200202132570312	0.0130982873224012
0.0200382610762766	0.0132292701956252
0.0200563152610411	0.0133615628975815
0.0200743758179436	0.0134951785265573
0.0200924427537436	0.0136301303118229
0.0201105160756607	0.0137664316149411
0.0201285957916797	0.0139040959310905
0.0201466819108458	0.0140431368904014
0.0201647744435543	0.0141835682593054
0.0201828734018362	0.0143254039418985
0.0202009787996293	0.0144686579813175
0.0202190906425423	0.0146133445611306
0.0202372088989621	0.0147594780067420
0.0202553335447827	0.0149070727868094
0.0202734645629272	0.0150561435146775
0.0202916019429529	0.0152067049498242
0.0203097456795316	0.0153587719993225
0.0203278957647419	0.0155123597193157
0.0203460521817940	0.0156674833165089
0.0203642149346002	0.0158241581496740
0.0203823840302078	0.0159823997311707
0.0204005594788126	0.0161422237284824
0.0204187412938215	0.0163036459657672
0.0204369294919409	0.0164666824254249
0.0204551213453205	0.0166313492496791
0.0204733182423435	0.0167976627421760
0.0204915208507354	0.0169656393695977
0.0205097292481854	0.0171352957632937
0.0205279435121598	0.0173066487209266
0.0205461637172498	0.0174797152081359
0.0205643899344545	0.0176545123602172
0.0205826222320062	0.0178310574838194
0.0206008606761573	0.0180093680586576
0.0206191052794192	0.0181894617392442
0.0206373560517551	0.0183713563566366
0.0206556130090527	0.0185550699202030
0.0206738761730359	0.0187406206194050
0.0206921455710039	0.0189280268255991
0.0207104212356564	0.0191173070938551
0.0207287032049974	0.0193084801647936
0.0207469915216561	0.0195015649664415
0.0207652862286758	0.0196965806161060
0.0207835873702996	0.0198935464222670
0.0208018949925582	0.0200924818864897
0.0208202091435835	0.0202934067053546
0.0208385298739644	0.0204963407724081
0.0208568572371250	0.0207013041801322
0.0208751912897077	0.0209083172219335
0.0208935320919689	0.0211174003941528
0.0209118691185726	0.0213285743980943
0.0209302073898142	0.0215418601420753
0.0209485528587179	0.0217572787434961
0.0209669055011423	0.0219748515309310
0.0209852653012032	0.0221946000462403
0.0210036322513469	0.0224165460467027
0.0210220056178738	0.0226407115071698
0.0210403851364705	0.0228671186222415
0.0210587708863878	0.0230957898084639
0.0210771629503877	0.0233267477065485
0.0210955614148716	0.0235600151836140
0.0211139663700761	0.0237956153354501
0.0211323779103355	0.0240335714888046
0.0211507961300326	0.0242739072036927
0.0211692211226613	0.0245166462757296
0.0211876529820855	0.0247618127384869
0.0212060918031974	0.0250094308658718
0.0212245376826053	0.0252595251745305
0.0212429906678380	0.0255121204262758
0.0212614507796443	0.0257672416305385
0.0212799180512208	0.0260249140468439
0.0212983925280207	0.0262851631873124
0.0213168742634023	0.0265480148191855
0.0213353633156877	0.0268134949673774
0.0213538597487697	0.0270816299170511
0.0213723636327653	0.0273524462162216
0.0213908750446616	0.0276259706783838
0.0214093940687872	0.0279022303851676
0.0214279207968847	0.0281812526890193
0.0214464553283232	0.0284630652159095
0.0214649971689085	0.0287476958680687
0.0214835456862074	0.0290351728267493
0.0215021010310710	0.0293255245550168
0.0215206632953802	0.0296187798005670
0.0215392325789389	0.0299149675985727
0.0215578064327290	0.0302141172745584
0.0215763868109975	0.0305162584473040
0.0215949745442022	0.0308214210317771
0.0216135697472184	0.0311296352420949
0.0216321725580286	0.0314409315945158
0.0216507650844863	0.0317553409104610
0.0216693625509987	0.0320728943195656
0.0216879683591394	0.0323936232627612
0.0217065826277561	0.0327175594953888
0.0217252054832134	0.0330447350903427
0.0217438369870028	0.0333751824412461
0.0217624771740890	0.0337089342656586
0.0217811260984819	0.0340460236083152
0.0217997838252992	0.0343864838443984
0.0218184504315365	0.0347303486828424
0.0218371260068795	0.0350776521696708
0.0218558103504917	0.0354284286913675
0.0218745022496405	0.0357827129782812
0.0218932019300084	0.0361405401080640
0.0219119096229311	0.0365019455091446
0.0219306255571964	0.0368669649642361
0.0219493499604474	0.0372356346138784
0.0219680829342328	0.0376079909600172
0.0219868245950352	0.0379840708696174
0.0220055750755746	0.0383639115783136
0.0220243345250319	0.0387475506940967
0.0220431031094338	0.0391350262010376
0.0220618810009432	0.0395263764630481
0.0220806683796774	0.0399216402276786
0.0220994654349916	0.0403208566299554
0.0221182723668402	0.0407240651962550
0.0221370893375383	0.0411313058482175
0.0221559164292707	0.0415426189066997
0.0221747536060375	0.0419580450957667
0.0221935992375585	0.0423776255467243
0.0222124508781854	0.0428014018021916
0.0222312872846712	0.0432294158202135
0.0222501332496774	0.0436617099784156
0.0222689890032781	0.0440983270781998
0.0222878547900413	0.0445393103489817
0.0223067308695891	0.0449847034524715
0.0223256175045978	0.0454345504869962
0.0223445148900645	0.0458888959918662
0.0223634231476228	0.0463477849517848
0.0223823424250365	0.0468112628013027
0.0224012728966176	0.0472793754293157
0.0224202147632101	0.0477521691836089
0.0224391678584986	0.0482296908754449
0.0224581285783994	0.0487119877841993
0.0224771006447340	0.0491991076620413
0.0224960827113635	0.0496910987386617
0.0225150751473428	0.0501880097260484
0.0225340781962133	0.0506898898233089
0.0225530921303747	0.0511967887215420
0.0225721172362086	0.0517087566087574
0.0225911538165233	0.0522258441748450
0.0226102021924447	0.0527481026165935
0.0226292627051622	0.0532755836427595
0.0226483357131196	0.0538083394791870
0.0226674214560122	0.0543464228739789
0.0226865030280433	0.0548898871027187
0.0227055793703201	0.0554387859737459
0.0227246696367098	0.0559931738334833
0.0227437734850739	0.0565531055718182
0.0227628890551928	0.0571186366275364
0.0227820167749822	0.0576898229938118
0.0228011570829668	0.0582667212237499
0.0228203104051957	0.0588493884359874
0.0228394770813950	0.0594378823203472
0.0228586573805625	0.0600322611435507
0.0228778516133007	0.0606325837549862
0.0228970601235040	0.0612389095925361
0.0229162832793395	0.0618512986884614
0.0229355214761079	0.0624698116753461
0.0229547751393488	0.0630945097920995
0.0229740426381559	0.0637254548900204
0.0229933232671482	0.0643627094389206
0.0230126174749093	0.0650063365333099
0.0230319257343184	0.0656563998986429
0.0230512485459436	0.0663129638976293
0.0230705797744576	0.0669760935366057
0.0230898900309533	0.0676458544719718
0.0231092168839432	0.0683223130166915
0.0231285568989430	0.0690055361468584
0.0231479116582142	0.0696955915083270
0.0231672839388378	0.0703925474234103
0.0231866738053880	0.0710964728976444
0.0232060785578037	0.0718074376266209
0.0232254988721149	0.0725255120028871
0.0232449354393244	0.0732507671229160
0.0232643887951418	0.0739832747941452
0.0232838594017786	0.0747231075420866
0.0233033477796963	0.0754703386175076
0.0233228544939514	0.0762250420036826
0.0233423801456812	0.0769872924237194
0.0233619253772239	0.0777571653479567
0.0233814884260187	0.0785347370014363
0.0234010634630004	0.0793200843714507
0.0234206105844564	0.0801132852151652
0.0234401762625860	0.0809144180673168
0.0234597611513636	0.0817235622479900
0.0234793659490756	0.0825407978704699
0.0234989914039715	0.0833662058491747
0.0235186380937065	0.0841998679076664
0.0235383065279768	0.0850418665867430
0.0235579972810030	0.0858922852526105
0.0235777075926180	0.0867512081051366
0.0235974373454713	0.0876187201861880
0.0236171875270851	0.0884949073880499
0.0236369589689200	0.0893798564619303
0.0236567490339704	0.0902736550265496
0.0236765565636140	0.0911763915768151
0.0236963696175632	0.0920881554925833
0.0237161630690688	0.0930090370475091
0.0237359821630443	0.0939391274179841
0.0237558241844883	0.0948785186921639
0.0237756885425784	0.0958273038790856
0.0237955760908573	0.0967855769178763
0.0238154877650031	0.0977534326870551
0.0238354245798588	0.0987309670139256
0.0238553876024348	0.0997182766840649
0.0238753775725825	0.1007154594509054
0.0238953945910798	0.1017226140454145
0.0239154349726282	0.1027398401858686
0.0239354999676059	0.1037672385877273
0.0239555715056541	0.1048049109736045
0.0239756195133217	0.1058529600833405
0.0239956961369742	0.1069114896841739
0.0240158022414923	0.1079806045810157
0.0240359388233834	0.1090604106268258
0.0240561063405757	0.1101510147330941
0.0240763005435932	0.1112525248804250
0.0240965150257125	0.1123650501292292
0.0241167557438516	0.1134887006305216
0.0241370269299227	0.1146235876368267
0.0241573299214743	0.1157698235131950
0.0241776661537490	0.1169275217483270
0.0241979743133197	0.1180967969658103
0.0242182944853638	0.1192777649354683
0.0242386456308826	0.1204705425848230
0.0242590291788865	0.1216752480106712
0.0242794466616822	0.1228920004907779
0.0242998997210090	0.1241209204956857
0.0243203896023289	0.1253621297006424
0.0243409158690688	0.1266157509976489
0.0243614747252841	0.1278819085076253
0.0243820680647862	0.1291607275927015
0.0244026754694345	0.1304523348686285
0.0244232516266630	0.1317568582173148
0.0244438677126507	0.1330744267994878
0.0244645120724067	0.1344051710674828
0.0244851960176729	0.1357492227781577
0.0245059168824221	0.1371067150059393
0.0245266768828164	0.1384777821559987
0.0245474777413952	0.1398625599775587
0.0245683213809934	0.1412611855773342
0.0245892098786836	0.1426737974331076
0.0246100602161270	0.1441005354074387
0.0246309312326736	0.1455415407615131
0.0246518450319779	0.1469969561691282
0.0246728036632439	0.1484669257308194
0.0246938093775178	0.1499515949881276
0.0247148646045170	0.1514511109380089
0.0247359671324363	0.1529656220473891
0.0247571138640771	0.1544952782678629
0.0247782906056776	0.1560402310505416
0.0247994030798157	0.1576006333610472
0.0248205677913090	0.1591766396946576
0.0248417871438576	0.1607684060916042
0.0248630597550688	0.1623760901525203
0.0248843817862567	0.1639998510540456
0.0249057563095084	0.1656398495645862
0.0249271865003711	0.1672962480602319
0.0249486747532142	0.1689692105408343
0.0249700953510593	0.1706589026462426
0.0249915712106783	0.1723654916727050
0.0250131028907132	0.1740891465894320
0.0250346926994197	0.1758300380553264
0.0250563258097080	0.1775883384358796
0.0250780240118517	0.1793642218202385
0.0250997807578186	0.1811578640384409
0.0251215365358598	0.1829694426788255
0.0251432792723670	0.1847991371056138
0.0251650892763091	0.1866471284766700
0.0251869698883537	0.1885135997614367
0.0252089200316482	0.1903987357590510
0.0252309355923537	0.1923027231166414
0.0252530208030235	0.1942257503478078
0.0252751119923346	0.1961680078512860
0.0252971710652566	0.1981296879297988
0.0253193057108834	0.2001109848090967
0.0253415113240466	0.2021120946571878
0.0253637925754792	0.2041332156037598
0.0253861538106746	0.2061745477597975
0.0254085998400153	0.2082362932373954
0.0254309767961694	0.2103186561697694
0.0254534143564304	0.2124218427314671
0.0254759352895329	0.2145460611587816
0.0254985444756817	0.2166915217703695
0.0255212252547694	0.2188584369880731
0.0255439833761419	0.2210470213579538
0.0255667119989460	0.2232574915715332
0.0255894678715818	0.2254900664872486
0.0256123213162819	0.2277449671521212
0.0256352778982521	0.2300224168236425
0.0256583263751165	0.2323226409918790
0.0256814731987473	0.2346458674017979
0.0257045674395690	0.2369923260758159
0.0257276971142624	0.2393622493365741
0.0257509306551379	0.2417558718299399
0.0257742672331741	0.2441734305482391
0.0257977136827153	0.2466151648537216
0.0258212280866430	0.2490813165022587
0.0258446881792504	0.2515721296672814
0.0258682651465618	0.2540878509639543
0.0258919591646519	0.2566287294735939
0.0259157515298172	0.2591950167683299
0.0259396627129600	0.2617869669360132
0.0259634794474993	0.2644048366053732
0.0259874036653920	0.2670488849714271
0.0260114606542643	0.2697193738211415
0.0260356589643121	0.2724165675593530
0.0260599927939995	0.2751407332349465
0.0260842361740296	0.2778921405672961
0.0261085518078543	0.2806710619729689
0.0261330187658809	0.2834777725926986
0.0261576400508210	0.2863125503186256
0.0261824072609628	0.2891756758218118
0.0262070547679501	0.2920674325800299
0.0262318644029520	0.2949881069058303
0.0262568236848842	0.2979379879748886
0.0262819153911622	0.3009173678546376
0.0263070727645486	0.3039265415331840
0.0263322094043298	0.3069658069485157
0.0263575354187394	0.3100354650180008
0.0263830378827950	0.3131358196681807
0.0264087088169978	0.3162671778648624
0.0264342453840496	0.3194298496435111
0.0264599494968240	0.3226241481399463
0.0264858496952042	0.3258503896213459
0.0265119518309691	0.3291088935175595
0.0265380585903143	0.3323999824527351
0.0265642148976714	0.3357239822772623
0.0265905540973340	0.3390812221000349
0.0266171150328678	0.3424720343210352
0.0266437385286463	0.3458967546642456
0.0266703986635607	0.3493557222108882
0.0266972917803707	0.3528492794329972
0.0267243653585368	0.3563777722273271
0.0267515119368294	0.3599415499496002
0.0267787049072430	0.3635409654490961
0.0268061579171140	0.3671763751035870
0.0268338799795699	0.3708481388546231
0.0268615554793612	0.3745566202431694
0.0268893484079963	0.3783021864456012
0.0269174241558639	0.3820852083100570
0.0269458066889367	0.3859060603931574
0.0269740772954478	0.3897651209970892
0.0270025411258602	0.3936627722070600
0.0270313206134809	0.3975993999291307
0.0270603423878600	0.4015753939284220
0.0270893029913394	0.4055911478677059
0.0271185357146096	0.4096470593463831
0.0271481179478378	0.4137435299398469
0.0271777133273823	0.4178809652392451
0.0272075238057179	0.4220597748916374
0.0272376439223116	0.4262803726405540
0.0272680050547982	0.4305431763669595
0.0272983306091176	0.4348486081306292
0.0273291136642571	0.4391970942119353
0.0273602250289231	0.4435890651540547
0.0273912024650996	0.4480249558055953
0.0274225890178235	0.4525052053636512
0.0274544634895417	0.4570302574172879
0.0274862677728321	0.4616005599914609
0.0275183300599372	0.4662165655913755
0.0275509559637327	0.4708787312472895
0.0275837018530849	0.4755875185597622
0.0276165225779260	0.4803433937453597
0.0276499462380436	0.4851468276828133
0.0276836748326644	0.4899982959596414
0.0277173595931193	0.4948982789192377
0.0277516793654331	0.4998472617084301
0.0277864071736347	0.5048457343255143
0.0278210788016517	0.5098941916687691
0.0278564211135702	0.5149931335854567
0.0278921861317765	0.5201430649213113
0.0279279245330987	0.5253444955705242
0.0279644321444890	0.5305979405262294
0.0280013064481130	0.5359039199314916
0.0280382403861641	0.5412629591308065
0.0280760903232108	0.5466755887221143
0.0281141312569114	0.5521423446093354
0.0281524270598923	0.5576637680554289
0.0281917592892931	0.5632404057359832
0.0282309966393084	0.5688728097933431
0.0282708988840736	0.5745615378912765
0.0283118461310038	0.5803071532701891
0.0283524367655686	0.5861102248028912
0.0283942184002351	0.5919713270509199
0.0284365736890353	0.5978910403214293
0.0284790870694010	0.6038699507246438
0.0285230806578755	0.6099086502318901
0.0285668596303564	0.6160077367342092
0.0286117140406191	0.6221678141015511
0.0286576258652027	0.6283894922425666
0.0287035609442199	0.6346733871649922
0.0287509890570117	0.6410201210366420
0.0287987925126797	0.6474303222470082
0.0288475933858813	0.6539046254694785
0.0288978166640766	0.6604436717241735
0.0289480443280686	0.6670481084414150
0.0290000034782062	0.6737185895258291
0.0290527010404806	0.6804557754210874
0.0291064546410937	0.6872603331752983
0.0291621262366058	0.6941329365070514
0.0292177392931497	0.7010742658721222
0.0292761663266193	0.7080850085308433
0.0293346850670714	0.7151658586161518
0.0293952007985649	0.7223175172023133
0.0294576319493898	0.7295406923743363
0.0295208194950055	0.7368360992980798
0.0295875427445816	0.7442044602910604
0.0296535908377435	0.7516465048939709
0.0297238524478381	0.7591629699429108
0.0297949967759002	0.7667545996423398
0.0298688768248811	0.7744221456387633
0.0299457086856958	0.7821663670951509
0.0300244601303286	0.7899880307661024
0.0301076819807151	0.7978879110737636
0.0301919835957391	0.8058667901845011
0.0302819946669190	0.8139254580863461
0.0303722694107808	0.8220647126672097
0.0304715520560382	0.8302853597938820
0.0305722240118503	0.8385882133918209
0.0306775476365917	0.8469740955257392
0.0307905890016051	0.8554438364809966
0.0309099986664567	0.8639982748458066
0.0310392782836430	0.8726382575942647
0.0311739519751869	0.8813646401702072
0.0313229112590806	0.8901782865719094
0.0314793786594232	0.8990800694376286
0.0316572375654567	0.9080708701320048
0.0318433380660839	0.9171515788333248
0.0320539574881865	0.9260300084928696
0.0322740214403625	0.9352903085777985
0.0325431492490542	0.9446432116635765
0.0328647786435982	0.9540896437802122
0.0332504374324152	0.9699541628407080
0.0333600596099182	0.9626411095957028
0.0336409026940309	0.9766294288484763
0.0338576930563855	0.9717248069639857
0.0342323977635347	0.9770154931373821
0.0347125802756097	0.9830718268942272
0.0352619709564920	0.9907121014591966
0.0357946211266637	0.9941500234524547
0.0371525648148286	0.9949509925798348
0.0390862065564439	0.9982639271631529
0.0395618781323944	0.9991062804823275
0.0452510849668615	0.9997084878225887
0.0474664369490927	0.9998639981635721
0.0532154162008732	0.9999527802011486
0.0544977547615231	0.9999807278433696
0.0601561894037179	0.9999934224262200
0.0627617382071394	0.9999970490269340
0.0668087795380798	0.9999989846203760
0.0698454687380566	0.9999995082897903
0.0747536860071388	0.9999998390971984
0.0773281274285301	0.9999999232559416
0.0832345260415819	0.9999999749216454
0.0853499688973258	0.9999999882184287
0.0916011323080153	0.9999999961930344
0.0940611897293940	0.9999999982357795
0.1005035121166810	0.9999999994398492
0.1034166382233087	0.9999999997427943
0.1099563087932841	0.9999999999196274
0.1131639101742277	0.9999999999632806
0.1197174742489529	0.9999999999886661
0.1230770222524656	0.9999999999948312
0.1296017822462007	0.9999999999984173
0.1329719845222297	0.9999999999992782
0.1394523660463086	0.9999999999997801
0.1427489898165245	0.9999999999998996
0.1492072092456736	0.9999999999999694
0.1524121860154983	0.9999999999999860
0.1587626846791281	0.9999999999999961
0.1619290731042812	0.9999999999999981
0.1696960380962878	0.9999999999999992
0.1713034651519907	0.9999999999999996
0.1721213090181617	0.9999999999999999
0.1744716618616653	0.9999999999999999
0.1811383285283319	1.0099999999999998
0.1815808855221372	1.0014498283140760
0.1833242284725106	1.0003627261180992
0.1957839669286945	1.0000544108481806
0.2016212878316573	1.0000346469532058
0.2055947280879174	1.0000279284819957
0.2269190355990416	1.0000077589017500
0.2437035120745431	1.0000041060951019
0.2637642903542995	0.9999995280037257
0.2855077259167036	0.9999987272604303
0.3230543646734408	0.9999886904274393
0.3448409796351244	0.9999877940205635
0.5510469687502448	1.0001348279505791
0.5577682748978168	1.0000592430459401
0.5739221432609272	1.0000121535277453
0.5903416675424292	1.0000020851712992
0.6059803105758956	1.0000002347422836
0.6122057911930053	0.9999997248638215
0.6351690294424924	0.9999995726479107
0.6618848842704974	0.9999992483901149
0.6928821042225385	0.9999985402810490
0.7199573265801579	0.9999982881925424
0.7770743824891443	0.9999919852796879
1.2431386038021395	1.0011733558399771
1.2440368167086386	1.0001921291518965
1.2616757541408459	1.0000574134847695
1.2640923413472587	1.0000311187806494
1.2795284978702675	1.0000261957894119
1.2948211657148709	1.0000045056624285
1.3181892057171340	1.0000008354433907
1.3394947494047691	1.0000001632034172
1.3703297025115957	0.9999997057515982
1.3998339675139571	0.9999994593123556
1.4639539286457495	0.9999985866092611
1.4645349634156486	0.9999993105398016
2.4989165663327380	0.9999987300460058
2.7551539474248723	0.9999957874507034
3.3350324467574999	0.9999858606560177
3.4055282675910981	0.9999951778071502
4.1528031148130875	1.0000954327682154
4.1642573869262325	1.0000124114580355
4.2359901345504349	0.9993862177164362
4.2423367451814968	0.9999248290191697
4.2686317387312274	0.9999890445676095
4.3333826280686001	1.0000080455556173
4.3351659394315982	1.0000104983608242
4.5612056754902781	1.0000953372124473
4.5726774657169234	0.9999990450830708
4.8414212368929794	0.9994048509585447
4.8441636788241915	0.9999214394960826
4.8799408206977679	0.9999866524465999
4.9099822531148059	0.9999950542786478
4.9352152952654071	0.9999962794366924
4.9790952721214410	0.9999962998224436
5.0227413507189960	0.9999963001628880
5.0453770536236986	0.9999975511281350
5.0503694500774667	0.9999977337159262
5.0871598060091223	0.9999977601526763
5.1131656117037636	0.9999977635698852
5.1234912598809643	0.9999977645098208
5.1466284471529864	0.9999977646313171
5.1574837908160598	0.9999977646647562
5.1806091647147854	0.9999977646690787
5.1914716060959059	0.9999977646702682
5.2145877973840067	0.9999977646704221
5.2254843979058911	0.9999977646704645
5.2492175258641769	0.9999977646704700
5.2598660072712757	0.9999977646704715
5.2824462160785624	0.9999977646704715
5.3641185825132398	1.0099977423171762
5.3644390859912319	0.9999991906078238
