0.0000000000000000	0.0000000000000000
0.0104041340782470	0.0000300000000000
0.0106936435827121	0.0000146616127149
0.0111909441995394	0.0000233405579342
0.0115255179281644	0.0000333405579342
0.0115649779870012	0.0000380767647869
0.0116135528380414	0.0000320469705234
0.0119019132849034	0.0000399417833740
0.0122214882270068	0.0000499417833740
0.0124696881461641	0.0000601272313772
0.0127161398044902	0.0000701272313772
0.0129142385654451	0.0000801272313772
0.0130891961270262	0.0000901272313772
0.0132388340154632	0.0001001272313772
0.0133785382973213	0.0001101272313772
0.0134999445590043	0.0001201272313772
0.0136170917380780	0.0001301272313772
0.0137248414178032	0.0001401272313772
0.0138255044464996	0.0001501272313772
0.0139204532422574	0.0001601272313772
0.0140088642356253	0.0001701272313772
0.0140943380252526	0.0001801272313772
0.0141730717316748	0.0001901272313772
0.0142495608189473	0.0002001272313772
0.0143208811419810	0.0002101272313772
0.0143909020586328	0.0002201272313772
0.0144561262030241	0.0002301272313772
0.0145203852317347	0.0002401272313772
0.0145805382558123	0.0002501272313772
0.0146401531504196	0.0002601272313772
0.0146960661476004	0.0002701272313772
0.0147514601872549	0.0002801272313772
0.0148036733591210	0.0002901272313772
0.0148554351704700	0.0003001272313772
0.0149046335188929	0.0003101272313772
0.0149532229998910	0.0003201272313772
0.0149995511739811	0.0003301272313772
0.0150453601557010	0.0003401272313772
0.0150893282446112	0.0003501272313772
0.0151326628902277	0.0003601272313772
0.0151743748559560	0.0003701272313772
0.0152155091695840	0.0003801272313772
0.0152552891587490	0.0003901272313772
0.0152944381436032	0.0004001272313772
0.0153323916554416	0.0004101272313772
0.0153697469113312	0.0004201272313772
0.0154060905216898	0.0004301272313772
0.0154418206029287	0.0004401272313772
0.0154766509459629	0.0004501272313772
0.0155108910140563	0.0004601272313772
0.0155443562177143	0.0004701272313772
0.0155772336533708	0.0004801272313772
0.0156094208381199	0.0004901272313772
0.0156410435733087	0.0005001272313772
0.0156720473143197	0.0005101272313772
0.0157024903490947	0.0005201272313772
0.0157323889794526	0.0005301272313772
0.0157617622758435	0.0005401272313772
0.0157906673601345	0.0005501272313772
0.0158190649964101	0.0005601272313772
0.0158469436620177	0.0005701272313772
0.0158743676117296	0.0005801272313772
0.0159014445293339	0.0005901272313772
0.0159279896606034	0.0006001272313772
0.0159541748018271	0.0006101272313772
0.0159799880740163	0.0006201272313772
0.0160053466883010	0.0006301272313772
0.0160303671443690	0.0006401272313772
0.0160550309879045	0.0006501272313772
0.0160793226881340	0.0006601272313772
0.0161032986927301	0.0006701272313772
0.0161269290243940	0.0006801272313772
0.0161502362892279	0.0006901272313772
0.0161732661721383	0.0007001272313772
0.0161959276242322	0.0007101272313772
0.0162183069662214	0.0007201272313772
0.0162404725962745	0.0007301272313772
0.0162622273003095	0.0007401272313772
0.0162838378845089	0.0007501272313772
0.0163051200609089	0.0007601272313772
0.0163261381443764	0.0007701272313772
0.0163468853565527	0.0007801272313772
0.0163674854122344	0.0007901272313772
0.0163877343102150	0.0008001272313772
0.0164077867869415	0.0008101272313772
0.0164275787609909	0.0008201272313772
0.0164472250516508	0.0008301272313772
0.0164666160450512	0.0008401272313772
0.0164857931309819	0.0008501272313772
0.0165046961157540	0.0008601272313772
0.0165234565217028	0.0008701272313772
0.0165419808327398	0.0008801272313772
0.0165603649940420	0.0008901272313772
0.0165785164154817	0.0009001272313772
0.0165965248023614	0.0009101272313772
0.0166143110434677	0.0009201272313772
0.0166319568414094	0.0009301272313772
0.0166493672760560	0.0009401272313772
0.0166666304472278	0.0009501272313772
0.0166836974333260	0.0009601272313772
0.0167006331637761	0.0009701272313772
0.0167173789450499	0.0009801272313772
0.0167339932674021	0.0009901272313772
0.0167504295815273	0.0010001272313772
0.0167667387699817	0.0010101285036909
0.0167828799761362	0.0010202297887278
0.0167990528819156	0.0010304320866151
0.0168152273485810	0.0010407364074813
0.0168314212408356	0.0010511437715561
0.0168476166821273	0.0010616552092716
0.0168638116661195	0.0010722717613644
0.0168800503642025	0.0010829944789780
0.0168962606698929	0.0010938244237678
0.0169125467459567	0.0011047626680055
0.0169287653881839	0.0011158102946855
0.0169450859191711	0.0011269683976324
0.0169613307376821	0.0011382380816087
0.0169776501608237	0.0011496204624248
0.0169939549114138	0.0011611166670490
0.0170102749220751	0.0011727278337195
0.0170266431192498	0.0011844551120567
0.0170429596745347	0.0011962996631773
0.0170593524487184	0.0012082626598090
0.0170757101895821	0.0012203452864071
0.0170920943803545	0.0012325487392712
0.0171085265252329	0.0012448742266639
0.0171249049896332	0.0012573229689306
0.0171413425490687	0.0012698961986199
0.0171577850840878	0.0012825951606061
0.0171742138071497	0.0012954211122121
0.0171906929734557	0.0013083753233342
0.0172071574131954	0.0013214590765676
0.0172236253029608	0.0013346736673333
0.0172401368633795	0.0013480204040066
0.0172566353497837	0.0013615006080467
0.0172731353171354	0.0013751156141271
0.0172896732875562	0.0013888667702684
0.0173062175346527	0.0014027554379711
0.0173227442799575	0.0014167829923508
0.0173393043504201	0.0014309508222743
0.0173558964231048	0.0014452603304970
0.0173724555440708	0.0014597129338020
0.0173890352176539	0.0014743100631400
0.0174056431915839	0.0014890531637714
0.0174222747703229	0.0015039436954092
0.0174388727302001	0.0015189831323632
0.0174554961679499	0.0015341729636869
0.0174721417471816	0.0015495146933237
0.0174888086563979	0.0015650098402570
0.0175054564476537	0.0015806599386596
0.0175221021264699	0.0015964665380461
0.0175387683144445	0.0016124312034266
0.0175554523634796	0.0016285555154609
0.0175721536891450	0.0016448410706155
0.0175888572717696	0.0016612894813216
0.0176055555368357	0.0016779023761349
0.0176222702992241	0.0016946813998962
0.0176389996459772	0.0017116282138952
0.0176557432200448	0.0017287444960341
0.0176724994644706	0.0017460319409945
0.0176892681697003	0.0017634922604044
0.0177060472601648	0.0017811271830084
0.0177228203730779	0.0017989384548385
0.0177396061260191	0.0018169278393869
0.0177564034994282	0.0018350971177808
0.0177732124093030	0.0018534480889586
0.0177900320099376	0.0018719825698482
0.0178068622429484	0.0018907023955467
0.0178237025073783	0.0019096094195021
0.0178405528321115	0.0019287055136971
0.0178574127633109	0.0019479925688341
0.0178742823394225	0.0019674724945225
0.0178911613118904	0.0019871472194677
0.0179080497822734	0.0020070186916624
0.0179249476233380	0.0020270888785790
0.0179418545018669	0.0020473597673648
0.0179587701885062	0.0020678333650384
0.0179756947156393	0.0020885116986888
0.0179926281430185	0.0021093968156757
0.0180095699660393	0.0021304907838325
0.0180265203764223	0.0021517956916708
0.0180434790387649	0.0021733136485875
0.0180604464706698	0.0021950467850734
0.0180774220191632	0.0022169972529241
0.0180944064883431	0.0022391672254533
0.0181113990118916	0.0022615588977079
0.0181284002355327	0.0022841744866850
0.0181454097998829	0.0023070162315518
0.0181624278594017	0.0023300863938673
0.0181794545692458	0.0023533872578060
0.0181964895181475	0.0023769211303841
0.0182135332723128	0.0024006903416879
0.0182305852138532	0.0024246972451048
0.0182476456608019	0.0024489442175558
0.0182647146970079	0.0024734336597314
0.0182817919596484	0.0024981679963287
0.0182988778574812	0.0025231496762920
0.0183159712367756	0.0025483811730549
0.0183330598447182	0.0025738649847854
0.0183501557431903	0.0025996036346333
0.0183672603464837	0.0026255996709796
0.0183843739299623	0.0026518556676894
0.0184014958781121	0.0026783742243663
0.0184186264296187	0.0027051579666100
0.0184357658085058	0.0027322095462761
0.0184529135497986	0.0027595316417388
0.0184700697463122	0.0027871269581562
0.0184872345821315	0.0028149982277378
0.0185044078887111	0.0028431482100152
0.0185215894712123	0.0028715796921153
0.0185387794833128	0.0029002954890365
0.0185559780585203	0.0029292984439268
0.0185731848316041	0.0029585914283661
0.0185903998093040	0.0029881773426498
0.0186076231030159	0.0030180591160763
0.0186248547879987	0.0030482397072370
0.0186420946061650	0.0030787221043094
0.0186593424894298	0.0031095093253525
0.0186765985031948	0.0031406044186060
0.0186938627005313	0.0031720104627921
0.0187111351095820	0.0032037305674200
0.0187284154455765	0.0032357678730942
0.0187457037057920	0.0032681255518252
0.0187629999185159	0.0033008068073434
0.0187803041033421	0.0033338148754168
0.0187976162635557	0.0033671530241710
0.0188149363956954	0.0034008245544127
0.0188322643258819	0.0034348327999569
0.0188495999949008	0.0034691811279564
0.0188669434065169	0.0035038729392360
0.0188842945545509	0.0035389116686283
0.0189016534278387	0.0035743007853146
0.0189190199995797	0.0036100437931678
0.0189363942299125	0.0036461442310994
0.0189537760769127	0.0036826056734104
0.0189711654158107	0.0037194317301445
0.0189885618690119	0.0037566260474460
0.0190059654219053	0.0037941923079205
0.0190233760594397	0.0038321342309997
0.0190407937641014	0.0038704555733097
0.0190582185099737	0.0039091601290428
0.0190756502869389	0.0039482517303332
0.0190930890900596	0.0039877342476365
0.0191105348970135	0.0040276115901129
0.0191279876896108	0.0040678877060140
0.0191454474510042	0.0041085665830742
0.0191629141685284	0.0041496522489049
0.0191803878253232	0.0041911487713939
0.0191978684103840	0.0042330602591079
0.0192153545639549	0.0042753908616990
0.0192328462802564	0.0043181447703159
0.0192503448864294	0.0043613262180191
0.0192678503654712	0.0044049394801993
0.0192853627029679	0.0044489888750013
0.0193028818834273	0.0044934787637513
0.0193203979239576	0.0045384135513888
0.0193379201862127	0.0045837976869027
0.0193554495266330	0.0046296356637717
0.0193729859145427	0.0046759320204095
0.0193905293169164	0.0047226913406136
0.0194080797021599	0.0047699182540197
0.0194256370432561	0.0048176174365599
0.0194432013078727	0.0048657936109255
0.0194607724689475	0.0049144515470347
0.0194783504996250	0.0049635960625051
0.0194959353716487	0.0050132320231301
0.0195135270610413	0.0050633643433614
0.0195311255418261	0.0051139979867951
0.0195487307885781	0.0051651379666630
0.0195663427794556	0.0052167893463296
0.0195839614902826	0.0052689572397929
0.0196015868976789	0.0053216468121909
0.0196192189813266	0.0053748632803128
0.0196368577198764	0.0054286119131159
0.0196545030915079	0.0054828980322470
0.0196721550771419	0.0055377270125695
0.0196898136593235	0.0055931042826952
0.0197074788175635	0.0056490353255222
0.0197251505338729	0.0057055256787774
0.0197428287925813	0.0057625809355652
0.0197605135617330	0.0058202067449208
0.0197782048007262	0.0058784088123700
0.0197959024722749	0.0059371929004937
0.0198136065418233	0.0059965648294986
0.0198313169763892	0.0060565304777936
0.0198490337423265	0.0061170957825716
0.0198667568085198	0.0061782667403973
0.0198844861463045	0.0062400494078012
0.0199022217290360	0.0063024499018793
0.0199199635310491	0.0063654744008981
0.0199377115266017	0.0064291291449070
0.0199554656919615	0.0064934204363561
0.0199732260053906	0.0065583546407197
0.0199909924468447	0.0066239381871269
0.0200087646243005	0.0066901775689981
0.0200265424295418	0.0067570793446881
0.0200443258724882	0.0068246501381350
0.0200621149670204	0.0068928966395164
0.0200799097263398	0.0069618256059115
0.0200977101628571	0.0070314438619706
0.0201155162882986	0.0071017583005903
0.0201333281136534	0.0071727758835962
0.0201511456493022	0.0072445036424322
0.0201689689050064	0.0073169486788565
0.0201867978900488	0.0073901181656451
0.0202046326132635	0.0074640193473016
0.0202224730827983	0.0075386595407746
0.0202403193047154	0.0076140461361823
0.0202581712834124	0.0076901865975441
0.0202760290219362	0.0077670884635196
0.0202938925223276	0.0078447593481548
0.0203117612461894	0.0079232069416363
0.0203296339111318	0.0080024390110527
0.0203475123444713	0.0080824634011632
0.0203653965471423	0.0081632880351749
0.0203832865197054	0.0082449209155266
0.0204011822625297	0.0083273701246819
0.0204190837758855	0.0084106438259287
0.0204369910601483	0.0084947502641880
0.0204548957020410	0.0085796977668299
0.0204728039434868	0.0086654947444982
0.0204907181624185	0.0087521496919432
0.0205086383183371	0.0088396711888626
0.0205265643753151	0.0089280679007512
0.0205444963017208	0.0090173485797587
0.0205624340699424	0.0091075220655563
0.0205803776559904	0.0091985972862119
0.0205983270392433	0.0092905832590740
0.0206162822022117	0.0093834890916647
0.0206342431283136	0.0094773239825814
0.0206522098017693	0.0095720972224072
0.0206701822077520	0.0096678181946312
0.0206881603325562	0.0097644963765775
0.0207061441637826	0.0098621413403433
0.0207241336904305	0.0099607627537467
0.0207421289030419	0.0100603703812842
0.0207601297938262	0.0101609740850971
0.0207781363565489	0.0102625838259480
0.0207961485865149	0.0103652096642075
0.0208141664805827	0.0104688617608496
0.0208321900371388	0.0105735503784581
0.0208502192561166	0.0106792858822427
0.0208682541390472	0.0107860787410651
0.0208862946891029	0.0108939395284757
0.0209043409111279	0.0110028789237605
0.0209223924124618	0.0111129077129981
0.0209404490077494	0.0112240367901281
0.0209585107441567	0.0113362771580293
0.0209765776650889	0.0114496399296096
0.0209946498107127	0.0115641363289057
0.0210127272184511	0.0116797776921948
0.0210308098957785	0.0117965754691167
0.0210488978393048	0.0119145412238079
0.0210669910482344	0.0120336866360460
0.0210850895243841	0.0121540235024064
0.0211031932722018	0.0122755637374305
0.0211213022987837	0.0123983193748048
0.0211394166138902	0.0125223025685529
0.0211575362298299	0.0126475255942384
0.0211756611613142	0.0127740008501808
0.0211937914253639	0.0129017408586826
0.0212119270412449	0.0130307582672694
0.0212300680167209	0.0131610658499421
0.0212482143681007	0.0132926765084415
0.0212663661171333	0.0134256032735259
0.0212845232853020	0.0135598593062612
0.0213026858943000	0.0136954578993238
0.0213208539663194	0.0138324124783171
0.0213390275242154	0.0139707366031002
0.0213572065916849	0.0141104439691312
0.0213753911934619	0.0142515484088225
0.0213935813555261	0.0143940638929108
0.0214117771053211	0.0145380045318399
0.0214299784719636	0.0146833845771583
0.0214481854864516	0.0148302184229298
0.0214663981593458	0.0149785206071592
0.0214846164765596	0.0151283058132307
0.0215028404298400	0.0152795888713631
0.0215210700142732	0.0154323847600767
0.0215393052284132	0.0155867086076774
0.0215575358578042	0.0157425756937542
0.0215757695292249	0.0159000014506918
0.0215940089083167	0.0160590014651987
0.0216122520417021	0.0162195914798507
0.0216305010880191	0.0163817873946492
0.0216487560495230	0.0165456052685957
0.0216670162471762	0.0167110613212817
0.0216852816131362	0.0168781719344945
0.0217035522114749	0.0170469536538394
0.0217218281070047	0.0172174231903778
0.0217401093655496	0.0173895974222816
0.0217583960514529	0.0175634933965044
0.0217766882266603	0.0177391283304695
0.0217949859515761	0.0179165196137742
0.0218132892855753	0.0180956848099119
0.0218315982875179	0.0182766416580110
0.0218499130162674	0.0184594080745911
0.0218682335196865	0.0186440021553371
0.0218865597968186	0.0188304421768904
0.0219048918547580	0.0190187465986593
0.0219232297084652	0.0192089340646459
0.0219415733802842	0.0194010234052924
0.0219599228995392	0.0195950336393453
0.0219782782974234	0.0197909839757387
0.0219966396074735	0.0199888938154961
0.0220150068660715	0.0201887827536511
0.0220333801129295	0.0203906705811876
0.0220517593915676	0.0205945772869995
0.0220701447493633	0.0208005230598695
0.0220885362376691	0.0210085282904682
0.0221069339119726	0.0212186135733729
0.0221253378321011	0.0214307997091066
0.0221437480605979	0.0216451077061977
0.0221621646595749	0.0218615587832596
0.0221805876862841	0.0220801743710922
0.0221990171332799	0.0223009761148031
0.0222174529008244	0.0225239858759511
0.0222358940935155	0.0227492257347107
0.0222543407912908	0.0229767179920578
0.0222727930780337	0.0232064851719783
0.0222912510419556	0.0234385500236981
0.0223097147759789	0.0236729355239351
0.0223281843776514	0.0239096648791745
0.0223466599464057	0.0241487615279662
0.0223651415807396	0.0243902491432458
0.0223836293792653	0.0246341516346783
0.0224021234417220	0.0248804931510251
0.0224206238699373	0.0251292980825353
0.0224391293089116	0.0253805910633607
0.0224576252358027	0.0256343969739943
0.0224761281357149	0.0258907409437342
0.0224946380672925	0.0261496483531716
0.0225131550342508	0.0264111448367033
0.0225316790540683	0.0266752562850703
0.0225502101524401	0.0269420088479210
0.0225687483639499	0.0272114289364002
0.0225872937321399	0.0274835432257642
0.0226058463096760	0.0277583786580218
0.0226244061585797	0.0280359624446021
0.0226429733505193	0.0283163220690481
0.0226615479614270	0.0285994852897386
0.0226801300628603	0.0288854801426360
0.0226987190896187	0.0291743349440623
0.0227173144632450	0.0294660782935029
0.0227359163659757	0.0297607390764379
0.0227545249571983	0.0300583464672024
0.0227731403165923	0.0303589299318744
0.0227917625355335	0.0306625192311931
0.0228103894174180	0.0309691444235050
0.0228290224950574	0.0312788358677401
0.0228476627563725	0.0315916242264175
0.0228663103268060	0.0319075404686817
0.0228849653366030	0.0322266158733684
0.0229036279218588	0.0325488820321022
0.0229222982251738	0.0328743708524232
0.0229409763963832	0.0332031145609474
0.0229596625933675	0.0335351457065569
0.0229783569042816	0.0338704971636224
0.0229970593858164	0.0342092021352587
0.0230157701081291	0.0345512941566112
0.0230344891550891	0.0348968070981774
0.0230532166246436	0.0352457751691591
0.0230719523790782	0.0355982329208507
0.0230906951843605	0.0359542152500592
0.0231094452737254	0.0363137574025598
0.0231281889549051	0.0366768949765854
0.0231469315268679	0.0370436639263513
0.0231656823398084	0.0374141005656147
0.0231844415967951	0.0377882415712709
0.0232032094928148	0.0381661239869836
0.0232219861090071	0.0385477852268535
0.0232407715480208	0.0389332630791220
0.0232595659334838	0.0393225957099132
0.0232783694029796	0.0397158216670123
0.0232971821045229	0.0401129798836825
0.0233160041982623	0.0405141096825193
0.0233348358575761	0.0409192507793445
0.0233536772697906	0.0413284432871380
0.0233725286370591	0.0417417277200094
0.0233913900838158	0.0421591449972094
0.0234102615055675	0.0425807364471815
0.0234291412814049	0.0430065438116533
0.0234480296406962	0.0434366092497699
0.0234669268252864	0.0438709753422676
0.0234858330906102	0.0443096850956903
0.0235047487069626	0.0447527819466471
0.0235236739523281	0.0452003097661136
0.0235426091094715	0.0456523128637747
0.0235615544681994	0.0461088359924124
0.0235805101987013	0.0465699243523366
0.0235994764576845	0.0470356235958599
0.0236184534308675	0.0475059798318185
0.0236374413256296	0.0479810396301367
0.0236564281155521	0.0484608500264381
0.0236754072767301	0.0489454585267024
0.0236943985042185	0.0494349131119695
0.0237134008917769	0.0499292622430892
0.0237324093336115	0.0504285548655201
0.0237514282940695	0.0509328404141753
0.0237704580446470	0.0514421688183171
0.0237894988198038	0.0519565905065002
0.0238085508741193	0.0524761564115652
0.0238276144844321	0.0530009179756809
0.0238466899517585	0.0535309271554377
0.0238657776020854	0.0540662364269921
0.0238848777726770	0.0546068987912620
0.0239039907872303	0.0551529677791746
0.0239231168126769	0.0557044974569664
0.0239422560547210	0.0562615424315361
0.0239614080226471	0.0568241578558515
0.0239805710895430	0.0573923994344100
0.0239997456958979	0.0579663234287541
0.0240189323006172	0.0585459866630416
0.0240381313762818	0.0591314465296721
0.0240573433882194	0.0597227609949688
0.0240765686173584	0.0603199886049185
0.0240957793565642	0.0609231884909676
0.0241149936954664	0.0615324203758773
0.0241342227382713	0.0621477445796362
0.0241534668118715	0.0627692220254325
0.0241727262783458	0.0633969142456869
0.0241920015368762	0.0640308833881437
0.0242112906032787	0.0646711922220251
0.0242305931391865	0.0653179041442453
0.0242499095525114	0.0659710831856878
0.0242692402845676	0.0666307940175447
0.0242885858123521	0.0672971019577202
0.0243079466508577	0.0679700729772974
0.0243273233359551	0.0686497737070703
0.0243467163591773	0.0693362714441410
0.0243661260417799	0.0700296341585824
0.0243855527608565	0.0707299305001683
0.0244049913520613	0.0714372298051700
0.0244244426046445	0.0721516021032218
0.0244439089980329	0.0728731181242540
0.0244633469297624	0.0736018493054965
0.0244828000643854	0.0743378677985514
0.0245022706298369	0.0750812464765369
0.0245217590432515	0.0758320589413022
0.0245412657857583	0.0765903795307152
0.0245607913801102	0.0773562833260223
0.0245803363962000	0.0781298461592826
0.0245999014545182	0.0789111446208754
0.0246194839635847	0.0797002560670841
0.0246390837184760	0.0804972586277550
0.0246587013692415	0.0813022312140326
0.0246783376100077	0.0821152535261729
0.0246979931844692	0.0829364060614346
0.0247176688902022	0.0837657701220489
0.0247373653995236	0.0846034278232694
0.0247570820240021	0.0854494621015021
0.0247767645357711	0.0863039567225171
0.0247964702377230	0.0871669962897423
0.0248161952959643	0.0880386662526397
0.0248359406087054	0.0889190529151661
0.0248557071201212	0.0898082434443178
0.0248754956713522	0.0907063258787609
0.0248953069112863	0.0916133891375484
0.0249151415741027	0.0925295230289240
0.0249349932584928	0.0934548182592132
0.0249548683415101	0.0943893664418054
0.0249747644187939	0.0953332601062234
0.0249946824144339	0.0962865927072856
0.0250146232249543	0.0972494586343584
0.0250345836560712	0.0982219532207020
0.0250545078050463	0.0992041727529091
0.0250744582333072	0.1001962144804382
0.0250944359623443	0.1011981766252426
0.0251144417073647	0.1022101583914950
0.0251344738456711	0.1032322599754099
0.0251545303779798	0.1042645825751641
0.0251746125104636	0.1053072284009156
0.0251947215141836	0.1063603006849248
0.0252148585520097	0.1074239036917740
0.0252350245683367	0.1084981427286918
0.0252552206210420	0.1095831241559788
0.0252754452787198	0.1106789553975386
0.0252956371759926	0.1117857449515139
0.0253158436354283	0.1129036024010291
0.0253360797678162	0.1140326384250393
0.0253563396283498	0.1151729648092896
0.0253766271965259	0.1163246944573824
0.0253969478528859	0.1174879414019562
0.0254173030196185	0.1186628208159758
0.0254376881375781	0.1198494490241355
0.0254581038673373	0.1210479435143770
0.0254785517063723	0.1222584229495207
0.0254990332594143	0.1234810071790159
0.0255194830036301	0.1247158172508061
0.0255399502066232	0.1259629754233141
0.0255604559497531	0.1272226051775472
0.0255809969081562	0.1284948312293228
0.0256015721558629	0.1297797795416159
0.0256221835548069	0.1310775773370321
0.0256428330243490	0.1323883531104024
0.0256635219927870	0.1337122366415065
0.0256842520756733	0.1350493590079215
0.0257050154676124	0.1363998525980007
0.0257257293306996	0.1377638511239808
0.0257464640893708	0.1391414896352207
0.0257672400622981	0.1405329045315729
0.0257880589541001	0.1419382335768886
0.0258089226454740	0.1433576159126575
0.0258298312931819	0.1447911920717841
0.0258507803214108	0.1462391039925020
0.0258717720246227	0.1477014950324270
0.0258928085809089	0.1491785099827512
0.0259138169563460	0.1506702950825786
0.0259348400790775	0.1521769980334043
0.0259559152392797	0.1536987680137383
0.0259770358043709	0.1552357556938757
0.0259982034530566	0.1567881132508144
0.0260194128177554	0.1583559943833225
0.0260406651039844	0.1599395543271557
0.0260619719581220	0.1615389498704273
0.0260832906116955	0.1631543393691316
0.0261045792814034	0.1647858827628228
0.0261259204597797	0.1664337415904509
0.0261473171691574	0.1680980790063553
0.0261687722983426	0.1697790597964187
0.0261902883241331	0.1714768503943830
0.0262118572384600	0.1731916188983268
0.0262334824786192	0.1749235350873102
0.0262550998370630	0.1766727704381832
0.0262767130673296	0.1784394981425652
0.0262983758508824	0.1802238931239908
0.0263200988025289	0.1820261320552308
0.0263418818405212	0.1838463933757830
0.0263637290993267	0.1856848573095408
0.0263856439824499	0.1875417058826360
0.0264075857514698	0.1894171229414623
0.0264294937994265	0.1913112941708771
0.0264514686018167	0.1932244071125858
0.0264735131152196	0.1951566511837116
0.0264956312685149	0.1971082176955487
0.0265178270070322	0.1990792998725043
0.0265400792557990	0.2010700928712292
0.0265623213583722	0.2030807937999417
0.0265845553654648	0.2051116017379412
0.0266068695813115	0.2071627177553208
0.0266292683997043	0.2092343449328739
0.0266517496725735	0.2113266883822026
0.0266743103788512	0.2134399552660246
0.0266969416410669	0.2155743548186848
0.0267194967105424	0.2177300983668717
0.0267421454851944	0.2199073993505405
0.0267648624826183	0.2221064733440458
0.0267876617099278	0.2243275380774862
0.0268105543093881	0.2265708134582610
0.0268335321868095	0.2288365215928436
0.0268564283500332	0.2311248868087720
0.0268794237144484	0.2334361356768598
0.0269025175482373	0.2357704970336285
0.0269257158409907	0.2381282020039649
0.0269490251628064	0.2405094840240047
0.0269723324004020	0.2429145788642446
0.0269956091181641	0.2453437246528869
0.0270189960035781	0.2477971618994159
0.0270424997706370	0.2502751335184101
0.0270661238107591	0.2527778848535943
0.0270898591894127	0.2553056637021301
0.0271135100977940	0.2578587203391515
0.0271372621694231	0.2604373075425432
0.0271611102102911	0.2630416806179686
0.0271850816414999	0.2656720974241484
0.0272091803246114	0.2683288183983896
0.0272332353455354	0.2710121065823737
0.0272573609114449	0.2737222276481973
0.0272816313402924	0.2764594499246794
0.0273060372362191	0.2792240444239261
0.0273305597219841	0.2820162848681655
0.0273550095565196	0.2848364477168471
0.0273795586307988	0.2876848121940154
0.0274042558851300	0.2905616603159556
0.0274291101226420	0.2934672769191151
0.0274541187708270	0.2964019496883063
0.0274790169521716	0.2993659691851895
0.0275040353470055	0.3023596288770413
0.0275292205215405	0.3053832251658116
0.0275545885155994	0.3084370574174698
0.0275799818458410	0.3115214279916443
0.0276054035871917	0.3146366422715607
0.0276310094774232	0.3177830086942764
0.0276567696036648	0.3209608387812191
0.0276826757345704	0.3241704471690314
0.0277084889063434	0.3274121516407217
0.0277345037340894	0.3306862731571288
0.0277607360371251	0.3339931358887002
0.0277871853635468	0.3373330672475872
0.0278134667270216	0.3407063979200631
0.0278399352555958	0.3441134618992637
0.0278666426076597	0.3475545965182563
0.0278935937103453	0.3510301424834387
0.0279204591451457	0.3545404439082731
0.0279474537997772	0.3580858483473557
0.0279746929357276	0.3616667068308292
0.0280021976063299	0.3652833738991373
0.0280295886348229	0.3689362076381286
0.0280572108562089	0.3726255697145098
0.0280850698092984	0.3763518254116551
0.0281131523652995	0.3801153436657715
0.0281411207902772	0.3839164971024290
0.0281693932040282	0.3877556620734532
0.0281979913190241	0.3916332186941878
0.0282266223252537	0.3955495508811299
0.0282552879849988	0.3995050463899414
0.0282842963004980	0.4035000968538408
0.0283136748399610	0.4075350978223792
0.0283428971038707	0.4116104488006030
0.0283723565240480	0.4157265532886090
0.0284022060094267	0.4198838188214951
0.0284322568385323	0.4240826570097099
0.0284622741005190	0.4283234835798068
0.0284926430100598	0.4326067184156051
0.0285234612289296	0.4369327855997613
0.0285541193189089	0.4413021134557587
0.0285851239716945	0.4457151345903165
0.0286165449480423	0.4501722859362199
0.0286480163279426	0.4546740087955822
0.0286797676686880	0.4592207488835379
0.0287118837468093	0.4638129563723736
0.0287442056723858	0.4684510859360974
0.0287766726579435	0.4731355967954584
0.0288096367311087	0.4778669527634131
0.0288428509552743	0.4826456222910473
0.0288761123030242	0.4874720785139576
0.0289100147346657	0.4923467992990969
0.0289441685201589	0.4972702672920881
0.0289783274348621	0.5022429699650091
0.0290131914796764	0.5072653996646589
0.0290483710318334	0.5123380536613056
0.0290835511899585	0.5174614341979186
0.0291194913736774	0.5226360485398975
0.0291557451246408	0.5278624090252965
0.0291920971832909	0.5331410331155495
0.0292292637300433	0.5384724434467051
0.0292666334933944	0.5438571678811721
0.0293042983277340	0.5492957395599836
0.0293428519243346	0.5547886969555834
0.0293814200830923	0.5603365839251391
0.0294205555164090	0.5659399497643905
0.0294606384365628	0.5715993492620343
0.0295005328832422	0.5773153427546545
0.0295413861494861	0.5830884961822008
0.0295829538805387	0.5889193811440230
0.0296245637874168	0.5948085749554632
0.0296672600361875	0.6007566607050178
0.0297103725663518	0.6067642273120677
0.0297541085780460	0.6128318695851884
0.0297988990743186	0.6189601882810402
0.0298437745798916	0.6251497901638506
0.0298896989581226	0.6314012880654889
0.0299366892357080	0.6377153009461439
0.0299838364275319	0.6440924539556051
0.0300326127175373	0.6505333784951610
0.0300815686836692	0.6570387122801127
0.0301317999201236	0.6636090994029136
0.0301833550204434	0.6702451903969427
0.0302350210287928	0.6769476423009122
0.0302889485951037	0.6837171187239215
0.0303428799130937	0.6905542899111609
0.0303985271043903	0.6974598328102725
0.0304556844147399	0.7044344311383751
0.0305135291726941	0.7114787754497591
0.0305741989585627	0.7185935632042567
0.0306343080911048	0.7257794988362994
0.0306976699982950	0.7330372938246624
0.0307617355629776	0.7403676667629090
0.0308280056410021	0.7477713434305381
0.0308969075939508	0.7552490568648432
0.0309663458188131	0.7628015474334917
0.0310407022713383	0.7704295629078266
0.0311141464294974	0.7781338585369048
0.0311927972165763	0.7859151971222738
0.0312730009122621	0.7937743490934965
0.0313569126194809	0.8017120925844313
0.0314441932825572	0.8097292135102758
0.0315349825915574	0.8178265056453788
0.0316307110841102	0.8260047707018329
0.0317291070632152	0.8342648184088514
0.0318363079050756	0.8426074665929401
0.0319436802257240	0.8510335412588692
0.0320628605962588	0.8595438766714580
0.0321833138074783	0.8681393154381725
0.0323164372339286	0.8768207085925542
0.0324562026397514	0.8855889156784799
0.0326077306483456	0.8944448048352648
0.0327711978631396	0.9033892528836173
0.0329518490223381	0.9124231454124535
0.0331516963466545	0.9215473768665779
0.0333600596099182	0.9304412902278533
0.0336140694116798	0.9397457031301317
0.0338576930563855	0.9473393607397972
0.0341444911447821	0.9568127543471950
0.0345911069300564	0.9663808818906668
0.0351254975989557	0.9760446907095737
0.0357946211266637	0.9867279566188284
0.0361896393368131	0.9909691041544488
0.0365039711797974	0.9918694503102277
0.0371525648147286	0.9934480176810294
0.0371525648148286	0.9917704803195695
0.0389532446284119	0.9955762116922400
0.0395618781323944	0.9982031934913901
0.0424195842828283	0.9992639491239588
0.0474664369490927	0.9997474000361275
0.0496314586714095	0.9998789425912685
0.0544977547615231	0.9999656134089414
0.0572362076022483	0.9999833766831083
0.0627617382071394	0.9999946199896647
0.0640780605894989	0.9999975573829906
0.0698454687380566	0.9999991807755534
0.0722245353008714	0.9999996091436167
0.0773281274285301	0.9999998700361759
0.0794238215545451	0.9999999387308806
0.0853499688973258	0.9999999799509206
0.0877765245019545	0.9999999906858433
0.0940611897293940	0.9999999970183537
0.0969297112089224	0.9999999986315415
0.1034166382233087	0.9999999995706714
0.1066438386756549	0.9999999998041657
0.1131639101742277	0.9999999999394914
0.1165645227673946	0.9999999999724611
0.1230770222524656	0.9999999999915739
0.1265066751932304	0.9999999999961634
0.1329719845222297	0.9999999999988323
0.1363145089495112	0.9999999999994678
0.1427489898165245	0.9999999999998385
0.1459774567962559	0.9999999999999262
0.1524121860154983	0.9999999999999777
0.1555019474362752	0.9999999999999898
0.1619290731042812	0.9999999999999969
0.1649861489447816	0.9999999999999986
0.1721213090181617	0.9999999999999996
0.1744716618616653	1.0000000000000000
0.1753975877875912	0.9999999999999999
0.1811383285283321	1.0035483870967739
0.1833242284725106	1.0001284147685212
0.1994909132641126	1.0000750647303547
0.2268775062121982	1.0000200174744229
0.2432028109314710	1.0000109158790416
0.2637462942849297	0.9999985158858170
0.3205417583459794	0.9999690118155191
0.5510469687502448	1.0004228510436668
0.5567447589081425	1.0001632092536781
0.5733773620849811	1.0000339120737445
0.5886950624636180	1.0000062827927376
0.6041812527256228	1.0000012042059347
0.6110147400257420	0.9999998045507227
0.6340287371240063	0.9999993866960402
0.6617245948635240	0.9999984965568481
0.6927167668905350	0.9999965526854685
0.7189434244883016	0.9999958606645887
0.7770606256528255	0.9999785581956304
0.8729331104227863	0.9999890690299019
1.2431386038021395	1.0036407840339867
1.2431399377610948	1.0005284520468456
1.2616757541408459	1.0001100723138885
1.2640923413472587	1.0000288464902176
1.2795284978702675	1.0000135928142928
1.2948211657148709	1.0000034702503076
1.3181892057171340	1.0000007838729084
1.3394947494047691	1.0000001711482316
1.3703297025115957	0.9999990224323414
1.3998339675139571	0.9999984417753141
1.4645349634156486	0.9999983889843188
2.4989165663327380	0.9999965894557777
2.7549121459050885	0.9999884606874557
3.3349263474373498	0.9999612101695152
3.4055282675910981	0.9999930665338181
3.4059297742707186	0.9999971861643994
3.4281321953597872	0.9999977183371463
3.4315172423629510	0.9999979492684627
3.4449104617085338	0.9999980109335349
3.4765983458583487	0.9999980118458899
3.5013874745989186	0.9999980157106948
3.5057582300569647	0.9999980168209917
3.5440220591648091	0.9999980169854573
3.5541521475671329	0.9999980170070663
3.5570051531009819	0.9999980170318796
3.6006034825154214	0.9999980170322468
3.6134312215555879	0.9999980170355554
3.6189763362129446	0.9999980170360382
3.6311255702604814	0.9999980170365927
3.6365262405968259	1.0000003765634016
3.6415191454603435	1.0000007208334181
3.6505580074757171	1.0000028277065476
3.6601696056013195	1.0000031351714820
3.6711177173255463	1.0000133346396534
4.1524907274390435	0.9604130064974992
4.1524907274391438	0.9898134046677143
4.1528031148130875	1.0002985766216350
4.1642573869262325	1.0000412174852762
4.2358252339794298	0.9856955388691896
4.2359901345504349	0.9980998789553501
4.2366986598306662	0.9997947751241391
4.2686317387312274	0.9999936605549282
4.3329778829421590	1.0000308952298567
4.3351659394315982	1.0000385020739935
4.5608928025749824	0.9604371264860083
4.5608928025750828	0.9898382630232142
4.5612056754902781	1.0003015057657803
4.5726774657169234	1.0000029945937565
4.8412560325332947	0.9865472054446524
4.8414212368929794	0.9981608828454037
4.8441636788241915	0.9997625119743930
4.8523939884716496	0.9999411218605294
4.8613313655996686	0.9999640546231239
4.9099822531148059	0.9999901746140585
4.9126489007107690	0.9999935391220434
4.9352152952654071	0.9999939737961115
4.9571932452604814	0.9999940297814834
4.9790952721214410	0.9999940370151753
5.0009271450535087	0.9999940379497949
5.0227413507189960	0.9999940380705988
5.0453770536236986	0.9999979160443504
5.0478729741508195	0.9999984172794351
5.0503694500774667	0.9999984820673884
5.0871598060091223	0.9999985640215884
5.0934320506057160	0.9999985746149155
5.1234912598809643	0.9999985775287079
5.1350598917719523	0.9999985779053453
5.1574837908160598	0.9999985780090064
5.1690468410145343	0.9999985780224061
5.1914716060959059	0.9999985780260937
5.2030345447827582	0.9999985780265704
5.2254843979058911	0.9999985780267014
5.2369618078390934	0.9999985780267187
5.2598660072712757	0.9999985780267232
5.2723347433569980	0.9999985780267238
5.2824462160785624	0.9999985780267240
5.2964480541991188	0.9999985780267237
5.3017580263458708	0.9999985780267239
5.3043620804308533	0.9999985780267239
