0.0000000000000000	0.0000000000000000
0.0231295861575892	0.0000300000000000
0.0233634903073371	0.0000126365547352
0.0243903592963876	0.0000226365547352
0.0244681016678088	0.0000217451683933
0.0248935085001224	0.0000301187191978
0.0252390321074746	0.0000228304139955
0.0257212463224372	0.0000403146266969
0.0258154936086299	0.0000337166717057
0.0262180310758963	0.0000532415027027
0.0263287696832709	0.0000438407269938
0.0263721863608724	0.0000456196649331
0.0268187181470340	0.0000556196649331
0.0271450542696554	0.0000656196649331
0.0274266848221248	0.0000756196649331
0.0276503610826389	0.0000856196649331
0.0278651932693904	0.0000956196649331
0.0280430087238889	0.0001056196649331
0.0282135532276841	0.0001156196649331
0.0283653183914856	0.0001256196649331
0.0285070210290761	0.0001356196649331
0.0286388065078712	0.0001456196649331
0.0287618710215615	0.0001556196649331
0.0288776896962068	0.0001656196649331
0.0289861458235939	0.0001756196649331
0.0290892909010150	0.0001856196649331
0.0291865895286440	0.0001956196649331
0.0292794302084119	0.0002056196649331
0.0293666967427747	0.0002156196649331
0.0294510112902623	0.0002256196649331
0.0295307543496865	0.0002356196649331
0.0296081008963960	0.0002456196649331
0.0296810044283570	0.0002556196649331
0.0297524782419658	0.0002656196649331
0.0298201617460284	0.0002756196649331
0.0298865518829267	0.0002856196649331
0.0299493246102128	0.0002956196649331
0.0300113102977405	0.0003056196649331
0.0300701079755357	0.0003156196649331
0.0301282123533719	0.0003256196649331
0.0301832748033800	0.0003356196649331
0.0302379698162065	0.0003456196649331
0.0302899305799246	0.0003556196649331
0.0303415275036245	0.0003656196649331
0.0303905856897157	0.0003756196649331
0.0304393669041340	0.0003856196649331
0.0304858921961910	0.0003956196649331
0.0305321873463125	0.0004056196649331
0.0305765175690739	0.0004156196649331
0.0306205401176396	0.0004256196649331
0.0306628744134130	0.0004356196649331
0.0307048385601486	0.0004456196649331
0.0307453502194572	0.0004556196649331
0.0307854343355286	0.0004656196649331
0.0308242709393196	0.0004756196649331
0.0308626513401268	0.0004856196649331
0.0308999474892795	0.0004956196649331
0.0309367485702573	0.0005056196649331
0.0309726168721035	0.0005156196649331
0.0310079528111529	0.0005256196649331
0.0310425010382699	0.0005356196649331
0.0310764694947152	0.0005456196649331
0.0311097112239164	0.0005556196649331
0.0311423918470249	0.0005656196649331
0.0311745225460433	0.0005756196649331
0.0312061125164180	0.0005856196649331
0.0312371649845493	0.0005956196649331
0.0312675746457927	0.0006056196649331
0.0312976610744424	0.0006156196649331
0.0313271220507407	0.0006256196649331
0.0313562039331051	0.0006356196649331
0.0313847838925166	0.0006456196649331
0.0314129471580550	0.0006556196649331
0.0314406264706314	0.0006656196649331
0.0314679934585279	0.0006756196649331
0.0314948288860560	0.0006856196649331
0.0315214134074215	0.0006956196649331
0.0315475088159290	0.0007056196649331
0.0315733294741446	0.0007156196649331
0.0315986365656244	0.0007256196649331
0.0316238312194571	0.0007356196649331
0.0316483905506311	0.0007456196649331
0.0316729715831513	0.0007556196649331
0.0316968701984525	0.0007656196649331
0.0317207252329939	0.0007756196649331
0.0317441218479863	0.0007856196649331
0.0317673597598979	0.0007956196649331
0.0317901079574685	0.0008056196649331
0.0318127745367524	0.0008156196649331
0.0318350674892437	0.0008256196649331
0.0318571645077742	0.0008356196649331
0.0318788611659722	0.0008456196649331
0.0319004125690436	0.0008556196649331
0.0319216704330139	0.0008656196649331
0.0319427463215309	0.0008756196649331
0.0319635673932996	0.0008856196649331
0.0319841225649422	0.0008956196649331
0.0320044280422268	0.0009056196649331
0.0320245128375822	0.0009156196649331
0.0320444108376392	0.0009256196649331
0.0320640729796541	0.0009356196649331
0.0320835710485222	0.0009456196649331
0.0321028120416353	0.0009556196649331
0.0321219199704563	0.0009656196649331
0.0321407587691361	0.0009756196649331
0.0321594875929764	0.0009856196649331
0.0321779318599891	0.0009956196649331
0.0321962941190491	0.0010056196649331
0.0322143633888001	0.0010156758615824
0.0322324765559530	0.0010258326201982
0.0322504652035156	0.0010360909464002
0.0322685966738272	0.0010464518558642
0.0322865907312175	0.0010569163744228
0.0323047076635320	0.0010674855381671
0.0323227382133660	0.0010781603935487
0.0323408384086728	0.0010889419974842
0.0323589104395290	0.0010998314174591
0.0323769899774421	0.0011108297316337
0.0323951082902814	0.0011219380289500
0.0324131653434527	0.0011331574092395
0.0324313165807890	0.0011444889833319
0.0324493675188746	0.0011559338731652
0.0324674873854566	0.0011674932118969
0.0324855992247910	0.0011791681440158
0.0325036883944396	0.0011909598254560
0.0325218501162252	0.0012028694237106
0.0325399222882960	0.0012148981179477
0.0325580487415039	0.0012270470991271
0.0325761948480720	0.0012393175701184
0.0325942850478015	0.0012517107458196
0.0326124338133156	0.0012642278532778
0.0326305658581967	0.0012768701318106
0.0326486759598331	0.0012896388331287
0.0326668356503369	0.0013025352214600
0.0326849693554725	0.0013155605736746
0.0327030892447316	0.0013287161794113
0.0327212511970014	0.0013420033412054
0.0327394014526333	0.0013554233746175
0.0327575239078314	0.0013689776083636
0.0327756821483814	0.0013826673844473
0.0327938629412074	0.0013964940582918
0.0328119828209655	0.0014104589988747
0.0328301333283017	0.0014245635888634
0.0328483073438838	0.0014388092247521
0.0328664720543063	0.0014531973169996
0.0328846125392781	0.0014677292901696
0.0329027728621907	0.0014824065830713
0.0329209533790238	0.0014972306489020
0.0329391296632197	0.0015122029553910
0.0329572766246581	0.0015273249849449
0.0329754407801257	0.0015425982347944
0.0329936178336327	0.0015580242171423
0.0330118076987178	0.0015736044593137
0.0330299813151334	0.0015893405039069
0.0330481428285191	0.0016052339089459
0.0330663155158718	0.0016212862480354
0.0330844966855248	0.0016374991105157
0.0331026859184433	0.0016538741016209
0.0331208810753548	0.0016704128426371
0.0331390658668618	0.0016871169710635
0.0331572408792731	0.0017039881407741
0.0331754218983984	0.0017210280221818
0.0331936082583032	0.0017382383024037
0.0332117989381345	0.0017556206854277
0.0332299931147039	0.0017731768922820
0.0332481903165863	0.0017909086612048
0.0332663897026619	0.0018088177478168
0.0332845911574970	0.0018269059252950
0.0333027937130251	0.0018451749845480
0.0333209976945715	0.0018636267343935
0.0333391981693513	0.0018822630017374
0.0333573976915751	0.0019010856317548
0.0333756000657848	0.0019200964880723
0.0333938042314293	0.0019392974529530
0.0334120110582808	0.0019586904274826
0.0334302190976209	0.0019782773317574
0.0334484283045053	0.0019980601050750
0.0334666375509528	0.0020180407061257
0.0334848481928438	0.0020382211131870
0.0335030589267202	0.0020586033243188
0.0335212709387681	0.0020791893575620
0.0335394833907457	0.0020999812511376
0.0335576969894541	0.0021209810636490
0.0335759114102502	0.0021421908742855
0.0335941267818349	0.0021636127830284
0.0336123433923283	0.0021852489108586
0.0336305607468783	0.0022071013999672
0.0336487797047019	0.0022291724139669
0.0336669992451551	0.0022514641381066
0.0336852200972716	0.0022739787794876
0.0337034417729075	0.0022967185672825
0.0337216645075671	0.0023196857529553
0.0337398879324732	0.0023428826104849
0.0337581126804530	0.0023663114365897
0.0337763387998511	0.0023899745509556
0.0337945658664061	0.0024138742964652
0.0338127944283469	0.0024380130394298
0.0338310241709609	0.0024623931698241
0.0338492550114695	0.0024870171015224
0.0338674874064199	0.0025118872725376
0.0338857209390412	0.0025370061452630
0.0339039556155956	0.0025623762067156
0.0339221918199709	0.0025879999687828
0.0339404292616799	0.0026138799684706
0.0339586678212898	0.0026400187681553
0.0339769078253386	0.0026664189558368
0.0339951493004385	0.0026930831453952
0.0340133918129868	0.0027200139768492
0.0340316356455283	0.0027472141166177
0.0340498810064096	0.0027746862577838
0.0340681276058478	0.0028024331203617
0.0340863753777033	0.0028304574515653
0.0341046244995774	0.0028587620260809
0.0341228751468256	0.0028873496463418
0.0341411270679792	0.0029162231428052
0.0341593801561588	0.0029453853742332
0.0341776345673788	0.0029748392279755
0.0341958904058260	0.0030045876202553
0.0342141477741544	0.0030346334964578
0.0342324063013704	0.0030649798314224
0.0342506660573314	0.0030956296297367
0.0342689271391771	0.0031265859260340
0.0342871896106735	0.0031578517852944
0.0343054535318852	0.0031894303031473
0.0343237189012832	0.0032213246061788
0.0343419854745123	0.0032535378522406
0.0343602533153234	0.0032860732307630
0.0343785224676826	0.0033189339630706
0.0343967929691537	0.0033521233027013
0.0344150648430773	0.0033856445357283
0.0344333381061936	0.0034195009810856
0.0344516127671969	0.0034536959908965
0.0344698888283774	0.0034882329508054
0.0344881662886697	0.0035231152803135
0.0345064450583707	0.0035583464331166
0.0345247251223550	0.0035939298974478
0.0345430064961173	0.0036298691964223
0.0345612891871420	0.0036661678883865
0.0345795732060412	0.0037028295672703
0.0345978585551148	0.0037398578629430
0.0346161452430390	0.0037772564415725
0.0346344332682923	0.0038150290059882
0.0346527226278369	0.0038531792960481
0.0346710133103517	0.0038917110890086
0.0346893053166534	0.0039306281998986
0.0347075986368076	0.0039699344818976
0.0347258932733783	0.0040096338267166
0.0347441892195108	0.0040497301649838
0.0347624864773905	0.0040902274666336
0.0347807850447645	0.0041311297413000
0.0347990849228595	0.0041724410387130
0.0348173861141300	0.0042141654491001
0.0348356886182642	0.0042563071035911
0.0348539924426031	0.0042988701746270
0.0348722975831419	0.0043418588763733
0.0348906040323081	0.0043852774651370
0.0349089117807937	0.0044291302397884
0.0349272208215818	0.0044734215421863
0.0349455311539441	0.0045181557576081
0.0349638427704608	0.0045633373151842
0.0349821556712459	0.0046089706883360
0.0350004698562378	0.0046550603952194
0.0350187853242509	0.0047016109991716
0.0350371020802423	0.0047486271091633
0.0350554201254476	0.0047961133802550
0.0350737394629625	0.0048440745140575
0.0350920601009812	0.0048925152591981
0.0351103820429407	0.0049414404117901
0.0351287052948461	0.0049908548159080
0.0351470298669713	0.0050407633640671
0.0351653557657907	0.0050911709977077
0.0351836829985585	0.0051420827076848
0.0352020115749446	0.0051935035347617
0.0352203415026472	0.0052454385701093
0.0352386727865869	0.0052978929558104
0.0352570054340145	0.0053508718853685
0.0352753394537714	0.0054043806042222
0.0352936748503288	0.0054584244102644
0.0353120116291495	0.0055130086543670
0.0353303497974003	0.0055681387409107
0.0353486893638481	0.0056238201283198
0.0353670303265020	0.0056800583296030
0.0353853724472604	0.0057368589128990
0.0354037157502479	0.0057942275020280
0.0354220602595966	0.0058521697770483
0.0354404059983094	0.0059106914748188
0.0354587529862395	0.0059697983895670
0.0354770982960702	0.0060294963734626
0.0354954439946418	0.0060897913371973
0.0355137910684979	0.0061506892505692
0.0355321395336190	0.0062121961430749
0.0355504894044721	0.0062743181045057
0.0355688406947793	0.0063370612855508
0.0355871934188776	0.0064004318984063
0.0356055475915744	0.0064644362173903
0.0356239032280279	0.0065290805795642
0.0356422603436950	0.0065943713853599
0.0356606189542466	0.0066603150992135
0.0356789790755793	0.0067269182502056
0.0356973407237444	0.0067941874327077
0.0357157039138983	0.0068621293070347
0.0357340686606218	0.0069307506001051
0.0357524349763226	0.0070000581061061
0.0357708028778351	0.0070700586871672
0.0357891723812749	0.0071407592740389
0.0358075435017311	0.0072121668667793
0.0358259162536309	0.0072842885354471
0.0358442906507221	0.0073571314208016
0.0358626667062506	0.0074307027350096
0.0358810444329760	0.0075050097623597
0.0358994238434409	0.0075800598599832
0.0359178049499984	0.0076558604585831
0.0359361877650325	0.0077324190631689
0.0359545723010085	0.0078097432538006
0.0359729585589219	0.0078878406863386
0.0359913465285792	0.0079667190932020
0.0360097362027882	0.0080463862841340
0.0360281275772492	0.0081268501469754
0.0360465206503616	0.0082081186484451
0.0360649154231910	0.0082901998349296
0.0360833118992757	0.0083731018332789
0.0361017100844570	0.0084568328516116
0.0361201099866648	0.0085414011801277
0.0361385116157203	0.0086268151919290
0.0361569149832597	0.0087130833438483
0.0361753201025441	0.0088002141772868
0.0361937269884258	0.0088882163190596
0.0362121356572986	0.0089770984822502
0.0362305461266484	0.0090668694670727
0.0362489584133367	0.0091575381617435
0.0362673725338815	0.0092491135433609
0.0362857885047146	0.0093416046787945
0.0363042063424727	0.0094350207255825
0.0363226260641806	0.0095293709328383
0.0363410476872869	0.0096246646421667
0.0363594712297606	0.0097209112885883
0.0363778967101393	0.0098181204014742
0.0363963241475853	0.0099163016054889
0.0364147535619924	0.0100154646215438
0.0364331849740795	0.0101156192677593
0.0364516184054366	0.0102167754604368
0.0364700538786479	0.0103189432150412
0.0364884914174073	0.0104221326471916
0.0365069310465825	0.0105263539736635
0.0365253727921969	0.0106316175134002
0.0365438166813637	0.0107379336885342
0.0365622627422486	0.0108453130254195
0.0365807110039998	0.0109537661556737
0.0365991614942533	0.0110633038172304
0.0366176142395662	0.0111739368554028
0.0366360692658139	0.0112856762239568
0.0366545265817084	0.0113985329861963
0.0366729861798936	0.0115125183160583
0.0366914480568028	0.0116276434992189
0.0367099122126131	0.0117439199342111
0.0367283786512135	0.0118613591335532
0.0367468473799769	0.0119799727248888
0.0367653184095638	0.0120997724521377
0.0367837913984938	0.0122207701766591
0.0368022662304553	0.0123429778784256
0.0368207429546919	0.0124664076572099
0.0368392216209409	0.0125910717337820
0.0368577022795551	0.0127169824511198
0.0368761849816400	0.0128441522756310
0.0368946697791879	0.0129725937983873
0.0369131567251909	0.0131023197363712
0.0369316458705975	0.0132333429337349
0.0369501372646476	0.0133656763630723
0.0369686309552671	0.0134993331267030
0.0369871269894609	0.0136343264579700
0.0370056254136987	0.0137706697225498
0.0370241262742798	0.0139083764197753
0.0370426296176753	0.0140474601839730
0.0370611354908556	0.0141879347858128
0.0370796439416064	0.0143298141336709
0.0370981550185605	0.0144731122750076
0.0371166687712774	0.0146178433977576
0.0371351852503433	0.0147640218317352
0.0371537045074946	0.0149116620500526
0.0371722265765966	0.0150607786705531
0.0371907514652503	0.0152113864572587
0.0372092791842233	0.0153635003218312
0.0372278097475348	0.0155171353250495
0.0372463431726965	0.0156723066783000
0.0372648794807961	0.0158290297450830
0.0372834186964276	0.0159873200425338
0.0373019608476667	0.0161471932429592
0.0373205059660895	0.0163086651753888
0.0373390540868292	0.0164717518271426
0.0373576052486476	0.0166364693454140
0.0373761594940204	0.0168028340388682
0.0373947168691070	0.0169708623792569
0.0374132774235682	0.0171405710030494
0.0374318412075672	0.0173119767130800
0.0374504082709543	0.0174850964802108
0.0374689786638412	0.0176599474450129
0.0374875491237049	0.0178365469194630
0.0375061156372769	0.0180149123886576
0.0375246858136788	0.0181950615125441
0.0375432596914674	0.0183770121276696
0.0375618373122790	0.0185607822489463
0.0375804187209106	0.0187463900714358
0.0375990038458284	0.0189338539721501
0.0376175919687664	0.0191231925118716
0.0376361831405028	0.0193144244369904
0.0376547774174759	0.0195075686813603
0.0376733740524477	0.0197026443681739
0.0376919731671625	0.0198996708118556
0.0377105755662465	0.0200986675199742
0.0377291813162303	0.0202996541951739
0.0377477904853828	0.0205026507371257
0.0377664031440765	0.0207076772444969
0.0377850193651821	0.0209147540169419
0.0378036392244704	0.0211239015571113
0.0378222628010108	0.0213351405726825
0.0378408901772632	0.0215484919784093
0.0378595214391101	0.0217639768981934
0.0378781566716742	0.0219816166671754
0.0378967959590522	0.0222014328338471
0.0379154393852698	0.0224234471621855
0.0379340870313117	0.0226476816338074
0.0379527389109984	0.0228741584501455
0.0379713950480716	0.0231029000346469
0.0379900554757547	0.0233339290349934
0.0380087202364507	0.0235672683253433
0.0380273893815284	0.0238029410085968
0.0380460629711963	0.0240409704186827
0.0380647410696773	0.0242813801228696
0.0380834237444455	0.0245241939240983
0.0381021110667276	0.0247694358633393
0.0381208031119517	0.0250171302219727
0.0381394999602258	0.0252673015241924
0.0381582016968511	0.0255199745394343
0.0381769079235297	0.0257751742848286
0.0381956181180018	0.0260329260276769
0.0382143324492134	0.0262932552879537
0.0382330510839537	0.0265561878408332
0.0382517741014070	0.0268217497192415
0.0382705015837279	0.0270899672164339
0.0382892336187814	0.0273608668885982
0.0383079703007867	0.0276344755574843
0.0383267117309482	0.0279108203130591
0.0383454580175178	0.0281899285161897
0.0383642092759271	0.0284718278013515
0.0383829656290375	0.0287565460793651
0.0384017272022239	0.0290441115401587
0.0384204941220852	0.0293345526555603
0.0384392665177528	0.0296278981821159
0.0384580445216722	0.0299241771639371
0.0384768282704532	0.0302234189355765
0.0384956055887354	0.0305256531249322
0.0385143830301071	0.0308309096561815
0.0385331667103112	0.0311392187527433
0.0385519566731324	0.0314506109402707
0.0385707529760899	0.0317651170496734
0.0385895556861927	0.0320827682201701
0.0386083648805226	0.0324035959023718
0.0386271806468886	0.0327276318613955
0.0386460018772688	0.0330549081800095
0.0386648284987684	0.0333854572618096
0.0386836607145652	0.0337193118344277
0.0387024987326588	0.0340565049527720
0.0387213427599024	0.0343970700022996
0.0387401929952528	0.0347410407023226
0.0387590495280548	0.0350884511093458
0.0387779124615760	0.0354393356204393
0.0387967819134187	0.0357937289766436
0.0388156580155070	0.0361516662664101
0.0388345409142708	0.0365131829290742
0.0388534307668330	0.0368783147583650
0.0388723277357355	0.0372470979059487
0.0388912319905947	0.0376195688850081
0.0389101437091818	0.0379957645738582
0.0389290630785987	0.0383757222195968
0.0389479902210511	0.0387594794417927
0.0389669252171872	0.0391470742362106
0.0389858681685711	0.0395385449785727
0.0390048179474228	0.0399339304283584
0.0390237742529406	0.0403332697326421
0.0390427373274294	0.0407366024299685
0.0390617074210826	0.0411439684542683
0.0390806847936534	0.0415554081388110
0.0390996697153089	0.0419709622201992
0.0391186624588611	0.0423906718424012
0.0391376628807683	0.0428145785608253
0.0391566563306549	0.0432427243464336
0.0391756446489414	0.0436751515898979
0.0391946418483822	0.0441119031057968
0.0392136480671748	0.0445530221368548
0.0392326634679617	0.0449985523582233
0.0392516882336502	0.0454485378818055
0.0392707225422439	0.0459030232606236
0.0392897666022597	0.0463620534932298
0.0393088206397137	0.0468256740281621
0.0393278834595656	0.0472939307684437
0.0393469545868285	0.0477668700761282
0.0393660342509890	0.0482445387768894
0.0393851227054811	0.0487269841646584
0.0394042202162619	0.0492142540063050
0.0394233270643967	0.0497063965463680
0.0394424435474702	0.0502034605118316
0.0394615699812699	0.0507054951169499
0.0394807066971665	0.0512125500681195
0.0394998539965335	0.0517246755688006
0.0395190120473595	0.0522419223244887
0.0395381810474927	0.0527643415477336
0.0395573612254445	0.0532919849632111
0.0395765528415235	0.0538249048128431
0.0395957545314126	0.0543631538609714
0.0396149658235089	0.0549067853995810
0.0396341871744413	0.0554558532535768
0.0396534051395103	0.0560104117861125
0.0396726144718886	0.0565705159039736
0.0396918353704347	0.0571362210630133
0.0397110680833881	0.0577075832736435
0.0397303128988629	0.0582846591063799
0.0397495701272234	0.0588675056974437
0.0397688401037083	0.0594561807544181
0.0397881231912536	0.0600507425619623
0.0398074197828630	0.0606512499875819
0.0398267301289571	0.0612577624874577
0.0398460532648007	0.0618703401123322
0.0398653878568314	0.0624890435134554
0.0398847343533840	0.0631139339485900
0.0399040932294550	0.0637450732880759
0.0399234649896960	0.0643825240209566
0.0399428501596500	0.0650263492611660
0.0399622492474525	0.0656766127537778
0.0399816606044775	0.0663333788813156
0.0400010828256716	0.0669967126701288
0.0400205199710248	0.0676666797968301
0.0400399724852394	0.0683433465947983
0.0400594103717578	0.0690267800607463
0.0400788498086201	0.0697170478613538
0.0400983031840433	0.0704142183399675
0.0401177711600243	0.0711183605233671
0.0401372541584410	0.0718295441286007
0.0401567526360802	0.0725478395698867
0.0401762670934316	0.0732733179655855
0.0401957980656676	0.0740060511452414
0.0402153461278786	0.0747461116566939
0.0402349118668640	0.0754935727732609
0.0402544956385191	0.0762485085009936
0.0402740959349042	0.0770109935860036
0.0402937115627564	0.0777811035218636
0.0403133432267809	0.0785589145570823
0.0403329916726965	0.0793445037026531
0.0403526576887046	0.0801379487396796
0.0403723419103554	0.0809393282270764
0.0403920259949198	0.0817487215093471
0.0404116958652427	0.0825662087244406
0.0404313861961352	0.0833918708116849
0.0404510975751454	0.0842257895198018
0.0404708285871985	0.0850680474149998
0.0404905777406580	0.0859187278891499
0.0405103459203121	0.0867779151680415
0.0405301337723409	0.0876456943197220
0.0405499420157348	0.0885221512629192
0.0405697695457994	0.0894073727755484
0.0405896128307100	0.0903014465033039
0.0406094788095991	0.0912044609683370
0.0406293674132069	0.0921165055780204
0.0406492754059943	0.0930376706338008
0.0406692037499867	0.0939680473401388
0.0406891186671217	0.0949077278135403
0.0407090303184521	0.0958568050916755
0.0407289656849283	0.0968153731425922
0.0407489256535501	0.0977835268740182
0.0407689109195701	0.0987613621427586
0.0407889222787973	0.0997489757641860
0.0408089584327257	0.1007464655218279
0.0408290173221094	0.1017539301770461
0.0408491002440511	0.1027714694788167
0.0408692082060394	0.1037991841736050
0.0408893421937454	0.1048371760153409
0.0409095032736213	0.1058855477754942
0.0409296926026427	0.1069444032532490
0.0409498589868808	0.1080138472857815
0.0409700330178590	0.1090939857586391
0.0409902332601671	0.1101849256162256
0.0410104608386566	0.1112867748723878
0.0410307116854525	0.1123996426211117
0.0410509869902959	0.1135236390473226
0.0410712933995714	0.1146588754377960
0.0410916318807477	0.1158054641921742
0.0411120005596131	0.1169635188340958
0.0411323974929967	0.1181331540224367
0.0411528242887636	0.1193144855626612
0.0411732675848693	0.1205076304182879
0.0411936766021349	0.1217127067224709
0.0412141202614550	0.1229298337896958
0.0412345997905350	0.1241591321275929
0.0412551155767761	0.1254007234488690
0.0412756630339566	0.1266547306833575
0.0412962441451017	0.1279212779901911
0.0413168603955405	0.1292004907700930
0.0413375133349848	0.1304924956777938
0.0413582046378347	0.1317974206345715
0.0413789347739169	0.1331153948409173
0.0413996151093214	0.1344465487893262
0.0414203124779991	0.1357910142772194
0.0414410477050635	0.1371489244199917
0.0414618226153257	0.1385204136641916
0.0414826392057285	0.1399056178008335
0.0415034993954982	0.1413046739788418
0.0415244008591418	0.1427177207186301
0.0415453413265500	0.1441448979258164
0.0415663230796835	0.1455863469050747
0.0415873005235753	0.1470422103741257
0.0416082662912612	0.1485126324778670
0.0416292801373333	0.1499977588026455
0.0416503432245152	0.1514977363906718
0.0416714492632105	0.1530127137545785
0.0416926009358912	0.1545428408921243
0.0417138002091979	0.1560882693010457
0.0417350338036811	0.1576491519940563
0.0417563200801071	0.1592256435139971
0.0417775537356418	0.1608178999491369
0.0417988220194288	0.1624260789486283
0.0418201413004650	0.1640503397381148
0.0418415141774687	0.1656908431354959
0.0418629432680647	0.1673477515668509
0.0418844310349103	0.1690212290825197
0.0419059699039158	0.1707114413733451
0.0419275632656882	0.1724185557870785
0.0419491015631692	0.1741427413449494
0.0419706828097134	0.1758841687583988
0.0419923269468043	0.1776430104459828
0.0420140141632548	0.1794194405504429
0.0420357595454944	0.1812136349559471
0.0420575663807609	0.1830257713055069
0.0420794383296057	0.1848560290185619
0.0421013074156434	0.1867045893087478
0.0421231724418065	0.1885716352018350
0.0421451027380770	0.1904573515538532
0.0421670996655225	0.1923619250693915
0.0421891672586997	0.1942855443200855
0.0422113099096861	0.1962283997632867
0.0422335250998925	0.1981906837609196
0.0422557067374088	0.2001725905985289
0.0422778856417936	0.2021743165045144
0.0423001414848027	0.2041960596695596
0.0423224791249285	0.2062380202662550
0.0423448985869652	0.2083004004689175
0.0423673937047918	0.2103834044736064
0.0423899631792266	0.2124872385183424
0.0424124501674782	0.2146121109035261
0.0424350274938367	0.2167582320125613
0.0424576960659699	0.2189258143326866
0.0424804278885986	0.2211150724760136
0.0425032408701394	0.2233262232007736
0.0425261493096763	0.2255594854327816
0.0425489766534405	0.2278150802871091
0.0425718897297332	0.2300932310899802
0.0425948959718768	0.2323941634008803
0.0426180019371020	0.2347181050348894
0.0426412144290422	0.2370652860852386
0.0426645042761845	0.2394359389460907
0.0426876928931004	0.2418302983355518
0.0427109794286835	0.2442486013189070
0.0427343775762253	0.2466910873320957
0.0427578945481016	0.2491579982054167
0.0427815198714628	0.2516495781874711
0.0428051254277272	0.2541660739693458
0.0428287607501474	0.2567077347090390
0.0428525228787443	0.2592748120561291
0.0428763860570660	0.2618675601766907
0.0429003574789596	0.2644862357784576
0.0429243717108104	0.2671310981362421
0.0429483622787997	0.2698024091176044
0.0429724969374889	0.2725004332087807
0.0429967638045800	0.2752254375408685
0.0430211685381462	0.2779776919162775
0.0430456101587064	0.2807574688354404
0.0430700031592865	0.2835650435237946
0.0430945473046435	0.2864006939590326
0.0431192396437558	0.2892647008986231
0.0431440909306230	0.2921573479076093
0.0431689414453377	0.2950789213866852
0.0431938381227845	0.2980297106005524
0.0432188654051391	0.3010100077065582
0.0432440445093841	0.3040201077836235
0.0432694079739460	0.3070603088614600
0.0432946424039041	0.3101309119500749
0.0433200499710942	0.3132322210695753
0.0433456454372186	0.3163645432802711
0.0433714183726544	0.3195281887130738
0.0433971630828364	0.3227234706002042
0.0434229575801564	0.3259507053062066
0.0434489568700505	0.3292102123592689
0.0434751764659522	0.3325023144828615
0.0435014981524481	0.3358273376276900
0.0435277438106442	0.3391856110039673
0.0435541912091745	0.3425774671140072
0.0435808811914278	0.3460032417851474
0.0436077239585286	0.3494632742029984
0.0436344963473451	0.3529579069450288
0.0436614959983292	0.3564874860144793
0.0436887123669589	0.3600523608746246
0.0437160828958909	0.3636528844833711
0.0437433982172272	0.3672894133282050
0.0437709888417259	0.3709623074614873
0.0437988510532904	0.3746719305361017
0.0438267558821580	0.3784186498414631
0.0438546804226923	0.3822028363398782
0.0438829138584480	0.3860248647032767
0.0439114698589990	0.3898851133503090
0.0439399524065257	0.3937839644838124
0.0439685674040654	0.3977218041286502
0.0439975310195302	0.4016990221699362
0.0440268014428233	0.4057160123916358
0.0440559242993077	0.4097731725155522
0.0440853266835577	0.4138709042407073
0.0441151236677509	0.4180096132831146
0.0441449759424919	0.4221897094159459
0.0441749765064283	0.4264116065101056
0.0442052790995084	0.4306757225752065
0.0442359083984667	0.4349824798009581
0.0442664767753367	0.4393323045989680
0.0442974583550267	0.4437256276449577
0.0443288021232684	0.4481628839214074
0.0443600588128337	0.4526445127606217
0.0443917090359290	0.4571709578882274
0.0444237954406693	0.4617426674671097
0.0444558934561012	0.4663600941417808
0.0444882752649572	0.4710236950831989
0.0445211858261860	0.4757339320340314
0.0445541762841719	0.4804912713543719
0.0445873269543836	0.4852961840679159
0.0446210944687917	0.4901491459085950
0.0446550765512032	0.4950506373676806
0.0446891034789738	0.5000011437413573
0.0447238378226232	0.5050011551787705
0.0447588473413023	0.5100511667305577
0.0447938652064067	0.5151516783978628
0.0448296441157908	0.5203031951818415
0.0448657199812149	0.5255062271336600
0.0449018744186017	0.5307612894049961
0.0449388474610746	0.5360689022990464
0.0449760338188642	0.5414295913220372
0.0450134898437109	0.5468438872352575
0.0450518351089882	0.5523123261076104
0.0450901793482513	0.5578354493686865
0.0451290847920379	0.5634138038623737
0.0451690206193515	0.5690479419009976
0.0452085750130698	0.5747384213200075
0.0452491426196393	0.5804858055332081
0.0452904949048576	0.5862906635885398
0.0453317606301541	0.5921535702244254
0.0453742825169009	0.5980751059266698
0.0454170093758800	0.6040558569859360
0.0454604281054635	0.6100964155557955
0.0455050054505377	0.6161973797113530
0.0455494196344384	0.6223593535084663
0.0455951943509946	0.6285829470435509
0.0456416683898816	0.6348687765139869
0.0456885956983585	0.6412174642791263
0.0457368810357923	0.6476296389219177
0.0457855067059960	0.6541059353111368
0.0458351751967937	0.6606469946642481
0.0458863360205179	0.6672534646108907
0.0459375040928489	0.6739259992569993
0.0459910824694580	0.6806652592495697
0.0460443563280776	0.6874719118420650
0.0460997172858915	0.6943466309604854
0.0461560680255220	0.7012900972700903
0.0462136397884771	0.7083029982427909
0.0462733777183746	0.7153860282252186
0.0463330265789815	0.7225398885074712
0.0463957095791215	0.7297652873925455
0.0464591666137821	0.7370629402664709
0.0465247590223164	0.7444335696691354
0.0465925397149233	0.7518779053658267
0.0466614278773134	0.7593966844194849
0.0467342359277456	0.7669906512636802
0.0468067876353895	0.7746605577763168
0.0468843392170313	0.7824071633540799
0.0469626629932211	0.7902312349876206
0.0470451321084545	0.7981335473374966
0.0471313111346680	0.8061148828108716
0.0472193641763722	0.8141760316389806
0.0473136939586881	0.8223177919553707
0.0474099843351815	0.8305409698749241
0.0475146343189899	0.8388463795736736
0.0476188040465754	0.8472348433694105
0.0477355301920336	0.8557071918031047
0.0478533923530275	0.8642642637211359
0.0479808583647417	0.8729069063583472
0.0481170722958720	0.8816359754219310
0.0482618728111164	0.8904523351761502
0.0484228650604236	0.8993568585279118
0.0485918984078339	0.9083504271131907
0.0487865366515283	0.9176317017075066
0.0490082781164020	0.9268080187245816
0.0492289249663532	0.9360760989118275
0.0495170152116708	0.9454368599009458
0.0498215983222713	0.9548912284999554
0.0502368781921706	0.9644401407849550
0.0506499369779729	0.9779957546083174
0.0508804737011461	0.9732958293388796
0.0512659230854578	0.9785317115724097
0.0517637663330103	0.9856722027369917
0.0524932435947286	0.9936881596661407
0.0532654485611627	0.9955442506155456
0.0562129698435266	0.9974933659905649
0.0574663829440530	0.9983923694292343
0.0586041541972459	0.9992767191208479
0.0609425175478951	0.9995779427151554
0.0613562633912564	0.9997310636364742
0.0656864249676101	0.9998014939774952
0.0660668520527866	0.9999039540265658
0.0686033383088516	0.9999558101718151
0.0707543447527642	0.9999771054140777
0.0742447909527018	0.9999932972468711
0.0783273347359229	0.9999969000526288
0.0854979783471704	0.9999991311980744
0.0887758948387337	0.9999995838776790
0.0962996159574569	0.9999998720747091
0.0986768392695751	0.9999999394132734
0.1051291169677836	0.9999999812357974
0.1076169179423367	0.9999999913061753
0.1143677092464250	0.9999999973375384
0.1173276201779615	0.9999999987756547
0.1239859706365330	0.9999999996264718
0.1268689068739491	0.9999999998281274
0.1333193476919035	0.9999999999473471
0.1358048415237006	0.9999999999756958
0.1421241581009577	0.9999999999924917
0.1441699698187974	0.9999999999965236
0.1504500481243512	0.9999999999989159
0.1521710070684400	0.9999999999994974
0.1584832115531764	0.9999999999998423
0.1600809066815165	0.9999999999999269
0.1664941002865432	0.9999999999999768
0.1681688832634647	0.9999999999999895
0.1746909609180068	0.9999999999999967
0.1765478973341918	0.9999999999999983
0.1820241166894228	1.0000015794349610
0.1820241166921067	1.0000017835901893
0.2019637675488711	1.0000019751818872
0.2022493766965009	1.0000020044310751
0.2171720639761318	1.0000020238659451
0.2184257490057447	1.0000020269341867
0.2309022030538506	1.0000020287654454
0.2323970209721394	1.0000020290741680
0.2432969383557818	1.0000020292474583
0.2451184481865229	1.0000020292786023
0.2557243274198432	1.0000020292944349
0.2574700291811452	1.0000020292974927
0.2667181371720826	1.0000020292990341
0.2686962247667971	1.0000020292993450
0.2773861782748807	1.0000020292995018
0.2795572313666101	1.0000020292995344
0.2880795980424493	1.0000020292995504
0.2903461378736134	1.0000020292995540
0.2978192297518030	1.0000020292995560
0.2998650865363044	1.0000020292995562
0.3021184172407519	1.0000020292995562
0.3039492691402201	1.0100020495925517
0.3043171722707647	1.0003731526593274
0.3170987991345733	1.0000445125446238
0.3275022184532835	1.0000034247887997
0.3508098266565722	1.0000012508369480
0.3721019108471433	1.0000011326820200
0.3943628675888121	1.0000011262507456
0.4162668765504823	1.0000011259006265
0.4235323506784219	0.9998621700170227
0.4907034716978074	0.9999751120533161
0.6280383358837683	0.9999976223740704
0.6496728756579803	0.9999980511960552
0.6709187122577098	0.9999980683312146
0.7124755945636299	0.9999980689409084
0.7566282825687337	0.9999980689625978
0.8028258388580924	0.9999980689633693
0.8498160347560126	0.9999980689633970
0.9045563363746293	0.9999980689633972
0.9047308042306306	0.9999980689633996
1.1073369685641303	1.0036264886588373
1.1097191524356513	1.0005466879108447
1.1128740481240984	1.0001449230022705
1.1318056462972479	1.0000251624910597
1.1413437748239790	1.0000096717381712
1.1541453134442694	1.0000031858062961
1.1605242908248545	1.0000023327302228
1.1797124859427706	1.0000019771967654
1.1864561052817695	1.0000019312092696
1.2047529947427205	1.0000019118449353
1.2114448151122390	1.0000019093418275
1.2301009032731152	1.0000019082875742
1.2367920794520639	1.0000019081513025
1.5071590741936558	0.9985530840782147
1.5071590744587871	0.9983640830345647
1.5136418872652648	0.9997412563798935
1.5255416210762314	0.9999992317952046
1.5430752528507659	1.0000465034532950
1.5471893483676875	1.0000104823188061
1.7002197731675468	0.9988156707263921
1.7062679734462192	0.9998619519539852
1.7166653143806627	0.9999902085024079
1.7357919542022087	1.0000000048274504
2.1862561011671380	1.0000016459660062
2.2333621487581476	1.0000016733562671
2.3072810753469599	1.0000016738136170
2.4132323163177727	1.0000016738203834
2.9637527785593614	1.0000004889976983
3.2783701775758076	1.0004274506503970
3.2838497323536275	1.0001643530112170
3.3031075501756435	1.0000330142523886
3.3178584781366540	1.0000049583299777
3.3342820751154272	0.9999998010852945
3.3510531512342157	0.9999988947838655
3.3680576111356983	0.9999987379440070
3.4674781923197142	0.9999341478150269
3.5485507984873563	0.9999709970306260
3.6284145353303905	0.9999913310665871
3.6493247584920239	0.9999939560174478
3.7087082175502832	0.9999947457658390
3.7302747511436904	0.9999948478463047
3.7661524979120924	0.9999948785489562
3.7880202331342132	0.9999948825218318
3.8118000034331474	0.9999948837169638
3.8338144356769863	0.9999948838716334
3.8513671524725432	0.9999948839180763
3.8733512754657848	0.9999948839241369
3.8871022744610504	0.9999948839259899
3.9088860767015410	0.9999948839262294
3.9206285993848411	0.9999948839263034
3.9419147272563899	0.9999948839263131
3.9469086878862392	1.0004263878783444
3.9560346359294454	1.0001638711458209
3.9740191558482412	1.0000646174344721
3.9880254780111164	1.0000560348303245
4.0028125531178782	1.0000099528702362
4.1578768898290450	0.9999502805520990
4.3302734183864482	0.9999917426123833
4.3302734183920180	0.9999971029207706
4.4874222990088697	0.9999980217996021
4.6660717105268477	0.9999980398326992
5.4532423183873950	0.9999980394713416
6.3299216350761096	0.9999995466929665
6.3299237058732345	0.9999997415148897
7.4463764625146229	0.9999997951319721
7.4566317811330709	0.9999998020624112
8.1054237411767680	0.9999998039698689
8.1214293153145363	0.9999998042482935
8.7656288551124764	0.9999998042889342
8.7980004902794366	0.9999998042948662
9.4319476934088282	0.9999998042957322
9.4793612736882515	0.9999998042958587
