0.0000000000000000	0.0000000000000000
0.0221816666203768	0.0000300000000000
0.0224119903686988	0.0000110982373863
0.0226769058954882	0.0000184059501288
0.0233634903073371	0.0000241239871443
0.0238633475198963	0.0000211580760431
0.0243852871212969	0.0000311580760431
0.0248935085001224	0.0000471436153049
0.0249383498038636	0.0000397472030555
0.0252390321074746	0.0000474591578682
0.0256135262574767	0.0000574591578682
0.0256156173712497	0.0000541522628594
0.0258154936086299	0.0000626739999079
0.0260784333592037	0.0000726739999079
0.0263287696832709	0.0000826653651613
0.0265584053795460	0.0000926653651613
0.0267774656878178	0.0001026653651613
0.0269582807347084	0.0001126653651613
0.0271285097260747	0.0001226653651613
0.0272740535469018	0.0001326653651613
0.0274159986112574	0.0001426653651613
0.0275403334627499	0.0001526653651613
0.0276613573403783	0.0001626653651613
0.0277697625942345	0.0001726653651613
0.0278764763765655	0.0001826653651613
0.0279734156604597	0.0001926653651613
0.0280676590533187	0.0002026653651613
0.0281554879356655	0.0002126653651613
0.0282406499391853	0.0002226653651613
0.0283208910277050	0.0002326653651613
0.0283982680339135	0.0002426653651613
0.0284721639763572	0.0002526653651613
0.0285432158333273	0.0002626653651613
0.0286117081466585	0.0002726653651613
0.0286773101237699	0.0002826653651613
0.0287410382759440	0.0002926653651613
0.0288020676431895	0.0003026653651613
0.0288617531593026	0.0003126653651613
0.0289188571024691	0.0003226653651613
0.0289749732421773	0.0003326653651613
0.0290286010784418	0.0003426653651613
0.0290815466868924	0.0003526653651613
0.0291321346187522	0.0003626653651613
0.0291822476586251	0.0003726653651613
0.0292301083025916	0.0003826653651613
0.0292776781796801	0.0003926653651613
0.0293231063276101	0.0004026653651613
0.0293683080048155	0.0004126653651613
0.0294115716320418	0.0004226653651613
0.0294546112329867	0.0004326653651613
0.0294959528294162	0.0004426653651613
0.0295369491725699	0.0004526653651613
0.0295765154825939	0.0004626653651613
0.0296157401913024	0.0004726653651613
0.0296537129156944	0.0004826653651613
0.0296912603051042	0.0004926653651613
0.0297277698293313	0.0005026653651613
0.0297638289242329	0.0005126653651613
0.0297989809253758	0.0005226653651613
0.0298336189643518	0.0005326653651613
0.0298674994050971	0.0005426653651613
0.0299008656530871	0.0005526653651613
0.0299335730484993	0.0005626653651613
0.0299656200951355	0.0005726653651613
0.0299971650160413	0.0005826653651613
0.0300281895677639	0.0005926653651613
0.0300587610727902	0.0006026653651613
0.0300886356508229	0.0006126653651613
0.0301182275421092	0.0006226653651613
0.0301472200877066	0.0006326653651613
0.0301758461957856	0.0006426653651613
0.0302039715984166	0.0006526653651613
0.0302317043099739	0.0006626653651613
0.0302589861106145	0.0006726653651613
0.0302859250043414	0.0006826653651613
0.0303123954978100	0.0006926653651613
0.0303385716082894	0.0007026653651613
0.0303642599178314	0.0007126653651613
0.0303897770439803	0.0007226653651613
0.0304146804350493	0.0007326653651613
0.0304396131509991	0.0007426653651613
0.0304637941372066	0.0007526653651613
0.0304879872345370	0.0007626653651613
0.0305116932974312	0.0007726653651613
0.0305351796957024	0.0007826653651613
0.0305582373316053	0.0007926653651614
0.0305812222533887	0.0008026653651613
0.0306037427356844	0.0008126653651613
0.0306260734600160	0.0008226653651613
0.0306480573443937	0.0008326653651614
0.0306699033246228	0.0008426653651614
0.0306914404327871	0.0008526653651614
0.0307127220578712	0.0008626653651614
0.0307337018821180	0.0008726653651614
0.0307544953005963	0.0008826653651614
0.0307750512254968	0.0008926653651614
0.0307954011550872	0.0009026653651614
0.0308155378221327	0.0009126653651614
0.0308354429437102	0.0009226653651614
0.0308551674994290	0.0009326653651613
0.0308745992206373	0.0009426653651613
0.0308938764346741	0.0009526653651613
0.0309128993923634	0.0009626653651613
0.0309318001911693	0.0009726653651613
0.0309504359363953	0.0009826653651613
0.0309689713217760	0.0009926653651613
0.0309872288671621	0.0010026653651613
0.0310054111723546	0.0010126920188130
0.0310233555466560	0.0010228189390011
0.0310414262346230	0.0010330471283911
0.0310593716694373	0.0010433775996750
0.0310774527769285	0.0010538113756718
0.0310954122686370	0.0010643494894285
0.0311134793654274	0.0010749929843228
0.0311314769714495	0.0010857429141660
0.0311495270779925	0.0010966003433076
0.0311675676009600	0.0011075663467407
0.0311855980849490	0.0011186420102081
0.0312036861045033	0.0011298284303102
0.0312216946166374	0.0011411267146133
0.0312397935800491	0.0011525379817595
0.0312578203396731	0.0011640633615770
0.0312758889616877	0.0011757039951928
0.0312939772545186	0.0011874610351447
0.0313120169776459	0.0011993356454962
0.0313301260304162	0.0012113290019512
0.0313481797451023	0.0012234422919707
0.0313662556349246	0.0012356767148904
0.0313843833435412	0.0012480334820393
0.0314024247811231	0.0012605138168597
0.0314205226944747	0.0012731189550283
0.0314386404382548	0.0012858501445785
0.0314567018328407	0.0012987086460243
0.0314748111439635	0.0013116957324846
0.0314929340308265	0.0013248126898094
0.0315110058451794	0.0013380608167075
0.0315291184101797	0.0013514414248746
0.0315472607606549	0.0013649558391233
0.0315653363295087	0.0013786053975146
0.0315834466742794	0.0013923914514897
0.0316015844070024	0.0014063153660046
0.0316196964644545	0.0014203785196647
0.0316378009075549	0.0014345823048613
0.0316559283185450	0.0014489281279099
0.0316740789557317	0.0014634174091890
0.0316921888597652	0.0014780515832809
0.0317103048575302	0.0014928320991137
0.0317284407275417	0.0015077604201049
0.0317465914006556	0.0015228380243059
0.0317647254694594	0.0015380664045490
0.0317828475617131	0.0015534470685944
0.0318009826728704	0.0015689815392804
0.0318191306669879	0.0015846713546732
0.0318372882009340	0.0016005180682199
0.0318554352790318	0.0016165232489021
0.0318735688902311	0.0016326884813911
0.0318917113322086	0.0016490153662051
0.0319098621509845	0.0016655055198671
0.0319280193785269	0.0016821605750658
0.0319461823795232	0.0016989821808164
0.0319643498322864	0.0017159720026246
0.0319825039383794	0.0017331317226508
0.0320006557111841	0.0017504630398774
0.0320188123910397	0.0017679676702761
0.0320369712889555	0.0017856473469789
0.0320551330430239	0.0018035038204487
0.0320732977765842	0.0018215388586532
0.0320914654173392	0.0018397542472397
0.0321096349931390	0.0018581517897121
0.0321278068403518	0.0018767333076092
0.0321459799651783	0.0018955006406853
0.0321641549965969	0.0019144556470922
0.0321823308718262	0.0019336002035631
0.0322005085337566	0.0019529362055987
0.0322186866772854	0.0019724655676547
0.0322368663181217	0.0019921902233312
0.0322550462748807	0.0020121121255646
0.0322732279276755	0.0020322332468202
0.0322914099644356	0.0020525555792884
0.0323095935745502	0.0020730811350813
0.0323277779295956	0.0020938119464321
0.0323459637024535	0.0021147500658964
0.0323641506172372	0.0021358975665554
0.0323823387452649	0.0021572565422210
0.0324005284472125	0.0021788291076432
0.0324187191288325	0.0022006173987196
0.0324369116798434	0.0022226235727068
0.0324551051251008	0.0022448498084339
0.0324733001207194	0.0022672983065182
0.0324914965701950	0.0022899712895834
0.0325096942441187	0.0023128710024792
0.0325278938155652	0.0023359997125040
0.0325460944070232	0.0023593597096291
0.0325642965296464	0.0023829533067253
0.0325825003456836	0.0024067828397926
0.0326007053019276	0.0024308506681905
0.0326189119433838	0.0024551591748724
0.0326371200840014	0.0024797107666212
0.0326553294976819	0.0025045078742874
0.0326735406388380	0.0025295529530302
0.0326917531887121	0.0025548484825605
0.0327099668981984	0.0025803969673862
0.0327281821600850	0.0026062009370600
0.0327463988450227	0.0026322629464306
0.0327646166789943	0.0026585855758949
0.0327828359961280	0.0026851714316539
0.0328010569907025	0.0027120231459704
0.0328192790665623	0.0027391433774301
0.0328375025126986	0.0027665348112044
0.0328557275376799	0.0027942001593164
0.0328739540331373	0.0028221421609096
0.0328921817563505	0.0028503635825187
0.0329104108885527	0.0028788672183439
0.0329286416057655	0.0029076558905273
0.0329468738472511	0.0029367324494326
0.0329651073206256	0.0029660997739269
0.0329833421827817	0.0029957607716662
0.0330015785431125	0.0030257183793829
0.0330198165051721	0.0030559755631767
0.0330380558889422	0.0030865353188085
0.0330562965588592	0.0031174006719965
0.0330745386043133	0.0031485746787165
0.0330927820859907	0.0031800604255037
0.0331110270584694	0.0032118610297587
0.0331292735543973	0.0032439796400563
0.0331475214531935	0.0032764194364569
0.0331657706460909	0.0033091836308214
0.0331840211776160	0.0033422754671296
0.0332022730844379	0.0033756982218009
0.0332205263924203	0.0034094552040190
0.0332387811189798	0.0034435497560592
0.0332570372767723	0.0034779852536197
0.0332752948704624	0.0035127651061559
0.0332935539038853	0.0035478927572175
0.0333118143721188	0.0035833716847897
0.0333300762739907	0.0036192054016376
0.0333483395627698	0.0036553974556539
0.0333666042182949	0.0036919514302105
0.0333848702573860	0.0037288709445126
0.0334031376866351	0.0037661596539577
0.0334214065209357	0.0038038212504973
0.0334396767614391	0.0038418594630023
0.0334579484093302	0.0038802780576323
0.0334762214557176	0.0039190808382086
0.0334944959053190	0.0039582716465907
0.0335127717505041	0.0039978543630566
0.0335310489947392	0.0040378329066872
0.0335493276332398	0.0040782112357541
0.0335676076678301	0.0041189933481116
0.0335858890970413	0.0041601832815927
0.0336041719205481	0.0042017851144086
0.0336224561406524	0.0042438029655527
0.0336407417549030	0.0042862409952083
0.0336590287690115	0.0043291034051603
0.0336773171789687	0.0043723944392119
0.0336956069878831	0.0044161183836040
0.0337138981943287	0.0044602795674401
0.0337321907993583	0.0045048823631145
0.0337504848007910	0.0045499311867456
0.0337687802027545	0.0045954304986131
0.0337870770099768	0.0046413848035992
0.0338053752233967	0.0046877986516352
0.0338236748494607	0.0047346766381515
0.0338419758918614	0.0047820234045331
0.0338602783538802	0.0048298436385784
0.0338785822434811	0.0048781420749642
0.0338968875649870	0.0049269234957138
0.0339151943232355	0.0049761927306710
0.0339335025271112	0.0050259546579777
0.0339518121830490	0.0050762142045575
0.0339701232967043	0.0051269763466031
0.0339884358771175	0.0051782461100691
0.0340067499337404	0.0052300285711698
0.0340250654721225	0.0052823288568815
0.0340433825007721	0.0053351521454503
0.0340617010303362	0.0053885036669048
0.0340800210688801	0.0054423887035739
0.0340983426241152	0.0054968125906096
0.0341166657057087	0.0055517807165157
0.0341349903251945	0.0056072985236808
0.0341533164919376	0.0056633715089177
0.0341716442146146	0.0057200052240068
0.0341899735037279	0.0057772052762469
0.0342083043700651	0.0058349773290094
0.0342266368244850	0.0058933271022995
0.0342449708736887	0.0059522603733225
0.0342633065246914	0.0060117829770557
0.0342816437852224	0.0060719008068263
0.0342999826634555	0.0061326198148945
0.0343183231679982	0.0061939460130435
0.0343366653073472	0.0062558854731739
0.0343550090876894	0.0063184443279056
0.0343733545053204	0.0063816287711847
0.0343917015492048	0.0064454450588965
0.0344100502109324	0.0065098995094855
0.0344284004844338	0.0065749985045804
0.0344467523657930	0.0066407484896262
0.0344651058530669	0.0067071559745224
0.0344834609461372	0.0067742275342676
0.0345018176465983	0.0068419698096103
0.0345201759568616	0.0069103895077064
0.0345385358808224	0.0069794934027835
0.0345568974240910	0.0070492883368113
0.0345752605938595	0.0071197812201794
0.0345936253988380	0.0071909790323812
0.0346119918490207	0.0072628888227051
0.0346303599556246	0.0073355177109321
0.0346487297308990	0.0074088728880415
0.0346671011880357	0.0074829616169219
0.0346854743410321	0.0075577912330911
0.0347038492047625	0.0076333691454220
0.0347222257946128	0.0077097028368762
0.0347406041250698	0.0077867998652450
0.0347589842098969	0.0078646678638974
0.0347773660624650	0.0079433145425364
0.0347957496959356	0.0080227476879618
0.0348141351234993	0.0081029751648414
0.0348325223585675	0.0081840049164898
0.0348509114149024	0.0082658449656547
0.0348693022553307	0.0083485034153113
0.0348876945827379	0.0084319884494644
0.0349060884357839	0.0085163083339590
0.0349244838517573	0.0086014714172986
0.0349428808667647	0.0086874861314716
0.0349612795159599	0.0087743609927863
0.0349796798336471	0.0088621046027141
0.0349980818535103	0.0089507256487413
0.0350164856087607	0.0090402329052287
0.0350348911322712	0.0091306352342809
0.0350532984567754	0.0092219415866237
0.0350717076149705	0.0093141610024900
0.0350901186396265	0.0094073026125149
0.0351085315636071	0.0095013756386400
0.0351269464198201	0.0095963893950264
0.0351453632404165	0.0096923532889767
0.0351637820556295	0.0097892768218665
0.0351822028856770	0.0098871695900852
0.0352006257289401	0.0099860412859860
0.0352190505860611	0.0100859016988459
0.0352374774599367	0.0101867607158343
0.0352559063557145	0.0102886283229927
0.0352743372808385	0.0103915146062226
0.0352927702450834	0.0104954297522848
0.0353112052605305	0.0106003840498077
0.0353296423414764	0.0107063878903057
0.0353480815043025	0.0108134517692088
0.0353665225774692	0.0109215862869009
0.0353849592529427	0.0110308021497699
0.0354033981967513	0.0111411101712676
0.0354218394209430	0.0112525212729803
0.0354402829401112	0.0113650464857101
0.0354587287713281	0.0114786969505672
0.0354771761807852	0.0115934839200728
0.0354956256935477	0.0117094187592736
0.0355140775742521	0.0118265129468663
0.0355325318459806	0.0119447780763349
0.0355509885317177	0.0120642258570983
0.0355694476545673	0.0121848681156693
0.0355879092379805	0.0123067167968260
0.0356063733059786	0.0124297839647942
0.0356248398833745	0.0125540818044422
0.0356433089959938	0.0126796226224866
0.0356617806708846	0.0128064188487114
0.0356802549365127	0.0129344830371985
0.0356987318228974	0.0130638278675705
0.0357172113615492	0.0131944661462462
0.0357356935854537	0.0133264108077086
0.0357541785290802	0.0134596749157857
0.0357726661959925	0.0135942716649436
0.0357911565840790	0.0137302143815930
0.0358096496968838	0.0138675165254090
0.0358281455405001	0.0140061916906631
0.0358466441237846	0.0141462536075697
0.0358651454585639	0.0142877161436454
0.0358836495597999	0.0144305933050819
0.0359021564455123	0.0145748992381327
0.0359206661367385	0.0147206482305140
0.0359391786575243	0.0148678547128192
0.0359576937301947	0.0150165332599473
0.0359762110703776	0.0151666985925468
0.0359947307492463	0.0153183655784722
0.0360132528380692	0.0154715492342570
0.0360317774085232	0.0156262647265995
0.0360503045328357	0.0157825273738655
0.0360688342838151	0.0159403526476042
0.0360873667316559	0.0160997561740802
0.0361059019440595	0.0162607537358210
0.0361244399869118	0.0164233612731792
0.0361429809249242	0.0165875948859110
0.0361615248222317	0.0167534708347701
0.0361800717429544	0.0169210055431179
0.0361986217515637	0.0170902155985491
0.0362171749040310	0.0172611177545345
0.0362357312116454	0.0174337289320798
0.0362542906927482	0.0176080662214006
0.0362728533723981	0.0177841468836146
0.0362914192821056	0.0179619883524508
0.0363099884592199	0.0181416082359753
0.0363285609427010	0.0183230243183351
0.0363471367737247	0.0185062545615184
0.0363657159959016	0.0186913171071336
0.0363842986554885	0.0188782302782049
0.0364028848016224	0.0190670125809870
0.0364214744865827	0.0192576827067969
0.0364400677660781	0.0194502595338648
0.0364586646995276	0.0196447621292035
0.0364772653500823	0.0198412097504955
0.0364958697845739	0.0200396218480004
0.0365144780711608	0.0202400180664805
0.0365330902772329	0.0204424182471452
0.0365517064702555	0.0206468424296167
0.0365703267176112	0.0208533108539129
0.0365889510229710	0.0210618439624520
0.0366075793991074	0.0212724624020765
0.0366262118675490	0.0214851870260973
0.0366448480172384	0.0217000388963583
0.0366634874450229	0.0219170392853219
0.0366821302477473	0.0221362096781751
0.0367007765259707	0.0223575717749569
0.0367194263842055	0.0225811474927065
0.0367380799258139	0.0228069589676336
0.0367567372535341	0.0230350285573099
0.0367753891548496	0.0232653788428830
0.0367940411152204	0.0234980326313118
0.0368126973430146	0.0237330129576249
0.0368313579251509	0.0239703430872011
0.0368500229519109	0.0242100465180731
0.0368686925175546	0.0244521469832539
0.0368873667204467	0.0246966684530864
0.0369060456626935	0.0249436351376172
0.0369247293674099	0.0251930714889934
0.0369434178638217	0.0254450022038833
0.0369621111891551	0.0256994522259222
0.0369808093890199	0.0259564467481814
0.0369995125177989	0.0262160112156632
0.0370182206385726	0.0264781713278198
0.0370369338230472	0.0267429530410979
0.0370556521516009	0.0270103825715090
0.0370743757134224	0.0272804863972240
0.0370931045994656	0.0275532912611962
0.0371118389037413	0.0278288241738081
0.0371305787239839	0.0281071124155462
0.0371493241623531	0.0283881835397017
0.0371680748211195	0.0286720653750987
0.0371868300585923	0.0289587860288496
0.0372055899759105	0.0292483738891381
0.0372243546807511	0.0295408576280294
0.0372431242915238	0.0298362662043098
0.0372618989334693	0.0301346288663529
0.0372806787347046	0.0304359751550164
0.0372994638272965	0.0307403349065666
0.0373182543483167	0.0310477382556323
0.0373370504408837	0.0313582156381885
0.0373558522545682	0.0316717977945704
0.0373746599458319	0.0319885157725162
0.0373934736750690	0.0323084009302413
0.0374122936024919	0.0326314849395437
0.0374311198133985	0.0329577997889391
0.0374499523720831	0.0332873777868285
0.0374687913575922	0.0336202515646967
0.0374876360233302	0.0339564540803436
0.0375064854240821	0.0342960186211470
0.0375253415485551	0.0346389788073585
0.0375442045280913	0.0349853685954321
0.0375630745004627	0.0353352222813865
0.0375819485267202	0.0356885745042003
0.0376008098387599	0.0360454602492423
0.0376196773761447	0.0364059148517347
0.0376385513617551	0.0367699740002520
0.0376574320228752	0.0371376737402545
0.0376763194871657	0.0375090504776570
0.0376952138660922	0.0378841409824336
0.0377141152928387	0.0382629823922578
0.0377330239108594	0.0386456122161803
0.0377519398750780	0.0390320683383422
0.0377708633531268	0.0394223890217256
0.0377897945260550	0.0398166129119428
0.0378087335887646	0.0402147790410622
0.0378276807425106	0.0406169268314728
0.0378466361934514	0.0410230960997876
0.0378656000423514	0.0414333270607854
0.0378845723817476	0.0418476603313933
0.0379035533276077	0.0422661369347072
0.0379225429177515	0.0426887983040543
0.0379415395047546	0.0431156862870947
0.0379605433765734	0.0435468431499657
0.0379795548228360	0.0439823115814654
0.0379985741377517	0.0444221346972802
0.0380176016219590	0.0448663560442529
0.0380366375844905	0.0453150196046954
0.0380556822190244	0.0457681698007424
0.0380747357043614	0.0462258514987499
0.0380937982366781	0.0466881100137373
0.0381128700287704	0.0471549911138748
0.0381319513114151	0.0476265410250135
0.0381510423348628	0.0481028064352637
0.0381701304766172	0.0485838344996164
0.0381892119711848	0.0490696728446126
0.0382083043955533	0.0495603695730588
0.0382274079288942	0.0500559732687894
0.0382465204907999	0.0505565330014773
0.0382656422786228	0.0510620983314920
0.0382847735656189	0.0515727193148069
0.0383039146491063	0.0520884465079550
0.0383230658509414	0.0526093309730345
0.0383422275032988	0.0531354242827649
0.0383613999505492	0.0536667785255924
0.0383805835525643	0.0542034463108484
0.0383997785480908	0.0547454807739569
0.0384189851444962	0.0552929355816965
0.0384382035849515	0.0558458649375134
0.0384574341362281	0.0564043235868885
0.0384766770915338	0.0569683668227572
0.0384959275255606	0.0575380504909847
0.0385151868310630	0.0581134309958945
0.0385344570877719	0.0586945653058534
0.0385537387097055	0.0592815109589120
0.0385730320198065	0.0598743260685010
0.0385923373692866	0.0604730693291859
0.0386116551401219	0.0610778000224778
0.0386309544385716	0.0616885780227026
0.0386502607015179	0.0623054638029296
0.0386695810192853	0.0629285184409588
0.0386889157970850	0.0635578036253685
0.0387082652901714	0.0641933816616223
0.0387276295756628	0.0648353154782386
0.0387470060721938	0.0654836686330209
0.0387663952711394	0.0661385053193512
0.0387857976929208	0.0667998903725446
0.0388052138763779	0.0674678892762700
0.0388246443837925	0.0681425681690326
0.0388440896966997	0.0688239938507229
0.0388635501725813	0.0695122337892301
0.0388830262189247	0.0702073561271224
0.0389025182803838	0.0709094296883937
0.0389220268426805	0.0716185239852776
0.0389415504594276	0.0723347092251305
0.0389610882101286	0.0730580563173818
0.0389806407580657	0.0737886368805556
0.0390001759860240	0.0745265232493612
0.0390197141567492	0.0752717884818548
0.0390392691725908	0.0760245063666732
0.0390588415805931	0.0767847514303398
0.0390784319805971	0.0775525989446432
0.0390980410060100	0.0783281249340896
0.0391176690977311	0.0791114061834306
0.0391373166580884	0.0799025202452649
0.0391569769127679	0.0807015454477177
0.0391766501336930	0.0815085609021948
0.0391963408362132	0.0823236465112167
0.0392160498400068	0.0831468829763289
0.0392357778890237	0.0839783518060921
0.0392555255409123	0.0848181353241531
0.0392752934303386	0.0856663166773948
0.0392950822512132	0.0865229798441687
0.0393148552416291	0.0873882096426105
0.0393346296315789	0.0882620917390367
0.0393544232160847	0.0891447126564269
0.0393742369436997	0.0900361597829910
0.0393940714949234	0.0909365213808209
0.0394139276334441	0.0918458865946293
0.0394338061788883	0.0927643454605757
0.0394537080158431	0.0936919889151815
0.0394736339831511	0.0946289088043333
0.0394935837414802	0.0955751978923768
0.0395135541909976	0.0965309498713006
0.0395335463486670	0.0974962593700135
0.0395535612927731	0.0984712219637135
0.0395736001725197	0.0994559341833507
0.0395936204657638	0.1004504935251842
0.0396136439593203	0.1014549984604360
0.0396336945922800	0.1024695484450404
0.0396537692488547	0.1034942439294907
0.0396738633492193	0.1045291863687854
0.0396939819214303	0.1055744782324733
0.0397141263226577	0.1066302230147981
0.0397342975087832	0.1076965252449463
0.0397544965335664	0.1087734904973956
0.0397747245572713	0.1098612254023696
0.0397949828386822	0.1109598376563934
0.0398152681973604	0.1120694360329574
0.0398355494024546	0.1131901303932870
0.0398558155749368	0.1143220316972200
0.0398761113164994	0.1154652520141923
0.0398964379388029	0.1166199045343342
0.0399167968653760	0.1177861035796774
0.0399371893288220	0.1189639646154744
0.0399576155866649	0.1201536042616292
0.0399780711567193	0.1213551403042457
0.0399985576598042	0.1225686917072881
0.0400190768089782	0.1237943786243610
0.0400396301714220	0.1250323224106047
0.0400601721884366	0.1262826456347109
0.0400806974130970	0.1275454720910581
0.0401012614102576	0.1288209268119685
0.0401218588527113	0.1301091360800880
0.0401424912150067	0.1314102274408889
0.0401631602470407	0.1327243297152979
0.0401838675229816	0.1340515730124510
0.0402046147995316	0.1353920887425753
0.0402254031512017	0.1367460096300009
0.0402462273332186	0.1381134697263011
0.0402670390987466	0.1394946044235639
0.0402878446269334	0.1408895504677993
0.0403086920343999	0.1422984459724772
0.0403295833679814	0.1437214304322017
0.0403505207656627	0.1451586447365237
0.0403715012876675	0.1466102311838890
0.0403925174301549	0.1480763334957277
0.0404135670571776	0.1495570968306849
0.0404346625891224	0.1510526677989918
0.0404557532637449	0.1525631944769815
0.0404768351334515	0.1540888264217511
0.0404979674439879	0.1556297146859689
0.0405191452327968	0.1571860118328287
0.0405403712542986	0.1587578719511573
0.0405616484035769	0.1603454506706690
0.0405829788823126	0.1619489051773756
0.0406043632335390	0.1635683942291494
0.0406257792189771	0.1652040781714411
0.0406471433522719	0.1668561189531556
0.0406685618429675	0.1685246801426873
0.0406900265916484	0.1702099269441143
0.0407115429002986	0.1719120262135552
0.0407331175565546	0.1736311464756910
0.0407547467890841	0.1753674579404482
0.0407764341089171	0.1771211325198528
0.0407981263241925	0.1788923438450516
0.0408198018430078	0.1806812672835022
0.0408415449678517	0.1824880799563373
0.0408633499463261	0.1843129607559006
0.0408852175832024	0.1861560903634593
0.0409071513252423	0.1880176512670939
0.0409291549850755	0.1898978277797646
0.0409511765230611	0.1917968060575621
0.0409731481964166	0.1937147741181377
0.0409951877137152	0.1956519218593193
0.0410172988378184	0.1976084410779126
0.0410394857409825	0.1995845254886916
0.0410617523640222	0.2015803707435787
0.0410840894702072	0.2035961744510147
0.0411064242369469	0.2056321361955247
0.0411287521479124	0.2076884575574798
0.0411511633516561	0.2097653421330548
0.0411736579997501	0.2118629955543851
0.0411962095660076	0.2139816255099292
0.0412188432744701	0.2161214417650289
0.0412415391795494	0.2182826561826795
0.0412641698257854	0.2204654827445064
0.0412868978053697	0.2226701375719512
0.0413097130175017	0.2248968389476704
0.0413326196248111	0.2271458073371470
0.0413556237598683	0.2294172654105187
0.0413786951836609	0.2317114380646238
0.0414016780092087	0.2340285524452700
0.0414247529999585	0.2363688379697224
0.0414479297301479	0.2387325263494198
0.0414712151274536	0.2411198516129136
0.0414946099173303	0.2435310501290427
0.0415180069266966	0.2459663606303331
0.0415414040842960	0.2484260242366368
0.0415649162088545	0.2509102844790034
0.0415885345693395	0.2534193873237935
0.0416122483664915	0.2559535811970315
0.0416360607711797	0.2585131170090021
0.0416597832367689	0.2610982481790922
0.0416836356705229	0.2637092306608828
0.0417076228680853	0.2663463229674916
0.0417317348650472	0.2690097861971666
0.0417559801856220	0.2716998840591382
0.0417800906075777	0.2744168828997299
0.0418043271719366	0.2771610517287271
0.0418287024905919	0.2799326622460145
0.0418532206121642	0.2827319888684744
0.0418778811441143	0.2855593087571593
0.0419024320328081	0.2884149018447312
0.0419271420010137	0.2912990508631787
0.0419519645916665	0.2942120413718108
0.0419769454754552	0.2971541617855286
0.0420019970878606	0.3001257034033842
0.0420270264242345	0.3031269604374177
0.0420522211874034	0.3061582300417915
0.0420775955722467	0.3092198123422094
0.0421031349596972	0.3123120104656314
0.0421285683205719	0.3154351305702881
0.0421541273289863	0.3185894818759906
0.0421798812375895	0.3217753766947501
0.0422058447289816	0.3249931304616974
0.0422318482487780	0.3282430617663142
0.0422578378713645	0.3315254923839773
0.0422840123688910	0.3348407473078169
0.0423104170771347	0.3381891547808950
0.0423369382176645	0.3415710463287040
0.0423634155746315	0.3449867567919910
0.0423901250742462	0.3484366243599110
0.0424170216156802	0.3519209906035105
0.0424440659350134	0.3554402005095455
0.0424710506629850	0.3589946025146405
0.0424982953508020	0.3625845485397868
0.0425258211904429	0.3662103940251843
0.0425534001596782	0.3698724979654361
0.0425809524548347	0.3735712229450909
0.0426087949953795	0.3773069351745413
0.0426369431914349	0.3810800045262868
0.0426651294481298	0.3848908045715494
0.0426933237184203	0.3887397126172649
0.0427218437523560	0.3926271097434372
0.0427506947110169	0.3965533808408719
0.0427794444090111	0.4005189146492801
0.0428084059073618	0.4045241037957729
0.0428376953101069	0.4085693448337308
0.0428671816824345	0.4126550382820680
0.0428966629457417	0.4167815886648891
0.0429264877698801	0.4209494045515378
0.0429566575853323	0.4251588985970535
0.0429867306664374	0.4294104875830239
0.0430171234541975	0.4337045924588537
0.0430479131330884	0.4380416383834422
0.0430787729179144	0.4424220547672766
0.0431097613575851	0.4468462753149492
0.0431412078077787	0.4513147380680987
0.0431729456688440	0.4558278854487802
0.0432045837679931	0.4603861643032684
0.0432367240413449	0.4649900259463012
0.0432693989338620	0.4696399262057643
0.0433017481323140	0.4743363254678223
0.0433346660252022	0.4790796887225009
0.0433681516790525	0.4838704856097263
0.0434014687006977	0.4887091904658236
0.0434352346558228	0.4935962823704823
0.0434696351763084	0.4985322451941874
0.0435039524082925	0.5035175676461291
0.0435386576842708	0.5085527433225899
0.0435741008958262	0.5136382707558153
0.0436094535606332	0.5187746534633733
0.0436452286688596	0.5239623999980074
0.0436818308753381	0.5292020239979874
0.0437182603082721	0.5344940442379676
0.0437552564353081	0.5398389846803472
0.0437931036863634	0.5452373745271512
0.0438307089616626	0.5506897482724222
0.0438691183250188	0.5561966457551469
0.0439082276370845	0.5617586122126987
0.0439472349372175	0.5673761983348254
0.0439872758940366	0.5730499603181735
0.0440277305674314	0.5787804599213556
0.0440683593717433	0.5845682645205693
0.0441102357424389	0.5904139471657751
0.0441520092170059	0.5963180866374327
0.0441946305299616	0.6022812675038066
0.0442383657943367	0.6083040801788442
0.0442818359645870	0.6143871209806330
0.0443268354811863	0.6205309921904394
0.0443720857915150	0.6267363021123438
0.0444180680521940	0.6330036651334671
0.0444655746971779	0.6393337017848016
0.0445127544988863	0.6457270388026496
0.0445614931219675	0.6521843091906759
0.0446110428571665	0.6587061522825823
0.0446613031756570	0.6652932138054077
0.0447133241680196	0.6719461459434618
0.0447651859849586	0.6786656074028962
0.0448189583409233	0.6854522634769249
0.0448737299498686	0.6923067861116942
0.0449293995946340	0.6992298539728111
0.0449873867428500	0.7062221525125396
0.0450452408581896	0.7132843740376652
0.0451058243553586	0.7204172177780419
0.0451672226767257	0.7276213899558220
0.0452302414896627	0.7348976038553806
0.0452957599201285	0.7422465798939344
0.0453620510999631	0.7496690456928740
0.0454321372314225	0.7571657361498024
0.0455019652624269	0.7647373935113003
0.0455761815439852	0.7723847674464133
0.0456513690050454	0.7801086151208773
0.0457299553364864	0.7879097012720864
0.0458112994675805	0.7957887982848069
0.0458960445088288	0.8037466862676552
0.0459853117493804	0.8117841531303316
0.0460754185037447	0.8199019946616349
0.0461739517268420	0.8281010146082510
0.0462719346622762	0.8363820247543334
0.0463804686785747	0.8447458450018769
0.0464894713836073	0.8531933034518954
0.0466070254898855	0.8617252364864143
0.0467318226480707	0.8703424888512782
0.0468637869320440	0.8790459137397911
0.0470074353251205	0.8878363728771892
0.0471625581044244	0.8967147366059613
0.0473331399783394	0.9056818839720210
0.0475176471202068	0.9147387028117412
0.0477253076278626	0.9238860898398585
0.0479287758626161	0.9322511132940953
0.0481722872946562	0.9415736244270363
0.0484426176558324	0.9495450528886327
0.0487587322766032	0.9590405034175190
0.0487865366515283	0.9558337070699127
0.0490267196495498	0.9653920441406119
0.0495725646259295	0.9750459645820180
0.0502413080827016	0.9864504202389154
0.0506499369779729	0.9907798711964565
0.0512659230854578	0.9848308629861477
0.0518660630694444	0.9941461626068891
0.0524932435947286	0.9967470096431905
0.0566720476653665	0.9989988462308402
0.0574663829440530	0.9992826104658835
0.0613562633912564	0.9997144627585072
0.0633331932410679	0.9998903298782752
0.0656864249676101	0.9999129862038468
0.0680095319248891	0.9999460391253336
0.0686033383088516	0.9999627672476666
0.0719557752822567	0.9999901343474965
0.0742447909527018	0.9999953568995406
0.0830125352092864	0.9999986826792612
0.0854979783471704	0.9999994023880242
0.0930391984947577	0.9999998242867690
0.0962996159574569	0.9999999172532886
0.1028269543810287	0.9999999747044028
0.1051291169677836	0.9999999881955348
0.1117311005504089	0.9999999963867160
0.1143677092464250	0.9999999983323170
0.1211077601619125	0.9999999994917463
0.1239859706365330	0.9999999997662032
0.1305950078846323	0.9999999999287090
0.1333193476919035	0.9999999999671669
0.1397597344842796	0.9999999999899334
0.1421241581009577	0.9999999999953516
0.1484634867125314	0.9999999999985630
0.1504500481243512	0.9999999999993348
0.1567601696353223	0.9999999999997929
0.1584832115531764	0.9999999999999042
0.1648565174783349	0.9999999999999700
0.1664941002865432	0.9999999999999860
0.1728722672243131	0.9999999999999957
0.1746909609180068	0.9999999999999981
0.1820241166890388	1.0000039416510611
0.1820241166894228	1.0000044511348909
0.2016206080337754	1.0000048549043172
0.2019637675488711	1.0000049167074820
0.2160798476676415	1.0000049544726246
0.2171720639761318	1.0000049607418950
0.2295071161917356	1.0000049639399935
0.2309022030538506	1.0000049645307181
0.2410463510857934	1.0000049648244889
0.2432969383557818	1.0000049648803888
0.2537468274880489	1.0000049649048011
0.2557243274198432	1.0000049649099081
0.2645139802714445	1.0000049649121756
0.2667181371720826	1.0000049649126728
0.2750122011712410	1.0000049649128964
0.2773861782748807	1.0000049649129470
0.2854240558511462	1.0000049649129699
0.2880795980424493	1.0000049649129752
0.2963195614655401	1.0000049649129779
0.2978192297518030	1.0000049649129783
0.3039492691402194	1.0035533705208890
0.3043050062001291	1.0067636645948912
0.3043171722707647	1.0010576422267192
0.3066645024900617	1.0002281468405856
0.3170987991345733	1.0001187131167100
0.3268280700939670	1.0000221357906314
0.3275022184532835	1.0000088700428902
0.3444809729879292	1.0000034722223672
0.3508098266565722	1.0000027708881649
0.3677701456169942	1.0000024761906454
0.3721019108471433	1.0000024380760921
0.3892662046928714	1.0000024220266557
0.3943628675888121	1.0000024199520570
0.4114481553131794	1.0000024190782988
0.4162668765504823	1.0000024189653576
0.4235323500032350	0.9996557273659575
0.4235323506784219	0.9996108154516559
0.4589450788122630	0.9999368035048686
0.4923331375189439	0.9999895194356965
0.5182231622212994	0.9999907678105837
0.5535239963625938	0.9999928496846793
0.5896559925197695	0.9999929638344329
0.6226425334872301	0.9999929682211288
0.6280383358837683	1.0000002296808257
0.6305375037601112	1.0000013053774559
0.6496728756579803	1.0000014437012055
0.6617972650516306	1.0000014864814941
0.6709187122577098	1.0000014920089499
0.7022374356881264	1.0000014935305119
0.7124755945636299	1.0000014937271866
0.7463877729229640	1.0000014937813155
0.7566282825687337	1.0000014937883122
0.7925902729271214	1.0000014937902375
0.8028258388580924	1.0000014937904866
0.8398354466916451	1.0000014937905555
0.8498160347560126	1.0000014937905644
0.8720043504673417	1.0000014937905655
0.9045563363746293	1.0000014937905652
0.9047308042306306	1.0000014937905670
1.1073369685640284	1.0090338056319592
1.1077925766999859	1.0013382380631304
1.1097191524356513	1.0003580146495781
1.1222558745926021	1.0000617718990510
1.1318056462972479	1.0000229058258918
1.1501745913099042	1.0000067234603380
1.1541453134442694	1.0000046306895094
1.1736445612935609	1.0000037434286984
1.1797124859427706	1.0000036287394001
1.1994280514553273	1.0000035804136167
1.2047529947427205	1.0000035741670812
1.2245012068061436	1.0000035715360771
1.2301009032731152	1.0000035711959967
1.5071590741936558	0.9959205114821051
1.5088737377902386	0.9993474292787354
1.5136418872652648	0.9997944879877542
1.5255416210762314	0.9998766367323233
1.5409868211312772	0.9999953659960140
1.5430752528507659	1.0000106007913789
1.7062679734462192	0.9999567669762611
1.7166653143806627	0.9999981395868202
1.7357919542022087	1.0000013001162271
2.1831174161551425	1.0000053981945551
2.1862561011671380	1.0000059275726103
2.2080855716048662	1.0000059959620826
2.2333621487581476	1.0000060047975563
2.2552006042650055	1.0000060059390059
2.3072810753469599	1.0000060060865370
2.3290860783708904	1.0000060061056062
3.2783701775758076	1.0001361864550662
3.2857194412301021	1.0000571689023416
3.3037102894832864	1.0000093348139527
3.3195565782008205	0.9999991107629967
3.3362606935753827	0.9999972316571567
3.3531256832313847	0.9999969014936361
3.3701625522380056	0.9999968443595640
3.4674790768169634	0.9999755994356085
3.5485507984873563	0.9999874861987027
3.9469086878862392	1.0001352686636178
3.9882004296477378	1.0000219792687599
4.0052738815880931	1.0000040209727847
4.1581657592887762	0.9999818302076782
4.3302734183864482	0.9999952046131175
6.3296176809404230	0.9999989660661841
6.3299216350761096	0.9999994522269531
7.4346368176039572	0.9999995860343830
7.4463764625146229	0.9999996033301732
8.0872634784117974	0.9999996080904258
8.1054237411767680	0.9999996087057349
8.1169873108231396	0.9999996087852698
8.7323996011195444	0.9999996088866934
8.7656288551124764	0.9999996088998033
8.7852141532102213	0.9999996089014980
9.3911101043922116	0.9999996089036589
9.4319476934088282	0.9999996089039382
9.4520880735655783	0.9999996089039743
