0.0000000000000000	0.0000000000000000
0.0188969675328214	0.0000300000000000
0.0191257248419053	0.0000105060023857
0.0196386931804475	0.0000174952840625
0.0202061822532437	0.0000205361537891
0.0202861175456401	0.0000210453987627
0.0207856869767012	0.0000336617452757
0.0210251506035997	0.0000299719834136
0.0214315310663901	0.0000386958236313
0.0218359568701848	0.0000486958236313
0.0221771955503815	0.0000573373595172
0.0224511241518397	0.0000673373595172
0.0227029625475171	0.0000773293887123
0.0229358723640289	0.0000873293887123
0.0231542005322541	0.0000973293887123
0.0233376492865263	0.0001073293887123
0.0235084467433132	0.0001173293887123
0.0236555528938622	0.0001273293887123
0.0237981755439016	0.0001373293887123
0.0239237023600828	0.0001473293887123
0.0240464210261322	0.0001573293887123
0.0241554989540667	0.0001673293887123
0.0242634011919687	0.0001773293887123
0.0243611317489811	0.0001873293887123
0.0244570842344183	0.0001973293887123
0.0245444357550729	0.0002073293887123
0.0246313370187150	0.0002173293887123
0.0247111046461609	0.0002273293887123
0.0247898957500455	0.0002373293887123
0.0248631209978570	0.0002473293887123
0.0249357672374434	0.0002573293887123
0.0250035173862110	0.0002673293887123
0.0250703168596281	0.0002773293887123
0.0251333862628646	0.0002873293887123
0.0251956411308476	0.0002973293887123
0.0252544994410984	0.0003073293887123
0.0253124808279026	0.0003173293887123
0.0253677985872942	0.0003273293887123
0.0254223389685068	0.0003373293887123
0.0254745042186522	0.0003473293887123
0.0255257393141002	0.0003573293887123
0.0255751090994400	0.0003673293887123
0.0256236394096956	0.0003773293887123
0.0256704916139273	0.0003873293887123
0.0257163548881882	0.0003973293887123
0.0257609475144165	0.0004073293887123
0.0258045765938012	0.0004173293887123
0.0258471168333732	0.0004273293887123
0.0258887333719012	0.0004373293887123
0.0259294039294174	0.0004473293887123
0.0259691620936898	0.0004573293887123
0.0260081139028449	0.0004673293887123
0.0260461680708812	0.0004773293887123
0.0260835512929177	0.0004873293887123
0.0261200160333503	0.0004973293887123
0.0261559133127485	0.0005073293887123
0.0261909284622786	0.0005173293887123
0.0262254883193048	0.0005273293887123
0.0262591712270017	0.0005373293887123
0.0262924709973400	0.0005473293887123
0.0263249109422980	0.0005573293887123
0.0263570804257599	0.0005673293887123
0.0263884081228486	0.0005773293887123
0.0264194074237402	0.0005873293887123
0.0264496047844808	0.0005973293887123
0.0264797073375132	0.0006073293887123
0.0265088804733707	0.0006173293887123
0.0265379731233347	0.0006273293887123
0.0265662979481887	0.0006373293887123
0.0265944427894154	0.0006473293887123
0.0266219217571480	0.0006573293887123
0.0266491806389738	0.0006673293887123
0.0266758675627246	0.0006773293887123
0.0267023284477055	0.0006873293887123
0.0267282970329622	0.0006973293887123
0.0267539534097416	0.0007073293887123
0.0267791829850294	0.0007173293887123
0.0268041891761026	0.0007273293887123
0.0268286994545706	0.0007373293887123
0.0268531036353630	0.0007473293887123
0.0268769353370544	0.0007573293887123
0.0269006255946414	0.0007673293887123
0.0269239883440996	0.0007773293887123
0.0269470164226578	0.0007873293887123
0.0269697282013104	0.0007973293887123
0.0269922466331299	0.0008073293887123
0.0270145045939666	0.0008173293887123
0.0270363842173096	0.0008273293887123
0.0270580420356047	0.0008373293887123
0.0270794583175202	0.0008473293887123
0.0271006772478600	0.0008573293887123
0.0271216226133898	0.0008673293887123
0.0271423281897153	0.0008773293887123
0.0271627290784657	0.0008873293887123
0.0271829899086017	0.0008973293887123
0.0272029533613056	0.0009073293887123
0.0272228050321568	0.0009173293887123
0.0272423488630123	0.0009273293887123
0.0272617986382429	0.0009373293887123
0.0272809229018446	0.0009473293887123
0.0272999802255957	0.0009573293887123
0.0273187051072933	0.0009673293887123
0.0273373806608965	0.0009773293887123
0.0273557115855595	0.0009873293887123
0.0273740148355520	0.0009973293887123
0.0273919753053916	0.0010073293887123
0.0274099013834477	0.0010174026825995
0.0274276532071380	0.0010275767094255
0.0274455322319867	0.0010378524765197
0.0274633144457371	0.0010482310012849
0.0274811858854659	0.0010587133112978
0.0274990037340311	0.0010693004444107
0.0275168666680127	0.0010799934488548
0.0275347250649086	0.0010907933833434
0.0275525730756584	0.0011017013171768
0.0275704768375110	0.0011127183303486
0.0275883095754460	0.0011238455136521
0.0276062404312688	0.0011350839687886
0.0276240766439258	0.0011464348084765
0.0276419824342238	0.0011578991565612
0.0276598784939200	0.0011694781481269
0.0276777575432184	0.0011811729296081
0.0276957141786592	0.0011929846589042
0.0277135700658493	0.0012049145054933
0.0277314947174366	0.0012169636505482
0.0277494235279722	0.0012291332870537
0.0277673168099397	0.0012414246199242
0.0277852710344205	0.0012538388661234
0.0278031851168619	0.0012663772547847
0.0278211049219526	0.0012790410273325
0.0278390763256500	0.0012918314376058
0.0278569913340343	0.0013047497519819
0.0278749267540403	0.0013177972495017
0.0278929059194420	0.0013309752219967
0.0279108367072933	0.0013442849742167
0.0279287796783462	0.0013577278239589
0.0279467598424907	0.0013713051021985
0.0279647204079283	0.0013850181532204
0.0279826652083693	0.0013988683347527
0.0280006418007171	0.0014128570181002
0.0280186444555204	0.0014269855882812
0.0280365882083792	0.0014412554441640
0.0280545585347978	0.0014556679986056
0.0280725508191789	0.0014702246785917
0.0280905562816388	0.0014849269253776
0.0281085192876475	0.0014997761946314
0.0281265009593481	0.0015147739565777
0.0281445014697534	0.0015299216961435
0.0281625158098912	0.0015452209131049
0.0281805070731260	0.0015606731222360
0.0281984959167626	0.0015762798534583
0.0282164967435670	0.0015920426519929
0.0282345104418737	0.0016079630785128
0.0282525329042447	0.0016240427092980
0.0282705522831334	0.0016402831363909
0.0282885543317447	0.0016566859677548
0.0283065647228245	0.0016732528274324
0.0283245839759749	0.0016899853557067
0.0283426093793212	0.0017068852092638
0.0283606412800961	0.0017239540613564
0.0283786775836386	0.0017411936019700
0.0283967185517780	0.0017586055379897
0.0284147488099984	0.0017761915933696
0.0284327783751185	0.0017939535093033
0.0284508130558558	0.0018118930443963
0.0284688517432450	0.0018300119748403
0.0284868944531633	0.0018483120945887
0.0285049404258578	0.0018667952155346
0.0285229895474459	0.0018854631676899
0.0285410414691363	0.0019043177993668
0.0285590960428524	0.0019233609773605
0.0285771531947702	0.0019425945871341
0.0285952126596348	0.0019620205330054
0.0286132743557443	0.0019816407383355
0.0286313375362754	0.0020014571457188
0.0286494026843859	0.0020214717171760
0.0286674692750124	0.0020416864343478
0.0286855380974475	0.0020621032986913
0.0287036083434259	0.0020827243316782
0.0287216811064776	0.0021035515749950
0.0287397551578920	0.0021245870907449
0.0287578315698709	0.0021458329616524
0.0287759096626874	0.0021672912912689
0.0287939898643116	0.0021889642041816
0.0288120721743378	0.0022108538462234
0.0288301563669374	0.0022329623846856
0.0288482431239130	0.0022552920085325
0.0288663314706757	0.0022778449286178
0.0288844221758766	0.0023006233779040
0.0289025149247505	0.0023236296116830
0.0289206096880861	0.0023468659077998
0.0289387070688160	0.0023703345668778
0.0289568061374002	0.0023940379125466
0.0289749074661798	0.0024179782916721
0.0289930111186654	0.0024421580745888
0.0290111166704293	0.0024665796553347
0.0290292245938381	0.0024912454518880
0.0290473346868434	0.0025161579064069
0.0290654467689764	0.0025413194854710
0.0290835612330152	0.0025667326803257
0.0291016778507555	0.0025924000071290
0.0291197964612073	0.0026183240072002
0.0291379173940788	0.0026445072472723
0.0291560405972906	0.0026709523197450
0.0291741657324395	0.0026976618429424
0.0291922930803245	0.0027246384613718
0.0292104228489653	0.0027518848459856
0.0292285543385541	0.0027794036944454
0.0292466877317498	0.0028071977313899
0.0292648232328940	0.0028352697087038
0.0292829609142206	0.0028636224057908
0.0293011003701402	0.0028922586298487
0.0293192417779866	0.0029211812161472
0.0293373852958490	0.0029503930283087
0.0293555310364987	0.0029798969585918
0.0293736786195458	0.0030096959281777
0.0293918281312384	0.0030397928874595
0.0294099796740292	0.0030701908163341
0.0294281333459803	0.0031008927244974
0.0294462892045542	0.0031319016517424
0.0294644469594530	0.0031632206682598
0.0294826066540462	0.0031948528749424
0.0295007683467037	0.0032268014036918
0.0295189321011571	0.0032590694177287
0.0295370979462679	0.0032916601119060
0.0295552659191655	0.0033245767130251
0.0295734359678938	0.0033578224801553
0.0295916079424656	0.0033914007049569
0.0296097818870356	0.0034253147120065
0.0296279578235647	0.0034595678591265
0.0296461357788442	0.0034941635377178
0.0296643157624768	0.0035291051730950
0.0296824977878876	0.0035643962248259
0.0297006818565847	0.0036000401870742
0.0297188679733606	0.0036360405889449
0.0297370561350676	0.0036724009948344
0.0297552463406961	0.0037091250047827
0.0297734385851678	0.0037462162548305
0.0297916328647731	0.0037836784173789
0.0298098291746549	0.0038215152015526
0.0298280275087427	0.0038597303535682
0.0298462278527824	0.0038983276571038
0.0298644301879230	0.0039373109336749
0.0298826345008640	0.0039766840430116
0.0299008407758365	0.0040164508834418
0.0299190490054657	0.0040566153922762
0.0299372591760445	0.0040971815461989
0.0299554712841663	0.0041381533616609
0.0299736853162151	0.0041795348952775
0.0299919012676072	0.0042213302442303
0.0300101191295402	0.0042635435466726
0.0300283388961044	0.0043061789821393
0.0300465605636704	0.0043492407719607
0.0300647841248006	0.0043927331796804
0.0300830095797139	0.0044366605114772
0.0301012369211659	0.0044810271165919
0.0301194661474476	0.0045258373877578
0.0301376972578446	0.0045710957616354
0.0301559302487720	0.0046168067192518
0.0301741650752389	0.0046629747864443
0.0301924009321341	0.0047096045343087
0.0302106386748946	0.0047567005796518
0.0302288783014311	0.0048042675854483
0.0302471198144379	0.0048523102613028
0.0302653632198194	0.0049008333639158
0.0302836085170304	0.0049498416975550
0.0303018557098447	0.0049993401145305
0.0303201020012445	0.0050493335156758
0.0303383486279833	0.0050998268508326
0.0303565972616121	0.0051508251193409
0.0303748479020921	0.0052023333705343
0.0303931005465390	0.0052543567042397
0.0304113551928608	0.0053069002712821
0.0304296118419074	0.0053599692739949
0.0304478704965559	0.0054135689667348
0.0304661311555156	0.0054677046564022
0.0304843938201802	0.0055223817029662
0.0305026584944589	0.0055776055199959
0.0305209251836713	0.0056333815751958
0.0305391938894969	0.0056897153909478
0.0305574646160180	0.0057466125448573
0.0305757373690590	0.0058040786703059
0.0305940121559984	0.0058621194570089
0.0306122889831965	0.0059207406515790
0.0306305678546141	0.0059799480580948
0.0306488487745558	0.0060397475386757
0.0306671317474701	0.0061001450140625
0.0306854167779965	0.0061611464642031
0.0307037038708510	0.0062227579288451
0.0307219930285508	0.0062849855081336
0.0307402842534732	0.0063478353632149
0.0307585775486164	0.0064113137168471
0.0307768729176044	0.0064754268540155
0.0307951703646483	0.0065401811225557
0.0308134698945453	0.0066055829337812
0.0308317715126770	0.0066716387631191
0.0308500752249969	0.0067383551507502
0.0308683810380606	0.0068057387022578
0.0308866889578409	0.0068737960892803
0.0309049989909067	0.0069425340501731
0.0309233111445235	0.0070119593906749
0.0309416254265531	0.0070820789845816
0.0309599418454916	0.0071528997744274
0.0309782603882471	0.0072244287721717
0.0309965810439638	0.0072966730598934
0.0310149038046716	0.0073696397904923
0.0310332286651410	0.0074433361883973
0.0310515556225356	0.0075177695502812
0.0310698846763763	0.0075929472457840
0.0310882158283077	0.0076688767182419
0.0311065490821105	0.0077455654854243
0.0311248844433788	0.0078230211402785
0.0311432219178060	0.0079012513516813
0.0311615615113070	0.0079802638651981
0.0311799032301254	0.0080600665038501
0.0311982469230400	0.0081406671688886
0.0312165923999885	0.0082220738405775
0.0312349396920179	0.0083042945789833
0.0312532888288806	0.0083873375247731
0.0312716398393246	0.0084712109000208
0.0312899927512355	0.0085559230090210
0.0313083475918714	0.0086414822391112
0.0313267043880581	0.0087278970615023
0.0313450631663153	0.0088151760321174
0.0313634239530724	0.0089033277924385
0.0313817867747683	0.0089923610703629
0.0314001516580117	0.0090822846810666
0.0314185186295956	0.0091731075278772
0.0314368877164263	0.0092648386031560
0.0314552589455969	0.0093574869891876
0.0314736323444364	0.0094510618590794
0.0314920079405057	0.0095455724776702
0.0315103857616964	0.0096410282024469
0.0315287658363059	0.0097374384844714
0.0315471481917494	0.0098348128693161
0.0315655328538896	0.0099331609980093
0.0315839198474862	0.0100324926079893
0.0316023091965204	0.0101328175340692
0.0316207009245595	0.0102341457094099
0.0316390950549099	0.0103364871665040
0.0316574916107329	0.0104398520381690
0.0316758906151873	0.0105442505585507
0.0316942920916049	0.0106496930641362
0.0317126960320686	0.0107561899947776
0.0317311024305215	0.0108637518947253
0.0317495112848764	0.0109723894136726
0.0317679225968490	0.0110821133078094
0.0317863363718097	0.0111929344408874
0.0318047526186356	0.0113048637852963
0.0318231713495572	0.0114179124231493
0.0318415925798802	0.0115320915473808
0.0318600163277664	0.0116474124628546
0.0318784426140519	0.0117638865874831
0.0318968714598203	0.0118815254533579
0.0319153028861411	0.0120003407078915
0.0319337369143819	0.0121203441149704
0.0319521735665049	0.0122415475561201
0.0319706128653500	0.0123639630316814
0.0319890548348921	0.0124876026619982
0.0320074995004520	0.0126124786886182
0.0320259468886728	0.0127386034755043
0.0320443970275404	0.0128659895102594
0.0320628499464003	0.0129946494053620
0.0320813056760652	0.0131245958994156
0.0320997642489305	0.0132558418584098
0.0321182256990738	0.0133884002769939
0.0321366900623615	0.0135222842797638
0.0321551573765663	0.0136575071225615
0.0321736276789961	0.0137940821937871
0.0321921010059420	0.0139320230157250
0.0322105773930719	0.0140713432458822
0.0322290568547326	0.0142120566783411
0.0322475393850693	0.0143541772451245
0.0322660245615560	0.0144977190175758
0.0322845122352454	0.0146426962077515
0.0323030024489198	0.0147891231698290
0.0323214952472451	0.0149370144015273
0.0323399906769506	0.0150863845455426
0.0323584887869836	0.0152372483909980
0.0323769896283945	0.0153896208749079
0.0323954860170017	0.0155435170836570
0.0324139833392221	0.0156989522544936
0.0324324836940452	0.0158559417770385
0.0324509871259190	0.0160145011948088
0.0324694936804788	0.0161746462067569
0.0324880034027368	0.0163363926688245
0.0325065163377195	0.0164997565955127
0.0325250325310562	0.0166647541614678
0.0325435520292511	0.0168314017030825
0.0325620748799260	0.0169997157201133
0.0325806011320942	0.0171697128773144
0.0325991308364361	0.0173414100060876
0.0326176640455792	0.0175148241061485
0.0326362008143864	0.0176899723472100
0.0326547412002087	0.0178668720706821
0.0326732852487008	0.0180455407913889
0.0326918329611783	0.0182259961993028
0.0327103843410234	0.0184082561612959
0.0327289394029019	0.0185923387229088
0.0327474981661445	0.0187782621101379
0.0327660606549215	0.0189660447312393
0.0327846268984393	0.0191557051785517
0.0328031969311382	0.0193472622303372
0.0328217707925922	0.0195407348526406
0.0328403485273823	0.0197361422011670
0.0328589301850459	0.0199335036231786
0.0328775158200986	0.0201328386594104
0.0328961054909139	0.0203341670460045
0.0329146992560165	0.0205375087164646
0.0329332971749740	0.0207428838036292
0.0329518993089033	0.0209503126416655
0.0329705056135482	0.0211598157680822
0.0329891153258005	0.0213714139257630
0.0330077273575711	0.0215851280650206
0.0330263424297435	0.0218009793456708
0.0330449612216433	0.0220189891391275
0.0330635837915337	0.0222391790305188
0.0330822102051604	0.0224615708208240
0.0331008405353320	0.0226861865290323
0.0331194748579377	0.0229130483943226
0.0331381132503723	0.0231421788782659
0.0331567557922280	0.0233736006670485
0.0331754025659751	0.0236073366737190
0.0331940536576395	0.0238434100404562
0.0332127091570954	0.0240818441408608
0.0332313691582659	0.0243226625822695
0.0332500337593877	0.0245658892080922
0.0332687030633389	0.0248115481001731
0.0332873771722499	0.0250596635811748
0.0333060561880922	0.0253102602169865
0.0333247401971867	0.0255633628191564
0.0333434292233811	0.0258189964473480
0.0333621233013071	0.0260771864118215
0.0333808224762488	0.0263379582759397
0.0333995268041214	0.0266013378586990
0.0334182363515070	0.0268673512372860
0.0334369511953827	0.0271360247496589
0.0334556714171767	0.0274073849971555
0.0334743884661143	0.0276814588471270
0.0334931030129067	0.0279582734355983
0.0335118229660578	0.0282378561699542
0.0335305476775921	0.0285202347316537
0.0335492773015063	0.0288054370789702
0.0335680119935953	0.0290934914497600
0.0335867519120504	0.0293844263642576
0.0336054972180970	0.0296782706279001
0.0336242480042344	0.0299750533341792
0.0336430043423314	0.0302748038675210
0.0336617663118508	0.0305775519061962
0.0336805340007455	0.0308833274252581
0.0336993075060589	0.0311921606995107
0.0337180869341445	0.0315040823065059
0.0337368724010169	0.0318191231295709
0.0337556640327710	0.0321373143608667
0.0337744619633633	0.0324586875044753
0.0337932663292063	0.0327832743795200
0.0338120772703172	0.0331111071233151
0.0338308949315245	0.0334422181945483
0.0338497193872358	0.0337766403764938
0.0338685506892825	0.0341144067802587
0.0338873889086470	0.0344555508480614
0.0339062341348008	0.0348001063565420
0.0339250854878187	0.0351481074201074
0.0339439425783563	0.0354995884943085
0.0339628056146193	0.0358545843792516
0.0339816748077596	0.0362131302230441
0.0340005503736245	0.0365752615252745
0.0340194325337270	0.0369410141405272
0.0340383215161773	0.0373104242819325
0.0340572175517223	0.0376835285247519
0.0340761207465525	0.0380603638099994
0.0340950312184036	0.0384409674480995
0.0341139490999480	0.0388253771225804
0.0341328745391079	0.0392136308938062
0.0341518076994709	0.0396057672027442
0.0341707487608484	0.0400018248747717
0.0341896794787752	0.0404018431235195
0.0342086125635731	0.0408058615547546
0.0342275544470272	0.0412139201703021
0.0342465053003790	0.0416260593720052
0.0342654652771106	0.0420423199657252
0.0342844331088997	0.0424627431653824
0.0343034084210981	0.0428873705970363
0.0343223914178734	0.0433162443030066
0.0343413823227764	0.0437494067460366
0.0343603794341173	0.0441869008134969
0.0343793832534470	0.0446287698216320
0.0343983956697797	0.0450750575198483
0.0344174169489984	0.0455258080950467
0.0344364473710645	0.0459810661759971
0.0344554871664710	0.0464408768377571
0.0344745364718806	0.0469052856061346
0.0344935954460605	0.0473743384621960
0.0345126642712132	0.0478480818468178
0.0345317431538592	0.0483265626652860
0.0345508323251300	0.0488098282919388
0.0345699311931799	0.0492979265748583
0.0345890386253044	0.0497909058406068
0.0346081550251349	0.0502888148990129
0.0346272807824232	0.0507917030480030
0.0346464161299293	0.0512996200784831
0.0346655613283692	0.0518126162792680
0.0346847166669467	0.0523307424420608
0.0347038782316188	0.0528540498664813
0.0347230225066810	0.0533825903651462
0.0347421782437168	0.0539164162687977
0.0347613457363293	0.0544555804314856
0.0347805253015896	0.0550001362358005
0.0347997171718108	0.0555501375981585
0.0348189215121293	0.0561056389741401
0.0348381384341742	0.0566666953638815
0.0348573656368067	0.0572333623175203
0.0348766035229722	0.0578056959406955
0.0348958524986470	0.0583837529001024
0.0349151130153401	0.0589675904291035
0.0349343855350040	0.0595572663333945
0.0349536704432934	0.0601528389967283
0.0349729680124969	0.0607543673866957
0.0349922785534262	0.0613619110605626
0.0350116024169274	0.0619755301711683
0.0350309399848545	0.0625952854728801
0.0350502916620788	0.0632212383276089
0.0350696570557572	0.0638534507108850
0.0350890343738951	0.0644919852179939
0.0351084240916733	0.0651369050701739
0.0351278113539430	0.0657882741208756
0.0351471872663003	0.0664461568620845
0.0351665757742481	0.0671106184307052
0.0351859748463111	0.0677817246150123
0.0352053889483171	0.0684595418611623
0.0352248185942204	0.0691441372797740
0.0352442641978299	0.0698355786525716
0.0352637260747431	0.0705339344390972
0.0352832045866990	0.0712392737834882
0.0353026979850704	0.0719516665213232
0.0353222055497188	0.0726711831865365
0.0353417279601772	0.0733978950184019
0.0353612659202136	0.0741318739685859
0.0353808199938444	0.0748731927082717
0.0354003906470178	0.0756219246353545
0.0354199783995447	0.0763781438817080
0.0354395838286954	0.0771419253205250
0.0354592075496058	0.0779133445737303
0.0354788241188044	0.0786924780194675
0.0354984349177412	0.0794794027996621
0.0355180623687662	0.0802741968276587
0.0355377070610895	0.0810769387959353
0.0355573696114558	0.0818877081838946
0.0355770506989783	0.0827065852657336
0.0355967510412070	0.0835336511183910
0.0356164713998638	0.0843689876295751
0.0356362123812908	0.0852126775058708
0.0356559745105457	0.0860648042809297
0.0356757574912470	0.0869254523237388
0.0356955585519901	0.0877947068469761
0.0357153786351571	0.0886726539154459
0.0357352187289666	0.0895593804546003
0.0357550735588092	0.0904549742591462
0.0357749389517031	0.0913595240017377
0.0357947759333169	0.0922731192417550
0.0358146364523614	0.0931958504341725
0.0358345212721763	0.0941278089385141
0.0358544306742239	0.0950690870278991
0.0358743611104139	0.0960197778981780
0.0358943135560891	0.0969799756771599
0.0359142888823541	0.0979497754339316
0.0359342880373546	0.0989292731882708
0.0359543120295813	0.0999185659201535
0.0359743619307477	0.1009177515793551
0.0359944384845046	0.1019269290951485
0.0360145396703653	0.1029461983861002
0.0360346640912316	0.1039756603699610
0.0360547542691821	0.1050154169736607
0.0360748614525566	0.1060655711433974
0.0360949958719036	0.1071262268548314
0.0361151586109416	0.1081974891233797
0.0361353505666399	0.1092794640146137
0.0361555727621206	0.1103722586547599
0.0361758232860875	0.1114759812413076
0.0361960987083310	0.1125907410537205
0.0362163932483220	0.1137166484642577
0.0362367169979312	0.1148538149489004
0.0362570712189904	0.1160023530983892
0.0362774499118493	0.1171623766293731
0.0362977877967688	0.1183340003956670
0.0363181607854507	0.1195173403996234
0.0363385639388306	0.1207125138036196
0.0363589981109016	0.1219196389416559
0.0363794647563146	0.1231388353310726
0.0363999654594191	0.1243702236843831
0.0364205019050421	0.1256139259212270
0.0364410753043095	0.1268700651804394
0.0364616823016686	0.1281387658322438
0.0364823222442862	0.1294201534905661
0.0365029536734434	0.1307143550254717
0.0365235754909669	0.1320214985757266
0.0365442361440783	0.1333417135614840
0.0365649368038523	0.1346751306970986
0.0365856657751478	0.1360218820040697
0.0366064318191867	0.1373821008241106
0.0366272353808396	0.1387559218323516
0.0366480785736458	0.1401434810506750
0.0366689631293368	0.1415449158611815
0.0366898910332892	0.1429603650197933
0.0367107682771950	0.1443899686699910
0.0367316824520584	0.1458338683566910
0.0367526377957478	0.1472922070402577
0.0367736365214628	0.1487651291106604
0.0367946807356629	0.1502527804017667
0.0368157727794943	0.1517553082057842
0.0368369150802796	0.1532728612878418
0.0368581012495597	0.1548055899007200
0.0368793236127434	0.1563536457997273
0.0369004741305306	0.1579171822577247
0.0369216748079365	0.1594963540803019
0.0369429286487382	0.1610913176211049
0.0369642379598228	0.1627022307973160
0.0369855967714884	0.1643292531052893
0.0370070062161168	0.1659725456363420
0.0370284694442314	0.1676322710927051
0.0370499895096213	0.1693085938036323
0.0370714398029426	0.1710016797416685
0.0370929515516252	0.1727116965390855
0.0371145175872852	0.1744388135044766
0.0371361410265031	0.1761832016395215
0.0371578255378036	0.1779450336559166
0.0371795540257341	0.1797244839924756
0.0372013445787712	0.1815217288324001
0.0372231319349764	0.1833369461207243
0.0372449061314186	0.1851703155819314
0.0372667458910001	0.1870220187377510
0.0372886545182882	0.1888922389251285
0.0373106355206281	0.1907811613143800
0.0373326814220329	0.1926889729275236
0.0373547950481013	0.1946158626567989
0.0373769180799494	0.1965620212833667
0.0373990227939532	0.1985276414962004
0.0374211896968311	0.2005129179111623
0.0374434244626502	0.2025180470902737
0.0374657328621551	0.2045432275611767
0.0374881194264341	0.2065886598367886
0.0375105887145114	0.2086545464351563
0.0375329991035021	0.2107410918995077
0.0375554650764031	0.2128485028185030
0.0375780123178972	0.2149769878466881
0.0376006457308527	0.2171267577251548
0.0376233703843892	0.2192980253024066
0.0376461630567500	0.2214910055554306
0.0376689263753099	0.2237059156109849
0.0376917067409059	0.2259429747670949
0.0377145824381445	0.2282024045147660
0.0377375591805727	0.2304844285599139
0.0377606329514191	0.2327892728455127
0.0377838029428549	0.2351171655739681
0.0378069316886088	0.2374683372297077
0.0378301079817929	0.2398430206020046
0.0378533710785387	0.2422414508080247
0.0378767311105223	0.2446638653161047
0.0379001989398244	0.2471105039692657
0.0379237496149877	0.2495816090089582
0.0379472279969785	0.2520774250990476
0.0379708295946755	0.2545981993500382
0.0379945447844354	0.2571441813435383
0.0380183820914175	0.2597156231569739
0.0380423196079943	0.2623127793885439
0.0380661732044314	0.2649359071824294
0.0380901189270969	0.2675852662542539
0.0381141945342990	0.2702611189167964
0.0381384088805901	0.2729637301059641
0.0381627660388423	0.2756933674070238
0.0381870600510367	0.2784503010810939
0.0382114206489251	0.2812348040919050
0.0382359041176948	0.2840471521328243
0.0382605458687359	0.2868876236541529
0.0382853334070806	0.2897564998906942
0.0383100189220906	0.2926540648896008
0.0383348442906741	0.2955806055384971
0.0383598417393911	0.2985364115938819
0.0383849699380057	0.3015217757098209
0.0384101662237766	0.3045369934669190
0.0384353188625709	0.3075823634015882
0.0384606583977696	0.3106581870356038
0.0384861830762775	0.3137647689059597
0.0385118888397350	0.3169024165950194
0.0385374930556991	0.3200714407609697
0.0385632091382701	0.3232721551685791
0.0385891302361800	0.3265048767202646
0.0386152494715450	0.3297699254874674
0.0386413960258076	0.3330676247423420
0.0386675942423523	0.3363983009897659
0.0386939726150537	0.3397622839996634
0.0387205516110295	0.3431599068396596
0.0387472167549446	0.3465915059080558
0.0387738893193260	0.3500574209671367
0.0388008106767405	0.3535579951768080
0.0388279442274981	0.3570935751285758
0.0388551328546144	0.3606645108798618
0.0388823371027883	0.3642711559886605
0.0389098127572444	0.3679138675485467
0.0389375566725630	0.3715930062240318
0.0389653234490562	0.3753089362862719
0.0389931269938679	0.3790620256491348
0.0390212250660382	0.3828526459056261
0.0390496232835815	0.3866811723646827
0.0390779684199855	0.3905479840883296
0.0391064756355927	0.3944534639292127
0.0391352767764670	0.3983979985685047
0.0391643442717859	0.4023819785541901
0.0391933189968215	0.4064057983397319
0.0392226377146147	0.4104698563231294
0.0392522364653407	0.4145745548863602
0.0392818786225348	0.4187203004352243
0.0393117006778590	0.4229075034395768
0.0393419097134954	0.4271365784739726
0.0393723194807896	0.4314079442587125
0.0394026603239615	0.4357220237012992
0.0394334589749189	0.4400792439383124
0.0394646619740936	0.4444800363776958
0.0394956908261566	0.4489248367414727
0.0395270939153637	0.4534140851088876
0.0395590096455187	0.4579482259599763
0.0395909266763966	0.4625277082195763
0.0396230123508762	0.4671529853017726
0.0396556536921790	0.4718245151547900
0.0396885271595214	0.4765427603063377
0.0397213808600143	0.4813081879094012
0.0397548235238316	0.4861212697884951
0.0397886307033703	0.4909824824863803
0.0398224119276866	0.4958923073112436
0.0398567620030437	0.5008512303843562
0.0398915482681577	0.5058597426881996
0.0399263156352961	0.5109183401150815
0.0399616994952746	0.5160275235162326
0.0399975271984398	0.5211877987513944
0.0400333820725342	0.5263996767389086
0.0400699488511368	0.5316636735062972
0.0401068897980159	0.5369803102413604
0.0401439508336266	0.5423501133437741
0.0401818388466312	0.5477736144772120
0.0402199755638409	0.5532513506219844
0.0402583999112486	0.5587838641282041
0.0402977689370858	0.5643717027694859
0.0403371773747537	0.5700154197971806
0.0403771528399595	0.5757155739951525
0.0404181790914062	0.5814727297351044
0.0404589257523760	0.5872874570324550
0.0405008039360837	0.5931603316027795
0.0405433492862660	0.5990919349188072
0.0405859219645282	0.6050828542679949
0.0406299584463101	0.6111336828106748
0.0406739436413858	0.6172450196387820
0.0407188802747736	0.6234174698351702
0.0407650146470427	0.6296516445335216
0.0408109830814413	0.6359481609788570
0.0408586394525852	0.6423076425886458
0.0409065575123061	0.6487307190145319
0.0409555409120939	0.6552180262046773
0.0410058918422392	0.6617702064667238
0.0410563913921146	0.6683879085313915
0.0411084522761207	0.6750717876167049
0.0411614425959651	0.6818225054928722
0.0412153890961635	0.6886407305478009
0.0412713755186410	0.6955271378532792
0.0413271003866933	0.7024824092318120
0.0413857984092282	0.7095072333241300
0.0414445057267374	0.7166023056573713
0.0415054223836050	0.7237683287139450
0.0415680650892571	0.7310060120010843
0.0416314325086033	0.7383160721210956
0.0416986231206390	0.7456992328423062
0.0417648876908416	0.7531562251707289
0.0418354613026009	0.7606877874224365
0.0419069167792374	0.7682946652966608
0.0419814520992894	0.7759776119496271
0.0420589077597191	0.7837373880691232
0.0421379651941634	0.7915747619498142
0.0422219180913207	0.7994905095693123
0.0423072271108174	0.8074854146650056
0.0423988745635146	0.8155602688116556
0.0424902054142052	0.8237158714997719
0.0425907179176294	0.8319530302147694
0.0426924161441067	0.8402725605169169
0.0428012809771256	0.8486752861220860
0.0429150894435687	0.8571620389833068
0.0430366651435310	0.8657336593731400
0.0431671807866412	0.8743909959668712
0.0433023804361941	0.8831349059265400
0.0434536750414991	0.8919662549858053
0.0436103684078055	0.9008859175356636
0.0437921715909642	0.9098947767110201
0.0439795860474048	0.9189937244781304
0.0442048496138265	0.9281836617229117
0.0444003582384765	0.9362721498617870
0.0446591617660970	0.9456348713604048
0.0449543165474089	0.9534028573430287
0.0452867451899884	0.9629368859164590
0.0458184607741148	0.9711622025669944
0.0458509314270070	0.9686201927604920
0.0461289567863513	0.9757643639689914
0.0461489986568282	0.9812976290133270
0.0464057484083169	0.9871616245626649
0.0465872151818825	0.9850250987840276
0.0468656168438642	0.9795621452856869
0.0473453830417628	0.9902229959618711
0.0477286276569531	0.9928118298808565
0.0494241776133257	0.9961909570956019
0.0519220753316636	0.9982747864360979
0.0525953790723676	0.9992654321710518
0.0576621847104625	0.9997321906302949
0.0602203662821949	0.9998765830551406
0.0650478400226414	0.9999659641279629
0.0682575115023325	0.9999841194974338
0.0748635813789759	0.9999955463837491
0.0770379859996614	0.9999980600536095
0.0841809244921549	0.9999994464705786
0.0873226268924134	0.9999997517350782
0.0940302559807124	0.9999999287803593
0.0971083048295211	0.9999999676575358
0.1039774624680937	0.9999999904979416
0.1068567318303728	0.9999999956280288
0.1133652256355161	0.9999999986901150
0.1158984752528080	0.9999999993964152
0.1224646235118580	0.9999999998177703
0.1250839589315770	0.9999999999161837
0.1317176032076732	0.9999999999746230
0.1344417816550376	0.9999999999883363
0.1410274068884340	0.9999999999964579
0.1436822895967857	0.9999999999983706
0.1501745967708453	0.9999999999995030
0.1526115809658032	0.9999999999997711
0.1590340357743788	0.9999999999999297
0.1611811209144439	0.9999999999999677
0.1676017038103749	0.9999999999999899
0.1695498193267724	0.9999999999999954
0.1759968329304955	0.9999999999999984
0.1782169821842268	0.9999999999999992
0.1814860562279949	1.0000000000000000
0.1820241166889149	1.0000640571633728
0.1820241166889496	1.0000690004421804
0.1978570931609364	1.0000719931089463
0.2003335036650090	1.0000725054493391
0.2130081722229805	1.0000726682289982
0.2142059089433949	1.0000727045692153
0.2243834829449858	1.0000727116085932
0.2260564201114479	1.0000727139496555
0.2333512584617075	1.0000727144898485
0.2364062973869304	1.0000727146808706
0.3034011802241252	0.9604698351938399
0.3034011802241252	0.9898719730058962
0.3037148143009447	1.0003063349558949
0.3042864968361976	1.0012227549519523
0.3071901504596186	1.0002299779062143
0.3211943331155171	1.0000686729268795
0.3327917996450984	1.0000364440878668
0.3571808138502219	1.0000346519494443
0.3782105201218608	1.0000345543186919
0.4005421128939888	1.0000345490039657
0.4224172912818075	1.0000345487146300
0.4235323486424908	0.9853770532929106
0.4235323486506622	0.9939626833085752
0.4236580260150965	0.9993259868506372
0.4266282944794144	0.9980173372441984
0.4307508565315669	0.9995966084440021
0.4308199032722971	0.9998010698955537
0.4436429002094164	0.9998949671342596
0.4669569201227826	0.9999086583409690
0.4744713011345580	0.9999811119416769
0.4750050869700356	0.9999904736866835
0.4840286635681358	0.9999938318468208
0.4901766124827566	0.9999968923597692
0.4938813049757131	0.9999993357165609
0.4974114420367526	0.9999996515330353
0.5025133496850307	1.0000001514326282
0.5178547868016268	1.0000002243991586
0.5186512861483742	1.0000002801913981
0.5356630781073778	1.0000002989859427
0.5375428142497530	1.0000003098731061
0.5520651192399139	1.0000003103690236
0.5523101023301188	1.0000003118403975
0.5532920510263296	1.0000322113012856
0.5532921810160167	1.0000363337825491
0.5750872127642587	1.0000370247713217
0.5751057546339848	1.0000376466058758
0.5758218101260045	1.0000377269774037
0.6040087565072790	1.0000377655194419
0.6043251348791151	1.0000377705009929
0.6280678346697199	1.0000380822226427
0.6330597461028177	1.0000381276056887
0.8493054793693249	0.9604366247517747
0.8493054793694249	0.9852188077780016
0.8494657510589606	0.9950709958557833
0.8502123983823785	0.9999795305452148
0.9934562259907237	1.0000052731663358
1.0217726430839542	1.0000056740787779
1.0649849924642250	1.0000056826844783
1.0661055414246388	1.0000057337177484
1.0877268334645920	1.0000057385371184
1.1025071796212729	1.0000057389771408
1.1076532560325612	1.0000494319382138
1.2424461013399368	1.0014300963841773
1.2450841727865838	1.0001214397159788
1.2667078828716662	1.0000280565652222
1.2754085428168447	1.0000192615289432
1.2843373140922603	1.0000183629872579
1.2935020470542586	1.0000182562769380
1.3043341194688018	1.0000182418111268
1.3182494726366998	1.0000182378218101
1.3395277699171915	1.0000182367902810
1.3647886736250818	1.0000182366898374
1.3701433538973351	0.9853970363273820
1.3703373341611047	0.9978637728647605
1.3710668821118350	0.9995142979291392
1.3917625379508469	0.9999354835833091
1.4172641368930659	0.9999788976723913
1.4412261083890616	0.9999981843810790
1.4485505909323702	1.0000005352775188
1.4620716294070124	1.0000018215140039
1.4672482326318756	1.0000019875540511
1.4801626779223516	1.0000020760815467
1.4854499980550540	1.0000020875234816
1.4984337872752200	1.0000020936085126
1.5037330582481225	1.0000020943950474
1.5120600895265790	0.9999591237033122
1.5479780644909027	0.9999884338025637
1.5494540380210298	0.9999966905646939
1.5625256926605684	0.9999985458221073
1.6062881861284697	0.9999985767279819
1.6499531945372241	0.9999985772439504
1.6935596671918096	0.9999985772525714
1.7037486606850789	1.0000000573785897
1.7230845236949155	1.0000002486976325
1.7448880011135277	1.0000002734267450
1.7666923915541601	1.0000002766231302
1.7884967384923045	1.0000002770362841
1.8103008691994913	1.0000002770896863
1.8321041662078452	1.0000002770965895
1.8539024180661419	1.0000002770974816
1.8756887183415658	1.0000002770975971
1.8974467854565444	1.0000002770976122
1.9212661374149340	1.0000002770976140
1.9350593416523791	1.0000002770976142
1.9578502261147934	1.0000004610766513
1.9578502261246680	1.0000004848576489
1.9731431696554020	1.0000004987426339
1.9779699019881098	1.0000005005373984
1.9859184454186869	1.0000005017192073
1.9901983156825285	1.0000005018719669
1.9989157242562701	1.0000005019768223
2.0030214313315495	1.0000005019903759
2.0125869402771155	1.0000005019997940
2.0166422965425652	1.0000005020010112
2.0266680738872553	1.0000005020018576
2.0307210058048488	1.0000005020019671
2.0397922321778355	1.0000005020020457
2.0437571700262569	1.0000005020020561
2.0543659152086819	1.0000005020020630
2.0574051320718625	1.0000005020020639
2.0641817714457558	1.0000005020020648
2.0679968388108998	1.0000918349591801
2.0679968388109442	1.0001036337364078
2.1617832205804604	0.9605015512224392
2.1617832205804604	0.9899046599333302
2.1620986851126576	1.0002707056313378
2.1738276897627613	0.9999986066969441
2.3517437133706798	0.9886067248704898
2.3519078114231604	0.9984133089701777
2.3529405278721902	0.9996365793361696
2.3667845130565319	0.9999416742840753
2.3795982293476676	0.9999803678993731
2.3949289700099152	0.9999967830511070
2.4025733035717467	0.9999991778762253
2.4235683779453723	0.9999998352514030
2.4339688666407486	0.9999999202206293
2.4491010042101120	0.9999999559981150
2.4566585847680606	0.9999999606226926
2.4618177499092693	1.0000002276557385
2.4618665562730278	1.0000002621722566
2.4764149985794353	1.0000002931143950
2.4800195374723057	1.0000002971139579
2.4909996795316065	1.0000003002171252
2.4951014395058175	1.0000003006182390
2.5050951965306050	1.0000003009210230
2.5093111602261708	1.0000003009601606
2.5183051904992575	1.0000003009900309
2.5224749671484084	1.0000003009938923
2.5312356519484362	1.0000003009968572
2.5353784341954180	1.0000003009972407
2.5440991394966939	1.0000003009975358
2.5482369316710933	1.0000003009975740
2.5569110257877909	1.0000003009976037
2.5611151501279430	1.0000003009976075
2.5707679471929210	1.0000003009976104
2.5736921450731631	1.0000003009976104
2.5793650608853471	1.0100003040075864
2.5797963385657456	1.0016143563103923
2.5815225537458355	1.0005487591780267
2.5989785807767189	1.0001004265923552
2.6059243346873244	1.0000416610076610
2.6121278614118677	1.0000111987424758
2.6161078682062620	1.0000072584138540
2.6280655905112797	1.0000051561324452
2.6328829998428702	1.0000048843819420
2.6433886083458993	1.0000047399513989
2.6479743302596859	1.0000047212824879
2.6516015284860326	0.9999944132761527
2.6516053474721031	0.9999930807931213
2.6731064875908976	0.9999927117046583
2.6846111077227364	0.9999926639947256
2.6990318549482013	0.9998854019563157
2.6990324786876791	0.9999526167667793
2.7209739112341755	0.9998591921818629
2.7211300368367999	0.9999509220610021
2.9461643746078794	0.9999903737159856
3.3593649726949297	0.9999928562838762
3.3930700693308684	0.9999979295293697
3.3967037182155990	0.9999987338926618
3.4144910546245613	0.9999988378018509
3.4267705075056378	0.9999988703316034
3.4357789701087844	0.9999988745351968
3.4577337321711452	0.9999988758317817
3.4668705992451758	0.9999988759993776
3.4804011750895625	0.9999988760710132
3.5310157832117768	0.9999988760725170
3.5654176641310098	0.9999988760725703
3.5950837451348940	0.9999988760725725
3.5971944483254763	0.9999988760725727
3.6361585108391021	1.0020973239907816
3.6411820081239079	1.0003878742456964
3.6513077855218832	1.0001677839411192
3.6615080210519291	1.0000370161046142
3.6636253497486702	1.0000201015867178
3.6676011708423761	1.0000003114460694
3.6697055022848577	0.9999977439296368
3.6908244654821050	0.9999964067777135
3.6955886822930801	0.9999962338206064
3.7197582748371500	0.9999961862572100
3.7273121759407468	0.9999961801080328
3.7470818928654945	0.9999961784163968
3.7530748259940800	0.9999961781977316
3.7753220869801321	0.9999961781375476
3.7821919583481645	0.9999961781297679
3.8030483541414197	0.9999961781276269
3.8094285514601425	0.9999961781273498
3.9216855198450040	0.9999878950475949
3.9885619888045771	0.9999977927130540
4.0061920711543140	0.9999967669507184
4.1585288005686412	0.9999957931731464
6.6869550272988256	0.9999990960250048
