0.0000000000000000	0.0000000000000000
0.0314457964987204	0.0000300000000000
0.0316816243453608	0.0000119045866365
0.0325411298579472	0.0000177676606480
0.0328204972552865	0.0000216223018777
0.0330921953689173	0.0000320794286793
0.0332074896226391	0.0000355548473381
0.0334514325964995	0.0000255319351314
0.0340009505835023	0.0000417028281623
0.0341737172012927	0.0000357816581023
0.0345704564149795	0.0000429878550185
0.0349532298047073	0.0000529878550185
0.0349555844330967	0.0000498896168755
0.0352166306786453	0.0000598896168755
0.0355676700300809	0.0000698896168755
0.0358342945350138	0.0000798896168755
0.0360756963636727	0.0000908630100874
0.0363031865349345	0.0001008630100874
0.0364822285025533	0.0001108630100874
0.0366529798218380	0.0001208630100874
0.0368041360641235	0.0001308630100874
0.0369492275050247	0.0001408630100874
0.0370799130243197	0.0001508630100874
0.0372058073232615	0.0001608630100874
0.0373199585225645	0.0001708630100874
0.0374310899362878	0.0001808630100874
0.0375318933617766	0.0001908630100874
0.0376298516171380	0.0002008630100874
0.0377237821098029	0.0002108630100874
0.0378122671166827	0.0002208630100874
0.0378965697016276	0.0002308630100874
0.0379773824597482	0.0002408630100874
0.0380542472243123	0.0002508630100874
0.0381286578037554	0.0002608630100874
0.0381992710603351	0.0002708630100874
0.0382681520174596	0.0002808630100874
0.0383333851400617	0.0002908630100874
0.0383975912418582	0.0003008630100874
0.0384583689441704	0.0003108630100874
0.0385185030456797	0.0003208630100874
0.0385754064584298	0.0003308630100874
0.0386319427764680	0.0003408630100874
0.0386854378708140	0.0003508630100874
0.0387387562047841	0.0003608630100874
0.0387893273771962	0.0003708630100874
0.0388396350202310	0.0003808630100874
0.0388876413351095	0.0003908630100874
0.0389353068518084	0.0004008630100874
0.0389809961870703	0.0004108630100874
0.0390262402204367	0.0004208630100874
0.0390698103072348	0.0004308630100874
0.0391128741404776	0.0004408630100874
0.0391544638915341	0.0004508630100874
0.0391955549433054	0.0004608630100874
0.0392354029047686	0.0004708630100874
0.0392747060632531	0.0004808630100874
0.0393129458064587	0.0004908630100874
0.0393506006408200	0.0005008630100874
0.0393873614551135	0.0005108630100874
0.0394235169205536	0.0005208630100874
0.0394589036599578	0.0005308630100874
0.0394936503036987	0.0005408630100874
0.0395277581836808	0.0005508630100874
0.0395611993502623	0.0005608630100874
0.0395940245150627	0.0005708630100874
0.0396262033919186	0.0005808630100874
0.0396579810398959	0.0005908630100874
0.0396891188525079	0.0006008630100874
0.0397197636280462	0.0006108630100874
0.0397497975919907	0.0006208630100874
0.0397796005648218	0.0006308630100874
0.0398085738979395	0.0006408630100874
0.0398374608886989	0.0006508630100874
0.0398655507051151	0.0006608630100874
0.0398935552253894	0.0006708630100874
0.0399207991027190	0.0006808630100874
0.0399479989858524	0.0006908630100874
0.0399744316646594	0.0007008630100874
0.0400008872982668	0.0007108630100874
0.0400265340441794	0.0007208630100874
0.0400522297067233	0.0007308630100874
0.0400772365062070	0.0007408630100874
0.0401021400110858	0.0007508630100874
0.0401265942918606	0.0007608630100874
0.0401507987054874	0.0007708630100874
0.0401745584663378	0.0007808630100874
0.0401982093406988	0.0007908630100874
0.0402214054188332	0.0008008630100874
0.0402443703913075	0.0008108630100874
0.0402670127820009	0.0008208630100874
0.0402894733960646	0.0008308630100874
0.0403116084035352	0.0008408630100874
0.0403334431500406	0.0008508630100874
0.0403550331297923	0.0008608630100874
0.0403763878986194	0.0008708630100874
0.0403975366312195	0.0008808630100874
0.0404184289906727	0.0008908630100874
0.0404391136991583	0.0009008630100874
0.0404594571287314	0.0009108630100874
0.0404796620197008	0.0009208630100874
0.0404995780853595	0.0009308630100874
0.0405193769036547	0.0009408630100874
0.0405388650973615	0.0009508630100874
0.0405582670522436	0.0009608630100874
0.0405773463732074	0.0009708630100874
0.0405963620000371	0.0009808630100874
0.0406150392123736	0.0009908630100874
0.0406336806728924	0.0010008630100874
0.0406519756685314	0.0010108716401883
0.0406702535354800	0.0010209803565902
0.0406883954735112	0.0010311901601561
0.0407066654045006	0.0010415020617577
0.0407248353759931	0.0010519170823752
0.0407430901992122	0.0010624362531990
0.0407612935886061	0.0010730606157310
0.0407795310937165	0.0010837912218883
0.0407977730003907	0.0010946291341072
0.0408159888515020	0.0011055754254482
0.0408342741943449	0.0011166311797027
0.0408524659503021	0.0011277974914998
0.0408707543948165	0.0011390754664147
0.0408889659075297	0.0011504662210789
0.0409072214290494	0.0011619708832897
0.0409254913379719	0.0011735905921226
0.0409437146006516	0.0011853264980438
0.0409620116170727	0.0011971797630243
0.0409802359765509	0.0012091515606545
0.0409984959723383	0.0012212430762610
0.0410167920868818	0.0012334555070236
0.0410350136632716	0.0012457900620939
0.0410532951763552	0.0012582479627148
0.0410715719146453	0.0012708304423420
0.0410898120152634	0.0012835387467654
0.0411081028153919	0.0012963741342330
0.0411263762657560	0.0013093378755754
0.0411446247234791	0.0013224312543311
0.0411629161010263	0.0013356555668744
0.0411812015062457	0.0013490121225432
0.0411994504687219	0.0013625022437686
0.0412177358899343	0.0013761272662063
0.0412360476216906	0.0013898885388684
0.0412542919345936	0.0014037874242571
0.0412725669709131	0.0014178252984996
0.0412908655073796	0.0014320035514846
0.0413091547511669	0.0014463235869995
0.0413274170760662	0.0014607868228695
0.0413456994067961	0.0014753946910982
0.0413640014260556	0.0014901486380091
0.0413822965198942	0.0015050501243892
0.0414005626987289	0.0015201006256331
0.0414188456277670	0.0015353016318895
0.0414371413813690	0.0015506546482083
0.0414554492088955	0.0015661611946904
0.0414737344045915	0.0015818228066373
0.0414920116159811	0.0015976410347037
0.0415102993560608	0.0016136174450507
0.0415285953261713	0.0016297536195013
0.0415468984852246	0.0016460511556963
0.0415652072352121	0.0016625116672532
0.0415834955031261	0.0016791367839258
0.0416017814547724	0.0016959281517650
0.0416200730381567	0.0017128874332827
0.0416383690044962	0.0017300163076155
0.0416566688569451	0.0017473164706916
0.0416749712852000	0.0017647896353986
0.0416932762465784	0.0017824375317525
0.0417115823596454	0.0018002619070701
0.0417298900064249	0.0018182645261408
0.0417481977389614	0.0018364471714022
0.0417664958390685	0.0018548116431162
0.0417847962769631	0.0018733597595474
0.0418030980012047	0.0018920933571428
0.0418214020104098	0.0019110142907143
0.0418397068077917	0.0019301244336214
0.0418580136717278	0.0019494256779576
0.0418763209052644	0.0019689199347372
0.0418946286978684	0.0019886091340846
0.0419129357569960	0.0020084952254254
0.0419312433707559	0.0020285801776797
0.0419495505719636	0.0020488659794565
0.0419678582247498	0.0020693546392510
0.0419861658238580	0.0020900481856435
0.0420044737622189	0.0021109486675000
0.0420227820391603	0.0021320581541750
0.0420410904549255	0.0021533787357167
0.0420593996374766	0.0021749125230739
0.0420777087733025	0.0021966616483046
0.0420960187423652	0.0022186282647877
0.0421143288111349	0.0022408145474356
0.0421326394488320	0.0022632226929099
0.0421509507401122	0.0022858549198390
0.0421692622640930	0.0023087134690374
0.0421875747458626	0.0023318006037278
0.0422058874585271	0.0023551186097651
0.0422242007472087	0.0023786697958627
0.0422425149354126	0.0024024564938213
0.0422608293582730	0.0024264810587596
0.0422791445304819	0.0024507458693472
0.0422974603977939	0.0024752533280406
0.0423157766457107	0.0025000058613210
0.0423340937029968	0.0025250059199342
0.0423524114030782	0.0025502559791336
0.0423707295338216	0.0025757585389249
0.0423890484557397	0.0026015161243142
0.0424073681133804	0.0026275312855573
0.0424256881821501	0.0026538065984129
0.0424440089690785	0.0026803446643970
0.0424623307204872	0.0027071481110410
0.0424806528146784	0.0027342195921514
0.0424989755175246	0.0027615617880729
0.0425172990636576	0.0027891774059536
0.0425356233480138	0.0028170691800132
0.0425539481079126	0.0028452398718133
0.0425722735476225	0.0028736922705314
0.0425905998307964	0.0029024291932367
0.0426089268936805	0.0029314534851691
0.0426272544671962	0.0029607680200208
0.0426455827021442	0.0029903757002210
0.0426639117213363	0.0030202794572232
0.0426822416257741	0.0030504822517954
0.0427005722056860	0.0030809870743134
0.0427189033843424	0.0031117969450565
0.0427372352617222	0.0031429149145071
0.0427555679114519	0.0031743440636522
0.0427739013991595	0.0032060875042887
0.0427922357650400	0.0032381483793316
0.0428105708248465	0.0032705298631249
0.0428289065556145	0.0033032351617561
0.0428472430046865	0.0033362675133737
0.0428655802213309	0.0033696301885074
0.0428839182303762	0.0034033264903925
0.0429022570639254	0.0034373597552964
0.0429205967309306	0.0034717333528494
0.0429389372513128	0.0035064506863779
0.0429572786220522	0.0035415151932417
0.0429756208537605	0.0035769303451741
0.0429939638591821	0.0036126996486258
0.0430123076450698	0.0036488266451121
0.0430306522358889	0.0036853149115632
0.0430489976415646	0.0037221680606788
0.0430673438809204	0.0037593897412856
0.0430856909609847	0.0037969836386985
0.0431040388930350	0.0038349534750855
0.0431223876708373	0.0038733030098363
0.0431407372951010	0.0039120360399347
0.0431590877625708	0.0039511564003340
0.0431774390735354	0.0039906679643374
0.0431957912282547	0.0040305746439807
0.0432141442269183	0.0040708803904206
0.0432324980279379	0.0041115891943248
0.0432508523430117	0.0041527050862680
0.0432692075024870	0.0041942321371307
0.0432875635131328	0.0042361744585020
0.0433059203767663	0.0042785362030870
0.0433242780980354	0.0043213215651179
0.0433426366841378	0.0043645347807690
0.0433609961369638	0.0044081801285767
0.0433793564658336	0.0044522619298625
0.0433977176738846	0.0044967845491611
0.0434160797674052	0.0045417523946527
0.0434344427562066	0.0045871699185993
0.0434528066436707	0.0046330416177853
0.0434711714389820	0.0046793720339631
0.0434895371504707	0.0047261657543027
0.0435079037842676	0.0047734274118458
0.0435262713513856	0.0048211616859642
0.0435446398602711	0.0048693733028239
0.0435630093188866	0.0049180670358521
0.0435813797393655	0.0049672477062106
0.0435997511317586	0.0050169201832727
0.0436181235050188	0.0050670893851054
0.0436364968715753	0.0051177602789565
0.0436548712440338	0.0051689378817461
0.0436732466313613	0.0052206272605635
0.0436916230455183	0.0052728335331692
0.0437100005007678	0.0053255618685009
0.0437283790075793	0.0053788174871859
0.0437467585770927	0.0054326056620577
0.0437651392225393	0.0054869317186783
0.0437835209589797	0.0055418010358651
0.0438019037968985	0.0055972190462237
0.0438202877467183	0.0056531912366860
0.0438386728196973	0.0057097231490528
0.0438570590275699	0.0057668203805433
0.0438754463738120	0.0058244885843488
0.0438938347162547	0.0058827334701923
0.0439122239593906	0.0059415608048942
0.0439306141140617	0.0060009764129431
0.0439490051921548	0.0060609861770726
0.0439673972064809	0.0061215960388433
0.0439857901676061	0.0061828119992317
0.0440041840872929	0.0062446401192240
0.0440225789784607	0.0063070865204163
0.0440409748548311	0.0063701573856204
0.0440593717309235	0.0064338589594766
0.0440777696218044	0.0064981975490714
0.0440961685431067	0.0065631795245621
0.0441145685101512	0.0066288113198077
0.0441329695378706	0.0066950994330058
0.0441513716419853	0.0067620504273359
0.0441697748388892	0.0068296709316092
0.0441881791456566	0.0068979676409253
0.0442065845799804	0.0069669473173346
0.0442249911601811	0.0070366167905079
0.0442433989051901	0.0071069829584130
0.0442618078345565	0.0071780527879971
0.0442802179683668	0.0072498333158771
0.0442986293271486	0.0073223316490358
0.0443170419318067	0.0073955549655262
0.0443354558035388	0.0074695105151814
0.0443538709638816	0.0075442056203333
0.0443722874331701	0.0076196476765366
0.0443907052306402	0.0076958441533020
0.0444091226138817	0.0077728025948350
0.0444275386359268	0.0078505306207833
0.0444459561154464	0.0079290359269912
0.0444643750632709	0.0080083262862611
0.0444827954904293	0.0080884095491237
0.0445012174083433	0.0081692936446149
0.0445196408289841	0.0082509865810610
0.0445380657638365	0.0083334964468717
0.0445564922237503	0.0084168314113404
0.0445749202228790	0.0085009997254538
0.0445933497760481	0.0085860097227083
0.0446117808987403	0.0086718698199354
0.0446302136071796	0.0087585885181347
0.0446486479182985	0.0088461744033161
0.0446670838498167	0.0089346361473492
0.0446855214203135	0.0090239825088227
0.0447039606492036	0.0091142223339110
0.0447224015568384	0.0092053645572501
0.0447408441645662	0.0092974182028226
0.0447592884947454	0.0093903923848508
0.0447777345556507	0.0094842963086993
0.0447961823432050	0.0095791392717863
0.0448146318561171	0.0096749306645042
0.0448330830948811	0.0097716799711492
0.0448515360618016	0.0098693967708607
0.0448699907609381	0.0099680907385693
0.0448884471981548	0.0100677716459550
0.0449069053811716	0.0101684493624145
0.0449253653195776	0.0102701338560387
0.0449438270248633	0.0103728351945990
0.0449622905104823	0.0104765635465450
0.0449807557919043	0.0105813291820105
0.0449992228866116	0.0106871424738306
0.0450176918139446	0.0107940138985689
0.0450361625950088	0.0109019540375546
0.0450546352526156	0.0110109735779301
0.0450731098112387	0.0111210833137094
0.0450915862969653	0.0112322941468465
0.0451100647375022	0.0113446170883150
0.0451285451621931	0.0114580632591981
0.0451470276012521	0.0115726438917901
0.0451655120839653	0.0116883703307080
0.0451839986391255	0.0118052540340151
0.0452024872953648	0.0119233065743553
0.0452209780813495	0.0120425396400988
0.0452394710259758	0.0121629650364998
0.0452579661585629	0.0122845946868648
0.0452764635090506	0.0124074406337335
0.0452949631081973	0.0125315150400708
0.0453134645243892	0.0126568301904715
0.0453319677438836	0.0127833984923763
0.0453504728329722	0.0129112324773000
0.0453689798568212	0.0130403448020730
0.0453874888659419	0.0131707482500938
0.0454059998832133	0.0133024557325947
0.0454245129355052	0.0134354802899207
0.0454430280533908	0.0135698350928199
0.0454615452709264	0.0137055334437482
0.0454800646230667	0.0138425887781856
0.0454985861450195	0.0139810146659675
0.0455171098726113	0.0141208248126271
0.0455356358426303	0.0142620330607534
0.0455541640931534	0.0144046533913609
0.0455726946637120	0.0145486999252745
0.0455912275953417	0.0146941869245273
0.0456097629306548	0.0148411287937725
0.0456283007139358	0.0149895400817102
0.0456468409912620	0.0151394354825273
0.0456653838106455	0.0152908298373525
0.0456839292221887	0.0154437381357261
0.0457024772782380	0.0155981755170833
0.0457210280321323	0.0157541572722542
0.0457395815357866	0.0159116988449768
0.0457581378402025	0.0160708158334265
0.0457766969959693	0.0162315239917608
0.0457952590537582	0.0163938392316784
0.0458138240647856	0.0165577776239951
0.0458323920812526	0.0167233554002351
0.0458509631050975	0.0168905889542374
0.0458695371438607	0.0170594948437798
0.0458881142120437	0.0172300897922177
0.0459066943307108	0.0174023906901399
0.0459252775271741	0.0175764145970413
0.0459438638347439	0.0177521787430117
0.0459624532909467	0.0179297005304418
0.0459810459348039	0.0181089975357462
0.0459996418074020	0.0182900875111037
0.0460182409523088	0.0184729883862147
0.0460368434157324	0.0186577182700769
0.0460554492467093	0.0188442954527776
0.0460740584973231	0.0190327384073054
0.0460926712229516	0.0192230657913785
0.0461112868578101	0.0194152964492923
0.0461299052936926	0.0196094494137852
0.0461485266447754	0.0198055439079230
0.0461671510250841	0.0200035993470022
0.0461857785454518	0.0202036353404722
0.0462044017635806	0.0204056716938770
0.0462230244330712	0.0206097284108157
0.0462416506668220	0.0208158256949239
0.0462602804879979	0.0210239839518731
0.0462789139264596	0.0212342237913918
0.0462975510188951	0.0214465660293057
0.0463161918088825	0.0216610316895987
0.0463348363466321	0.0218776420064947
0.0463534846888436	0.0220964184265597
0.0463721368986382	0.0223173826108253
0.0463907930455139	0.0225405564369336
0.0464094531996128	0.0227659620013029
0.0464281174327181	0.0229936216213159
0.0464467858188853	0.0232235578375290
0.0464654584349043	0.0234557934159042
0.0464841353607772	0.0236903513500633
0.0465028166802166	0.0239272548635639
0.0465215024811695	0.0241665274121996
0.0465401928561783	0.0244081926863216
0.0465588878247527	0.0246522746131848
0.0465775874142447	0.0248987973593166
0.0465962916589592	0.0251477853329098
0.0466150006004799	0.0253992631862389
0.0466337142880362	0.0256532558181014
0.0466524327789077	0.0259097883762824
0.0466711561386873	0.0261688862600452
0.0466898837132401	0.0264305751226456
0.0467086152089808	0.0266948808738721
0.0467273507806137	0.0269618296826108
0.0467460896985605	0.0272314479794369
0.0467648317784467	0.0275037624592312
0.0467835783810820	0.0277788000838236
0.0468023296575834	0.0280565880846618
0.0468210857592081	0.0283371539655084
0.0468398467710581	0.0286205255051634
0.0468586127603183	0.0289067307602151
0.0468773838064001	0.0291957980678173
0.0468961600009460	0.0294877560484954
0.0469149414442855	0.0297826336089804
0.0469337282411096	0.0300804599450702
0.0469525205013043	0.0303812645445210
0.0469713183408232	0.0306850771899662
0.0469901218825555	0.0309919279618659
0.0470089312570010	0.0313018472414845
0.0470277466024843	0.0316148657138993
0.0470465680629245	0.0319310143710383
0.0470653957533600	0.0322503245147487
0.0470842297193946	0.0325728277598962
0.0471030700205669	0.0328985560374952
0.0471219000642881	0.0332275415978702
0.0471407330691314	0.0335598170138489
0.0471595715650634	0.0338954151839874
0.0471784157074669	0.0342343693358272
0.0471972656610423	0.0345767130291856
0.0472161216003405	0.0349224801594774
0.0472349837035295	0.0352717049610722
0.0472538521511151	0.0356244220106828
0.0472727271273193	0.0359806662307896
0.0472916088213882	0.0363404728930975
0.0473104974081334	0.0367038776220285
0.0473293929649800	0.0370709163982487
0.0473482955911979	0.0374416255622312
0.0473672054024532	0.0378160418178535
0.0473861225253015	0.0381942022360321
0.0474050470982124	0.0385761442583924
0.0474239792726381	0.0389619057009764
0.0474429192141537	0.0393515247579861
0.0474618671026422	0.0397450400055659
0.0474808231268118	0.0401424904056216
0.0474997862968304	0.0405439153096778
0.0475187561955627	0.0409493544627745
0.0475377330010158	0.0413588480074023
0.0475567169053417	0.0417724364874763
0.0475757081159405	0.0421901608523511
0.0475947068558254	0.0426120624608747
0.0476137133642105	0.0430381830854834
0.0476327278854526	0.0434685649163382
0.0476517506708354	0.0439032505655016
0.0476707819805334	0.0443422830711566
0.0476898220851909	0.0447857059018682
0.0477088711097131	0.0452335629608868
0.0477279292051078	0.0456858985904957
0.0477469734453886	0.0461427575764007
0.0477660225620686	0.0466041851521647
0.0477850816898129	0.0470702270036863
0.0478041509985783	0.0475409292737231
0.0478232293024382	0.0480163385664604
0.0478423160572930	0.0484965019521250
0.0478614116219365	0.0489814669716463
0.0478805163608514	0.0494712816413627
0.0478996305404653	0.0499659944577764
0.0479187543655394	0.0504656544023542
0.0479378872805846	0.0509703109463778
0.0479570269758834	0.0514800140558416
0.0479761770339121	0.0519948141964000
0.0479953377347427	0.0525147623383640
0.0480145093875781	0.0530399099617478
0.0480336923200732	0.0535703090613653
0.0480528867282784	0.0541060121519789
0.0480720927963041	0.0546470722734988
0.0480913086290122	0.0551935429962337
0.0481105342303426	0.0557454784261960
0.0481297700019527	0.0563029332104580
0.0481490163591698	0.0568659625425625
0.0481682737346336	0.0574346221679882
0.0481875425803432	0.0580089683896680
0.0482068232450814	0.0585890580735647
0.0482260807739932	0.0591749486543003
0.0482453503356853	0.0597666981408433
0.0482646330280067	0.0603643651222517
0.0482839291394179	0.0609680087734741
0.0483032389960057	0.0615776888612087
0.0483225629579451	0.0621934657498209
0.0483418992191908	0.0628154004073191
0.0483612474654323	0.0634435544113923
0.0483806081185194	0.0640779899555062
0.0483999815612078	0.0647187698550614
0.0484193682155304	0.0653659575536120
0.0484387685424374	0.0660196171291480
0.0484581830229356	0.0666798133004395
0.0484776121634211	0.0673466114334439
0.0484970564095895	0.0680200775477783
0.0485165160699633	0.0687002783232561
0.0485359915116278	0.0693872811064886
0.0485554804373030	0.0700811539175533
0.0485749828139003	0.0707819654567288
0.0485944971500447	0.0714897851112961
0.0486139842931536	0.0722046829624091
0.0486334871850185	0.0729267297920333
0.0486530063747828	0.0736559970899536
0.0486725404851774	0.0743925570608532
0.0486920871464373	0.0751364826314617
0.0487116513408164	0.0758878474577764
0.0487312336135209	0.0766467259323542
0.0487508344673239	0.0774131931916778
0.0487704507011003	0.0781873251235945
0.0487900830016408	0.0789691983748304
0.0488097319665418	0.0797588903585786
0.0488293982465672	0.0805564792621645
0.0488490825484869	0.0813620440547861
0.0488687856138145	0.0821756644953340
0.0488885081629538	0.0829974211402873
0.0489082506796090	0.0838273953516900
0.0489279885629748	0.0846656693052068
0.0489477174992286	0.0855123259982590
0.0489674645778205	0.0863674492582416
0.0489872305512592	0.0872311237508241
0.0490070162968160	0.0881034349883325
0.0490268227342096	0.0889844693382157
0.0490466504508672	0.0898743140315977
0.0490665001264484	0.0907730571719136
0.0490863725044510	0.0916807877436326
0.0491062683927276	0.0925975956210688
0.0491261850588298	0.0935235715772795
0.0491461223058827	0.0944588072930522
0.0491660809639484	0.0954033953659827
0.0491860619205352	0.0963574293196424
0.0492060612317466	0.0973210036128389
0.0492260165648722	0.0982942136489673
0.0492459974780604	0.0992771557854571
0.0492660048426261	0.1002699273433116
0.0492860390976633	0.1012726266167447
0.0493060960607900	0.1022853528829122
0.0493261768430481	0.1033082064117414
0.0493462826313050	0.1043412884758589
0.0493664146950176	0.1053847013606174
0.0493865739736959	0.1064385483742235
0.0494067614126596	0.1075029338579655
0.0494269780639356	0.1085779631965453
0.0494472198912776	0.1096637428285108
0.0494674513510976	0.1107603802567960
0.0494876744446097	0.1118679840593641
0.0495079264541033	0.1129866638999579
0.0495282084414536	0.1141165305389574
0.0495485215892217	0.1152576958443470
0.0495688672089937	0.1164102728027904
0.0495892451780471	0.1175743755308183
0.0496096517573713	0.1187501192861266
0.0496300863511522	0.1199376204789877
0.0496505425892430	0.1211369966837775
0.0496710317319556	0.1223483666506153
0.0496915298249357	0.1235718503171215
0.0497120031437167	0.1248075688202930
0.0497325140194392	0.1260556445084961
0.0497530576036488	0.1273162009535810
0.0497736346856220	0.1285893629631167
0.0497942471173377	0.1298752565927480
0.0498148966860432	0.1311740091586752
0.0498355847998610	0.1324857492502620
0.0498563130468421	0.1338106067427645
0.0498770760944588	0.1351487128101921
0.0498978588169781	0.1365001999382939
0.0499186019973349	0.1378652019376768
0.0499393855823122	0.1392438539570536
0.0499602112296613	0.1406362924966239
0.0499810800626787	0.1420426554215903
0.0500019783290660	0.1434630819758064
0.0500229159640198	0.1448977127955643
0.0500438950973668	0.1463466899235201
0.0500649178467263	0.1478101568227554
0.0500859865407242	0.1492882583909828
0.0501069953332152	0.1507811409748928
0.0501280526977259	0.1522889523846418
0.0501491543177844	0.1538118419084883
0.0501703017661344	0.1553499603275732
0.0501914975537433	0.1569034599308490
0.0502127444340634	0.1584724945301575
0.0502340446772409	0.1600572194754590
0.0502553929642545	0.1616577916702136
0.0502767313855598	0.1632743695869157
0.0502980485476221	0.1649071132827850
0.0503194154579968	0.1665561844156128
0.0503408392702870	0.1682217462597690
0.0503623224279317	0.1699039637223666
0.0503838582242244	0.1716030033595906
0.0504054487136689	0.1733190333931864
0.0504270975178614	0.1750522237271186
0.0504487169577060	0.1768027459643900
0.0504703555242023	0.1785707734240339
0.0504920589435975	0.1803564811582739
0.0505138208683675	0.1821600459698565
0.0505356453590851	0.1839816464295552
0.0505575277881370	0.1858214628938508
0.0505794654777766	0.1876796775227894
0.0506014108491654	0.1895564742980171
0.0506233351139018	0.1914520390409971
0.0506453269118799	0.1933665594314073
0.0506673900844874	0.1953002250257213
0.0506895284968029	0.1972532272759785
0.0507117413038796	0.1992257595487381
0.0507340242477179	0.2012180171442255
0.0507562944552419	0.2032301973156676
0.0507785693348663	0.2052624992888241
0.0508009132693042	0.2073151242817126
0.0508233293136848	0.2093882755245297
0.0508458220620866	0.2114821582797750
0.0508683964672482	0.2135969798625729
0.0508910315021456	0.2157329496611988
0.0509136027977079	0.2178902791578110
0.0509362674153252	0.2200691819493890
0.0509590170528342	0.2222698737688829
0.0509818572753227	0.2244925725065718
0.0510047937238256	0.2267374982316374
0.0510277775626276	0.2290048732139535
0.0510506856768707	0.2312949219460934
0.0510736885222528	0.2336078711655543
0.0510967920628194	0.2359439498772102
0.0511200026900483	0.2383033893759826
0.0511433178250078	0.2406864232697422
0.0511666619943384	0.2430932875024397
0.0511899791032763	0.2455242203774642
0.0512133990396929	0.2479794625812390
0.0512369147448670	0.2504592572070517
0.0512605405912361	0.2529638497791221
0.0512842814762738	0.2554934882769134
0.0513079363483527	0.2580484231596825
0.0513316969609301	0.2606289073912792
0.0513555873739456	0.2632351964651918
0.0513795999768401	0.2658675484298439
0.0514037221688765	0.2685262239141427
0.0514277816635979	0.2712114861532842
0.0514519151657233	0.2739236010148171
0.0514761828839206	0.2766628370249649
0.0515005911003442	0.2794294653952148
0.0515251490911749	0.2822237600491668
0.0515496471219179	0.2850459976496586
0.0515742205253773	0.2878964576261556
0.0515989156772756	0.2907754222024169
0.0516237722166908	0.2936831764244409
0.0516487829480806	0.2966200081886856
0.0516736822497255	0.2995862082705721
0.0516987433429574	0.3025820703532779
0.0517239800251681	0.3056078910568107
0.0517493593316664	0.3086639699673791
0.0517747556851277	0.3117506096670533
0.0518001685490887	0.3148681157637241
0.0518257708707379	0.3180167969213616
0.0518515778939195	0.3211969648905752
0.0518775462104654	0.3244089345394812
0.0519033565055810	0.3276530238848763
0.0519293641111600	0.3309295541237254
0.0519555954076599	0.3342388496649624
0.0519820358105258	0.3375812381616125
0.0520083818023536	0.3409570505432282
0.0520348941864728	0.3443666210486603
0.0520615976494064	0.3478102872591467
0.0520885304872653	0.3512883901317381
0.0521153952126271	0.3548012740330558
0.0521424315864169	0.3583492867733862
0.0521697404404700	0.3619327796411203
0.0521972249432234	0.3655521074375314
0.0522246155001958	0.3692076285119063
0.0522522261695948	0.3728997047970250
0.0522801362299720	0.3766287018449954
0.0523082914742769	0.3803949888634454
0.0523362358824953	0.3841989387520799
0.0523644932670034	0.3880409281396007
0.0523930756483414	0.3919213374209968
0.0524217966981347	0.3958405507952065
0.0524504827097495	0.3997989563031587
0.0524794752594170	0.4037969458661902
0.0525088193824263	0.4078349153248518
0.0525381058691118	0.4119132644780998
0.0525676253179351	0.4160323971228811
0.0525974596844379	0.4201927210941095
0.0526275020683083	0.4243946483050502
0.0526575463333207	0.4286385947881003
0.0526879930604051	0.4329249807359817
0.0527187813712033	0.4372542305433417
0.0527494291681338	0.4416267728487749
0.0527804759774089	0.4460430405772626
0.0528119639967571	0.4505034709830356
0.0528434236280067	0.4550085056928657
0.0528751251226122	0.4595585907497940
0.0529073356756679	0.4641541766572921
0.0529396927321745	0.4687957184238647
0.0529721330871171	0.4734836756081037
0.0530051069475032	0.4782185123641850
0.0530384332912566	0.4830006974878267
0.0530716545054475	0.4878307044627052
0.0531054974992186	0.4927090115073328
0.0531398164177693	0.4976361016224058
0.0531739318685963	0.5026124626386296
0.0532087557538328	0.5076385872650162
0.0532440853763447	0.5127149731376665
0.0532792415210587	0.5178421228690432
0.0533151263909230	0.5230205440977338
0.0533515333830671	0.5282507495387107
0.0533878423233795	0.5335332570340974
0.0534249427397068	0.5388685896044387
0.0534625052675143	0.5442572755004834
0.0535001096826528	0.5496998482554878
0.0535386012260093	0.5551968467380425
0.0535773620786205	0.5607488152054231
0.0536164281742185	0.5663563033574776
0.0536565338196237	0.5720198663910524
0.0536965263084550	0.5777400650549629
0.0537372864614512	0.5835174657055127
0.0537791023813710	0.5893526403625682
0.0538205626859345	0.5952461667661941
0.0538633083597021	0.6011986284338557
0.0539065275200248	0.6072106147181939
0.0539501757106828	0.6132827208653756
0.0539951612211685	0.6194155480740298
0.0540399668206031	0.6256097035547700
0.0540861620629037	0.6318658005903177
0.0541330738425714	0.6381844585962210
0.0541803351343156	0.6445663031821831
0.0542291165728747	0.6510119662140045
0.0542782182129742	0.6575220858761446
0.0543284182320235	0.6640973067349055
0.0543801075470324	0.6707382798022545
0.0544318140576093	0.6774456626002768
0.0544858342609701	0.6842201192262795
0.0545398327548578	0.6910623204185422
0.0545957297824404	0.6979729436227280
0.0546528789299922	0.7049526730589553
0.0547111207390279	0.7120021997895449
0.0547715603668702	0.7191222217874405
0.0548321024620770	0.7263134440053145
0.0548955582708211	0.7335765784453677
0.0549600142676312	0.7409123442298216
0.0550264397631665	0.7483214676721202
0.0550953612965481	0.7558046823488417
0.0551656741615078	0.7633627291723298
0.0552398163003879	0.7709963564640531
0.0553136309135585	0.7787063200286936
0.0553929505939178	0.7864933832289802
0.0554726775387314	0.7943583170612700
0.0555569325394217	0.8023019002318831
0.0556448658855685	0.8103249192342020
0.0557352521830460	0.8184281684265443
0.0558316500734186	0.8266124501108099
0.0559303865013935	0.8348785746119181
0.0560377723083487	0.8432273603580375
0.0561445969906021	0.8516596339616176
0.0562650805510614	0.8601762303012339
0.0563867451989020	0.8687779926042460
0.0565218352423054	0.8774657725302883
0.0566616578298435	0.8862404302555910
0.0568129170982028	0.8951028345581467
0.0569795782831810	0.9040538629037279
0.0571326461219203	0.9128335189743229
0.0573354842586405	0.9219618541640661
0.0575652559750012	0.9311814727057068
0.0578280556670580	0.9395792450405235
0.0581004901899962	0.9489750374909287
0.0584088236786330	0.9662577357692458
0.0585508028144214	0.9582348366909754
0.0588350820646633	0.9647717060609037
0.0592039867137532	0.9725185555312532
0.0596682917669270	0.9808768212996714
0.0596992882423193	0.9864688574579058
0.0600632810572547	0.9885909011675946
0.0604221554634342	0.9874009113512808
0.0605732314484129	0.9819845391212437
0.0611269852926162	0.9916600319170337
0.0614120486957419	0.9941196403724835
0.0637495812932680	0.9962175590714836
0.0646660264962745	0.9985495391225792
0.0663834731672211	0.9993589940463979
0.0700006832365590	0.9996986597476807
0.0756390867543147	0.9998393574819756
0.0769464998095215	0.9999407254238896
0.0816570485071421	0.9999780313838423
0.0897663405788260	0.9999929867567912
0.0919733284455911	0.9999971099596083
0.0980416940994402	0.9999991626230226
0.1014460719013963	0.9999996231461202
0.1075086141663455	0.9999998864350435
0.1095223769134292	0.9999999472367458
0.1154105871116447	0.9999999834708115
0.1165228334421661	0.9999999922524139
0.1226378594007053	0.9999999975185847
0.1237217040193665	0.9999999988366332
0.1299760902654418	0.9999999996239582
0.1313195106148801	0.9999999998244492
0.1376898238424046	0.9999999999433146
0.1394735735513488	0.9999999999736996
0.1459574172478734	0.9999999999915634
0.1482071292766485	0.9999999999961051
0.1547159584118993	0.9999999999987601
0.1572668230969353	0.9999999999994292
0.1637352372069127	0.9999999999998194
0.1664130262644049	0.9999999999999172
0.1728535417211205	0.9999999999999735
0.1755866576969009	0.9999999999999878
0.1816124172008684	0.9999999999999961
0.1820241190340443	1.0000000026216911
0.1820241343945557	1.0000000029478386
0.2028263978882711	1.0000000036253101
0.2029011323949669	1.0000000037192147
0.2195321940954492	1.0000000037764263
0.2209412666424161	1.0000000038436352
0.2213264750166251	1.0000000038525627
0.2373587349316212	1.0000000038634880
0.2380344582430255	1.0000000038650803
0.2517452295193200	1.0000000038666472
0.2525640028749153	1.0000000038668873
0.2651325751449571	1.0000000038670933
0.2661166818607724	1.0000000038671260
0.2776601540598843	1.0000000038671519
0.2788468617304729	1.0000000038671562
0.2889908659711815	1.0000000038671597
0.2909930114278940	1.0000000038671599
0.2986259595093447	1.0000000038671599
3.5536308685944618	0.9800000037898168
3.5536308685944618	0.9999985878469029
3.5536308696523089	0.9999984201699365
4.1407559906135747	1.0000002487707935
5.5934003645630721	0.9999997877974660
