0.0000000000000000	0.0000000000000000
0.0253603883210769	0.0000300000000000
0.0255794712417206	0.0000083461042874
0.0271167969490594	0.0000296240581693
0.0271866474754540	0.0000223284187336
0.0274645548929446	0.0000283213462901
0.0277218460569536	0.0000300295752770
0.0278638697295996	0.0000320644802584
0.0282354485603766	0.0000420644802584
0.0287907200638722	0.0000500252291597
0.0291720822158224	0.0000600252291597
0.0294931712055573	0.0000695946411681
0.0297886810649500	0.0000795946411681
0.0300405866406752	0.0000895946411681
0.0302651242452517	0.0001013795864120
0.0304957904265043	0.0001113795864120
0.0306564170210310	0.0001213795864120
0.0308162432714631	0.0001313795864120
0.0309532905841365	0.0001413795864120
0.0310880114484742	0.0001513795864120
0.0312073879415217	0.0001613795864120
0.0313251821827894	0.0001713795864120
0.0314307970429874	0.0001813795864120
0.0315337844694506	0.0001913795864120
0.0316286815083527	0.0002013795864120
0.0317209212065404	0.0002113795864120
0.0318069530289344	0.0002213795864120
0.0318902753898503	0.0002313795864120
0.0319689190350275	0.0002413795864120
0.0320450865551656	0.0002513795864120
0.0321176889823370	0.0002613795864120
0.0321878850349051	0.0002713795864120
0.0322552963944586	0.0002813795864120
0.0323203333626229	0.0002913795864120
0.0323832215722859	0.0003013795864120
0.0324438512473220	0.0003113795864120
0.0325027776118818	0.0003213795864120
0.0325595087056482	0.0003313795864120
0.0326149451259831	0.0003413795864120
0.0326682352641521	0.0003513795864120
0.0327205731157657	0.0003613795864120
0.0327709450690614	0.0003713795864120
0.0328205067907473	0.0003813795864120
0.0328681034180771	0.0003913795864120
0.0329151197196026	0.0004013795864120
0.0329602816304392	0.0004113795864120
0.0330050611817747	0.0004213795864120
0.0330480431505166	0.0004313795864120
0.0330907905881406	0.0004413795864120
0.0331318157954530	0.0004513795864120
0.0331726901271216	0.0004613795864120
0.0332119268933329	0.0004713795864120
0.0332510012027339	0.0004813795864120
0.0332886788590319	0.0004913795864120
0.0333261245206510	0.0005013795864120
0.0333623606450037	0.0005113795864120
0.0333982841230151	0.0005213795864120
0.0334331812151843	0.0005313795864120
0.0334677201728348	0.0005413795864120
0.0335012914250503	0.0005513795864120
0.0335344591748877	0.0005613795864120
0.0335668939575891	0.0005713795864120
0.0335989281310256	0.0005813795864120
0.0336303359158386	0.0005913795864120
0.0336611434948057	0.0006013795864120
0.0336914851232841	0.0006113795864120
0.0337214115112146	0.0006213795864120
0.0337507228888844	0.0006313795864120
0.0337796158065468	0.0006413795864120
0.0338081104705620	0.0006513795864120
0.0338360714520141	0.0006613795864120
0.0338637612468043	0.0006713795864120
0.0338908393480564	0.0006813795864120
0.0339177367425015	0.0006913795864120
0.0339440467602461	0.0007013795864120
0.0339701689668305	0.0007113795864120
0.0339957640276079	0.0007213795864120
0.0340211344169090	0.0007313795864120
0.0340460334887810	0.0007413795864120
0.0340707758306872	0.0007513795864120
0.0340949164116853	0.0007613795864120
0.0341190889241037	0.0007713795864120
0.0341426216206398	0.0007813795864120
0.0341660641186051	0.0007913795864120
0.0341890562411720	0.0008013795864120
0.0342120070466752	0.0008113795864120
0.0342343831528844	0.0008213795864120
0.0342566649684681	0.0008313795864120
0.0342785835532521	0.0008413795864120
0.0343003887254933	0.0008513795864120
0.0343218454829591	0.0008613795864120
0.0343430465332409	0.0008713795864120
0.0343639652068452	0.0008813795864120
0.0343847167439599	0.0008913795864120
0.0344052115379703	0.0009013795864120
0.0344255099145793	0.0009113795864120
0.0344455866015846	0.0009213795864120
0.0344654468339939	0.0009313795864120
0.0344851130186040	0.0009413795864120
0.0345045065092592	0.0009513795864120
0.0345237330943230	0.0009613795864120
0.0345427164759944	0.0009713795864120
0.0345615692588463	0.0009813795864120
0.0345801633266875	0.0009913795864120
0.0345986539122738	0.0010013795864120
0.0346168747996293	0.0010113933822761
0.0346350409919738	0.0010215073160989
0.0346531051086289	0.0010317223892599
0.0346712947176143	0.0010420396131525
0.0346893563433992	0.0010524600092840
0.0347075479374099	0.0010629846093768
0.0347256284429588	0.0010736144554706
0.0347438022322699	0.0010843506000253
0.0347619223791936	0.0010951941060256
0.0347800760133273	0.0011061460470858
0.0347982405392025	0.0011172075075567
0.0348163706001993	0.0011283795826322
0.0348345840567757	0.0011396633784586
0.0348526904124770	0.0011510600122431
0.0348708823733053	0.0011625706123656
0.0348890367273256	0.0011741963184892
0.0349071981295186	0.0011859382816741
0.0349254152603800	0.0011977976644909
0.0349435435776011	0.0012097756411358
0.0349617410146968	0.0012218733975471
0.0349799256159010	0.0012340921315226
0.0349980857519381	0.0012464330528378
0.0350163043565224	0.0012588973833662
0.0350344727731422	0.0012714863571999
0.0350526514613979	0.0012842012207719
0.0350708796117694	0.0012970432329796
0.0350890474697604	0.0013100136653094
0.0351072347347211	0.0013231138019625
0.0351254638818921	0.0013363449399821
0.0351436459942305	0.0013497083893819
0.0351618343516696	0.0013632054732757
0.0351800582816884	0.0013768375280085
0.0351982686063271	0.0013906059032886
0.0352164530867190	0.0014045119623215
0.0352346674787722	0.0014185570819447
0.0352529048379557	0.0014327426527641
0.0352710964839047	0.0014470700792918
0.0352892992568962	0.0014615407800847
0.0353075215715237	0.0014761561878855
0.0353257631208384	0.0014909177497644
0.0353439636373315	0.0015058269272620
0.0353621709990967	0.0015208851965347
0.0353803947959105	0.0015360940485000
0.0353986311553079	0.0015514549889850
0.0354168661028430	0.0015669695388749
0.0354350740598990	0.0015826392342636
0.0354532931981980	0.0015984656266062
0.0354715227799282	0.0016144502828723
0.0354897604463739	0.0016305947857010
0.0355080052579695	0.0016469007335580
0.0355262352591572	0.0016633697408936
0.0355444575108412	0.0016800034383026
0.0355626864564383	0.0016968034726856
0.0355809209375994	0.0017137715074124
0.0355991598514403	0.0017309092224866
0.0356174026087645	0.0017482183147114
0.0356356481130031	0.0017657004978586
0.0356538961432786	0.0017833575028371
0.0356721454648520	0.0018011910778655
0.0356903836478318	0.0018192029886442
0.0357086233942282	0.0018373950185306
0.0357268649821356	0.0018557689687159
0.0357451077728217	0.0018743266584031
0.0357633520863889	0.0018930699249871
0.0357815988005756	0.0019120006242370
0.0357998465845743	0.0019311206304793
0.0358180965463576	0.0019504318367841
0.0358363470829231	0.0019699361551520
0.0358545986192677	0.0019896355167035
0.0358728497815052	0.0020095318718705
0.0358911019383027	0.0020296271905892
0.0359093539721958	0.0020499234624951
0.0359276069303317	0.0020704226971201
0.0359458601186676	0.0020911269240913
0.0359641140642407	0.0021120381933322
0.0359823686325574	0.0021331585752655
0.0360006237908929	0.0021544901610182
0.0360188799985670	0.0021760350626284
0.0360371365622634	0.0021977954132546
0.0360553944033048	0.0022197733673872
0.0360736526087743	0.0022419711010611
0.0360919117825275	0.0022643908120717
0.0361101718804758	0.0022870347201924
0.0361284326374010	0.0023099050673943
0.0361466947478823	0.0023330041180683
0.0361649573472532	0.0023563341592489
0.0361832209411955	0.0023798975008414
0.0362014857004712	0.0024036964758498
0.0362197510874024	0.0024277334406083
0.0362380176489933	0.0024520107750144
0.0362562851821927	0.0024765308827646
0.0362745535053529	0.0025012961915922
0.0362928230677927	0.0025263091535081
0.0363110935561905	0.0025515722450432
0.0363293648932362	0.0025770879674936
0.0363476374498024	0.0026028588471686
0.0363659110292560	0.0026288874356403
0.0363841854401216	0.0026551763099967
0.0364024609920370	0.0026817280730966
0.0364207377979663	0.0027085453538276
0.0364390153648904	0.0027356308073659
0.0364572939540027	0.0027629871154395
0.0364755738041630	0.0027906169865939
0.0364938546724301	0.0028185231564599
0.0365121364193778	0.0028467083880245
0.0365304192562906	0.0028751754719047
0.0365487033318952	0.0029039272266238
0.0365669884596989	0.0029329664988900
0.0365852744991801	0.0029622961638789
0.0366035615835070	0.0029919191255177
0.0366218498458241	0.0030218383167729
0.0366401393669807	0.0030520566999406
0.0366584298225415	0.0030825772669400
0.0366767212584132	0.0031134030396094
0.0366950137563356	0.0031445370700055
0.0367133073985716	0.0031759824407056
0.0367316022332310	0.0032077422651126
0.0367498982905869	0.0032398196877637
0.0367681953083594	0.0032722178846414
0.0367864933430711	0.0033049400634878
0.0368047924484965	0.0033379894641227
0.0368230926574413	0.0033713693587639
0.0368413940004711	0.0034050830523515
0.0368596964927813	0.0034391338828751
0.0368780001464670	0.0034735252217038
0.0368963049646469	0.0035082604739208
0.0369146109474824	0.0035433430786600
0.0369329180143980	0.0035787765094466
0.0369512261443335	0.0036145642745411
0.0369695353511838	0.0036507099172865
0.0369878456476071	0.0036872170164594
0.0370061570410869	0.0037240891866240
0.0370244695408997	0.0037613300784902
0.0370427831503106	0.0037989433792751
0.0370610978760324	0.0038369328130679
0.0370794137082628	0.0038753021411986
0.0370977306458352	0.0039140551626105
0.0371160486802641	0.0039531957142367
0.0371343678143796	0.0039927276713790
0.0371526880408335	0.0040326549480928
0.0371710093640160	0.0040729814975737
0.0371893317795134	0.0041137113125495
0.0372076552913012	0.0041548484256750
0.0372259798998401	0.0041963969099317
0.0372443056077682	0.0042383608790310
0.0372626324204959	0.0042807444878213
0.0372809603390780	0.0043235519326996
0.0372992893726897	0.0043667874520266
0.0373176195216287	0.0044104553265468
0.0373359507927061	0.0044545598798123
0.0373542831921526	0.0044991054786104
0.0373726167241076	0.0045440965333965
0.0373909513990476	0.0045895374987305
0.0374092872203092	0.0046354328737178
0.0374276241954931	0.0046817872024550
0.0374459623349468	0.0047286050744795
0.0374643016432433	0.0047758911252243
0.0374826421301847	0.0048236500364765
0.0375009838008265	0.0048718865368413
0.0375193266468485	0.0049206054022097
0.0375376706660412	0.0049698114562318
0.0375560158573744	0.0050195095707941
0.0375743622183921	0.0050697046665021
0.0375927097517217	0.0051204017131671
0.0376110584622144	0.0051716057302988
0.0376294083501006	0.0052233217876018
0.0376477594187965	0.0052755550054778
0.0376661116741180	0.0053283105555326
0.0376844649769837	0.0053815936610879
0.0377028186917336	0.0054354095976988
0.0377211733970621	0.0054897636936758
0.0377395291087996	0.0055446613306125
0.0377578858438297	0.0056001079439186
0.0377762436201233	0.0056561090233578
0.0377946024561778	0.0057126701135914
0.0378129623672079	0.0057697968147273
0.0378313233680310	0.0058274947828746
0.0378496854743188	0.0058857697307033
0.0378680487026222	0.0059446274280104
0.0378864130700226	0.0060040737022905
0.0379047785914945	0.0060641144393134
0.0379231452817294	0.0061247555837065
0.0379415131562857	0.0061860031395436
0.0379598822315705	0.0062478631709390
0.0379782525245198	0.0063103418026484
0.0379966240525159	0.0063734452206749
0.0380149968331452	0.0064371796728816
0.0380333708819625	0.0065015514696105
0.0380517462151145	0.0065665669843066
0.0380701228492146	0.0066322326541496
0.0380885008012998	0.0066985549806911
0.0381068800887660	0.0067655405304981
0.0381252607293300	0.0068331959358030
0.0381436427410275	0.0069015278951611
0.0381620261421866	0.0069705431741127
0.0381804109514698	0.0070402486058538
0.0381987971871368	0.0071106510919123
0.0382171848663027	0.0071817576028315
0.0382355740051652	0.0072535751788598
0.0382539646193380	0.0073261109306484
0.0382723567238657	0.0073993720399549
0.0382907503334255	0.0074733657603544
0.0383091454623511	0.0075480994179579
0.0383275421248560	0.0076235804121375
0.0383459403350234	0.0076998162162589
0.0383643401070327	0.0077768143784215
0.0383827414546254	0.0078545825222057
0.0384011443885174	0.0079331283474277
0.0384195489238303	0.0080124596309020
0.0384379550761740	0.0080925842272110
0.0384563628616799	0.0081735100694832
0.0384747722971652	0.0082552451701780
0.0384931834001144	0.0083377976218798
0.0385115961710100	0.0084211755980986
0.0385300106043586	0.0085053873540796
0.0385484266980424	0.0085904412276204
0.0385668444530939	0.0086763456398966
0.0385852638733692	0.0087631090962955
0.0386036849653818	0.0088507401872585
0.0386221077381362	0.0089392475891311
0.0386405322029173	0.0090286400650224
0.0386589583714737	0.0091189264656726
0.0386773862558025	0.0092101157303293
0.0386958158683373	0.0093022168876326
0.0387142472221886	0.0093952390565089
0.0387326803313024	0.0094891914470740
0.0387511152105881	0.0095840833615448
0.0387695518759262	0.0096799241951602
0.0387879903441593	0.0097767234371119
0.0388064306330710	0.0098744906714830
0.0388248727614465	0.0099732355781978
0.0388433167491419	0.0100729679339798
0.0388617626170834	0.0101736976133196
0.0388802103873439	0.0102754345894528
0.0388986600832227	0.0103781889353473
0.0389171117293069	0.0104819708247008
0.0389355653515019	0.0105867905329478
0.0389540209770171	0.0106926584382773
0.0389724786342866	0.0107995850226600
0.0389909383529191	0.0109075808728866
0.0390094001618493	0.0110166566816155
0.0390278640888943	0.0111268232484317
0.0390463301611265	0.0112380914809160
0.0390647984052199	0.0113504723957251
0.0390832688477691	0.0114639771196824
0.0391017415155686	0.0115786168908792
0.0391202164359011	0.0116944030597880
0.0391386935752930	0.0118113470903859
0.0391571725191166	0.0119294605612897
0.0391756533115518	0.0120487551669026
0.0391941359771700	0.0121692427185716
0.0392126205431344	0.0122909351457573
0.0392311070390630	0.0124138444972149
0.0392495954969362	0.0125379829421870
0.0392680793845429	0.0126633627716089
0.0392865648188044	0.0127899963993249
0.0393050524302305	0.0129178963633182
0.0393235422478612	0.0130470753269514
0.0393420343036670	0.0131775460802209
0.0393605286303916	0.0133093215410231
0.0393790252606662	0.0134424147564333
0.0393975242272484	0.0135768389039976
0.0394160255632738	0.0137126072930376
0.0394345293024995	0.0138497333659680
0.0394530354795455	0.0139882306996277
0.0394715441301346	0.0141281130066240
0.0394900552913340	0.0142693941366903
0.0395085690017937	0.0144120880780572
0.0395270853019138	0.0145562089588377
0.0395456042337977	0.0147017710484261
0.0395641258412485	0.0148487887589104
0.0395826501698088	0.0149972766464995
0.0396011772668385	0.0151472494129645
0.0396197071792030	0.0152987219070941
0.0396382399524912	0.0154517091261651
0.0396567756316673	0.0156062262174267
0.0396753142413514	0.0157622884796010
0.0396938557800061	0.0159199113643970
0.0397124002518478	0.0160791104780410
0.0397309476665878	0.0162399015828214
0.0397494980392470	0.0164023005986496
0.0397680513900106	0.0165663236046362
0.0397866077441230	0.0167319868406825
0.0398051671318250	0.0168993067090894
0.0398237295883297	0.0170682997761802
0.0398422951535857	0.0172389827739421
0.0398608638702930	0.0174113726016814
0.0398794357815708	0.0175854863276983
0.0398980109314271	0.0177613411909752
0.0399165893652182	0.0179389546028850
0.0399351711301052	0.0181183441489138
0.0399537562754913	0.0182995275904030
0.0399723448533887	0.0184825228663070
0.0399909366367280	0.0186673480949701
0.0400095311686323	0.0188540215759198
0.0400281285587414	0.0190425617916790
0.0400467289156735	0.0192329874095958
0.0400653323475178	0.0194253172836917
0.0400839389173922	0.0196195704565287
0.0401025486714501	0.0198157661610939
0.0401211616585996	0.0200139238227049
0.0401397779310499	0.0202140630609319
0.0401583975444438	0.0204162036915412
0.0401770205580223	0.0206203657284566
0.0401956470348289	0.0208265693857412
0.0402142770419378	0.0210348350795986
0.0402329106507101	0.0212451834303946
0.0402515479370328	0.0214576352646985
0.0402701889811887	0.0216722116173455
0.0402888338650131	0.0218889337335190
0.0403074826697826	0.0221078230708541
0.0403261354770723	0.0223289013015627
0.0403447923695863	0.0225521903145783
0.0403634534319671	0.0227777122177240
0.0403821187512995	0.0230054893399013
0.0404007883900743	0.0232355442333003
0.0404194623680077	0.0234678996756333
0.0404381407161583	0.0237025786723897
0.0404568234765415	0.0239396044591135
0.0404755106988734	0.0241790005037047
0.0404942024375078	0.0244207905087418
0.0405128987520807	0.0246649984138291
0.0405315997077376	0.0249116483979674
0.0405502973876841	0.0251607648819470
0.0405689929671856	0.0254123725307665
0.0405876933891046	0.0256664962560742
0.0406063978623589	0.0259231612186349
0.0406251065250262	0.0261823928308213
0.0406438195179042	0.0264442167591295
0.0406625369837843	0.0267086589267208
0.0406812590620695	0.0269757455159879
0.0406999858901901	0.0272455029711478
0.0407187161199594	0.0275179580008593
0.0407374505394815	0.0277931375808679
0.0407561898892202	0.0280710689566766
0.0407749342440608	0.0283517796462434
0.0407936836891235	0.0286352974427058
0.0408124383196711	0.0289216504171329
0.0408311982379439	0.0292108669213042
0.0408499635491857	0.0295029755905172
0.0408687343629497	0.0297980053464223
0.0408875107938421	0.0300959853998865
0.0409062929621511	0.0303969452538854
0.0409250809945170	0.0307009147064243
0.0409438750246551	0.0310079238534885
0.0409626751182716	0.0313180030920234
0.0409814813236899	0.0316311831229437
0.0410002937001336	0.0319474949541732
0.0410191123180672	0.0322669699037149
0.0410379365597823	0.0325896396027521
0.0410567658540005	0.0329155359987797
0.0410756003854329	0.0332446913587674
0.0410944403447385	0.0335771382723551
0.0411132859288917	0.0339129096550787
0.0411321373373284	0.0342520387516296
0.0411509947683733	0.0345945591391459
0.0411698584212222	0.0349405047305374
0.0411887284758630	0.0352899097778427
0.0412076050205137	0.0356428088756211
0.0412264881607360	0.0359992369643773
0.0412453780191912	0.0363592293340211
0.0412642747341680	0.0367228216273613
0.0412831784510246	0.0370900498436349
0.0413020893239718	0.0374609503420712
0.0413210012860827	0.0378355598454919
0.0413399042159251	0.0382139154439469
0.0413588151264177	0.0385960545983863
0.0413777341717871	0.0389820151443702
0.0413966615192884	0.0393718352958139
0.0414155967184941	0.0397655536487719
0.0414345386447696	0.0401632091852597
0.0414534874745984	0.0405648412771122
0.0414724433958606	0.0409704896898834
0.0414914066089054	0.0413801945867823
0.0415103773277418	0.0417939965326501
0.0415293557809613	0.0422119364979767
0.0415483422062538	0.0426340558629564
0.0415673368455501	0.0430603964215860
0.0415863399473595	0.0434910003858019
0.0416053516984509	0.0439259103896599
0.0416243722187821	0.0443651694935565
0.0416434016553870	0.0448088211884920
0.0416624401809344	0.0452569094003769
0.0416814879815118	0.0457094784943807
0.0417005452586914	0.0461665732793245
0.0417196121349231	0.0466282390121176
0.0417386867871592	0.0470945214022388
0.0417577695938304	0.0475654666162613
0.0417768609419784	0.0480411212824240
0.0417959610694738	0.0485215324952482
0.0418150702085884	0.0490067478202007
0.0418341885910692	0.0494968152984027
0.0418533164876286	0.0499917834513867
0.0418724541905966	0.0504917012859006
0.0418915718640742	0.0509966182987596
0.0419106955106382	0.0515065844817472
0.0419298301786154	0.0520216503265646
0.0419489761614887	0.0525418668298303
0.0419681336041826	0.0530672854981286
0.0419873026610319	0.0535979583531099
0.0420064834427770	0.0541339379366409
0.0420256737724004	0.0546752773160073
0.0420448740416054	0.0552220300891674
0.0420640846516603	0.0557742503900591
0.0420833060163341	0.0563319928939596
0.0421025385650450	0.0568953128228993
0.0421217826397990	0.0574642659511282
0.0421410385016239	0.0580389086106396
0.0421603064401634	0.0586192976967459
0.0421795867719981	0.0592054906737133
0.0421988798429917	0.0597975455804505
0.0422181860308441	0.0603955210362550
0.0422375057372115	0.0609994762466177
0.0422568370859122	0.0616094710090839
0.0422761798480548	0.0622255657191747
0.0422955344239273	0.0628478213763664
0.0423148917477352	0.0634762995901300
0.0423342328294304	0.0641110625860313
0.0423535874493173	0.0647521732118917
0.0423729560495325	0.0653996949440105
0.0423923390921342	0.0660536918934507
0.0424117370539638	0.0667142288123851
0.0424311501912423	0.0673813711005089
0.0424505788177151	0.0680551848115140
0.0424700232991733	0.0687357366596292
0.0424894816444524	0.0694230940262254
0.0425089534779251	0.0701173249664877
0.0425284394480883	0.0708184982161525
0.0425479402303041	0.0715266831983139
0.0425674562583786	0.0722419500302972
0.0425869879977635	0.0729643695306001
0.0426065359521285	0.0736940132259060
0.0426260977078278	0.0744309533581650
0.0426456732746949	0.0751752628917467
0.0426652667034876	0.0759270155206642
0.0426848412202276	0.0766862856758708
0.0427044195286611	0.0774531485326296
0.0427240140388678	0.0782276800179559
0.0427436253382846	0.0790099568181356
0.0427632540645113	0.0798000563863171
0.0427829009092144	0.0805980569501802
0.0428025665950477	0.0814040375196821
0.0428222516799105	0.0822180778948789
0.0428419566467601	0.0830402586738277
0.0428616820539476	0.0838706612605660
0.0428814256058214	0.0847093678731716
0.0429011868296948	0.0855564615519032
0.0429209666604903	0.0864120261674221
0.0429407659384802	0.0872761464290962
0.0429605853181533	0.0881489078933872
0.0429804255367038	0.0890303969723210
0.0430002311343733	0.0899207009420442
0.0430200575571050	0.0908199079514647
0.0430399076657695	0.0917281070309794
0.0430597803745864	0.0926453881012891
0.0430796734843033	0.0935718419823019
0.0430995878168297	0.0945075604021249
0.0431195242687129	0.0954526360061460
0.0431394837963092	0.0964071623662076
0.0431594648310577	0.0973712339898698
0.0431794643886805	0.0983449463297684
0.0431994895080698	0.0993283957930662
0.0432195379569278	0.1003216797509968
0.0432396087295759	0.1013248965485067
0.0432596810157701	0.1023381455139917
0.0432797338286874	0.1033615269691318
0.0432998129436667	0.1043951422388232
0.0433199191739665	0.1054390936612113
0.0433400534271654	0.1064934845978235
0.0433602167148458	0.1075584194438018
0.0433804077359843	0.1086340036382400
0.0434006243099329	0.1097203436746225
0.0434208677228053	0.1108175471113686
0.0434411391169372	0.1119257225824824
0.0434614397401604	0.1130449798083074
0.0434817709545811	0.1141754296063905
0.0435021066585424	0.1153171839024542
0.0435224227393621	0.1164703557414786
0.0435427693583808	0.1176350592988935
0.0435631455718257	0.1188114098918825
0.0435835493411105	0.1199995239908013
0.0436039775408259	0.1211995192307093
0.0436244396875320	0.1224115144230163
0.0436449369395754	0.1236356295672464
0.0436654686410790	0.1248719858629190
0.0436860313925248	0.1261207057215484
0.0437066271008888	0.1273819127787641
0.0437272108544378	0.1286557319065516
0.0437477894752701	0.1299422892256171
0.0437684062370633	0.1312417121178731
0.0437890626457243	0.1325541292390518
0.0438097579794569	0.1338796705314424
0.0438304886697546	0.1352184672367568
0.0438512567453018	0.1365706519091244
0.0438720639361152	0.1379363584282156
0.0438929121532092	0.1393157220124978
0.0439138034842591	0.1407088792326228
0.0439346512508276	0.1421159680249490
0.0439555108565857	0.1435371277051984
0.0439764110935356	0.1449724989822503
0.0439973539923143	0.1464222239720729
0.0440183417875392	0.1478864462117934
0.0440393768235519	0.1493653106739112
0.0440604589679956	0.1508589637806502
0.0440815833738639	0.1523675534184570
0.0441027525961430	0.1538912289526416
0.0441238744469124	0.1554301412421680
0.0441450292758247	0.1569844426545896
0.0441662364663712	0.1585542870811358
0.0441874975635086	0.1601398299519469
0.0442088056782974	0.1617412282514665
0.0442301638347703	0.1633586405339812
0.0442515594903451	0.1649922269393208
0.0442730079679073	0.1666421492087142
0.0442944304122834	0.1683085707008014
0.0443158678035602	0.1699916564078097
0.0443373581188324	0.1716915729718880
0.0443589048105910	0.1734084887016068
0.0443805107216359	0.1751425735886231
0.0444021788664459	0.1768939993245094
0.0444239074528167	0.1786629393177546
0.0444456927288313	0.1804495687109320
0.0444674033135423	0.1822540643980413
0.0444891779878575	0.1840766050420217
0.0445110094735509	0.1859173710924421
0.0445329007795219	0.1877765448033664
0.0445548547023893	0.1896543102514001
0.0445768743696168	0.1915508533539141
0.0445989636062536	0.1934663618874533
0.0446209878043911	0.1954010255063279
0.0446430729998707	0.1973550357613911
0.0446652315214493	0.1993285861190051
0.0446874617899699	0.2013218719801954
0.0447097680481859	0.2033350906999974
0.0447321550428545	0.2053684416069971
0.0447545627902831	0.2074221260230672
0.0447769180540449	0.2094963472832975
0.0447993517646516	0.2115913107561305
0.0448218686232813	0.2137072238636916
0.0448444738668893	0.2158442961023284
0.0448671673508007	0.2180027390633514
0.0448899437212168	0.2201827664539853
0.0449126366015062	0.2223845941185254
0.0449354126750014	0.2246084400597105
0.0449582853676651	0.2268545244603076
0.0449812260518016	0.2291230697049104
0.0450042586887520	0.2314143004019593
0.0450273860808896	0.2337284434059791
0.0450504191046372	0.2360657278400388
0.0450735615632056	0.2384263851184393
0.0450968077786615	0.2408106489696235
0.0451201574123022	0.2432187554593200
0.0451436175213517	0.2456509430139135
0.0451670873214481	0.2481074524440530
0.0451905283856821	0.2505885269684936
0.0452140791156848	0.2530944122381787
0.0452377462021601	0.2556253563605604
0.0452615377037991	0.2581816099241657
0.0452854380398654	0.2607634260234074
0.0453092443878069	0.2633710602836412
0.0453331752622464	0.2660047708864772
0.0453572140666516	0.2686648185953423
0.0453813788523194	0.2713514667812960
0.0454056721520382	0.2740649814491090
0.0454298634001356	0.2768056312636004
0.0454541831816020	0.2795736875762361
0.0454786545560573	0.2823694244519986
0.0455032737046927	0.2851931186965186
0.0455279991695983	0.2880450498834840
0.0455525985018789	0.2909255003823191
0.0455773607265275	0.2938347553861422
0.0456022899924232	0.2967731029400035
0.0456273771073076	0.2997408339694038
0.0456525178908274	0.3027382423090977
0.0456776514633685	0.3057656247321886
0.0457029232609655	0.3088232809795106
0.0457283623509710	0.3119115137893056
0.0457539867921310	0.3150306289271986
0.0457795089162977	0.3181809352164707
0.0458052059642079	0.3213627445686353
0.0458310921459488	0.3245763720143214
0.0458571256075163	0.3278221357344650
0.0458831598235850	0.3311003570918096
0.0459092727902478	0.3344113606627274
0.0459355949804175	0.3377554742693548
0.0459621391254711	0.3411330290120482
0.0459887343063677	0.3445443593021683
0.0460153110114006	0.3479898028951903
0.0460421172814754	0.3514697009241422
0.0460691686392760	0.3549843979333836
0.0460963105866544	0.3585342419127170
0.0461234757393850	0.3621195843318439
0.0461508232025697	0.3657407801751625
0.0461784433561346	0.3693981879769144
0.0462061169201173	0.3730921698566832
0.0462338774121590	0.3768230915552496
0.0462619009689827	0.3805913224708018
0.0462901624054197	0.3843972356955094
0.0463183760090021	0.3882412080524644
0.0463468005796524	0.3921236201329888
0.0463755399014550	0.3960448563343187
0.0464045053272723	0.4000053048976619
0.0464333287043722	0.4040053579466381
0.0464625038686159	0.4080454115261049
0.0464920364456304	0.4121258656413656
0.0465216066997680	0.4162471242977793
0.0465512587903672	0.4204095955407566
0.0465812905420938	0.4246136914961646
0.0466116640531446	0.4288598284111261
0.0466419014520291	0.4331484266952377
0.0466724933732209	0.4374799109621898
0.0467035097837167	0.4418547100718121
0.0467345027375161	0.4462732571725302
0.0467657701520715	0.4507359897442554
0.0467974351991387	0.4552433496416982
0.0468292560735306	0.4597957831381156
0.0468612375313857	0.4643937409694971
0.0468936677628753	0.4690376783791925
0.0469263560121190	0.4737280551629839
0.0469590850897496	0.4784653357146138
0.0469923607143376	0.4832499890717603
0.0470259611527703	0.4880824889624780
0.0470595371986444	0.4929633138521025
0.0470937451839163	0.4978929469906235
0.0471283089910864	0.5028718764605296
0.0471628453344406	0.5079005952251353
0.0471980577083115	0.5129796011773864
0.0472336726183579	0.5181093971891607
0.0472692418640217	0.5232904911610521
0.0473055999174266	0.5285233960726629
0.0473423089547923	0.5338086300333900
0.0473790675106435	0.5391467163337240
0.0474167453076134	0.5445381834970615
0.0474545923725224	0.5499835653320321
0.0474927115657600	0.5554834009853523
0.0475317954969966	0.5610382349952058
0.0475709042252484	0.5666486173451575
0.0476106103058171	0.5723151035186093
0.0476512449570722	0.5780382545537950
0.0476917285594427	0.5838186370993327
0.0477332473166719	0.5896568234703264
0.0477754123877830	0.5955533917050297
0.0478176858765840	0.6015089256220800
0.0478611502190203	0.6075240148783014
0.0479049714404395	0.6135992550270842
0.0479493983091497	0.6197352475773551
0.0479951527582743	0.6259326000531283
0.0480407961785510	0.6321919260536595
0.0480875844585918	0.6385138453141965
0.0481354561033151	0.6448989837673387
0.0481835245171370	0.6513479736050120
0.0482335384297938	0.6578614533410617
0.0482832625999624	0.6644400678744722
0.0483347455594027	0.6710844685532174
0.0483871656097471	0.6777953132387496
0.0484403878170801	0.6845732663711367
0.0484955763486009	0.6914189990348480
0.0485507755171459	0.6983331890251966
0.0486081363632825	0.7053165209154491
0.0486667079575709	0.7123696861246038
0.0487260890967277	0.7194933829858501
0.0487883215803037	0.7266883168157090
0.0488505917816370	0.7339551999838662
0.0489160909800979	0.7412947519837044
0.0489821065587544	0.7487076995035417
0.0490510291723928	0.7561947764985769
0.0491219455666943	0.7637567242635630
0.0491945089258841	0.7713942915061988
0.0492708310148030	0.7791082344212604
0.0493482225201308	0.7868993167654732
0.0494305503814175	0.7947683099331277
0.0495129545857477	0.8027159930324593
0.0496021274140263	0.8107431529627840
0.0496921932267719	0.8188505844924120
0.0497881629388657	0.8270390903373359
0.0498884274630527	0.8353094812407095
0.0499929899153787	0.8436625760531167
0.0501045931895967	0.8520992018136480
0.0502203433916923	0.8606201938317842
0.0503478991229033	0.8692263957701019
0.0504775696732455	0.8779186597278028
0.0506244384852571	0.8866978463250809
0.0507722080825669	0.8955648247883315
0.0509392258086012	0.9045204730362149
0.0511226437052970	0.9135656777665769
0.0513167123396325	0.9227013345442429
0.0515462794644231	0.9319283478896854
0.0517963634876639	0.9400772502651906
0.0520564164005442	0.9494780227678425
0.0523920339363715	0.9660256641573944
0.0525198036645713	0.9585471622547129
0.0528062076469177	0.9653962197294919
0.0531790328002605	0.9732740247682904
0.0536672793373130	0.9847300938608839
0.0540240951416732	0.9892984481081296
0.0545139884153502	0.9824909651359878
0.0550483517798428	0.9919060556235656
0.0553777291653592	0.9943401003503234
0.0578278348605021	0.9962614219950825
0.0587791303529436	0.9988538273009753
0.0614761497424469	0.9994791265649361
0.0671750101535549	0.9998078411986558
0.0683281612459080	0.9999321034416022
0.0739458722539019	0.9999765982600914
0.0777251036509999	0.9999894515083940
0.0811568110798816	0.9999970984774390
0.0847752301619831	0.9999984966393652
0.0927198338136087	0.9999995105366265
0.0948616771855501	0.9999997665729093
0.1010594569190683	0.9999999265745886
0.1039409818833968	0.9999999662687699
0.1106394500224852	0.9999999896637493
0.1139143658411777	0.9999999952676202
0.1204031735668931	0.9999999985544217
0.1232540364726799	0.9999999993346105
0.1295119457633978	0.9999999997950261
0.1317387011965098	0.9999999999051309
0.1379295589521361	0.9999999999704314
0.1396773312534768	0.9999999999862680
0.1459004711202763	0.9999999999956761
0.1474164531849341	0.9999999999979903
0.1537276708679461	0.9999999999993633
0.1552778346970770	0.9999999999997046
0.1616989166736919	0.9999999999999063
0.1634531846509297	0.9999999999999566
0.1699635102919661	0.9999999999999862
0.1719404374026112	0.9999999999999936
0.1784298161533800	0.9999999999999978
0.1806094568719429	0.9999999999999991
0.1820241166989641	1.0000002536008379
0.1820241167109037	1.0000002851919960
0.1994722671308358	1.0000002904646115
0.2015393387449502	1.0000002917620703
0.2023149462832385	1.0000003283744086
0.2024338536847827	1.0000003331069045
0.2192435773549185	1.0000003377854660
0.2193276353175185	1.0000003383983214
0.2340371312881210	1.0000003388712699
0.2348735538445390	1.0000003389456871
0.2466131316467672	1.0000003389971754
0.2478579725964618	1.0000003390057850
0.2590092278517673	1.0000003390111705
0.2604190268591219	1.0000003390121204
0.2704983028720227	1.0000003390126901
0.2721504923757589	1.0000003390127947
0.2815748999104437	1.0000003390128558
0.2834189528370761	1.0000003390128673
0.2920933803962613	1.0000003390128740
0.2943150962851807	1.0000003390128755
0.3034255266420297	1.0000003390128762
0.3047393006937413	1.0000003390128762
0.3193846096182264	1.0100003424030051
0.3197051120251773	0.9702003289102935
0.3197051120251773	0.9998075645310945
0.3361181470282400	1.0000040606197058
1.5235518078209196	0.9995692567299599
1.5360522298955046	1.0000531938383830
1.7002067797467950	0.9604811680273337
1.7002067797467950	0.9898836527628644
1.7005661244693648	1.0001275579192050
1.7126265111404300	0.9996343934919045
1.7298167357913656	1.0000063546768885
1.9046920512596732	1.0000960967107886
1.9161257071027711	0.9999996115723040
2.8242431488670636	0.9995132112279871
2.8295123412191630	0.9998742072309531
2.8407677827965303	0.9999679762347294
2.8659332234643906	0.9999798453625897
2.8773751550689339	0.9999831236293968
2.9006917320821852	0.9999835472039669
2.9123740964821274	0.9999836619405824
2.9358002123110318	0.9999836767713827
2.9465308193634598	0.9999836808512312
2.9637530303965147	0.9999976641869583
2.9637539589103703	0.9999994715681243
2.9855541788457622	0.9999997739733599
3.0269475250443341	0.9999997789528767
3.0362988920359579	0.9999997803234345
3.0594250450943274	0.9999997805005926
3.0702865536120152	0.9999997805493512
3.0934126617957962	0.9999997805556536
3.1042736497958137	0.9999997805573885
3.1086594483544774	1.0000000540740490
3.1086594662317246	1.0000000894286807
3.1304618447330022	1.0000000939988285
3.1304618694181361	1.0000000952566583
3.1535878984332153	1.0000000954192452
3.1644490048203373	1.0000000954639934
3.1875745789173049	1.0000000954697779
3.1984361664577037	1.0000000954713695
3.2215586949489743	1.0000000954715753
3.2324203178902202	1.0000000954716319
3.2553831936875470	1.0000000954716393
3.2658044071409811	1.0000000954716410
3.2750128302531212	1.0000000954716413
3.2753725556829671	1.0000001008216295
3.2753725573876173	1.0036428737009928
3.2758038347950662	1.0009355291478850
3.2901635439095549	1.0002249861608337
3.2956316723139265	1.0000856351183265
3.3050535426513807	1.0000220320893227
3.3082797150735042	1.0000103352069982
3.3191510840881580	1.0000026215259221
3.3216439962485005	1.0000013384512967
3.3347803598590278	1.0000002101094201
3.3361916318688105	1.0000000346330205
3.3512106605271197	0.9999998531482031
3.3520766142308625	0.9999998258195337
3.3680752082713421	0.9999997954326241
3.3687020466287350	0.9999997909161700
3.3849108707692772	0.9999997895871928
3.3865104368777073	0.9999997893190880
3.3949719631533259	0.9999997892312380
3.3988482151006205	0.9999997892130067
3.4117032357881589	0.9999997892069852
3.4150927459530624	0.9999997892057332
3.4268082727645739	0.9999997892053194
3.4303557990894653	0.9999997892052335
3.4423184857659654	0.9999997892052049
3.4459088884783355	0.9999997892051991
3.4580955032411991	0.9999997892051971
3.4639390252333584	0.9999997892051967
3.4670366594843429	0.9999997892051966
3.4674781912955099	0.9994582861165348
3.4879121419799426	0.9998315020279334
3.5003853612192404	0.9999403874157252
3.5095230086848930	0.9999645054228602
3.5260316387653137	0.9999680223626831
3.5630158085402206	0.9999688088900508
3.6012681791186214	0.9999688240960755
3.6201065453835657	0.9999688641012955
3.6277235804924226	0.9999688693998257
3.6284151887574780	0.9999941239606143
3.6284157800021783	0.9999973880413582
3.6502057068208007	0.9999979458374259
3.6727513792377189	0.9999979540890019
3.6790761888590549	0.9999979580647149
3.6870727206635747	0.9999979586450425
3.7087084330351208	0.9999989396949874
3.7087105198484625	0.9999990666093196
3.7304976186548733	0.9999990830141947
3.7305137268521360	0.9999990875292820
3.7380701475230844	0.9999990885382031
3.7517348228550516	0.9999990886854733
3.7661555724195268	0.9999991268645525
3.7661691109479509	0.9999991317995766
3.7878519571439879	0.9999991326454000
3.8103528078036044	0.9999991326579142
3.8103926887242854	0.9999991326648588
3.8118034855572791	0.9999991341512185
3.8118196602952810	0.9999991343433454
3.8335361237743326	0.9999991343763077
3.8514113923900686	0.9999991344345488
3.8515407290244199	0.9999991344422855
3.8724069544153727	0.9999991344433125
3.8730094932580470	0.9999991344435953
3.8811314575373101	0.9999991344436511
3.8871109365864100	0.9999991344459531
3.8872113285378136	0.9999991344462660
3.9084076412913076	0.9999991344463204
3.9207321667307782	0.9999991344464133
3.9210246069346884	0.9999991344464256
3.9412378968595259	0.9999991344464280
3.9469086878862210	1.0036419121117053
3.9473399663474074	1.0009345658724420
3.9621690891785906	1.0002324808517875
3.9668172739301530	1.0000883863100385
3.9758052027298665	1.0000271924551276
3.9792711305341526	1.0000156048736566
3.9903445840350273	1.0000106608480235
3.9937723414348656	1.0000097340957272
4.0029147943780607	1.0000028848803431
4.0032205279674979	1.0000019765879429
4.0229568377750651	1.0000017013858244
4.0285640922453050	1.0000016647705303
4.0397882682537958	1.0000016546928101
4.0415289858541348	1.0000016521886019
4.0495046480597940	1.0000016517988939
4.0670318872641893	1.0000016517237742
4.0778748124966633	1.0000016516600694
4.0783807978756546	1.0000016516513668
4.0973240795411581	1.0000016516486940
4.1035609553914645	1.0000016516483339
4.1148233687808764	1.0000016516482237
4.1187894492357264	1.0000016516482093
4.1340850262636764	1.0000016516482049
4.1366686312377192	1.0000016516482040
4.1407559906157116	0.9983230005888524
4.1421812200560622	0.9995633256463529
4.1723840111092185	0.9998997688949565
4.1753772101228517	0.9999642950784422
4.1935326813356433	0.9999868037770413
4.2032133171731205	0.9999903289669428
4.2211116887419502	0.9999912992025314
4.2227782009386878	0.9999915909415108
4.2327581292129022	0.9999916712376063
4.2409664039123109	0.9999916871212867
4.2508028194194489	0.9999916913461965
4.2513500848660266	0.9999916939455343
4.2546568616193916	0.9999916954443527
4.2617759338722223	0.9999916956380976
4.2711686423018458	0.9999916959751665
4.2775147960415332	0.9999916960590687
4.2903580526232261	0.9999916960880489
4.2963813200813377	0.9999916960941387
4.3099127681895322	0.9999916960961570
4.3156415899036258	0.9999916960965769
4.3288313388685138	0.9999916960967158
4.3302734183996048	0.9999983537633804
4.3302734185389848	0.9999992143095736
4.3520767543303442	0.9999993609311213
4.3520780387403804	0.9999994911074263
4.3528376369694310	0.9999995101033259
4.3846530926547373	0.9999995141657089
4.3906298874635237	0.9999995172188887
4.3916143757283610	0.9999995176229654
4.4264763913271903	0.9999995177001907
4.4455455115161318	0.9999995177637329
4.4459957696768440	0.9999995177721875
4.4700151487110062	0.9999995177736296
4.4874222999768154	0.9999996484266156
4.4874223053982147	0.9999996653147895
4.5092247782967361	0.9999996674977505
4.5092247836167036	0.9999996680985618
4.5092386824141419	0.9999996707755623
4.5099962953605663	0.9999996711215908
4.5411885459025720	0.9999996712033976
4.5500365213915712	0.9999996712601761
4.5511796074453699	0.9999996712678577
4.5872257685343811	0.9999996712691698
4.6062422001175118	0.9999996712703543
4.6064669659739970	0.9999996712705144
4.6305846858200681	0.9999996712705415
4.6481645390871549	0.9999996712705419
4.6502594890098727	0.9999996712705419
5.2122430614093238	0.9799996778451311
5.2122430614093238	0.9999996572731799
5.4530696639402834	0.9999996681955051
