0.0000000000000000	0.0000000000000000
0.0446052063857301	0.0000300000000000
0.0447975125144460	0.0000117138074115
0.0457276052969654	0.0000222546870152
0.0460554149780583	0.0000223315982205
0.0464307186685083	0.0000236652326386
0.0469489638334419	0.0000310242458390
0.0469688388982001	0.0000297492548877
0.0473303683616427	0.0000441781968822
0.0474915148659271	0.0000398038599072
0.0478836913016174	0.0000467980950278
0.0482654839250094	0.0000567980950278
0.0482661332539681	0.0000535449425133
0.0485114273978184	0.0000627902954346
0.0488404875300571	0.0000727902954346
0.0490775801879827	0.0000821548570243
0.0493168202486872	0.0000921548570243
0.0495618025407545	0.0001021548570243
0.0497573573648978	0.0001121548570243
0.0499365583827641	0.0001221548570243
0.0500942377578716	0.0001321548570243
0.0502379410289209	0.0001421548570243
0.0503733025939995	0.0001521548570243
0.0504987910538763	0.0001621548570243
0.0506167966573030	0.0001721548570243
0.0507264381263816	0.0001821548570243
0.0508311617465513	0.0001921548570243
0.0509292311247559	0.0002021548570243
0.0510232946635639	0.0002121548570243
0.0511108494158443	0.0002221548570243
0.0511963610122698	0.0002321548570243
0.0512763543968952	0.0002421548570243
0.0513546843859153	0.0002521548570243
0.0514278289303064	0.0002621548570243
0.0515000460041290	0.0002721548570243
0.0515676739913926	0.0002821548570243
0.0516346309988729	0.0002921548570243
0.0516973701607648	0.0003021548570243
0.0517597962506837	0.0003121548570243
0.0518186480476518	0.0003221548570243
0.0518768297665305	0.0003321548570243
0.0519322546345998	0.0003421548570243
0.0519869286866208	0.0003521548570243
0.0520392926899412	0.0003621548570243
0.0520907296933835	0.0003721548570243
0.0521403594250882	0.0003821548570243
0.0521890254769397	0.0003921548570243
0.0522361881466617	0.0004021548570243
0.0522823000428507	0.0004121548570243
0.0523271692139575	0.0004221548570243
0.0523709520967026	0.0004321548570243
0.0524137990512813	0.0004421548570243
0.0524555324626122	0.0004521548570243
0.0524965381381969	0.0004621548570243
0.0525364187121632	0.0004721548570243
0.0525757331579817	0.0004821548570243
0.0526139081954113	0.0004921548570243
0.0526516649525027	0.0005021548570243
0.0526882656535529	0.0005121548570243
0.0527245854725161	0.0005221548570243
0.0527597559109944	0.0005321548570243
0.0527947379770682	0.0005421548570243
0.0528285453796102	0.0005521548570243
0.0528621879680421	0.0005621548570243
0.0528947290656624	0.0005721548570243
0.0529271657955351	0.0005821548570243
0.0529587041759446	0.0005921548570243
0.0529899739318233	0.0006021548570243
0.0530204135744397	0.0006121548570243
0.0530506897876393	0.0006221548570243
0.0530801721200996	0.0006321548570243
0.0531094147900745	0.0006421548570243
0.0531380831957611	0.0006521548570243
0.0531663304106083	0.0006621548570243
0.0531941902817430	0.0006721548570243
0.0532215644297195	0.0006821548570243
0.0532486266556004	0.0006921548570243
0.0532751788473709	0.0007021548570243
0.0533014617133428	0.0007121548570243
0.0533273076942577	0.0007221548570243
0.0533528333635987	0.0007321548570243
0.0533780255737553	0.0007421548570243
0.0534028288996142	0.0007521548570243
0.0534272684404539	0.0007621548570243
0.0534515904488007	0.0007721548570243
0.0534752925072479	0.0007821548570243
0.0534989260203283	0.0007921548570243
0.0535221341637876	0.0008021548570243
0.0535452123882903	0.0008121548570243
0.0535677420799221	0.0008221548570243
0.0535902618427872	0.0008321548570243
0.0536123106948435	0.0008421548570243
0.0536343371619598	0.0008521548570243
0.0536558186377442	0.0008621548570243
0.0536772361829897	0.0008721548570243
0.0536982713989568	0.0008821548570243
0.0537192214316748	0.0008921548570243
0.0537398285324384	0.0009021548570243
0.0537603202373046	0.0009121548570243
0.0537805048098417	0.0009221548570243
0.0538005117368274	0.0009321548570243
0.0538202277208285	0.0009421548570243
0.0538397818378225	0.0009521548570243
0.0538591097480083	0.0009621548570243
0.0538782551206174	0.0009721548570243
0.0538972052706721	0.0009821548570243
0.0539159538157217	0.0009921548570243
0.0539345378976257	0.0010021548570243
0.0539529050841463	0.0010121764055945
0.0539711756340647	0.0010222981696505
0.0539893936811563	0.0010325211513470
0.0540076879626824	0.0010428463628604
0.0540259006845504	0.0010532748264890
0.0540442239562325	0.0010638075747539
0.0540624232072781	0.0010744456505015
0.0540807439081619	0.0010851901070065
0.0540989664667763	0.0010960420080765
0.0541172602557035	0.0011070024281573
0.0541355279186151	0.0011180724524389
0.0541537975750265	0.0011292531769633
0.0541721148243402	0.0011405457087329
0.0541903539179566	0.0011519511658202
0.0542086815362723	0.0011634706774784
0.0542269378671329	0.0011751053842532
0.0542452274712796	0.0011868564380957
0.0542635475887328	0.0011987250024767
0.0542818051392074	0.0012107122525015
0.0543001266015965	0.0012228193750265
0.0543184128796658	0.0012350475687768
0.0543366983696641	0.0012473980444645
0.0543550368743420	0.0012598720249092
0.0543733059762530	0.0012724707451583
0.0543916058278452	0.0012851954526098
0.0544099501268725	0.0012980474071359
0.0544282179754406	0.0013110278812073
0.0544465223588095	0.0013241381600194
0.0544648640337651	0.0013373795416196
0.0544831457115483	0.0013507533370358
0.0545014475293825	0.0013642608704061
0.0545197807125209	0.0013779034791102
0.0545380904047262	0.0013916825139013
0.0545563848284980	0.0014055993390403
0.0545747057667423	0.0014196553324307
0.0545930513059743	0.0014338518857550
0.0546113408464078	0.0014481904046126
0.0546296475709195	0.0014626723086587
0.0546479748510105	0.0014772990317453
0.0546663192264099	0.0014920720220627
0.0546846166889013	0.0015069927422834
0.0547029260545592	0.0015220626697062
0.0547212501865823	0.0015372832964033
0.0547395868543319	0.0015526561293673
0.0547579181456022	0.0015681826906610
0.0547762241983689	0.0015838645175676
0.0547945409820830	0.0015997031627432
0.0548128673935153	0.0016157001943707
0.0548312011191135	0.0016318571963144
0.0548495416182413	0.0016481757682775
0.0548678659565684	0.0016646575259603
0.0548861819362450	0.0016813041012199
0.0549045044989363	0.0016981171422321
0.0549228313017175	0.0017150983136544
0.0549411627650130	0.0017322492967910
0.0549594964976909	0.0017495717897589
0.0549778333792084	0.0017670675076565
0.0549961710494655	0.0017847381827330
0.0550145107185880	0.0018025855645604
0.0550328406353821	0.0018206114202060
0.0550511682945027	0.0018388175344080
0.0550694988809241	0.0018572057097521
0.0550878303903585	0.0018757777668496
0.0551061639907622	0.0018945355445181
0.0551244981784924	0.0019134808999633
0.0551428339893222	0.0019326157089629
0.0551611702815126	0.0019519418660526
0.0551795072808363	0.0019714612847131
0.0551978436691772	0.0019911758975602
0.0552161801607299	0.0020110876565358
0.0552345163381934	0.0020311985331012
0.0552528525263944	0.0020515105184322
0.0552711887386060	0.0020720256236165
0.0552895248971151	0.0020927458798527
0.0553078614509333	0.0021136733386512
0.0553261977652336	0.0021348100720377
0.0553445348844476	0.0021561581727581
0.0553628716121536	0.0021777197544857
0.0553812088708623	0.0021994969520305
0.0553995462406727	0.0022214919215508
0.0554178838912052	0.0022437068407663
0.0554362221888714	0.0022661439091740
0.0554545604540917	0.0022888053482657
0.0554728994379073	0.0023116934017484
0.0554912386185383	0.0023348103357659
0.0555095781598010	0.0023581584391235
0.0555279185507107	0.0023817400235148
0.0555462589634688	0.0024055574237499
0.0555645999603907	0.0024296129979874
0.0555829415896035	0.0024539091279673
0.0556012834351222	0.0024784482192470
0.0556196259639839	0.0025032327014394
0.0556379690515208	0.0025282650284538
0.0556563124366645	0.0025535476787384
0.0556746565108511	0.0025790831555258
0.0556930012106668	0.0026048739870810
0.0557113462095258	0.0026309227269518
0.0557296918392784	0.0026572319542214
0.0557480382951861	0.0026838042737636
0.0557663849930504	0.0027106423165012
0.0557847322188375	0.0027377487396662
0.0558030802059646	0.0027651262270629
0.0558214287483372	0.0027927774893335
0.0558397776883538	0.0028207052642268
0.0558581272263554	0.0028489123168691
0.0558764775391248	0.0028774014400378
0.0558948284049707	0.0029061754544382
0.0559131796982636	0.0029352372089825
0.0559315315802527	0.0029645895810724
0.0559498841670606	0.0029942354768831
0.0559682375565666	0.0030241778316519
0.0559865913522636	0.0030544196099684
0.0560049456628195	0.0030849638060681
0.0560233005950529	0.0031158134441288
0.0560416562149071	0.0031469715785701
0.0560600125935020	0.0031784412943558
0.0560783696150830	0.0032102257072994
0.0560967271459493	0.0032423279643724
0.0561150852613378	0.0032747512440161
0.0561334440021109	0.0033074987564562
0.0561518034107421	0.0033405737440208
0.0561701634991396	0.0033739794814610
0.0561885242871187	0.0034077192762756
0.0562068857746663	0.0034417964690384
0.0562252479413486	0.0034762144337288
0.0562436106688647	0.0035109765780660
0.0562619739756471	0.0035460863438467
0.0562803378839109	0.0035815472072852
0.0562987024050460	0.0036173626793580
0.0563170675531733	0.0036535363061516
0.0563354333358810	0.0036900716692131
0.0563537997626797	0.0037269723859052
0.0563721668399862	0.0037642421097643
0.0563905345749986	0.0038018845308619
0.0564089029665713	0.0038399033761706
0.0564272720130457	0.0038783024099323
0.0564456417162265	0.0039170854340316
0.0564640120757019	0.0039562562883719
0.0564823830976540	0.0039958188512556
0.0565007547825712	0.0040357770397682
0.0565191271410929	0.0040761348101659
0.0565375001733923	0.0041168961582675
0.0565558738904535	0.0041580651198502
0.0565742482961024	0.0041996457710487
0.0565926233983808	0.0042416422287592
0.0566109992045360	0.0042840586510468
0.0566293757194862	0.0043268992375573
0.0566477529544373	0.0043701682299328
0.0566661309107105	0.0044138699122322
0.0566845095970328	0.0044580086113545
0.0567028890194092	0.0045025886974680
0.0567212691829130	0.0045476145844427
0.0567396500987377	0.0045930907302872
0.0567580317696457	0.0046390216375900
0.0567764127093770	0.0046854118539659
0.0567947932849661	0.0047322659725056
0.0568131746846590	0.0047795886322306
0.0568315569138114	0.0048273845185529
0.0568499399780385	0.0048756583637385
0.0568683238800118	0.0049244149473759
0.0568867086268321	0.0049736590968496
0.0569050942259890	0.0050233956878181
0.0569234806818994	0.0050736296446963
0.0569418680028754	0.0051243659411432
0.0569602561997289	0.0051756096005547
0.0569786452779991	0.0052273656965602
0.0569970352065640	0.0052796393535258
0.0570154258168728	0.0053324357470611
0.0570338171325901	0.0053857601045317
0.0570522091755758	0.0054396177055770
0.0570706019691402	0.0054940138826328
0.0570889955375919	0.0055489540214591
0.0571073899014851	0.0056044435616737
0.0571257850806991	0.0056604879972904
0.0571441810962505	0.0057170928772633
0.0571625779699968	0.0057742638060360
0.0571809757229665	0.0058320064440963
0.0571993743734070	0.0058903265085373
0.0572177739405876	0.0059492297736227
0.0572361744446542	0.0060087220713589
0.0572545759063612	0.0060688092920725
0.0572729783470210	0.0061294973849932
0.0572913817838444	0.0061907923588431
0.0573097862335368	0.0062527002824316
0.0573281917125456	0.0063152272852559
0.0573465982369012	0.0063783795581084
0.0573650058223622	0.0064421633536895
0.0573834144842733	0.0065065849872264
0.0574018242377613	0.0065716508370987
0.0574202350966681	0.0066373673454697
0.0574386470739640	0.0067037410189244
0.0574570601829234	0.0067707784291136
0.0574754744369683	0.0068384862134047
0.0574938898498646	0.0069068710755388
0.0575123064180436	0.0069759397862942
0.0575307241364897	0.0070456991841571
0.0575491430027125	0.0071161561759987
0.0575675630166930	0.0071873177377587
0.0575859841806601	0.0072591909151363
0.0576044064990457	0.0073317828242877
0.0576228299782441	0.0074051006525305
0.0576412546264225	0.0074791516590558
0.0576596804533248	0.0075539431756464
0.0576781074701678	0.0076294826074029
0.0576965356895322	0.0077057774334769
0.0577149651252750	0.0077828352078116
0.0577333957924986	0.0078606635598897
0.0577518277074446	0.0079392701954886
0.0577702608875325	0.0080186628974435
0.0577886949895058	0.0080988495264179
0.0578071301668382	0.0081798380216821
0.0578255666573419	0.0082616364018989
0.0578440044782223	0.0083442527659179
0.0578624436465825	0.0084276952935771
0.0578808841796810	0.0085119722465129
0.0578993260949046	0.0085970919689780
0.0579177694098806	0.0086830628886678
0.0579362141425503	0.0087698935175545
0.0579546603111963	0.0088575924527300
0.0579731079345794	0.0089461683772573
0.0579915570319844	0.0090356300610299
0.0580100076233100	0.0091259863616402
0.0580284597292031	0.0092172462252566
0.0580469133710787	0.0093094186875092
0.0580653685712188	0.0094025128743843
0.0580838253528879	0.0094965380031281
0.0581022837402725	0.0095915033831594
0.0581207437584228	0.0096874184169910
0.0581392054332427	0.0097842926011609
0.0581576687914385	0.0098821355271725
0.0581761338605149	0.0099809568824442
0.0581946006671831	0.0100807664512686
0.0582130692369794	0.0101815741157813
0.0582315395945879	0.0102833898569391
0.0582500117642039	0.0103862237555085
0.0582684857597025	0.0104900859930636
0.0582869615746484	0.0105949868529942
0.0583054392062209	0.0107009367215241
0.0583239186551642	0.0108079460887394
0.0583423999255513	0.0109160255496268
0.0583608830245693	0.0110251858051230
0.0583793679623175	0.0111354376631742
0.0583978547516879	0.0112467920398060
0.0584163434082763	0.0113592599602041
0.0584348339503179	0.0114728525598061
0.0584533263986237	0.0115875810854042
0.0584718207765137	0.0117034568962582
0.0584903171097976	0.0118204914652208
0.0585088154266820	0.0119386963798730
0.0585273153302762	0.0120580833436718
0.0585458168020415	0.0121786641771085
0.0585643199019395	0.0123004508188796
0.0585828246873338	0.0124234553270684
0.0586013312134594	0.0125476898803391
0.0586198395338695	0.0126731667791425
0.0586383497008589	0.0127998984469339
0.0586568617658625	0.0129278974314033
0.0586753757798391	0.0130571764057173
0.0586938917936263	0.0131877481697745
0.0587124098581052	0.0133196256514722
0.0587309300242969	0.0134528219079869
0.0587494523434850	0.0135873501270668
0.0587679768673606	0.0137232236283375
0.0587865036481905	0.0138604558646209
0.0588050327389937	0.0139990604232671
0.0588235641905018	0.0141390510274998
0.0588420980113664	0.0142804415377747
0.0588606342131334	0.0144232459531525
0.0588791728104645	0.0145674784126840
0.0588977138211798	0.0147131531968109
0.0589162572662098	0.0148602847287790
0.0589348031695937	0.0150088875760668
0.0589533515585005	0.0151589764518274
0.0589719024632689	0.0153105662163457
0.0589904559174674	0.0154636718785092
0.0590090119579749	0.0156183085972943
0.0590275706250385	0.0157744916832672
0.0590461319620889	0.0159322366000999
0.0590646960156140	0.0160915589661009
0.0590832628342708	0.0162524745557619
0.0591018324659298	0.0164149993013195
0.0591204049582687	0.0165791492943327
0.0591389803593417	0.0167449407872760
0.0591575587181068	0.0169123901951488
0.0591761400848826	0.0170815140971003
0.0591947245114849	0.0172523292380713
0.0592133086731250	0.0174248525304520
0.0592318892412129	0.0175991010557565
0.0592504731912708	0.0177750920663141
0.0592690605545795	0.0179528429869772
0.0592876513208193	0.0181323714168470
0.0593062454893653	0.0183136951310155
0.0593248430688669	0.0184968320823256
0.0593434440736512	0.0186818004031489
0.0593620484512385	0.0188686184071804
0.0593806555075082	0.0190573045912522
0.0593992653190571	0.0192478776371647
0.0594178779628996	0.0194403564135363
0.0594364935169462	0.0196347599776717
0.0594551120604808	0.0198311075774484
0.0594737336746389	0.0200294186532229
0.0594923584427233	0.0202297128397551
0.0595109864502848	0.0204320099681527
0.0595296177852581	0.0206363300678342
0.0595482525370029	0.0208426933685125
0.0595668907862525	0.0210511203021976
0.0595855326179759	0.0212616315052196
0.0596041781182377	0.0214742478202717
0.0596228273735854	0.0216889902984744
0.0596414804291997	0.0219058802014592
0.0596601373080848	0.0221249390034738
0.0596787980422932	0.0223461883935086
0.0596974626727135	0.0225696502774437
0.0597161312489207	0.0227953467802181
0.0597348038290863	0.0230233002480202
0.0597534804749299	0.0232535332505005
0.0597721612509842	0.0234860685830055
0.0597908462251110	0.0237209292688355
0.0598095354690420	0.0239581385615239
0.0598282290589134	0.0241977199471391
0.0598469270758072	0.0244396971466105
0.0598656296059494	0.0246840941180767
0.0598843367408118	0.0249309350592575
0.0599030485767351	0.0251802444098501
0.0599217652093731	0.0254320468539486
0.0599404863861091	0.0256863673224881
0.0599592113597315	0.0259432309957129
0.0599779402264789	0.0262026633056701
0.0599966730875583	0.0264646899387269
0.0600154100495144	0.0267293368381142
0.0600341512244390	0.0269966302064953
0.0600528967302539	0.0272665965085603
0.0600716466910676	0.0275392624736459
0.0600904012366801	0.0278146550983823
0.0601091604965665	0.0280928016493661
0.0601279246009894	0.0283737296658598
0.0601466936819682	0.0286574669625184
0.0601654678742627	0.0289440416321436
0.0601842473163777	0.0292334820484650
0.0602030321224178	0.0295258168689497
0.0602218223435157	0.0298210750376391
0.0602406180466266	0.0301192857880155
0.0602594038851487	0.0304204786458956
0.0602781931744025	0.0307246834323545
0.0602969884724235	0.0310319302666780
0.0603157898474701	0.0313422495693447
0.0603345973788645	0.0316556720650381
0.0603534111571710	0.0319722287856885
0.0603722306193518	0.0322919510735454
0.0603910547097597	0.0326148705842808
0.0604098845894240	0.0329410192901235
0.0604287197195159	0.0332704294830248
0.0604475603180380	0.0336031337778550
0.0604664065744876	0.0339391651156335
0.0604852585940167	0.0342785567667899
0.0605041164945864	0.0346213423344578
0.0605229804072205	0.0349675557578024
0.0605418504763740	0.0353172313153805
0.0605607268582945	0.0356704036285343
0.0605796097134840	0.0360271076648196
0.0605984992079766	0.0363873787414678
0.0606173955146831	0.0367512525288825
0.0606362988147479	0.0371187650541712
0.0606552092986125	0.0374899527047129
0.0606741270985220	0.0378648522317600
0.0606930522995885	0.0382435007540776
0.0607119850007051	0.0386259357616183
0.0607309253155435	0.0390121951192345
0.0607498733735854	0.0394023170704268
0.0607688288162084	0.0397963402411310
0.0607877905670621	0.0401943036435424
0.0608067589028500	0.0405962466799778
0.0608257341066479	0.0410022091467776
0.0608447164598069	0.0414122312382454
0.0608637062449604	0.0418263535506279
0.0608827036439886	0.0422446170861342
0.0609017088129219	0.0426670632569955
0.0609207137008973	0.0430937338895654
0.0609397094914508	0.0435246712284611
0.0609587139680028	0.0439599179407458
0.0609777273058821	0.0443995171201533
0.0609967496935524	0.0448435122913549
0.0610157813338617	0.0452919474142685
0.0610348224454698	0.0457448668884112
0.0610538732643963	0.0462023155572953
0.0610729339038921	0.0466643387128683
0.0610920041038984	0.0471309820999971
0.0611110822979049	0.0476022919209970
0.0611301687626427	0.0480783148402070
0.0611492637880766	0.0485590979886091
0.0611683676794281	0.0490446889684953
0.0611874807590053	0.0495351358581802
0.0612066033614038	0.0500304872167619
0.0612257358260975	0.0505307920889296
0.0612448783949784	0.0510361000098189
0.0612640312550460	0.0515464610099170
0.0612831946243864	0.0520619256200162
0.0613023687522006	0.0525825448762163
0.0613215539098328	0.0531083703249784
0.0613407503854569	0.0536394540282282
0.0613599578823077	0.0541758485685104
0.0613791748047969	0.0547176070541956
0.0613984016463689	0.0552647831247375
0.0614176365242232	0.0558174309559848
0.0614368468024695	0.0563756052655446
0.0614560678056736	0.0569393613182001
0.0614753003309900	0.0575087549313821
0.0614945447031949	0.0580838424806959
0.0615138012732674	0.0586646809055028
0.0615330704200254	0.0592513277145578
0.0615523525418213	0.0598438409917033
0.0615716478620340	0.0604422794016205
0.0615909566109729	0.0610467021956366
0.0616102790596537	0.0616571692175930
0.0616296128040430	0.0622737409097691
0.0616489581608377	0.0628964783188667
0.0616683156582260	0.0635254431020552
0.0616876858345092	0.0641606975330759
0.0617070691978329	0.0648023045084066
0.0617264660775524	0.0654503275534907
0.0617458768464523	0.0661048308290255
0.0617653019001084	0.0667658791373159
0.0617847416862710	0.0674335379286889
0.0618041966838117	0.0681078733079759
0.0618236535953976	0.0687889520410556
0.0618430963797006	0.0694768415614662
0.0618625529001015	0.0701716099770809
0.0618820236109047	0.0708733260768517
0.0619015089928580	0.0715820593376203
0.0619210095591084	0.0722978799309964
0.0619405258597206	0.0730208587303065
0.0619600584849961	0.0737510673176095
0.0619796080564443	0.0744885779907857
0.0619991749337205	0.0752334637706936
0.0620187595309248	0.0759857984084006
0.0620383621003154	0.0767456563924846
0.0620579796173812	0.0775131129564093
0.0620776128610739	0.0782882440859734
0.0620972626357394	0.0790711265268332
0.0621169242963887	0.0798618377921015
0.0621366020579400	0.0806604561700224
0.0621562981277274	0.0814670607317226
0.0621759643403462	0.0822817313390399
0.0621956470202697	0.0831045486524302
0.0622153504643013	0.0839355941389544
0.0622350750983119	0.0847749500803439
0.0622548175212265	0.0856226995811474
0.0622745783967863	0.0864789265769589
0.0622943584603327	0.0873437158427285
0.0623141585049373	0.0882171530011557
0.0623339793697335	0.0890993245311673
0.0623538219475245	0.0899903177764791
0.0623736868254006	0.0908902209542439
0.0623935746582703	0.0917991231637863
0.0624134830102791	0.0927171143954242
0.0624334113104989	0.0936442855393784
0.0624533514391673	0.0945807283947722
0.0624732620638450	0.0955265356787200
0.0624931961611202	0.0964818010355072
0.0625131544205885	0.0974466190458622
0.0625331376187147	0.0984210852363211
0.0625531466151457	0.0994052960886840
0.0625731823606823	0.1003993490495707
0.0625932404969429	0.1014033425400664
0.0626133204045835	0.1024173759654673
0.0626334170645766	0.1034415497251219
0.0626535391849120	0.1044759652223730
0.0626736879161485	0.1055207248745966
0.0626938644894089	0.1065759321233429
0.0627140493403968	0.1076416914445761
0.0627342108076459	0.1087181083590221
0.0627543990392504	0.1098052894426126
0.0627746138802011	0.1109033423370390
0.0627948566392087	0.1120123757604094
0.0628151287181810	0.1131324995180139
0.0628354312831392	0.1142638245131943
0.0628557653830527	0.1154064627583261
0.0628761319730926	0.1165605273859098
0.0628965261672398	0.1177261326597692
0.0629169496849535	0.1189033939863667
0.0629374040740782	0.1200924279262304
0.0629578292744530	0.1212933522054924
0.0629782673130678	0.1225062857275475
0.0629987407270077	0.1237313485848232
0.0630192485583122	0.1249686620706715
0.0630397796572403	0.1262183486913784
0.0630603434562099	0.1274805321782922
0.0630809414837425	0.1287553375000753
0.0631015754233040	0.1300428908750762
0.0631222470947561	0.1313433197838273
0.0631429580947152	0.1326567529816653
0.0631636624743026	0.1339833205114816
0.0631843545934312	0.1353231537165964
0.0632050838341242	0.1366763852537626
0.0632258521522397	0.1380431491063007
0.0632466616436015	0.1394235805973636
0.0632675139871978	0.1408178164033375
0.0632884105311085	0.1422259945673708
0.0633093451680247	0.1436482545130442
0.0633303203335563	0.1450847370581746
0.0633513364720127	0.1465355844287564
0.0633722808657707	0.1480009402730438
0.0633932700585799	0.1494809496757746
0.0634143081577113	0.1509757591725324
0.0634353913323666	0.1524855167642582
0.0634565190317654	0.1540103719319007
0.0634776937369799	0.1555504756512199
0.0634989177393968	0.1571059804077322
0.0635201935810810	0.1586770402118099
0.0635414672893968	0.1602638106139279
0.0635627270379429	0.1618664487200669
0.0635840367316843	0.1634851132072672
0.0636053988664606	0.1651199643393394
0.0636268161900253	0.1667711639827326
0.0636482917386420	0.1684388756225597
0.0636698036391702	0.1701232643787857
0.0636913673413928	0.1718244970225733
0.0637129298887816	0.1735427419927988
0.0637344790695427	0.1752781694127266
0.0637560905279747	0.1770309511068543
0.0637777672649523	0.1788012606179224
0.0637995017504883	0.1805892732241020
0.0638212963834066	0.1823951659563427
0.0638431549519706	0.1842191176159055
0.0638650717029798	0.1860613087920646
0.0638869203461601	0.1879219218799857
0.0639088383338606	0.1898011410987856
0.0639307999640204	0.1916991525097740
0.0639528293542631	0.1936161440348719
0.0639749318639196	0.1955523054752210
0.0639971106823313	0.1975078285299729
0.0640193357939287	0.1994829068152730
0.0640414989385827	0.2014777358834260
0.0640637374993236	0.2034925132422601
0.0640860562715123	0.2055274383746821
0.0641084591954758	0.2075827127584296
0.0641309382937710	0.2096585398860140
0.0641534840919056	0.2117551252848743
0.0641759920312235	0.2138726765377232
0.0641985212000875	0.2160114033031005
0.0642211428337660	0.2181715173361311
0.0642438491228563	0.2203532325094928
0.0642666426288967	0.2225567648345881
0.0642895293171819	0.2247823324829336
0.0643124141262528	0.2270301558077626
0.0643353063858514	0.2293004573658405
0.0643582896793705	0.2315934619394983
0.0643813408432048	0.2339093965588933
0.0644044953595049	0.2362484905244819
0.0644277573433961	0.2386109754297260
0.0644509731755848	0.2409970851840232
0.0644742351962560	0.2434070560358639
0.0644976065546016	0.2458411265962230
0.0645210941554360	0.2482995378621847
0.0645446960490529	0.2507825332408069
0.0645683430471051	0.2532903585732153
0.0645919139391281	0.2558232621589472
0.0646156082500744	0.2583814947805367
0.0646394330736016	0.2609653097283416
0.0646633770473324	0.2635749628256249
0.0646874466033959	0.2662107124538806
0.0647114172383572	0.2688728195784198
0.0647355148342613	0.2715615477742033
0.0647597100544570	0.2742771632519455
0.0647840382172031	0.2770199348844646
0.0648085104399283	0.2797901342333090
0.0648328781970395	0.2825880355756420
0.0648573909038972	0.2854139159313982
0.0648820474701944	0.2882680550907121
0.0649068584637184	0.2911507356416190
0.0649317380140823	0.2940622429980352
0.0649565458102107	0.2970028654280153
0.0649815147622116	0.2999728940822962
0.0650066505168312	0.3029726230231197
0.0650319661717381	0.3060023492533516
0.0650572821411697	0.3090623727458847
0.0650826153883670	0.3121529964733439
0.0651081081921303	0.3152745264380766
0.0651337960051586	0.3184272717024572
0.0651596262634635	0.3216115444194814
0.0651853747764187	0.3248276598636762
0.0652113223484653	0.3280759364623138
0.0652374443370390	0.3313566958269367
0.0652637588329789	0.3346702627852062
0.0652899654987694	0.3380169654130585
0.0653163562014271	0.3413971350671888
0.0653429828413835	0.3448111064178611
0.0653698362817696	0.3482592174820406
0.0653965600226324	0.3517418096568607
0.0654234454930872	0.3552592277534292
0.0654505922626967	0.3588118200309635
0.0654779979610133	0.3623999382312729
0.0655053176213417	0.3660239376135849
0.0655327587083136	0.3696841769897201
0.0655604888334709	0.3733810187596172
0.0655885001345785	0.3771148289472130
0.0656163548629161	0.3808859772366846
0.0656444932317164	0.3846948370090519
0.0656728822596213	0.3885417853791419
0.0657014415452054	0.3924272032329342
0.0657299767327602	0.3963514752652625
0.0657588498613176	0.4003149900179157
0.0657880184898483	0.4043181399180948
0.0658171384365229	0.4083613213172756
0.0658464486676522	0.4124449345304478
0.0658761418085202	0.4165693838757516
0.0659060715405673	0.4207350777145087
0.0659358741845315	0.4249424284916541
0.0659660724706122	0.4291918527765702
0.0659967070580542	0.4334837713043352
0.0660272413059448	0.4378186090173792
0.0660580052734346	0.4421967951075528
0.0660892255226906	0.4466187630586280
0.0661206221956982	0.4510849506892148
0.0661520770967706	0.4555958001961061
0.0661839542675477	0.4601517581980681
0.0662161978853179	0.4647532757800490
0.0662484254299020	0.4694008085378489
0.0662810462369175	0.4740948166232277
0.0663141788332738	0.4788357647894597
0.0663471714204197	0.4836241224373538
0.0663807004083646	0.4884603636617270
0.0664147541338590	0.4933449672983434
0.0664486312651955	0.4982784169713259
0.0664831152873982	0.5032612011410401
0.0665181555417566	0.5082938131524495
0.0665530206713537	0.5133767512839732
0.0665885586644926	0.5185105187968132
0.0666246696018061	0.5236956239847810
0.0666606471137113	0.5289325802246293
0.0666973511782741	0.5342219060268762
0.0667345889074561	0.5395641250871452
0.0667718076345740	0.5449597663380166
0.0668098206588405	0.5504093640013977
0.0668482704289206	0.5559134576414118
0.0668869058214618	0.5614725922178250
0.0669263953693771	0.5670873181400036
0.0669661585932864	0.5727581913214038
0.0670064100634534	0.5784857732346186
0.0670475833446075	0.5842706309669642
0.0670887796547683	0.5901133372766332
0.0671307646381544	0.5960144706493991
0.0671737099389176	0.6019746153558937
0.0672166740911382	0.6079943615094522
0.0672607192394894	0.6140743051245474
0.0673054049126258	0.6202150481757925
0.0673504729337289	0.6264171986575509
0.0673971649321326	0.6326813706441261
0.0674434846716098	0.6390081843505677
0.0674912924819380	0.6453982661940729
0.0675399756062804	0.6518522488560134
0.0675891676273475	0.6583707713445740
0.0676401619434864	0.6649544790580207
0.0676909382061185	0.6716040238486005
0.0677436569578208	0.6783200640870857
0.0677972311186159	0.6851032647279570
0.0678516023449189	0.6919542973752359
0.0679083253025555	0.6988738403489888
0.0679647085605562	0.7058625787524792
0.0680237509972032	0.7129212045400034
0.0680834473881736	0.7200504165854038
0.0681450607794969	0.7272509207512580
0.0682085836848202	0.7345234299587705
0.0682729887650110	0.7418686642583576
0.0683407722634220	0.7492873509009410
0.0684084595456705	0.7567802244099511
0.0684802689230361	0.7643480266540499
0.0685528890775800	0.7719915069205909
0.0686284332626556	0.7797114219897975
0.0687074115847295	0.7875085362096949
0.0687875213614956	0.7953836215717918
0.0688737567698546	0.8033374577875103
0.0689594773562882	0.8113708323653848
0.0690523995324833	0.8194845406890389
0.0691466534745497	0.8276793860959287
0.0692488093319994	0.8359561799568874
0.0693528966464651	0.8443157417564569
0.0694636984275852	0.8527588991740211
0.0695819934293428	0.8612864881657613
0.0697071471022754	0.8698993530474193
0.0698415437420871	0.8785983465778938
0.0699815336833341	0.8873843300436725
0.0701398348212760	0.8962581733441088
0.0703049943536532	0.9052207550775496
0.0704961096605372	0.9142729626283251
0.0706875232697608	0.9234156922546085
0.0709285330692398	0.9326498491771544
0.0711409034610749	0.9406516374542120
0.0714165747968222	0.9500581538287540
0.0717332177705915	0.9644342527097278
0.0717503160703793	0.9574495367898376
0.0719967135366662	0.9637450393775387
0.0723824756948107	0.9709629685373956
0.0724798114516110	0.9768467824469481
0.0727171336372981	0.9815916122176774
0.0729259940619638	0.9804213821429010
0.0730892926932650	0.9740926976540683
0.0735187225975407	0.9875505863011048
0.0738632268263910	0.9917196297735430
0.0743620818410539	0.9925695266905654
0.0747927677800416	0.9912258166417083
0.0749043244673252	0.9867740111719799
0.0755955137199769	0.9960502050854014
0.0761903107586868	0.9977359691781915
0.0811150445167370	0.9993867994538032
0.0814624921540305	0.9995967322484607
0.0868172984763155	0.9998604063382691
0.0885273752105024	0.9999416764294101
0.0955138583057516	0.9999800888745173
0.0980349450207817	0.9999909557510184
0.1029944393954598	0.9999971084991994
0.1057875488647911	0.9999986929097900
0.1118964753197181	0.9999995998113150
0.1149278257299743	0.9999998217241806
0.1215402420161108	0.9999999461690202
0.1247170420933010	0.9999999756184637
0.1309445609672737	0.9999999925594768
0.1334167489193917	0.9999999965971382
0.1396177837840535	0.9999999989527725
0.1418457283493421	0.9999999995197206
0.1481997861826705	0.9999999998517626
0.1505035059725130	0.9999999999320532
0.1569920417686050	0.9999999999790600
0.1595178742732249	0.9999999999904188
0.1660958090824129	0.9999999999970591
0.1688743154082814	0.9999999999986571
0.1754940136337884	0.9999999999995898
0.1784941481611035	0.9999999999998128
0.1838868038821021	1.0000000000000575
0.1864099904609616	1.0000000000001035
0.1970612568503995	1.0000000000001246
0.1993891601609619	1.0000000000001297
0.2032953287708411	1.0000000000001787
0.2036556891312015	1.0000000000001852
0.2191760654921951	1.0000000000001865
0.2206824757486305	1.0000000000001867
0.2219324757491213	1.0000000000001867
8.2679854755522744	0.9800000000001831
8.2679854755522744	0.9999621998275153
8.3189974038201875	0.9999903943515208
8.6083452767022379	1.0001379031345343
8.6209675121383267	1.0000071295681461
8.6397464377815343	0.9999962283157650
8.6511989141136389	0.9999950575133912
8.6683100553724053	0.9999948602174029
8.6937308836682590	0.9999948470995851
8.7171367619022586	0.9999948463853888
8.7421916680548932	0.9999948463465044
8.7666900473246727	0.9999948463443874
8.7913932890166375	0.9999948463442722
8.8160231297353935	0.9999948463442659
8.8543813140876892	0.9999381692553119
8.9954154241361639	0.9999912783669630
8.9954218834351725	0.9999981491583066
9.1382375357186554	0.9999993004621535
9.2500003901398244	0.9999994039182075
9.3308046917551390	0.9999994056466038
9.4711425284800175	0.9999994056754807
9.6879727782816456	1.0000004384495453
9.6882066292478655	1.0000005719446001
9.9050154296338935	1.0000163537069908
9.9128511059033588	1.0000186938538111
9.9319071437813715	1.0000189957230852
