0.0000000000000000	0.0000000000000000
0.0651718975431363	0.0000300000000000
0.0654428394858841	0.0000110421495368
0.0658337289964918	0.0000150112382408
0.0663734484135716	0.0000250112382408
0.0664488977036955	0.0000183779535545
0.0665334878678820	0.0000270881463938
0.0671821531630974	0.0000211005749039
0.0677064971442902	0.0000311005749039
0.0682281824520341	0.0000412671163978
0.0686725167505759	0.0000611507063930
0.0687044918774059	0.0000504964283320
0.0689853051783015	0.0000604964283320
0.0693231538727656	0.0000703787113949
0.0696149445958251	0.0000803787113949
0.0698617399859461	0.0000903787113949
0.0700897613699626	0.0001021895962882
0.0703220752678300	0.0001121895962882
0.0704884091007306	0.0001221895962882
0.0706442347033852	0.0001321895962882
0.0707874293563072	0.0001421895962882
0.0709209036863934	0.0001521895962882
0.0710459146208959	0.0001621895962882
0.0711627949709202	0.0001721895962882
0.0712729255122430	0.0001821895962882
0.0713781723690227	0.0001921895962882
0.0714766111562678	0.0002021895962882
0.0715708076430797	0.0002121895962882
0.0716598512465302	0.0002221895962882
0.0717454629568493	0.0002321895962882
0.0718266751963414	0.0002421895962882
0.0719045821187790	0.0002521895962882
0.0719792974086433	0.0002621895962882
0.0720508215729009	0.0002721895962882
0.0721200372837302	0.0002821895962882
0.0721862518017417	0.0002921895962882
0.0722507114702284	0.0003021895962882
0.0723124101243506	0.0003121895962882
0.0723727116968831	0.0003221895962882
0.0724304016769647	0.0003321895962882
0.0724870544665692	0.0003421895962882
0.0725411605013108	0.0003521895962882
0.0725945205940840	0.0003621895962882
0.0726455140714911	0.0003721895962882
0.0726960181138146	0.0003821895962882
0.0727442859133218	0.0003921895962882
0.0727922198874855	0.0004021895962882
0.0728380279224279	0.0004121895962883
0.0728836310039436	0.0004221895962883
0.0729271999782232	0.0004321895962883
0.0729706085608808	0.0004421895962883
0.0730122652206763	0.0004521895962883
0.0730536459805346	0.0004621895962883
0.0730935499880844	0.0004721895962883
0.0731331271288314	0.0004821895962883
0.0731714168689233	0.0004921895962883
0.0732092859142653	0.0005021895962883
0.0732460424079063	0.0005121895962883
0.0732823599082025	0.0005221895962883
0.0733177416674231	0.0005321895962883
0.0733526074559306	0.0005421895962883
0.0733866993051506	0.0005521895962883
0.0734202795153849	0.0005621895962882
0.0734532099033423	0.0005721895962883
0.0734855848254731	0.0005821895962883
0.0735173068528530	0.0005921895962882
0.0735485057223467	0.0006021895962883
0.0735793089479180	0.0006121895962883
0.0736093988704719	0.0006221895962883
0.0736391619307331	0.0006321895962883
0.0736683901840014	0.0006421895962883
0.0736971800039384	0.0006521895962883
0.0737254582902908	0.0006621895962883
0.0737534095686864	0.0006721895962883
0.0737808255724696	0.0006821895962883
0.0738079760552523	0.0006921895962883
0.0738345863494146	0.0007021895962883
0.0738609542235563	0.0007121895962883
0.0738867832286163	0.0007221895962883
0.0739124552977798	0.0007321895962883
0.0739375131700535	0.0007421895962883
0.0739625814403484	0.0007521895962883
0.0739869281373979	0.0007621895962883
0.0740112382075935	0.0007721895962883
0.0740351169430006	0.0007821895962883
0.0740587258274311	0.0007921895962883
0.0740819344958674	0.0008021895962882
0.0741050179407481	0.0008121895962882
0.0741277451421254	0.0008221895962882
0.0741501617829654	0.0008321895962882
0.0741722866485864	0.0008421895962882
0.0741942184866236	0.0008521895962882
0.0742158923576292	0.0008621895962882
0.0742373400791773	0.0008721895962882
0.0742584562263926	0.0008821895962882
0.0742793280281041	0.0008921895962882
0.0743000159763850	0.0009021895962882
0.0743204354154633	0.0009121895962882
0.0743407023768717	0.0009221895962882
0.0743606802279160	0.0009321895962882
0.0743805336962303	0.0009421895962882
0.0744000768192622	0.0009521895962882
0.0744195263164502	0.0009621895962882
0.0744386509960644	0.0009721895962882
0.0744576996728303	0.0009821895962882
0.0744764007583495	0.0009921895962882
0.0744950647682549	0.0010021895962882
0.0745133926689136	0.0010122114922511
0.0745317265061660	0.0010223336071736
0.0745499263251102	0.0010325569432454
0.0745682532242090	0.0010428825126778
0.0745864805097715	0.0010533113378046
0.0746047884244435	0.0010638444511827
0.0746230485554884	0.0010744828956945
0.0746413412041577	0.0010852277246514
0.0746596390567603	0.0010960800018979
0.0746779061331326	0.0011070408019169
0.0746962466399199	0.0011181112099361
0.0747144931142499	0.0011292923220355
0.0747328290584838	0.0011405852452558
0.0747510971670320	0.0011519910977084
0.0747694035491152	0.0011635110086855
0.0747877288185177	0.0011751461187723
0.0748059967418361	0.0011868975799600
0.0748243417688689	0.0011987665557596
0.0748426198925713	0.0012107542213172
0.0748609229499360	0.0012228617635304
0.0748792742588446	0.0012350903811657
0.0748975405467370	0.0012474412849774
0.0749158641208278	0.0012599156978271
0.0749341957095316	0.0012725148548054
0.0749524794265031	0.0012852400033534
0.0749708113747446	0.0012980924033870
0.0749891396033839	0.0013110733274208
0.0750074304301443	0.0013241840606951
0.0750257619111685	0.0013374259013020
0.0750441022846635	0.0013508001603150
0.0750623925125899	0.0013643081619182
0.0750807171242942	0.0013779512435374
0.0750990722039401	0.0013917307559727
0.0751173687293610	0.0014056480635325
0.0751356824478110	0.0014197045441678
0.0751540213890961	0.0014339015896095
0.0751723654601758	0.0014482406055055
0.0751906660085331	0.0014627230115606
0.0752089876116785	0.0014773502416762
0.0752273284606258	0.0014921237440930
0.0752456783051295	0.0015070449815339
0.0752639827483687	0.0015221154313492
0.0752823039302912	0.0015373365856627
0.0753006378745364	0.0015527099515194
0.0753189842932775	0.0015682370510346
0.0753373237187266	0.0015839194215449
0.0753556382103098	0.0015997586157603
0.0753739639360513	0.0016157562019180
0.0753922970044796	0.0016319137639371
0.0754106382781729	0.0016482329015765
0.0754289839061970	0.0016647152305923
0.0754473259492497	0.0016813623828982
0.0754656492457306	0.0016981760067272
0.0754839769302525	0.0017151577667944
0.0755023100058756	0.0017323093444624
0.0755206457741353	0.0017496324379070
0.0755389850041441	0.0017671287622861
0.0755573256324608	0.0017848000499090
0.0755756682651673	0.0018026480504080
0.0755940113543428	0.0018206745309121
0.0756123552988290	0.0018388812762212
0.0756306990782232	0.0018572700889835
0.0756490417187220	0.0018758427898733
0.0756673791466701	0.0018946012177720
0.0756857179651103	0.0019135472299498
0.0757040582294777	0.0019326827022493
0.0757223997221041	0.0019520095292717
0.0757407419697808	0.0019715296245645
0.0757590839187738	0.0019912449208101
0.0757774254143250	0.0020111573700182
0.0757957669109970	0.0020312689437184
0.0758141079766754	0.0020515816331556
0.0758324493763552	0.0020720974494871
0.0758507902299677	0.0020928184239820
0.0758691317355577	0.0021137466082218
0.0758874726680109	0.0021348840743040
0.0759058140091313	0.0021562329150471
0.0759241552507015	0.0021777952441975
0.0759424967020691	0.0021995731966395
0.0759608385566261	0.0022215689286059
0.0759791803263146	0.0022437846178920
0.0759975228619315	0.0022662224640709
0.0760158652412127	0.0022888846887116
0.0760342080345866	0.0023117735355987
0.0760525513015611	0.0023348912709547
0.0760708946662927	0.0023582401836642
0.0760892387451553	0.0023818225855009
0.0761075829810648	0.0024056408113559
0.0761259275740570	0.0024296972194695
0.0761442730314405	0.0024539941916642
0.0761626184809423	0.0024785341335808
0.0761809644138137	0.0025033194749166
0.0761993111504764	0.0025283526696658
0.0762176579686492	0.0025536361963624
0.0762360052986446	0.0025791725583261
0.0762543534881071	0.0026049642839093
0.0762727017870341	0.0026310139267484
0.0762910505561779	0.0026573240660159
0.0763093999159124	0.0026838973066761
0.0763277494318989	0.0027107362797428
0.0763460995876833	0.0027378436425402
0.0763644505098884	0.0027652220789656
0.0763828016771631	0.0027928742997553
0.0764011533248109	0.0028208030427528
0.0764195056413602	0.0028490110731803
0.0764378587025780	0.0028775011839122
0.0764562120720745	0.0029062761957513
0.0764745659178982	0.0029353389577088
0.0764929203888975	0.0029646923472859
0.0765112755918426	0.0029943392707587
0.0765296313461832	0.0030242826634663
0.0765479875270541	0.0030545254901010
0.0765663442352580	0.0030850707450020
0.0765847015595735	0.0031159214524520
0.0766030595513123	0.0031470806669765
0.0766214182666707	0.0031785514736463
0.0766397774281972	0.0032103369883828
0.0766581370537133	0.0032424403582666
0.0766764972100035	0.0032748647618493
0.0766948579285613	0.0033076134094678
0.0767132192521904	0.0033406895435624
0.0767315811944089	0.0033740964389980
0.0767499437787117	0.0034078374033880
0.0767683070065276	0.0034419157774219
0.0767866708508567	0.0034763349351961
0.0768050352154804	0.0035110982845481
0.0768234001205599	0.0035462092673936
0.0768417655915539	0.0035816713600675
0.0768601316416040	0.0036174880736682
0.0768784982885776	0.0036536629544049
0.0768968655418437	0.0036901995839489
0.0769152333152874	0.0037271015797884
0.0769336015697834	0.0037643725955863
0.0769519703185292	0.0038020163215422
0.0769703395689523	0.0038400364847576
0.0769887093289772	0.0038784368496052
0.0770070796089292	0.0039172212181012
0.0770254504167037	0.0039563934302822
0.0770438217658113	0.0039959573645851
0.0770621936627653	0.0040359169382309
0.0770805661246742	0.0040762761076132
0.0770989391569074	0.0041170388686894
0.0771173127749613	0.0041582092573763
0.0771356869879982	0.0041997913499500
0.0771540618082991	0.0042417892634495
0.0771724372482937	0.0042842071560840
0.0771908133159225	0.0043270492276449
0.0772091900265091	0.0043703197199213
0.0772275673851980	0.0044140229171205
0.0772459454029547	0.0044581631462917
0.0772643240902708	0.0045027447777546
0.0772827034540641	0.0045477722255322
0.0773010835069649	0.0045932499477875
0.0773194642556082	0.0046391824472654
0.0773378457086757	0.0046855742717380
0.0773562278796270	0.0047324300144554
0.0773746107732944	0.0047797543145999
0.0773929943993723	0.0048275518577459
0.0774113787707671	0.0048758273763234
0.0774297638933781	0.0049245856500866
0.0774481497773924	0.0049738315065875
0.0774665364365269	0.0050235698216534
0.0774849238776387	0.0050738055198699
0.0775033121110609	0.0051245435750686
0.0775217011502821	0.0051757890108193
0.0775400910056742	0.0052275469009275
0.0775584816875385	0.0052798223699368
0.0775768732090191	0.0053326205936362
0.0775952655852406	0.0053859467995725
0.0776136588259437	0.0054398062675682
0.0776320529433757	0.0054942043302439
0.0776504479516334	0.0055491463735463
0.0776688438664344	0.0056046378372818
0.0776872406988141	0.0056606842156546
0.0777056384614976	0.0057172910578111
0.0777240371688265	0.0057744639683892
0.0777424368362403	0.0058322086080731
0.0777608374787576	0.0058905306941538
0.0777792391094235	0.0059494360010954
0.0777976417424991	0.0060089303611063
0.0778160453933116	0.0060690196647174
0.0778344500766355	0.0061297098613646
0.0778528558069724	0.0061910069599782
0.0778712625969697	0.0062529170295780
0.0778896704577914	0.0063154461998738
0.0779080794010345	0.0063786006618725
0.0779264894384832	0.0064423866684913
0.0779449005821796	0.0065068105351761
0.0779633128442793	0.0065718786405279
0.0779817262330637	0.0066375974269332
0.0780001407415022	0.0067039734012025
0.0780185563649129	0.0067710131352145
0.0780369731006875	0.0068387232665667
0.0780553909472386	0.0069071104992323
0.0780738099051335	0.0069761816042246
0.0780922299769221	0.0070459434202669
0.0781106511670314	0.0071164028544695
0.0781290734816689	0.0071875668830143
0.0781474969287408	0.0072594425518444
0.0781659215177993	0.0073320369773629
0.0781843472598580	0.0074053573471365
0.0782027741673337	0.0074794109206079
0.0782212022538552	0.0075542050298140
0.0782396315342074	0.0076297470801121
0.0782580620241655	0.0077060445509132
0.0782764937405260	0.0077831049964224
0.0782949267009510	0.0078609360463866
0.0783133609240380	0.0079395454068504
0.0783317964289858	0.0080189408609189
0.0783502332340665	0.0080991302695282
0.0783686713568863	0.0081801215722235
0.0783871108146297	0.0082619227879457
0.0784055516243412	0.0083445420158251
0.0784239938030588	0.0084279874359834
0.0784424373680836	0.0085122673103432
0.0784608823370528	0.0085973899834466
0.0784793287279823	0.0086833638832811
0.0784977765593367	0.0087701975221139
0.0785162258499993	0.0088578994973351
0.0785346766193801	0.0089464784923085
0.0785531288874579	0.0090359432772315
0.0785715826748277	0.0091263027100038
0.0785900380028206	0.0092175657371039
0.0786084948935386	0.0093097413944749
0.0786269533699312	0.0094028388084197
0.0786454134559016	0.0094968671965038
0.0786638751763301	0.0095918358684688
0.0786823385570201	0.0096877542271535
0.0787008036246576	0.0097846317694251
0.0787192704067424	0.0098824780871193
0.0787377389297115	0.0099813028679905
0.0787562092188794	0.0100811158966704
0.0787746812877280	0.0101819270556371
0.0787931551313083	0.0102837463261935
0.0788116306138067	0.0103865837894554
0.0788301074657614	0.0104904496273499
0.0788485857153526	0.0105953541236234
0.0788670653915415	0.0107013076648597
0.0788855465242298	0.0108083207415083
0.0789040291444108	0.0109164039489234
0.0789225132841990	0.0110255679884126
0.0789409989767485	0.0111358236682967
0.0789594862562306	0.0112471819049797
0.0789779751578373	0.0113596537240295
0.0789964657178050	0.0114732502612697
0.0790149579734378	0.0115879827638824
0.0790334519631575	0.0117038625915212
0.0790519477265723	0.0118209012174365
0.0790704453045500	0.0119391102296108
0.0790889447383942	0.0120585013319069
0.0791074460680593	0.0121790863452260
0.0791259493324531	0.0123008772086782
0.0791444545697278	0.0124238859807650
0.0791629618175886	0.0125481248405726
0.0791814711135863	0.0126736060889784
0.0791999824953959	0.0128003421498682
0.0792184960010843	0.0129283455713668
0.0792370116693704	0.0130576290270805
0.0792555295398800	0.0131882053173512
0.0792740496533035	0.0133200873705247
0.0792925720513944	0.0134532882442300
0.0793110967305666	0.0135878211266723
0.0793296159643416	0.0137236993379390
0.0793481377362990	0.0138609363313184
0.0793666620619783	0.0139995456946316
0.0793851889345261	0.0141395411515779
0.0794037183532838	0.0142809365630937
0.0794222503208045	0.0144237459287246
0.0794407848430412	0.0145679833880118
0.0794593219295180	0.0147136632218919
0.0794778615934053	0.0148607998541109
0.0794964038514074	0.0150094078526521
0.0795149487237009	0.0151595019311785
0.0795334962339227	0.0153110969504902
0.0795520464091746	0.0154642079199952
0.0795705992800496	0.0156188499991951
0.0795891548806810	0.0157750384991870
0.0796077132488149	0.0159327888841789
0.0796262744256209	0.0160921167730207
0.0796448384549473	0.0162530379407508
0.0796634053800631	0.0164155683201583
0.0796819752441842	0.0165797240033599
0.0797005480909778	0.0167455212433935
0.0797191239650492	0.0169129764558274
0.0797377029124147	0.0170821062203857
0.0797562848016265	0.0172529272825895
0.0797748691241861	0.0174254565554155
0.0797934559786354	0.0175997111209696
0.0798120454510869	0.0177757082321793
0.0798306375789231	0.0179534653145011
0.0798492324025143	0.0181329999676460
0.0798678299721780	0.0183143299673225
0.0798864303433976	0.0184974732669957
0.0799050335741497	0.0186824479996657
0.0799236397231526	0.0188692724796624
0.0799422488503961	0.0190579652044591
0.0799608610174322	0.0192485448565037
0.0799794762877045	0.0194410303050688
0.0799980947268859	0.0196354406081194
0.0800167164032215	0.0198317950142007
0.0800353413878831	0.0200301129643426
0.0800539697552153	0.0202304140939860
0.0800726015827217	0.0204327182349259
0.0800912369506501	0.0206370454172751
0.0801098759375590	0.0208434158714479
0.0801285186212342	0.0210518500301623
0.0801471650795671	0.0212623685304640
0.0801658153667441	0.0214749922157686
0.0801844694970627	0.0216897421379263
0.0802031274939187	0.0219066395593055
0.0802217893894148	0.0221257059548986
0.0802404552240786	0.0223469630144475
0.0802591250466834	0.0225704326445920
0.0802777989141461	0.0227961369710379
0.0802964768876621	0.0230240983407484
0.0803151590311519	0.0232543393241559
0.0803338454117017	0.0234868827173975
0.0803525361000049	0.0237217515445715
0.0803712311708480	0.0239589690600172
0.0803899298460320	0.0241985587506174
0.0804086320709650	0.0244405443381234
0.0804273379947156	0.0246849497815046
0.0804460477667519	0.0249317992793196
0.0804647615373819	0.0251811172721127
0.0804834794102162	0.0254329284448339
0.0805022014517459	0.0256872577292822
0.0805209277340406	0.0259441303065750
0.0805396583353141	0.0262035716096409
0.0805583874576145	0.0264656073257372
0.0805771118479293	0.0267302633989945
0.0805958410360746	0.0269975660329844
0.0806145731327076	0.0272675416933143
0.0806333101825996	0.0275402171102475
0.0806520522814713	0.0278156192813500
0.0806707995271399	0.0280937754741635
0.0806895520201467	0.0283747132289052
0.0807083098645439	0.0286584603611942
0.0807270731686284	0.0289450449648061
0.0807458420457035	0.0292344954144541
0.0807646165435742	0.0295268403685988
0.0807833966966552	0.0298221087722848
0.0808021825560055	0.0301203298600077
0.0808209741850026	0.0304215331586077
0.0808397716549414	0.0307257484901937
0.0808585750457006	0.0310330059750957
0.0808773833960152	0.0313433360348466
0.0808961965602291	0.0316567693951951
0.0809150147229228	0.0319733370891470
0.0809338380724559	0.0322930704600384
0.0809526668016107	0.0326160011646388
0.0809715011042518	0.0329421611762851
0.0809903411719566	0.0332715827880480
0.0810091871298537	0.0336042986159283
0.0810280390665521	0.0339403416020877
0.0810468970842557	0.0342797450181085
0.0810657612987628	0.0346225424682895
0.0810846318396411	0.0349687678929724
0.0811035088505447	0.0353184555719020
0.0811223924800641	0.0356716401276211
0.0811412828827825	0.0360283565288975
0.0811601802203651	0.0363886400941864
0.0811790846627310	0.0367525264951283
0.0811979963892741	0.0371200517600795
0.0812169154906659	0.0374912522776805
0.0812358420476002	0.0378661648004573
0.0812547749547639	0.0382448264484618
0.0812737139525098	0.0386272747129466
0.0812926592554891	0.0390135474600760
0.0813115945316201	0.0394036829346768
0.0813305307762955	0.0397977197640237
0.0813494742422773	0.0401956969616640
0.0813684251403267	0.0405976539312805
0.0813873836938694	0.0410036304705932
0.0814063501288452	0.0414136667752992
0.0814253246753796	0.0418278034430520
0.0814443074365050	0.0422460814774826
0.0814632985256798	0.0426685422922573
0.0814822980795876	0.0430952277151798
0.0815013062581018	0.0435261799923314
0.0815203232392635	0.0439614417922548
0.0815393492127063	0.0444010562101772
0.0815583843816621	0.0448450667722790
0.0815774289425618	0.0452935174400016
0.0815964810370822	0.0457464526144015
0.0816155410382444	0.0462039171405454
0.0816346091621703	0.0466659563119508
0.0816536856423279	0.0471326158750703
0.0816727707250176	0.0476039420338208
0.0816918646710858	0.0480799814541590
0.0817109677575037	0.0485607812687006
0.0817300802791236	0.0490463890813878
0.0817492025481142	0.0495368529722016
0.0817683348822522	0.0500322215019236
0.0817874774856230	0.0505325437169429
0.0818066289157416	0.0510378691541122
0.0818257884179823	0.0515482478456534
0.0818449494370502	0.0520637303241098
0.0818640987669554	0.0525843676273509
0.0818832585172166	0.0531102113036246
0.0819024279023800	0.0536413134166609
0.0819216073118607	0.0541777265508277
0.0819407971449411	0.0547195038163360
0.0819599978086596	0.0552666988544993
0.0819792095247059	0.0558193658430445
0.0819984325535669	0.0563775595014748
0.0820176671823296	0.0569413350964896
0.0820369137208755	0.0575107484474544
0.0820561725048373	0.0580858559319288
0.0820754438973889	0.0586667144912481
0.0820947282862443	0.0592533816361604
0.0821140258794690	0.0598459154525219
0.0821333342251102	0.0604443746070474
0.0821526536817676	0.0610488183531180
0.0821719846809270	0.0616593065366490
0.0821913276817712	0.0622758996020157
0.0822106831730485	0.0628986585980361
0.0822300516472860	0.0635276451840165
0.0822494335586500	0.0641629216358568
0.0822688282414507	0.0648045508522154
0.0822881973402044	0.0654525963607376
0.0823075814077254	0.0661071223243450
0.0823269807790416	0.0667681935475883
0.0823463958230430	0.0674358754830640
0.0823658245872969	0.0681102342378948
0.0823852666904773	0.0687913365802739
0.0824047227821175	0.0694792499460767
0.0824241932880538	0.0701740424455375
0.0824436786555779	0.0708757828699931
0.0824631793668652	0.0715845406986930
0.0824826959408236	0.0723003861056798
0.0825022289364656	0.0730233899667368
0.0825217789552007	0.0737536238664044
0.0825413447279559	0.0744911601050686
0.0825609213194809	0.0752360717061193
0.0825805125964685	0.0759884324231807
0.0826001192323208	0.0767483167474124
0.0826197419410323	0.0775157999148867
0.0826393435600756	0.0782909579140355
0.0826589520819047	0.0790738674931760
0.0826785791195229	0.0798646061681080
0.0826982251011978	0.0806632522297889
0.0827178905240289	0.0814698847520869
0.0827375759554392	0.0822845835996079
0.0827572805812197	0.0831074294356041
0.0827770023739922	0.0839385037299602
0.0827967422663543	0.0847778887672596
0.0828165008974339	0.0856256676549322
0.0828362789468128	0.0864819243314815
0.0828560771630272	0.0873467435747966
0.0828758963392318	0.0882202110105445
0.0828957373218301	0.0891024131206500
0.0829156007042534	0.0899934372518564
0.0829354610716126	0.0908933716243747
0.0829553068247504	0.0918023053406187
0.0829751732218387	0.0927203283940250
0.0829950611496174	0.0936475316779655
0.0830149715509546	0.0945840069947454
0.0830349054338956	0.0955298470646931
0.0830548634712775	0.0964851455353403
0.0830748455230601	0.0974499969906938
0.0830948451967713	0.0984244969606007
0.0831148662408509	0.0994087419302066
0.0831349098687377	0.1004028293495083
0.0831549772624400	0.1014068576430034
0.0831750693319775	0.1024209262194332
0.0831951870682505	0.1034451354816272
0.0832152677330987	0.1044795868364433
0.0832353709970974	0.1055243827048077
0.0832555036005048	0.1065796265318556
0.0832756623411808	0.1076454227971741
0.0832958467167990	0.1087218770251459
0.0833160578627564	0.1098090957953974
0.0833362970119617	0.1109071867533514
0.0833565655047701	0.1120162586208853
0.0833768645341016	0.1131364212070939
0.0833971950839319	0.1142677854191651
0.0834175530564513	0.1154104632733567
0.0834379357476582	0.1165645679060900
0.0834582734752726	0.1177302135851508
0.0834786425174926	0.1189075157210022
0.0834990426422632	0.1200965908782122
0.0835194667333652	0.1212975567869940
0.0835399257932034	0.1225105323548644
0.0835604182390946	0.1237356376784131
0.0835809417969399	0.1249729940551975
0.0836014982892716	0.1262227239957491
0.0836220891440862	0.1274849512357061
0.0836427159417545	0.1287598007480632
0.0836633418516745	0.1300473987555434
0.0836839535526058	0.1313478727430986
0.0837046036325134	0.1326613514705296
0.0837252891540684	0.1339879649852347
0.0837460117932187	0.1353278446350867
0.0837667733946561	0.1366811230814380
0.0837875759667897	0.1380479343122526
0.0838084212540322	0.1394284136553750
0.0838293058168774	0.1408226977919285
0.0838502266765490	0.1422309247698476
0.0838711020947564	0.1436532340175465
0.0838919932623118	0.1450897663577220
0.0839129293440989	0.1465406640212991
0.0839339120287696	0.1480060706615118
0.0839549417159065	0.1494861313681270
0.0839760131466726	0.1509809926818080
0.0839971290077247	0.1524908026086257
0.0840182918426957	0.1540157106347119
0.0840395038128461	0.1555558677410587
0.0840606594568286	0.1571114264184691
0.0840818605202115	0.1586825406826537
0.0841031084385014	0.1602693660894806
0.0841244060992052	0.1618720597503757
0.0841457559558433	0.1634907803478798
0.0841671472988246	0.1651256881513581
0.0841885908889287	0.1667769450328716
0.0842100841572575	0.1684447144832008
0.0842315358100034	0.1701291616280328
0.0842530138553850	0.1718304532443126
0.0842745503932559	0.1735487577767554
0.0842961485337163	0.1752842453545227
0.0843178081540703	0.1770370878080675
0.0843395243021572	0.1788074586861484
0.0843613002921892	0.1805955332730096
0.0843831119942621	0.1824014886057397
0.0844048759316291	0.1842255034917973
0.0844267019191218	0.1860677585267157
0.0844485788797957	0.1879284361119832
0.0844705200465627	0.1898077204731026
0.0844925294163160	0.1917057976778340
0.0845146113028010	0.1936228556546124
0.0845367384684884	0.1955590842111588
0.0845588110262292	0.1975146750532706
0.0845809536647540	0.1994898218038036
0.0846031708235534	0.2014847200218411
0.0846254673041058	0.2034995672220593
0.0846478455616984	0.2055345628942802
0.0846702811176657	0.2075899085232226
0.0846926984588936	0.2096658076084544
0.0847151166223281	0.2117624656845392
0.0847376217711378	0.2138800903413846
0.0847602178006377	0.2160188912447982
0.0847828942884894	0.2181790801572461
0.0848056569305537	0.2203608709588184
0.0848284569714214	0.2225644796684067
0.0848512198214641	0.2247901244650901
0.0848740824931300	0.2270380257097413
0.0848970050504479	0.2293084059668386
0.0849200225846795	0.2316014900265074
0.0849431422892063	0.2339175049267723
0.0849662799047720	0.2362566799760403
0.0849894056718262	0.2386192467758011
0.0850126317008779	0.2410054392435595
0.0850359652331689	0.2434154936359954
0.0850594134154596	0.2458496485723558
0.0850829570248789	0.2483081450580798
0.0851064144193601	0.2507912265086611
0.0851299449406962	0.2532991387737478
0.0851535966852214	0.2558321301614849
0.0851773768386637	0.2583904514630989
0.0852012717573960	0.2609743559777302
0.0852251755968189	0.2635840995375081
0.0852490859388917	0.2662199405328826
0.0852731115416154	0.2688821399382114
0.0852972533157110	0.2715709613375931
0.0853215263702635	0.2742866709509688
0.0853458324534247	0.2770295376604789
0.0853701332233363	0.2797998330370836
0.0853945874987004	0.2825978313674543
0.0854191833065740	0.2854238096811287
0.0854439093383853	0.2882780477779394
0.0854686093788608	0.2911608282557193
0.0854933549747678	0.2940724365382772
0.0855182568598379	0.2970131609036595
0.0855433224250961	0.2999832925126969
0.0855685640107936	0.3029831254378235
0.0855936982503589	0.3060129566922022
0.0856189394282642	0.3090730862591243
0.0856443549019162	0.3121638171217156
0.0856699612211841	0.3152854552929319
0.0856956075350552	0.3184383098458609
0.0857212735036570	0.3216226929443193
0.0857471335099911	0.3248389198737630
0.0857731495736842	0.3280873090725007
0.0857993104344280	0.3313681821632255
0.0858253912514872	0.3346818639848574
0.0858516841269445	0.3380286826247052
0.0858782079609049	0.3414089694509519
0.0859049353562045	0.3448230591454618
0.0859314788438199	0.3482712897369161
0.0859582550946489	0.3517540026342858
0.0859852851084748	0.3552715426606293
0.0860125625660896	0.3588242580872351
0.0860396894104105	0.3624125006681082
0.0860670058994537	0.3660366256747886
0.0860946032492342	0.3696969919315365
0.0861224159177528	0.3733939618508513
0.0861501349476657	0.3771279014693589
0.0861781293475084	0.3808991804840529
0.0862063666860451	0.3847081722888931
0.0862347229786268	0.3885552540117819
0.0862631027430020	0.3924408065518993
0.0862918093038297	0.3963652146174193
0.0863208098735376	0.4003288667635940
0.0863497217716186	0.4043321554312295
0.0863788517038938	0.4083754769855426
0.0864083496897769	0.4124592317553978
0.0864380728134059	0.4165838240729519
0.0864676774954730	0.4207496623136809
0.0864976641110072	0.4249571589368177
0.0865280706172101	0.4292067305261863
0.0865583986661152	0.4334987978314484
0.0865889315753323	0.4378337858097632
0.0866199049593639	0.4422121236678601
0.0866510643856891	0.4466342449045393
0.0866822926852539	0.4511005873535845
0.0867138987691399	0.4556115932271204
0.0867458936423384	0.4601677091593921
0.0867778298678421	0.4647693862509855
0.0868101898296086	0.4694170801134944
0.0868430492178778	0.4741112509146292
0.0868757322902545	0.4788523634237764
0.0869089691728681	0.4836408870580152
0.0869426660720453	0.4884772959285954
0.0869762663081672	0.4933620688878804
0.0870104250080227	0.4982956895767588
0.0870450720308438	0.5032786464725256
0.0870796423454777	0.5083114329372516
0.0871147936908362	0.5133945472666239
0.0871505475755676	0.5185284927392894
0.0871861490443877	0.5237137776666823
0.0872224334106110	0.5289509154433489
0.0872593568541365	0.5342404245977832
0.0872960607562910	0.5395828288437607
0.0873336429111268	0.5449786571321993
0.0873717212629956	0.5504284437035222
0.0874097776684350	0.5559327281405567
0.0874487915323479	0.5614920554219632
0.0874881488064437	0.5671069759761820
0.0875277650385144	0.5727780457359433
0.0875683458238493	0.5785058261933030
0.0876090957926961	0.5842908844552368
0.0876504980087519	0.5901337932997888
0.0876928544955987	0.5960351312327857
0.0877351325035633	0.6019954825451131
0.0877784370940882	0.6080154373705651
0.0878225700427242	0.6140955917442713
0.0878668771693336	0.6202365476617148
0.0879125312623848	0.6264389131383311
0.0879584976869591	0.6327033022697134
0.0880051476081686	0.6390303352924113
0.0880533895184529	0.6454206386453357
0.0881013528062536	0.6518748450317894
0.0881511975483497	0.6583935934821077
0.0882013050655947	0.6649775294169289
0.0882526990098466	0.6716273047110979
0.0883055307907123	0.6783435777582081
0.0883585462365119	0.6851270135357903
0.0884136109237744	0.6919782836711483
0.0884692989438821	0.6988980665078594
0.0885263798559195	0.7058870471729380
0.0885854585311165	0.7129459176446670
0.0886447553246969	0.7200753768211139
0.0887074563288269	0.7272761305893243
0.0887696307228282	0.7345488918952177
0.0888348587317821	0.7418943808141696
0.0889015740875862	0.7493133246223115
0.0889701901579495	0.7568064578685342
0.0890418329295491	0.7643745224472195
0.0891140503913148	0.7720182676716913
0.0891911369395824	0.7797384503484077
0.0892681363346299	0.7875358348518916
0.0893500457634260	0.7954111932004104
0.0894334993147536	0.8033653051324144
0.0895218223047945	0.8113989581837390
0.0896132278653426	0.8195129477655763
0.0897083477913190	0.8277080772432315
0.0898101526721236	0.8359851580156634
0.0899143741518114	0.8443450095958200
0.0900278542918797	0.8527884596917781
0.0901427913386007	0.8613163442886960
0.0902722593913571	0.8699295077315834
0.0904016344133125	0.8786288028088990
0.0905487280363597	0.8874150908369877
0.0906981424040093	0.8962892417453577
0.0908676200077480	0.9052521341628114
0.0910544314083090	0.9143046555044394
0.0912500212744732	0.9234477020594840
0.0914856830118518	0.9326821790800788
0.0916937740219166	0.9406240963676237
0.0919634768281810	0.9500303373313000
0.0923426153995175	0.9595306407046128
0.0927836704365762	0.9691259471116591
0.0933227020639799	0.9817474442999905
0.0935917192589921	0.9870787390189613
0.0938877850426309	0.9847805183996882
0.0940122407131091	0.9793342637463468
0.0944906209110272	0.9900349193580574
0.0948914876895337	0.9926293853381233
0.0964613970772358	0.9958436306125397
0.0992608838303221	0.9980906434249012
0.0993906204129148	0.9991130343843456
0.1008570245453234	0.9992429816380795
0.1043105531753981	0.9996620641283043
0.1062920916113150	0.9998559478012964
0.1090859416370114	0.9999598979780934
0.1134895135973569	0.9999826768553043
0.1214455048283015	0.9999952938565033
0.1251818692976532	0.9999978452040490
0.1320741344621580	0.9999993981187095
0.1351199959892376	0.9999997256707105
0.1420589830882890	0.9999999227100363
0.1451306835583539	0.9999999645376444
0.1519372951435455	0.9999999898563059
0.1546830290172767	0.9999999953217222
0.1613858627161361	0.9999999986443303
0.1638638278929973	0.9999999993738886
0.1706390492894087	0.9999999998165073
0.1729991775880719	0.9999999999151080
0.1797529059231947	0.9999999999748508
0.1819691840114664	0.9999999999883604
0.1887386655945925	0.9999999999965240
0.1909402274642202	0.9999999999983930
0.1977538125202228	0.9999999999995176
0.2000524183300210	0.9999999999997773
0.2068847312351629	0.9999999999999331
0.2093217393934190	0.9999999999999692
0.2162109070742213	0.9999999999999903
0.2187553631411670	0.9999999999999956
0.2249952369763601	0.9999999999999989
0.2279514413559222	0.9999999999999992
0.2334769610929210	0.9999999999999999
0.2369491833151432	1.0000000000000000
0.2428553880394138	1.0005998703311805
0.2502972436418285	1.0006305133391080
0.2658033817714275	1.0001111978253938
0.2736350880344727	1.0000965188683597
0.2862527560668646	1.0000953917141180
0.3000543762336622	0.9997495780245788
0.3410326910549015	0.9999085530014697
0.3796891095138999	0.9999552854035778
0.4125043148293626	0.9999756194643825
0.4141450907329676	0.9999842882669305
0.4207584042208460	0.9999854086167963
0.4494313515882613	0.9999860565225004
0.4499895045968284	0.9999861402694982
0.4509989645770332	0.9999936221476368
0.4510305091066500	0.9999945892317467
0.4803325697670819	0.9999950024645766
0.4869296343096063	0.9999950558768163
0.4955175368174755	0.9999974644830321
0.5316463969354154	0.9999976073374187
0.5428539143600951	0.9999991426794164
0.5754188702523159	0.9999992573091988
0.5920311502807853	0.9999992609203451
0.6132549182717579	0.9999992630698874
0.6259548803647094	0.9999992632191130
0.6492625164321654	0.9999992632277912
0.6660079760085286	0.9999992632283867
0.6894576899063400	0.9999992632284215
0.7082584235842443	0.9999992632284236
0.7165005845080306	0.9999992632284237
0.7214101129850166	0.9999992632284236
0.7302713413035639	1.0008218338282979
0.7307717536589677	1.0013518063691402
0.7380818447790112	1.0000758270463128
0.7617970110636690	1.0000050221819410
0.7698659859775956	0.9999996665096548
0.7883604146459613	0.9999992991186095
0.8030303844484066	0.9999992738775866
0.8187632339980583	0.9999992721429766
0.8341845411629086	0.9999992720237666
0.8496962366338046	0.9999992720155736
0.8651847994723054	0.9999992720150106
0.8807493642327530	0.9999992720149722
0.8953725949326321	0.9999992720149693
0.9107379967980939	0.9999991242439092
2.4060518366644321	0.9998159260490279
2.4098247699396098	0.9999310501670836
2.5894736169913322	0.9999746821716371
2.6016214024666460	0.9999952641015916
2.6019518082672084	0.9999980178975520
2.6225481549852834	0.9999987895361285
2.6233757451047244	0.9999989430241429
2.6333586722282845	0.9999989931139737
2.6405229348934576	0.9999990034986730
2.6520907095452482	0.9999990069275730
2.6603828830502976	0.9999990076405014
2.6724195896820713	0.9999990078760876
2.6809034572952140	0.9999990079250798
2.6930547711660831	0.9999990079412697
2.7015798917416607	0.9999990079446365
2.7137583857932106	0.9999990079457494
2.7222974214850422	0.9999990079459806
2.7344618108998682	0.9999990079460573
2.7430103062743179	0.9999990079460730
2.7551012849974730	0.9999990079460784
2.7637913382818238	0.9999990079460795
2.7673276003354181	0.9999990079460795
2.7765163325705933	1.0099989980255402
2.7768841258808390	1.0005867715333123
2.7821135647308846	1.0001455199789109
2.8010985646642528	1.0000091719782926
2.8184552086382659	0.9999997409656589
2.8358883375352462	0.9999990990915804
2.8530766270736669	0.9999990550552532
2.8703966865637764	0.9999990520290488
2.8876914913779053	0.9999990518210777
2.9049949273911357	0.9999990518067852
2.9222893982882905	0.9999990518058031
2.9396947997212632	0.9999990518057353
2.9580137156669739	0.9999990518057308
2.9715439224076263	0.9999988938755994
2.9955511156753922	0.9999988677634928
3.0257148173255013	0.9999988014495833
3.2706129994115436	0.9995877724944445
3.2867448771867225	0.9999474296555754
3.2906182175224807	0.9999875112296021
3.2920038836159304	0.9999960157772885
3.3118044091831775	0.9999984099818102
3.3265243047144128	0.9999987591802135
3.3475910508249198	0.9999988446759286
3.3504212276438001	0.9999989428181287
3.3573667222767445	0.9999989680340161
3.3756866503395480	0.9999989735689592
3.3945952616587118	0.9999989745240843
3.4009823227258176	0.9999989747869612
3.4065715494326514	0.9999989748699272
3.4086246781926439	0.9999989748999121
3.4214678719746612	0.9999989749071002
3.4324753900616116	0.9999989749085130
3.4474085423678482	0.9999989749088645
3.4516766216670716	0.9999989749089859
3.4652706376155384	0.9999989749090147
3.4759451728225419	0.9999989749090205
3.4930395701638570	0.9999989749090216
3.4959961190250497	0.9999989749090223
3.5106617883364222	0.9999989749090223
4.1995711532947588	1.0099989646581127
4.1998923939528865	1.0000248838148795
4.2773427481369355	1.0000030089827638
4.2803610404315666	0.9999996088374152
4.3017873475138870	0.9999990705782527
4.3213486455168679	0.9999989806568370
4.3372271313227326	0.9999989653599187
4.3543554480296232	0.9999989627479684
4.3713919891596609	0.9999989623016091
4.3884477856525717	0.9999989622253124
4.4055034500120778	0.9999989622122701
4.4225567799901286	0.9999989622100405
4.4396042888051568	0.9999989622096596
4.4565631566776069	0.9999989622095942
4.4715296170419876	0.9999989594371993
4.4936792984737375	0.9999989527986443
6.6965697739439669	1.0001956598629891
6.7442475420277432	0.9605917671908760
6.7442475420278436	0.9899976376271767
6.7446120804525718	1.0001437785647920
6.7569440229886872	0.9996530933746355
6.7746325970608225	1.0000202136142273
6.7990140657665359	1.0000927384291680
6.8105856600169083	0.9999968665685527
9.2396159899512611	1.0000334727361258
9.4921566587443333	0.9604328646966597
9.4921566587444328	0.9898338707708200
9.4924694361919801	1.0003008231822477
9.5039315205160353	1.0000066784509956
