0.0000000000000000	0.0000000000000000
0.0688169863490632	0.0000300000000000
0.0690695442823799	0.0000112478788822
0.0693397693898769	0.0000153227715357
0.0700155559940490	0.0000253227715357
0.0700610857758641	0.0000178408244007
0.0701599766739254	0.0000258798743789
0.0707277555560742	0.0000325819703357
0.0709139401303446	0.0000226520795380
0.0715091006814693	0.0000426401752809
0.0716895949535634	0.0000343407906876
0.0717303340893196	0.0000375340339870
0.0722583767787833	0.0000479546333296
0.0726464804037339	0.0000576415054440
0.0729604126385284	0.0000676415054440
0.0732291287527605	0.0000776415054440
0.0734700005106999	0.0000883668723100
0.0736995046680470	0.0000983668723100
0.0738863396860177	0.0001083668723100
0.0740653284237935	0.0001183668723100
0.0742201507232844	0.0001283668723100
0.0743713184695109	0.0001383668723100
0.0745061247461177	0.0001483668723100
0.0746330473761356	0.0001583668723100
0.0747489280758473	0.0001683668723100
0.0748615852508978	0.0001783668723100
0.0749654870309991	0.0001883668723100
0.0750681038805618	0.0001983668723100
0.0751616714435397	0.0002083668723100
0.0752539972476468	0.0002183668723100
0.0753390928987122	0.0002283668723100
0.0754229264751465	0.0002383668723100
0.0755009461690870	0.0002483668723100
0.0755774598177713	0.0002583668723100
0.0756495073338252	0.0002683668723100
0.0757199888054104	0.0002783668723100
0.0757869278318221	0.0002883668723100
0.0758522445609340	0.0002983668723100
0.0759146522082796	0.0003083668723100
0.0759754751256917	0.0003183668723100
0.0760339743413247	0.0003283668723100
0.0760909304697047	0.0003383668723100
0.0761460269949528	0.0003483668723100
0.0761996156160409	0.0003583668723100
0.0762516756359205	0.0003683668723100
0.0763021731623706	0.0003783668723100
0.0763515169099363	0.0003883668723100
0.0763994438870142	0.0003983668723100
0.0764463343162400	0.0004083668723100
0.0764917686970058	0.0004183668723100
0.0765364418124217	0.0004283668723100
0.0765797295266595	0.0004383668723100
0.0766223821319266	0.0004483668723100
0.0766636411301147	0.0004583668723100
0.0767044064472234	0.0004683668723100
0.0767438107891941	0.0004783668723100
0.0767828952263766	0.0004883668723100
0.0768206316706697	0.0004983668723100
0.0768581700470948	0.0005083668723100
0.0768943906736464	0.0005183668723100
0.0769304878646092	0.0005283668723100
0.0769652992568688	0.0005383668723100
0.0769999893201473	0.0005483668723100
0.0770335740922669	0.0005583668723100
0.0770669900493003	0.0005683668723100
0.0770993393044775	0.0005783668723100
0.0771314685470860	0.0005883668723100
0.0771628080165354	0.0005983668723100
0.0771938997305162	0.0006083668723100
0.0772241408401516	0.0006183668723100
0.0772541473823206	0.0006283668723100
0.0772835388526729	0.0006383668723100
0.0773125133268728	0.0006483668723100
0.0773410826904509	0.0006583668723100
0.0773690924015874	0.0006683668723100
0.0773968207656277	0.0006783668723100
0.0774239911506028	0.0006883668723100
0.0774509436182163	0.0006983668723100
0.0774772948012628	0.0007083668723100
0.0775034651854698	0.0007183668723100
0.0775291252266224	0.0007283668723100
0.0775545374570707	0.0007383668723100
0.0775795766408593	0.0007483668723100
0.0776042590458157	0.0007583668723100
0.0776285539531617	0.0007683668723100
0.0776527633306162	0.0007783668723100
0.0776763312717502	0.0007883668723100
0.0776998509732360	0.0007983668723100
0.0777229280140467	0.0008083668723100
0.0777459185335167	0.0008183668723100
0.0777683229601522	0.0008283668723100
0.0777907270054167	0.0008383668723100
0.0778126624491003	0.0008483668723100
0.0778345673395765	0.0008583668723100
0.0778559941577978	0.0008683668723100
0.0778773038484015	0.0008783668723100
0.0778982378127836	0.0008883668723100
0.0779190790848388	0.0008983668723100
0.0779395872213204	0.0009083668723100
0.0779599812560595	0.0009183668723100
0.0779800694556862	0.0009283668723100
0.0780000102739546	0.0009383668723100
0.0780196854427248	0.0009483668723100
0.0780391536249556	0.0009583668723100
0.0780583944962084	0.0009683668723100
0.0780774538955262	0.0009783668723100
0.0780963208874991	0.0009883668723100
0.0781149936550853	0.0009983668723100
0.0781334985296773	0.0010083668723100
0.0781517905378834	0.0010184505410331
0.0781700993129163	0.0010286350464434
0.0781883605184434	0.0010389213969078
0.0782066931625131	0.0010493106108769
0.0782249421829082	0.0010598037169857
0.0782433041171027	0.0010704017541555
0.0782615414223497	0.0010811057716971
0.0782798928619860	0.0010919168294141
0.0782981556738751	0.0011028359977082
0.0783164826413434	0.0011138643576853
0.0783347906461614	0.0011250030012621
0.0783530883116099	0.0011362530312748
0.0783714461036222	0.0011476155615875
0.0783897151641812	0.0011590917172034
0.0784080669443648	0.0011706826343754
0.0784263652616696	0.0011823894607192
0.0784446814759016	0.0011942133553264
0.0784630435492261	0.0012061554888796
0.0784813238497980	0.0012182170437684
0.0784996688909158	0.0012303992142061
0.0785179984032480	0.0012427032063482
0.0785363043259724	0.0012551302384116
0.0785546642363102	0.0012676815407958
0.0785729777266576	0.0012803583562037
0.0785912968859230	0.0012931619397658
0.0786096605748913	0.0013060935591634
0.0786279738188763	0.0013191544947551
0.0786462965136405	0.0013323460397026
0.0786646562118126	0.0013456695000996
0.0786829841427085	0.0013591261951006
0.0787013037034504	0.0013727174570516
0.0787196536837362	0.0013864446316221
0.0787380103415684	0.0014003090779384
0.0787563219853022	0.0014143121687177
0.0787746589818684	0.0014284552904049
0.0787930205564418	0.0014427398433090
0.0788113586157278	0.0014571672417421
0.0788296807471639	0.0014717389141595
0.0788480239219889	0.0014864563033011
0.0788663824471770	0.0015013208663341
0.0788847297433799	0.0015163340749974
0.0789030551289480	0.0015314974157474
0.0789213932638866	0.0015468123899049
0.0789397449622674	0.0015622805138039
0.0789581055793959	0.0015779033189420
0.0789764472220819	0.0015936823521314
0.0789947790341394	0.0016096191756527
0.0790131188817599	0.0016257153674092
0.0790314670625244	0.0016419725210833
0.0790498205907677	0.0016583922462942
0.0790681795153941	0.0016749761687571
0.0790865288181975	0.0016917259304447
0.0791048649236653	0.0017086431897491
0.0791232062512737	0.0017257296216466
0.0791415511267690	0.0017429869178631
0.0791598992726406	0.0017604167870417
0.0791782495803592	0.0017780209549121
0.0791966016936914	0.0017958011644612
0.0792149549324775	0.0018137591761058
0.0792333088001239	0.0018318967678669
0.0792516630772181	0.0018502157355456
0.0792700171866688	0.0018687178929010
0.0792883712709373	0.0018874050718300
0.0793067246247967	0.0019062791225483
0.0793250743772846	0.0019253419137738
0.0793434256908165	0.0019445953329116
0.0793617778256746	0.0019640412862407
0.0793801300902207	0.0019836816991031
0.0793984814835892	0.0020035185160941
0.0794168330336071	0.0020235537012551
0.0794351837291230	0.0020437892382676
0.0794535348292882	0.0020642271306503
0.0794718850853216	0.0020848694019568
0.0794902356085132	0.0021057180959764
0.0795085855356551	0.0021267752769361
0.0795269353049581	0.0021480430297055
0.0795452849264350	0.0021695234600025
0.0795636350070514	0.0021912186946026
0.0795819847017701	0.0022131308815486
0.0796003348641253	0.0022352621903641
0.0796186848924181	0.0022576148122677
0.0796370350839181	0.0022801909603904
0.0796553857547897	0.0023029928699943
0.0796737362427885	0.0023260227986943
0.0796920872340489	0.0023492830266812
0.0797104383625572	0.0023727758569480
0.0797287896102565	0.0023965036155175
0.0797471415463869	0.0024204686516727
0.0797654934334583	0.0024446733381894
0.0797838456007999	0.0024691200715713
0.0798021985237580	0.0024938112722870
0.0798205513347983	0.0025187493850099
0.0798389043859339	0.0025439368788600
0.0798572580835617	0.0025693762476486
0.0798756117270004	0.0025950700101251
0.0798939656102619	0.0026210207102263
0.0799123200751931	0.0026472309173286
0.0799306747534311	0.0026737032265019
0.0799490296151407	0.0027004402587669
0.0799673849498421	0.0027274446613545
0.0799857408893436	0.0027547191079681
0.0800040969167234	0.0027822662990478
0.0800224532821177	0.0028100889620382
0.0800408101728391	0.0028381898516586
0.0800591676420936	0.0028665717501752
0.0800775252981807	0.0028952374676770
0.0800958833108802	0.0029241898423537
0.0801142418323147	0.0029534317407773
0.0801326009757252	0.0029829660581850
0.0801509604970203	0.0030127957187669
0.0801693203439475	0.0030429236759546
0.0801876806264071	0.0030733529127141
0.0802060414366644	0.0031040864418412
0.0802244028459627	0.0031351273062597
0.0802427648491425	0.0031664785793223
0.0802611272025365	0.0031981433651155
0.0802794899834429	0.0032301247987666
0.0802978532511558	0.0032624260467543
0.0803162170569822	0.0032950503072218
0.0803345814351708	0.0033280008102941
0.0803529464176800	0.0033612808183970
0.0803713120193701	0.0033948936265810
0.0803896782293660	0.0034288425628468
0.0804080449250101	0.0034631309884752
0.0804264121347640	0.0034977622983600
0.0804447798924815	0.0035327399213436
0.0804631482141566	0.0035680673205570
0.0804815156554581	0.0036037479937626
0.0804998831972784	0.0036397854737002
0.0805182513883563	0.0036761833284372
0.0805366202285989	0.0037129451617216
0.0805549897326123	0.0037500746133388
0.0805733598982101	0.0037875753594722
0.0805917307283497	0.0038254511130669
0.0806101022157807	0.0038637056241976
0.0806284743632767	0.0039023426804396
0.0806468471553260	0.0039413661072439
0.0806652205833435	0.0039807797683164
0.0806835946378325	0.0040205875659996
0.0807019693114931	0.0040607934416596
0.0807203446008981	0.0041014013760762
0.0807387204986354	0.0041424153898369
0.0807570970075241	0.0041838395437353
0.0807754741201167	0.0042256779391726
0.0807938518388679	0.0042679347185644
0.0808122301626857	0.0043106140657500
0.0808306090930325	0.0043537202064075
0.0808489886360065	0.0043972574084716
0.0808673687913028	0.0044412299825563
0.0808857495665958	0.0044856422823819
0.0809041309660376	0.0045304987052057
0.0809225129950023	0.0045758036922577
0.0809408956652164	0.0046215617291803
0.0809592789798065	0.0046677773464721
0.0809776629476097	0.0047144551199369
0.0809960475801448	0.0047615996711362
0.0810144328831209	0.0048092156678476
0.0810328188672519	0.0048573078245261
0.0810512055446993	0.0049058809027713
0.0810695929228452	0.0049549397117990
0.0810879810133147	0.0050044891089170
0.0811063698301892	0.0050545340000062
0.0811247593816378	0.0051050793400063
0.0811431496795294	0.0051561301334064
0.0811615407386681	0.0052076914347404
0.0811799325701786	0.0052597683490878
0.0811983251857903	0.0053123660325787
0.0812167185998471	0.0053654896929045
0.0812351128287303	0.0054191445898335
0.0812535078838163	0.0054733360357319
0.0812719037789242	0.0055280693960892
0.0812903005300030	0.0055833500900501
0.0813086981544466	0.0056391835909506
0.0813270966657794	0.0056955754268601
0.0813454960777714	0.0057525311811287
0.0813638964043898	0.0058100564929400
0.0813822976599164	0.0058681570578694
0.0814006998583405	0.0059268386284481
0.0814191030096624	0.0059861070147326
0.0814375071247005	0.0060459680848799
0.0814559122147521	0.0061064277657287
0.0814743182917132	0.0061674920433860
0.0814927253678257	0.0062291669638199
0.0815111334557856	0.0062914586334581
0.0815295425661540	0.0063543732197927
0.0815479527100095	0.0064179169519906
0.0815663638992845	0.0064820961215105
0.0815847761466182	0.0065469170827256
0.0816031894654041	0.0066123862535528
0.0816216038695915	0.0066785101160884
0.0816400193736378	0.0067452952172492
0.0816584359924022	0.0068127481694217
0.0816768537411133	0.0068808756511159
0.0816952726353337	0.0069496844076271
0.0817136926909411	0.0070191812517034
0.0817321139241503	0.0070893730642204
0.0817505363513645	0.0071602667948626
0.0817689599893142	0.0072318694628113
0.0817873848553517	0.0073041881574394
0.0818058109673928	0.0073772300390137
0.0818242383348698	0.0074510023394039
0.0818426669544678	0.0075255123627979
0.0818610968259872	0.0076007674864259
0.0818795279515365	0.0076767751612902
0.0818979603342321	0.0077535429129031
0.0819163939781764	0.0078310783420321
0.0819348288884621	0.0079093891254525
0.0819532650712200	0.0079884830167070
0.0819717025336213	0.0080683678468741
0.0819901412838877	0.0081490515253428
0.0820085813313683	0.0082305420405962
0.0820270226864759	0.0083128474610022
0.0820454653607949	0.0083959759356122
0.0820639093670562	0.0084799356949684
0.0820823547191866	0.0085647350519180
0.0821008014323842	0.0086503824024372
0.0821192495230881	0.0087368862264616
0.0821376990090730	0.0088242550887262
0.0821561499093100	0.0089124976396135
0.0821746022438601	0.0090016226160097
0.0821930560338538	0.0090916388421697
0.0822115113013950	0.0091825552305914
0.0822299679582809	0.0092743807828973
0.0822484257573770	0.0093671245907263
0.0822668847476477	0.0094607958366335
0.0822853449771787	0.0095554037949998
0.0823038064933135	0.0096509578329498
0.0823222693405538	0.0097474674112794
0.0823407335610745	0.0098449420853921
0.0823591991952128	0.0099433915062461
0.0823776662818773	0.0100428254213086
0.0823961348587805	0.0101432536755217
0.0824146049626635	0.0102446862122769
0.0824330766295237	0.0103471330743997
0.0824515498947741	0.0104506044051436
0.0824700247934442	0.0105551104491950
0.0824885013603889	0.0106606615536870
0.0825069796304883	0.0107672681692239
0.0825254596387992	0.0108749408509161
0.0825439414207424	0.0109836902594253
0.0825624250035154	0.0110935271620196
0.0825809103895447	0.0112044624336398
0.0825993975857392	0.0113165070579762
0.0826178866030623	0.0114296721285559
0.0826363774562113	0.0115439688498415
0.0826548701633541	0.0116594085383399
0.0826733647437862	0.0117760026237233
0.0826918612174769	0.0118937626499605
0.0827103596053091	0.0120127002764601
0.0827288599292878	0.0121328272792247
0.0827473622127566	0.0122541555520170
0.0827658664805970	0.0123766971075372
0.0827843727593409	0.0125004640786125
0.0828028810771350	0.0126254687193987
0.0828213914637474	0.0127517234065927
0.0828399039505897	0.0128792406406586
0.0828584185707584	0.0130080330470652
0.0828769353590917	0.0131381133775359
0.0828954543522374	0.0132694945113112
0.0829139755887508	0.0134021894564244
0.0829324991091908	0.0135362113509886
0.0829510249547866	0.0136715734644986
0.0829695531656418	0.0138082891991436
0.0829880837811253	0.0139463720911351
0.0830066168402523	0.0140858358120464
0.0830251523820571	0.0142266941701669
0.0830436904459603	0.0143689611118686
0.0830622310721115	0.0145126507229873
0.0830807742971781	0.0146577772302172
0.0830993201180720	0.0148043550025194
0.0831178685381794	0.0149523985525446
0.0831364195668895	0.0151019225380701
0.0831549732192157	0.0152529417634508
0.0831735295154948	0.0154054711810853
0.0831920884811408	0.0155595258928961
0.0832106501464491	0.0157151211518251
0.0832292145429255	0.0158722723633433
0.0832477813988310	0.0160309950869767
0.0832663504054608	0.0161913050378465
0.0832849194212723	0.0163532180882250
0.0833034840761719	0.0165167502691072
0.0833220512222472	0.0166819177717983
0.0833406209223425	0.0168487369495163
0.0833591932397074	0.0170172243190115
0.0833777682383251	0.0171873965622016
0.0833963459832547	0.0173592705278236
0.0834149265409738	0.0175328632331018
0.0834335099797087	0.0177081918654329
0.0834520963694630	0.0178852737840873
0.0834706857818696	0.0180641265219282
0.0834892782861392	0.0182447677871474
0.0835078739498587	0.0184272154650189
0.0835264728312047	0.0186114876196690
0.0835450749390144	0.0187976024958657
0.0835636802887223	0.0189855785208243
0.0835822889023870	0.0191754343060326
0.0836009008085728	0.0193671886490929
0.0836195160420692	0.0195608605355838
0.0836381346437053	0.0197564691409397
0.0836567566602237	0.0199540338323491
0.0836753821442137	0.0201535741706726
0.0836940111519320	0.0203551099123793
0.0837126437406548	0.0205586610115031
0.0837312799635367	0.0207642476216182
0.0837499198801351	0.0209718900978343
0.0837685635542358	0.0211816089988126
0.0837872110524983	0.0213934250888007
0.0838058624448944	0.0216073593396887
0.0838245178051467	0.0218234329330856
0.0838431772108765	0.0220416672624164
0.0838618407336771	0.0222620839350406
0.0838805083861643	0.0224847047743910
0.0838991801889837	0.0227095518221349
0.0839178559475496	0.0229366473403562
0.0839365349710824	0.0231660138137598
0.0839552173576716	0.0233976739518974
0.0839739032078003	0.0236316506914163
0.0839925926249491	0.0238679671983305
0.0840112857157780	0.0241066468703139
0.0840299825903979	0.0243477133390170
0.0840486833627065	0.0245911904724072
0.0840673881507562	0.0248371023771313
0.0840860970710956	0.0250854734009026
0.0841048102396366	0.0253363281349117
0.0841235277724629	0.0255896914162608
0.0841422497866639	0.0258455883304235
0.0841609764011596	0.0261040442137277
0.0841797059975613	0.0263650846558650
0.0841984399519179	0.0266287355024237
0.0842171786461861	0.0268950228574478
0.0842359221501835	0.0271639730860223
0.0842546705397451	0.0274356128168826
0.0842734238955682	0.0277099689450515
0.0842921823039654	0.0279870686345019
0.0843109458576285	0.0282669393208470
0.0843297146562148	0.0285496087140555
0.0843484888065142	0.0288351048011960
0.0843672657750233	0.0291234558492080
0.0843860336219984	0.0294146904077001
0.0844048074260258	0.0297088373117770
0.0844235871208067	0.0300059256848947
0.0844423716309277	0.0303059849417438
0.0844611611075930	0.0306090447911611
0.0844799556423588	0.0309151352390728
0.0844987553363879	0.0312242865914635
0.0845175603006212	0.0315365294573781
0.0845363706560663	0.0318518947519518
0.0845551865342023	0.0321704136994713
0.0845740080756817	0.0324921178364660
0.0845928354234790	0.0328170390148306
0.0846116687240753	0.0331452094049789
0.0846305081286709	0.0334766614990288
0.0846493537944332	0.0338114281140192
0.0846682058856333	0.0341495423951593
0.0846870645018490	0.0344910378191108
0.0847059297117507	0.0348359481973019
0.0847248015996263	0.0351843076792750
0.0847436802609336	0.0355361507560676
0.0847625658033061	0.0358915122636284
0.0847814583475242	0.0362504273862646
0.0848003580276447	0.0366129316601272
0.0848192645042548	0.0369790609767284
0.0848381767912650	0.0373488515864958
0.0848570951540248	0.0377223401023609
0.0848760198543359	0.0380995635033845
0.0848949511532017	0.0384805591384184
0.0849138891830940	0.0388653647298026
0.0849328340902525	0.0392540183771006
0.0849517860375638	0.0396465585608717
0.0849707452050485	0.0400430241464805
0.0849897117853393	0.0404434543879452
0.0850086859780472	0.0408478889318246
0.0850276679912284	0.0412563678211428
0.0850466580429487	0.0416689314993541
0.0850656445472577	0.0420856208143476
0.0850846260202634	0.0425064770224913
0.0851036164787700	0.0429315417927162
0.0851226159958743	0.0433608572106433
0.0851416246669473	0.0437944657827497
0.0851606425341292	0.0442324104405772
0.0851796678217719	0.0446747345449829
0.0851987008025299	0.0451214818904325
0.0852177417614679	0.0455726967093369
0.0852367909968700	0.0460284236764304
0.0852558488147007	0.0464887079131948
0.0852749155236896	0.0469535949923269
0.0852939913431099	0.0474231309422502
0.0853130764381915	0.0478973622516728
0.0853321710008742	0.0483763358741896
0.0853512752498768	0.0488600992329316
0.0853703894248596	0.0493487002252608
0.0853895137791063	0.0498421872275135
0.0854086460185896	0.0503406090997885
0.0854277874337996	0.0508440151907865
0.0854469389441436	0.0513524553426944
0.0854660993088766	0.0518659798961213
0.0854852688251131	0.0523846396950827
0.0855044478100556	0.0529084860920335
0.0855236365961149	0.0534375709529537
0.0855428355330073	0.0539719466624832
0.0855620449897745	0.0545116661291080
0.0855812456468626	0.0550567827903989
0.0856004441128349	0.0556073506183031
0.0856196545833623	0.0561634241244860
0.0856388772336061	0.0567250583657309
0.0856581122593294	0.0572923089493883
0.0856773598936109	0.0578652320388823
0.0856966204079959	0.0584438843592710
0.0857158929702216	0.0590283232028638
0.0857351763165890	0.0596186064348925
0.0857544709503795	0.0602147924992413
0.0857737773860770	0.0608169404242340
0.0857930959494009	0.0614251098284763
0.0858124269766960	0.0620393609267612
0.0858317708436917	0.0626597545360290
0.0858511279493618	0.0632863520813893
0.0858704987191433	0.0639192156022034
0.0858898836084803	0.0645584077582254
0.0859092830259069	0.0652039918358078
0.0859286972426929	0.0658560317541659
0.0859481235944616	0.0665145920717075
0.0859675624799087	0.0671797379924247
0.0859869972573651	0.0678515353723491
0.0860064218477263	0.0685300507260726
0.0860258609706346	0.0692153512333332
0.0860453151801514	0.0699075047456665
0.0860647850263729	0.0706065797931229
0.0860842708315565	0.0713126455910544
0.0861037729705333	0.0720257720469651
0.0861232918733902	0.0727460297674347
0.0861428280233167	0.0734734900651092
0.0861623732271944	0.0742082249657601
0.0861819330988155	0.0749503072154176
0.0862015084087244	0.0756998102875720
0.0862210996617695	0.0764568083904479
0.0862407074212795	0.0772213764743522
0.0862603322996020	0.0779935902390957
0.0862799749440703	0.0787735261414866
0.0862996360427910	0.0795612614029015
0.0863193161252988	0.0803568740169302
0.0863389666398761	0.0811604427570995
0.0863586331804772	0.0819720471846706
0.0863783168496276	0.0827917676565176
0.0863980183707126	0.0836196853330826
0.0864177385092568	0.0844558821864132
0.0864374780793097	0.0853004410082775
0.0864572378225339	0.0861534454183605
0.0864770182948388	0.0870149798725438
0.0864968201167773	0.0878851296712695
0.0865166439781180	0.0887639809679824
0.0865364876032427	0.0896516207776622
0.0865563504088019	0.0905481369854386
0.0865762333941853	0.0914536183552932
0.0865961373118034	0.0923681545388463
0.0866160629847745	0.0932918360842349
0.0866359562796939	0.0942247544450770
0.0866558672981766	0.0951670019895280
0.0866758032167014	0.0961186720094233
0.0866957592807666	0.0970798587295176
0.0867157347831308	0.0980506573168130
0.0867357324074946	0.0990311638899810
0.0867557531720609	0.1000214755288806
0.0867757981752345	0.1010216902841692
0.0867958685665382	0.1020319071870107
0.0868159652148022	0.1030522262588806
0.0868360889774216	0.1040827485214697
0.0868562391769253	0.1051235760066846
0.0868764130571521	0.1061748117667516
0.0868965519340287	0.1072365598844190
0.0869167083830151	0.1083089254832629
0.0869368926221327	0.1093920147380957
0.0869571055967917	0.1104859348854766
0.0869773483936483	0.1115907942343313
0.0869976221908328	0.1127067021766745
0.0870179256037769	0.1138337691984412
0.0870382564438900	0.1149721068904253
0.0870586159293652	0.1161218279593294
0.0870790054149687	0.1172830462389224
0.0870994263494721	0.1184558767013113
0.0871198510892440	0.1196404354683241
0.0871402446098521	0.1208368398230075
0.0871606738936045	0.1220452082212379
0.0871811340757060	0.1232656603034503
0.0872016260505734	0.1244983169064850
0.0872221514810592	0.1257433000755500
0.0872427121395920	0.1270007330763052
0.0872633093570450	0.1282707404070680
0.0872839445662186	0.1295534478111385
0.0873046136425069	0.1308489822892495
0.0873253168707814	0.1321574721121421
0.0873459784611796	0.1334790468332639
0.0873666648613781	0.1348138373015969
0.0873873910583260	0.1361619756746128
0.0874081587109294	0.1375235954313587
0.0874289696296712	0.1388988313856718
0.0874498174835113	0.1402878196995289
0.0874707004737316	0.1416906978965244
0.0874916139527594	0.1431076048754893
0.0875125704328123	0.1445386809242440
0.0875335292287633	0.1459840677334869
0.0875544716465445	0.1474439084108215
0.0875754591832648	0.1489183474949298
0.0875964894714195	0.1504075309698788
0.0876175647600992	0.1519116062795778
0.0876386874926724	0.1534307223423732
0.0876598602114586	0.1549650295657972
0.0876810825660323	0.1565146798614551
0.0877023498283725	0.1580798266600702
0.0877235838936050	0.1596606249266709
0.0877448345969688	0.1612572311759371
0.0877661384841369	0.1628698034876961
0.0877874829115893	0.1644985015225726
0.0878088797654812	0.1661434865377985
0.0878303267156355	0.1678049214031769
0.0878518270744756	0.1694829706172083
0.0878733840150028	0.1711778003233808
0.0878949078570550	0.1728895783266148
0.0879164546476753	0.1746184741098810
0.0879380614263299	0.1763646588509798
0.0879597252479046	0.1781283054394896
0.0879814499061234	0.1799095884938849
0.0880032384016419	0.1817086843788239
0.0880250940913472	0.1835257712226119
0.0880469636826930	0.1853610289348384
0.0880687815569660	0.1872146392241871
0.0880906648344498	0.1890867856164294
0.0881126169279265	0.1909776534725935
0.0881346415205143	0.1928874300073192
0.0881567364520247	0.1948163043073921
0.0881788989811717	0.1967644673504661
0.0882010885014323	0.1987321120239703
0.0882232408094855	0.2007194331442095
0.0882454725706237	0.2027266274756522
0.0882677850677744	0.2047538937504081
0.0882901568209735	0.2068014326879116
0.0883125959688428	0.2088694470147908
0.0883351181774542	0.2109581414849392
0.0883575913983808	0.2130677228997881
0.0883801145251967	0.2151984001287858
0.0884027190667060	0.2173503841300739
0.0884254101605634	0.2195238879713743
0.0884481932083866	0.2217191268510879
0.0884710712901750	0.2239363181195982
0.0884939237079663	0.2261756813007940
0.0885167675742343	0.2284374381138017
0.0885397062072242	0.2307218124949396
0.0885627466645150	0.2330290306198893
0.0885858893669736	0.2353593209260875
0.0886091287763788	0.2377129141353480
0.0886323131839938	0.2400900432767011
0.0886555590872471	0.2424909437094686
0.0886789194781534	0.2449158531465633
0.0887023790570773	0.2473650116780292
0.0887259225940240	0.2498386617948095
0.0887495265014249	0.2523370484127570
0.0887730816855556	0.2548604188968849
0.0887967654834569	0.2574090230858541
0.0888205640846192	0.2599831133167130
0.0888444860736746	0.2625829444498795
0.0888685398740074	0.2652087738943786
0.0888924627437852	0.2678608616333230
0.0889164987448574	0.2705394702496556
0.0889406663182389	0.2732448649521523
0.0889649744075005	0.2759773136016730
0.0889894305231572	0.2787370867376889
0.0890137705442139	0.2815244576050656
0.0890382497897946	0.2843397021811156
0.0890628667797415	0.2871830992029260
0.0890876133638654	0.2900549301949554
0.0891124657232972	0.2929554794969058
0.0891372411517832	0.2958850342918747
0.0891621797363991	0.2988438846347931
0.0891872932347604	0.3018323234811405
0.0892125775984067	0.3048506467159519
0.0892378265845081	0.3078991531831123
0.0892631030255943	0.3109781447149428
0.0892885699941285	0.3140879261620914
0.0893142274063696	0.3172288054237116
0.0893400333237800	0.3204010934779488
0.0893657416815467	0.3236051044127286
0.0893916158224265	0.3268411554568558
0.0894176830583151	0.3301095670114249
0.0894439527748684	0.3334106626815384
0.0894701359206310	0.3367447693083529
0.0894964914034083	0.3401122170014361
0.0895230734334944	0.3435133391714512
0.0895498184676253	0.3469484725631662
0.0895765192032044	0.3504179572887980
0.0896033662888545	0.3539221368616853
0.0896304679037285	0.3574613582303013
0.0896578179048498	0.3610359718126050
0.0896850485330262	0.3646463315307319
0.0897124464055563	0.3682927948460401
0.0897401217253280	0.3719757227945008
0.0897680733389865	0.3756954800224461
0.0897959068250279	0.3794524348226697
0.0898239285585568	0.3832469591708955
0.0898522492760393	0.3870794287626054
0.0898807882865751	0.3909502230502311
0.0899092584060235	0.3948597252807334
0.0899380425932845	0.3988083225335407
0.0899670942003736	0.4027964057588757
0.0899961943139476	0.4068243698164651
0.0900254353004315	0.4108926135146305
0.0900550529133093	0.4150015396497773
0.0900848992489534	0.4191515550462755
0.0901146111634971	0.4233430705967376
0.0901447355531226	0.4275765013027054
0.0901752742063972	0.4318522663157328
0.0902057190956803	0.4361707889788910
0.0902363880604637	0.4405324968686801
0.0902675317668689	0.4449378218373678
0.0902988863787852	0.4493872000557421
0.0903301695088468	0.4538810720562997
0.0903619489774267	0.4584198827768626
0.0903941740437143	0.4630040816046312
0.0904262170801473	0.4676341224206783
0.0904587156570716	0.4723104636448855
0.0904917950484488	0.4770335682813336
0.0905247127876446	0.4818039039641460
0.0905580178683053	0.4866219430037872
0.0905919436879691	0.4914881624338241
0.0906258003614261	0.4964030440581619
0.0906600741867281	0.5013670744987442
0.0906949563860438	0.5063807452437318
0.0907297998051241	0.5114445526961695
0.0907651220931396	0.5165589982231303
0.0908010948236968	0.5217245882053609
0.0908369887891325	0.5269418340874145
0.0908734459798685	0.5322112524282884
0.0909106569657148	0.5375333649525708
0.0909476861162802	0.5429086986020973
0.0909854111545840	0.5483377855881176
0.0910238316498135	0.5538211634439985
0.0910622974933766	0.5593593750784385
0.0911014507197773	0.5649529688292235
0.0911411807513367	0.5706024985175167
0.0911811343712496	0.5763085235026923
0.0912220120053106	0.5820716087377191
0.0912631709679626	0.5878923248250966
0.0913048176510404	0.5937712480733484
0.0913477190971778	0.5997089605540825
0.0913903158027171	0.6057060501596228
0.0914340299147380	0.6117631106612196
0.0914786403544060	0.6178807417678315
0.0915233642217313	0.6240595491855107
0.0915696353572435	0.6303001446773648
0.0916158083994888	0.6366031461241394
0.0916632613037016	0.6429691775853816
0.0917117794830328	0.6493988693612358
0.0917604408857784	0.6558928580548474
0.0918108796334524	0.6624517866353953
0.0918615669880134	0.6690763045017484
0.0919136011807478	0.6757670675467651
0.0919670698822104	0.6825247382222334
0.0920207555401736	0.6893499856044562
0.0920769014255875	0.6962434854605004
0.0921329876879609	0.7032059203151055
0.0921911689912315	0.7102379795182568
0.0922506522944436	0.7173403593134386
0.0923115596037021	0.7245137629065738
0.0923748226030626	0.7317589005356391
0.0924380744839449	0.7390764895409949
0.0925048241902264	0.7464672544364048
0.0925722428010132	0.7539319269807694
0.0926425441240871	0.7614712462505770
0.0927148667479108	0.7690859587130822
0.0927893045051739	0.7767768183002127
0.0928678933790757	0.7845445864832153
0.0929464048027342	0.7923900323480479
0.0930313578164483	0.8003139326715281
0.0931163517808090	0.8083170719982434
0.0932072796400401	0.8164002427182252
0.0933008589601846	0.8245642451454076
0.0934002404418493	0.8328098875968619
0.0935035260253078	0.8411379864728303
0.0936120124124785	0.8495493663375586
0.0937289917373769	0.8580448600009345
0.0938461670801617	0.8666253086009436
0.0939800949574530	0.8752915616869527
0.0941136244654787	0.8840444773038226
0.0942692770008442	0.8928849220768611
0.0944266289270963	0.9018137712976299
0.0946108347898629	0.9108319090106060
0.0947979114039019	0.9199402281007116
0.0950186013032917	0.9287498902507012
0.0952515640626207	0.9380373891532081
0.0955006628429987	0.9462815050259361
0.0958043953174862	0.9557443200761956
0.0958222684037031	0.9526172991376839
0.0960491580424391	0.9621434721290607
0.0965472834569873	0.9717649068503514
0.0971524433041610	0.9840815059728050
0.0974886840378965	0.9880683419227094
0.0978161975624293	0.9814906950962767
0.0983496255658623	0.9910773490309593
0.0987283417180103	0.9935342323735589
0.1007463167375920	0.9956167463595242
0.1016467736454637	0.9971540946882489
0.1023982877595674	0.9985067286649892
0.1044722047342118	0.9990922191735180
0.1048146924562646	0.9993424490626037
0.1064273630351174	0.9996833858735320
0.1099869991408541	0.9998293757199354
0.1118789718371116	0.9999314908672750
0.1165647722085933	0.9999655253099575
0.1210881216947880	0.9999898259230589
0.1244503534510480	0.9999953504930007
0.1310621412712953	0.9999986964946085
0.1341513482286689	0.9999993934853847
0.1410877081378965	0.9999998250402502
0.1436265534305263	0.9999999179707516
0.1503488479330203	0.9999999758173410
0.1524492943838372	0.9999999887305860
0.1593238544667920	0.9999999966469669
0.1615968827132679	0.9999999984371812
0.1684131955860014	0.9999999995290337
0.1705383272808431	0.9999999997807912
0.1773172461043613	0.9999999999334661
0.1795236508866272	0.9999999999691499
0.1863604946896222	0.9999999999906201
0.1887988063528187	0.9999999999956677
0.1956436028041003	0.9999999999986842
0.1982978391829119	0.9999999999993940
0.2051071030453973	0.9999999999998164
0.2079129057075801	0.9999999999999156
0.2146823055420636	0.9999999999999744
0.2175436290575929	0.9999999999999885
0.2243374391999322	0.9999999999999964
0.2272248112135841	0.9999999999999983
0.2333880142459478	0.9999999999999996
0.2357382446606943	0.9999999999999999
0.2428553880394417	1.0000341692591486
0.2614033984349609	1.0000488071705014
0.4210414743690902	1.0000016582498492
2.4002162923196773	0.9605668748031702
2.4002162923196773	0.9853974676501611
2.4003771863581007	0.9957429631973672
2.4014441754257692	0.9993453562286418
2.4057828469620697	0.9997772975867575
2.4299326694733434	0.9999495921692027
2.4394471289122346	0.9999820281085479
2.4505174895779960	0.9999943477558204
2.4618355461435515	0.9999961452658790
2.4928450519159973	0.9999964076321362
2.5208605487144928	0.9999964415241880
2.5441054891083006	0.9999964508553657
2.5700802854285816	0.9999964520613884
2.5894742566700613	0.9999989384255685
2.5894775728908974	0.9999992598082510
2.6029816431218245	1.0000006778173069
2.6036205063959814	1.0000008611062456
2.6295618624351018	1.0000009642589771
2.6347455748039095	1.0000009775921710
2.6508702368559747	1.0000009847073525
2.6576542908051652	1.0000009856270475
2.6716024590539154	1.0000009861161523
2.6788754235469385	1.0000009861793735
2.6923179604792611	1.0000009862129871
2.6997352347327084	1.0000009862173320
2.7130427908812638	1.0000009862196424
2.7205012238307429	1.0000009862199410
2.7337926350476254	1.0000009862200998
2.7413246465335104	1.0000009862201200
2.7543864606002550	1.0000009862201311
2.7613874256319750	1.0000009862201324
2.7689947042744190	1.0000009862201324
2.7765163325705906	1.0100009960823337
2.7769707403412021	1.0017097313472780
2.7787614992712841	1.0006567751873614
2.7920255174156914	1.0001160576718167
2.7983220271115359	1.0000468720950579
2.8077894627706081	1.0000098768438825
2.8136461417646439	1.0000050909234579
2.8253379865923534	1.0000025368892393
2.8312971636348463	1.0000022067399013
2.8425569906019650	1.0000020310663118
2.8485381853760088	1.0000020083589547
2.8598803240871753	1.0000019962856470
2.8658658792016105	1.0000019947250716
2.8771751031450474	1.0000019938953542
2.8831608350833515	1.0000019937881064
2.8944786456246385	1.0000019937310853
2.9004642991049159	1.0000019937237152
2.9117790107019577	1.0000019937197964
2.9177644222665622	1.0000019937192897
2.9290809217965195	1.0000019937190205
2.9350689656576168	1.0000019937189857
2.9463936801780890	1.0000019937189670
2.9520133079543922	1.0000019937189646
2.9654197890899763	1.0000019937189635
2.9715439224015134	1.0000006169575750
2.9715439224019531	1.0000014551795289
2.9933479499725402	1.0000004656780979
2.9935462068197967	1.0000013571406707
3.0195164836993214	1.0000000752320604
3.0255713825296078	0.9999988026223228
3.0287734151684176	0.9999996621843597
3.0419272459107258	0.9999996302035012
3.0851646327492359	0.9999996259389023
3.1272105412120372	0.9999996257871052
3.1651958598017709	0.9999996257817050
3.2054483613192803	0.9999996257815128
3.2421131741357700	0.9999996257815059
3.2608583948284608	0.9953914282871252
3.2622454642189784	0.9992384493186016
3.2664681812935594	0.9997512095229057
3.2914140294389078	0.9999612161828390
3.3027004854997584	0.9999881805829195
3.3151347591539690	0.9999964624939831
3.3301691805161244	0.9999975272843452
3.3475888772844296	0.9999978565054009
3.3491916725025628	0.9999998248314690
3.3542175485719112	1.0000000792438426
3.3641306093392473	1.0000001665017724
3.3743909024166876	1.0000002154189607
3.3787913773185041	1.0000002217419395
3.3896806901386536	1.0000002254199052
3.3944071952482622	1.0000002267122146
3.4032269228581180	1.0000002272203312
3.4121918121881096	1.0000002272860100
3.4228900776224962	1.0000002273204720
3.4315990322604737	1.0000002273249262
3.4457685412971744	1.0000002273269295
3.4558341378936039	1.0000002273271889
3.4660854327860458	1.0000002273273265
3.4750354757759889	1.0000002273273438
3.4891728045721511	1.0000002273273521
3.4982601320856821	1.0000002273273532
3.5092623100657483	1.0000002273273538
3.5206494746239434	1.0000002273273543
4.1914249285703811	1.0031043076739157
4.1919596664031982	1.0006104008707242
4.2134391758122716	1.0001356422485876
4.2204871436484162	1.0000488077064276
4.2240514388805011	1.0000214215796801
4.2308906325586673	1.0000157965430660
4.2459753736444616	1.0000139811085058
4.2503665981812597	1.0000136059893892
4.2609450553651795	1.0000134821735416
4.2660186578722907	1.0000134564353895
4.2778672111150895	1.0000036701803465
4.2778740185548063	1.0000024044986979
4.2995886014809201	1.0000005892123427
4.2996907818012744	1.0000003545657647
4.3191691995870345	1.0000000527205084
4.3192358986167214	1.0000000084145975
4.3350859026628230	0.9999999558127552
4.3358457006940538	0.9999999480777028
4.3522220770862639	0.9999999390696999
4.3529915392883218	0.9999999377417295
4.3692603563636085	0.9999999362010723
4.3700464969188317	0.9999999359737850
4.3863166447906874	0.9999999357103770
4.3871054879939528	0.9999999356715097
4.4033723578412163	0.9999999356264790
4.4041622736848227	0.9999999356198344
4.4204262562237373	0.9999999356121362
4.4212162762079767	0.9999999356110004
4.4374750959258868	0.9999999356096845
4.4382663068160726	0.9999999356094905
4.4544204342341960	0.9999999356092651
4.4552294372110737	0.9999999356092319
4.4715296087034444	0.9999998624711049
4.4740252062549111	0.9999998530172770
4.4935271689822471	0.9999996967936534
4.4961529152826083	0.9999996765905178
5.1018081765636252	0.9999996034632884
5.1025863073270834	0.9999995940108586
5.1160039009820659	0.9999995914055003
5.1262284145289820	0.9999995910687314
5.8122332402062771	0.9999972804124715
5.8122336508567090	0.9999986871442345
7.6256214814178831	0.9999958305233296
8.7569660710494670	1.0003253589840899
8.7666885953171878	1.0000278374986402
8.7679411478323406	1.0000319741212798
8.7825495614773565	1.0000060014376086
8.7969284689437135	1.0000038803789637
8.8114593489415345	1.0000037107679844
8.8258760421114264	1.0000036972273125
8.8403144449385369	1.0000036961464571
8.8547460974882028	1.0000036960601839
8.8691790945571718	1.0000036960532976
8.8836130839341312	1.0000036960527479
8.8980543211762644	1.0000036960527041
8.9132920428523175	1.0000036960527008
8.9232480481721854	0.9999795100698229
9.2992391263461354	0.9999989877722962
9.2992472281801319	1.0000015055856268
9.3215450083572993	1.0000018309754708
9.3215657614103513	1.0000019214686682
9.3445060860654188	1.0000019331655270
9.3556136290645977	1.0000019363846775
9.3787408641757590	1.0000019368545638
9.4029742891582995	1.0000019369231485
9.4385224010845707	1.0000019369331596
9.4710846266501587	1.0000019369346209
9.5000698689360927	1.0000019369348343
9.5444169549864206	1.0000019369348374
9.5500143827639690	1.0000019369348658
9.5533663085403209	1.0000056243199460
9.8079832520711570	1.0000377901211153
