0.0000000000000000	0.0000000000000000
0.0818117947959252	0.0000300000000000
0.0820386701356965	0.0000084821459577
0.0833256217661213	0.0000177764735275
0.0833556672621123	0.0000248563312364
0.0836309990366035	0.0000208211774780
0.0838307410244910	0.0000283520663272
0.0841744025933137	0.0000260371593037
0.0846376397470822	0.0000406665599379
0.0848087836229478	0.0000360735793109
0.0852473380949588	0.0000534036175956
0.0853621771832951	0.0000457362134231
0.0854297787580695	0.0000476883571160
0.0858917830849377	0.0000576883571160
0.0862115974860690	0.0000661684037461
0.0864473283374242	0.0000761684037461
0.0867368205489783	0.0000861684037461
0.0869601349936621	0.0000961684037461
0.0871705458158561	0.0001061684037461
0.0873453224819472	0.0001161684037461
0.0875130495270829	0.0001261684037461
0.0876609131644763	0.0001361684037461
0.0878000704306095	0.0001461684037461
0.0879283855361121	0.0001561684037461
0.0880479034065830	0.0001661684037461
0.0881604824273769	0.0001761684037461
0.0882666073415945	0.0001861684037461
0.0883670634594645	0.0001961684037461
0.0884613669274719	0.0002061684037461
0.0885524900864100	0.0002161684037461
0.0886381400383066	0.0002261684037461
0.0887213564977724	0.0002361684037461
0.0887991148342675	0.0002461684037461
0.0888757380332933	0.0002561684037461
0.0889475386221315	0.0002661684037461
0.0890184790691861	0.0002761684037461
0.0890848113005015	0.0002861684037461
0.0891506550274193	0.0002961684037461
0.0892125670565068	0.0003061684037461
0.0892737350010970	0.0003161684037461
0.0893317684807944	0.0003261684037461
0.0893889986930430	0.0003361684037461
0.0894437235884926	0.0003461684037461
0.0894974520911752	0.0003561684037461
0.0895492426868743	0.0003661684037461
0.0896000750648932	0.0003761684037461
0.0896492088919525	0.0003861684037461
0.0896972560206581	0.0003961684037461
0.0897439912458720	0.0004061684037461
0.0897896825663300	0.0004161684037461
0.0898342344106762	0.0004261684037461
0.0898776644273264	0.0004361684037461
0.0899202261982781	0.0004461684037461
0.0899617116546268	0.0004561684037461
0.0900024243467834	0.0004661684037461
0.0900419774447486	0.0004761684037461
0.0900810000092627	0.0004861684037461
0.0901189311762522	0.0004961684037461
0.0901564254195058	0.0005061684037461
0.0901927991807754	0.0005161684037461
0.0902288744146667	0.0005261684037461
0.0902638493143344	0.0005361684037461
0.0902985960518010	0.0005461684037461
0.0903322443649605	0.0005561684037461
0.0903657849243086	0.0005661684037461
0.0903981565885304	0.0005761684037461
0.0904304211419678	0.0005861684037461
0.0904617357992365	0.0005961684037461
0.0904929821515537	0.0006061684037461
0.0905232053286921	0.0006161684037461
0.0905533300112622	0.0006261684037461
0.0905827370744576	0.0006361684037461
0.0906118174032190	0.0006461684037461
0.0906403624426453	0.0006561684037461
0.0906685179012249	0.0006661684037461
0.0906962147597565	0.0006761684037461
0.0907235240042656	0.0006861684037461
0.0907504492353828	0.0006961684037461
0.0907769327196783	0.0007061684037461
0.0908031283714322	0.0007161684037461
0.0908288463337019	0.0007261684037461
0.0908542848017311	0.0007361684037461
0.0908793816336796	0.0007461684037461
0.0909040903152164	0.0007561684037461
0.0909285002757070	0.0007661684037461
0.0909526590243171	0.0007761684037461
0.0909763447954353	0.0007861684037461
0.0909998899177872	0.0007961684037461
0.0910230700635002	0.0008061684037461
0.0910459976065142	0.0008161684037461
0.0910685111456415	0.0008261684037461
0.0910909436033800	0.0008361684037461
0.0911129665336154	0.0008461684037461
0.0911349038730222	0.0008561684037461
0.0911563228595326	0.0008661684037461
0.0911777146040439	0.0008761684037461
0.0911986685186100	0.0008861684037461
0.0912196022068178	0.0008961684037461
0.0912401254242007	0.0009061684037461
0.0912605941185581	0.0009161684037461
0.0912806956134102	0.0009261684037461
0.0913006574785236	0.0009361684037461
0.0913202953664434	0.0009461684037461
0.0913398301500764	0.0009561684037461
0.0913590813336203	0.0009661684037461
0.0913782131092461	0.0009761684037461
0.0913970879958378	0.0009861684037461
0.0914158186139892	0.0009961684037461
0.0914343293490059	0.0010061684037461
0.0914526838575939	0.0010162300877836
0.0914709567344621	0.0010263923886614
0.0914892301484212	0.0010366563125480
0.0915075275343655	0.0010470228756735
0.0915257952627929	0.0010574931044303
0.0915441223479399	0.0010680680354746
0.0915623715177443	0.0010787487158293
0.0915807336140955	0.0010895362029876
0.0915989679200145	0.0011004315650175
0.0916173070650246	0.0011114358806677
0.0916355802146269	0.0011225502394743
0.0916538929153392	0.0011337757418691
0.0916722165348075	0.0011451134992878
0.0916904967853389	0.0011565646342807
0.0917088625547458	0.0011681302806235
0.0917271263033922	0.0011798115834297
0.0917454535088844	0.0011916096992640
0.0917637819338324	0.0012035257962566
0.0917820736321243	0.0012155610542192
0.0918004294328565	0.0012277166647614
0.0918187251574504	0.0012399938314090
0.0918370414110318	0.0012523937697231
0.0918554115240018	0.0012649177074203
0.0918736912582133	0.0012775668844945
0.0918920193398817	0.0012903425533395
0.0919103844084063	0.0013032459788729
0.0919286723494550	0.0013162784386616
0.0919470028937442	0.0013294412230482
0.0919653714683481	0.0013427356352787
0.0919836661855652	0.0013561629916315
0.0920019922555434	0.0013697246215478
0.0920203503887759	0.0013834218677633
0.0920386743224912	0.0013972560864409
0.0920569914687736	0.0014112286473053
0.0920753357801162	0.0014253409337784
0.0920937021673450	0.0014395943431162
0.0921120076027720	0.0014539902865473
0.0921303362593962	0.0014685301894128
0.0921486833595305	0.0014832154913069
0.0921670481916118	0.0014980476462200
0.0921853629915897	0.0015130281226822
0.0922036911993409	0.0015281584039090
0.0922220347796172	0.0015434399879481
0.0922403891605784	0.0015588743878276
0.0922587393443121	0.0015744631317059
0.0922770640936135	0.0015902077630229
0.0922953979189831	0.0016061098406532
0.0923137418320617	0.0016221709390597
0.0923320916402612	0.0016383926484503
0.0923504482632441	0.0016547765749348
0.0923687934972050	0.0016713243406841
0.0923871250891675	0.0016880375840910
0.0924054631218132	0.0017049179599319
0.0924238048935417	0.0017219671395312
0.0924421508619995	0.0017391868109265
0.0924604990082939	0.0017565786790358
0.0924788496956675	0.0017741444658261
0.0924972013689946	0.0017918859104844
0.0925155541676482	0.0018098047695893
0.0925339071054587	0.0018279028172852
0.0925522497836892	0.0018461818454580
0.0925705936021849	0.0018646436639126
0.0925889389130363	0.0018832901005517
0.0926072855742443	0.0019021230015572
0.0926256333859014	0.0019211442315728
0.0926439821420940	0.0019403556738885
0.0926623319350771	0.0019597592306274
0.0926806812969578	0.0019793568229337
0.0926990304877208	0.0019991503911630
0.0927173790830543	0.0020191418950747
0.0927357278004145	0.0020393333140254
0.0927540758695949	0.0020597266471657
0.0927724243918154	0.0020803239136373
0.0927907721999836	0.0021011271527737
0.0928091204029141	0.0021221384243014
0.0928274681873054	0.0021433598085444
0.0928458161740028	0.0021647934066299
0.0928641642047282	0.0021864413406962
0.0928825121909159	0.0022083057541031
0.0929008607159472	0.0022303888116442
0.0929192089416022	0.0022526926997606
0.0929375576659790	0.0022752196267582
0.0929559063962639	0.0022979718230258
0.0929742553063555	0.0023209515412560
0.0929926048386332	0.0023441610566686
0.0930109542178435	0.0023676026672353
0.0930293040670157	0.0023912786939076
0.0930476542475114	0.0024151914808467
0.0930660045367662	0.0024393433956552
0.0930843554416127	0.0024637368296117
0.0931027065244275	0.0024883741979078
0.0931210578348541	0.0025132579398869
0.0931394097865522	0.0025383905192858
0.0931577619054680	0.0025637744244786
0.0931761142789431	0.0025894121687234
0.0931944672518651	0.0026153062904107
0.0932128205265753	0.0026414593533148
0.0932311740214195	0.0026678739468479
0.0932495280239354	0.0026945526863164
0.0932678825977596	0.0027214982131796
0.0932862373118412	0.0027487131953113
0.0933045924125200	0.0027762003272645
0.0933229481294056	0.0028039623305371
0.0933413042432590	0.0028320019538425
0.0933596606020019	0.0028603219733809
0.0933780174109302	0.0028889251931147
0.0933963748122332	0.0029178144450458
0.0934147327041182	0.0029469925894963
0.0934330908769080	0.0029764625153913
0.0934514494598270	0.0030062271405452
0.0934698085827585	0.0030362894119506
0.0934881683282274	0.0030666523060702
0.0935065285235596	0.0030973188291309
0.0935248890755540	0.0031282920174222
0.0935432500684147	0.0031595749375964
0.0935616115844150	0.0031911706869723
0.0935799736757770	0.0032230823938420
0.0935983363921096	0.0032553132177805
0.0936166996491878	0.0032878663499583
0.0936350633218997	0.0033207450134578
0.0936534274669348	0.0033539524635924
0.0936717921240968	0.0033874919882283
0.0936901573282861	0.0034213669081106
0.0937085231037624	0.0034555805771917
0.0937268894699789	0.0034901363829636
0.0937452564404384	0.0035250377467933
0.0937636240231393	0.0035602881242612
0.0937819922248974	0.0035958910055038
0.0938003610466572	0.0036318499155588
0.0938187304918418	0.0036681684147144
0.0938371005572858	0.0037048500988616
0.0938554712177729	0.0037418985998502
0.0938738424881314	0.0037793175858487
0.0938922143794984	0.0038171107617072
0.0939105868966537	0.0038552818693242
0.0939289600343780	0.0038938346880175
0.0939473337978934	0.0039327730348977
0.0939657081825115	0.0039721007652466
0.0939840831956737	0.0040118217728991
0.0940024588337658	0.0040519399906281
0.0940208351004317	0.0040924593905343
0.0940392119964447	0.0041333839844397
0.0940575895265809	0.0041747178242841
0.0940759676941055	0.0042164650025269
0.0940943465085704	0.0042586296525522
0.0941127259711847	0.0043012159490777
0.0941311060913810	0.0043442281085684
0.0941494868734894	0.0043876703896541
0.0941678683243785	0.0044315470935507
0.0941862504544288	0.0044758625644862
0.0942046332675134	0.0045206211901310
0.0942230167742182	0.0045658274020324
0.0942414009822600	0.0046114856760527
0.0942597858990444	0.0046576005328132
0.0942781715375518	0.0047041765381413
0.0942965579044378	0.0047512183035228
0.0943149450094175	0.0047987304865580
0.0943333328668977	0.0048467177914236
0.0943517214840435	0.0048951849693378
0.0943701108720127	0.0049441368190312
0.0943885010459706	0.0049935781872215
0.0944068920149869	0.0050435139690937
0.0944252837907745	0.0050939491087847
0.0944436763883335	0.0051448885998725
0.0944620698195678	0.0051963374858712
0.0944804640959129	0.0052483008607299
0.0944988592316281	0.0053007838693373
0.0945172552425153	0.0053537917080306
0.0945356521392959	0.0054073296251110
0.0945540499352297	0.0054614029213620
0.0945724486454448	0.0055160169505757
0.0945908482856844	0.0055711771200814
0.0946092488666555	0.0056268888912822
0.0946276493444696	0.0056831577801950
0.0946460486013633	0.0057399893579970
0.0946644488928066	0.0057973892515769
0.0946828502247602	0.0058553631440927
0.0947012526024441	0.0059139167755336
0.0947196560323174	0.0059730559432889
0.0947380605079663	0.0060327865027218
0.0947564660213282	0.0060931143677491
0.0947748725666886	0.0061540455114265
0.0947932801377390	0.0062155859665408
0.0948116887308381	0.0062777418262062
0.0948300983446476	0.0063405192444683
0.0948485089799062	0.0064039244369130
0.0948669206391356	0.0064679636812821
0.0948853333265224	0.0065326433180949
0.0949037470476715	0.0065979697512759
0.0949221618094880	0.0066639494487887
0.0949405773610601	0.0067305889432766
0.0949589937401142	0.0067978948327093
0.0949774111799575	0.0068658737810364
0.0949958296918109	0.0069345325188468
0.0950142492879790	0.0070038778440353
0.0950326699819597	0.0070739166224756
0.0950510917882561	0.0071446557887004
0.0950695147224436	0.0072161023465874
0.0950879388008955	0.0072882633700533
0.0951063640407435	0.0073611460037538
0.0951247904597207	0.0074347574637913
0.0951432180762153	0.0075091050384292
0.0951616469085028	0.0075841960888136
0.0951800769738567	0.0076600380497017
0.0951985082887815	0.0077366384301987
0.0952169408692553	0.0078140048145007
0.0952353747309767	0.0078921448626457
0.0952538098895119	0.0079710663112722
0.0952722463605614	0.0080507769743849
0.0952906841600073	0.0081312847441287
0.0953091233041458	0.0082125975915700
0.0953275638097642	0.0082947235674857
0.0953460055443743	0.0083776708031605
0.0953644483354389	0.0084614475111922
0.0953828922230835	0.0085460619863041
0.0954013372462956	0.0086315226061671
0.0954197834430441	0.0087178378322287
0.0954382308504382	0.0088050162105510
0.0954566795049332	0.0088930663726566
0.0954751294423910	0.0089819970363832
0.0954935806982773	0.0090718170067470
0.0955120333078292	0.0091625351768145
0.0955304873061389	0.0092541605285826
0.0955489427283375	0.0093467021338685
0.0955673996096960	0.0094401691552072
0.0955858579854797	0.0095345708467593
0.0956043178788569	0.0096299165552269
0.0956227792939907	0.0097262157207791
0.0956412422366281	0.0098234778779869
0.0956597067141415	0.0099217126567668
0.0956781727355748	0.0100209297833344
0.0956966403116377	0.0101211390811678
0.0957151094547514	0.0102223504719795
0.0957335801791088	0.0103245739766992
0.0957520525007280	0.0104278197164662
0.0957705264374404	0.0105320979136308
0.0957890020089550	0.0106374188927671
0.0958074792368093	0.0107437930816948
0.0958259581442604	0.0108512310125118
0.0958444387561661	0.0109597433226369
0.0958629210989379	0.0110693407558633
0.0958814052005177	0.0111800341634220
0.0958998910903751	0.0112918345050562
0.0959183787995180	0.0114047528501067
0.0959368683604861	0.0115188003786078
0.0959553598055271	0.0116339883823938
0.0959738531660462	0.0117503282662178
0.0959923484730597	0.0118678315488799
0.0960108457574051	0.0119865098643687
0.0960293450499366	0.0121063749630124
0.0960478463817009	0.0122274387126425
0.0960663497841466	0.0123497130997690
0.0960848552893410	0.0124732102307666
0.0961033629301732	0.0125979423330743
0.0961218727405478	0.0127239217564050
0.0961403847555729	0.0128511609739691
0.0961588990117231	0.0129796725837087
0.0961774155467851	0.0131094693095458
0.0961959343773334	0.0132405640026413
0.0962144555044322	0.0133729696426677
0.0962329789349139	0.0135066993390944
0.0962515046807484	0.0136417663324853
0.0962700327557743	0.0137781839958101
0.0962885631759289	0.0139159658357682
0.0963070959594739	0.0140551254941259
0.0963256311272161	0.0141956767490672
0.0963441687027067	0.0143376335165578
0.0963627087121728	0.0144810098517234
0.0963812511844742	0.0146258199502406
0.0963997961511002	0.0147720781497430
0.0964183436462018	0.0149197989312404
0.0964368936918023	0.0150689969205528
0.0964554457058594	0.0152196868897584
0.0964739997697184	0.0153718837586559
0.0964925559645060	0.0155256025962425
0.0965111143713554	0.0156808586222049
0.0965296750691478	0.0158376672084270
0.0965482381336176	0.0159960438805112
0.0965668036380165	0.0161560043193164
0.0965853716537463	0.0163175643625095
0.0966039422509552	0.0164807400061347
0.0966225154991067	0.0166455474061961
0.0966410914675235	0.0168120028802580
0.0966596702072389	0.0169801229090605
0.0966782517361919	0.0171499241381511
0.0966968360787647	0.0173214233795327
0.0967154232654258	0.0174946376133281
0.0967340133324508	0.0176695839894613
0.0967526063217179	0.0178462798293560
0.0967712022775801	0.0180247426276495
0.0967898012457683	0.0182049900539260
0.0968084032739611	0.0183870399544652
0.0968270013711087	0.0185709103540098
0.0968455991847127	0.0187566194575499
0.0968642003762884	0.0189441856521254
0.0968828049860860	0.0191336275086467
0.0969014130582807	0.0193249637837331
0.0969200246411657	0.0195182134215704
0.0969386397873568	0.0197133955557861
0.0969572585538300	0.0199105295113439
0.0969758810017970	0.0201096348064574
0.0969945071918725	0.0203107311545219
0.0970131371847399	0.0205138384660671
0.0970317710418832	0.0207189768507278
0.0970504087702423	0.0209261666192351
0.0970690503749014	0.0211354282854275
0.0970876958700224	0.0213467825682818
0.0971063452785665	0.0215602503939646
0.0971249986319258	0.0217758528979042
0.0971436559696477	0.0219936114268832
0.0971623164596905	0.0222135475411520
0.0971809801471883	0.0224356830165635
0.0971996471446346	0.0226600398467291
0.0972183175623902	0.0228866402451963
0.0972369915098985	0.0231155066476482
0.0972556690963340	0.0233466617141247
0.0972743504312659	0.0235801283312659
0.0972930356253382	0.0238159296145786
0.0973117247909695	0.0240540889107244
0.0973304180430294	0.0242946297998316
0.0973491154991599	0.0245375760978300
0.0973678172316789	0.0247829518588082
0.0973865232837425	0.0250307813773963
0.0974052337047668	0.0252810891911703
0.0974239485508301	0.0255339000830820
0.0974426678851011	0.0257892390839127
0.0974613917782721	0.0260471314747519
0.0974801203086661	0.0263076027894995
0.0974988535621994	0.0265706788173945
0.0975175916324688	0.0268363856055685
0.0975363346191291	0.0271047494616242
0.0975550826230199	0.0273757969562405
0.0975738357474891	0.0276495549258029
0.0975925940991860	0.0279260504750608
0.0976113577887402	0.0282053109798114
0.0976301268937795	0.0284873640896095
0.0976489014441588	0.0287722377305057
0.0976676803932158	0.0290599601078107
0.0976864637375965	0.0293505597088888
0.0977052516150367	0.0296440653059776
0.0977240441668937	0.0299405059590374
0.0977428415363929	0.0302399110186277
0.0977616438696904	0.0305423101288140
0.0977804513169334	0.0308477332301023
0.0977992618335330	0.0311562105624034
0.0978180642539259	0.0314677726680274
0.0978368676092002	0.0317824503947077
0.0978556769079187	0.0321002748986547
0.0978744922948661	0.0324212776476413
0.0978933139125086	0.0327454904241176
0.0979121418016698	0.0330729453283588
0.0979309760182744	0.0334036747816423
0.0979498166335683	0.0337377115294586
0.0979686637339146	0.0340750886447531
0.0979875174207543	0.0344158395312006
0.0980063778107276	0.0347599979265127
0.0980252450264956	0.0351075979057779
0.0980441191979736	0.0354586738848356
0.0980630004632277	0.0358132606236841
0.0980818880964382	0.0361713932299210
0.0981007815495666	0.0365331071622202
0.0981196810830838	0.0368984382338425
0.0981385868351429	0.0372674226161810
0.0981574989573250	0.0376400968423427
0.0981764176115262	0.0380164978107662
0.0981953429677918	0.0383966627888738
0.0982142752055303	0.0387806294167626
0.0982332145149014	0.0391684357109301
0.0982521610978373	0.0395601200680395
0.0982711151684729	0.0399557212687198
0.0982900769448878	0.0403552784814070
0.0983090466487938	0.0407588312662211
0.0983280243734687	0.0411664195788834
0.0983470102284992	0.0415780837746721
0.0983660043455664	0.0419938646124189
0.0983850068783262	0.0424138032585430
0.0984040180001187	0.0428379412911283
0.0984230362951015	0.0432663207040396
0.0984420617195608	0.0436989839110799
0.0984610865254180	0.0441359737501907
0.0984801016165809	0.0445773334876926
0.0984991250162319	0.0450231068225696
0.0985181570172142	0.0454733378907954
0.0985371977798311	0.0459280712697034
0.0985562474693307	0.0463873519824005
0.0985753062686396	0.0468512255022247
0.0985943743782701	0.0473197377572469
0.0986134520174841	0.0477929351348194
0.0986325394256149	0.0482708644861676
0.0986516368635720	0.0487535731310293
0.0986707446026323	0.0492411088623397
0.0986898628402529	0.0497335199509632
0.0987089916859930	0.0502308551504726
0.0987281294456678	0.0507331637019773
0.0987472760023838	0.0512404953389971
0.0987664316909658	0.0517529002923871
0.0987855968676651	0.0522704292953112
0.0988047718961647	0.0527931335882644
0.0988239571496714	0.0533210649241471
0.0988431530142344	0.0538542755733885
0.0988623597493483	0.0543928183291226
0.0988815756124276	0.0549367465124140
0.0989008002680168	0.0554861139775381
0.0989200365261468	0.0560409751173135
0.0989392846983226	0.0566013848684868
0.0989585226374309	0.0571673987171718
0.0989777603204704	0.0577390727043435
0.0989970094177550	0.0583164634313871
0.0990162695439554	0.0588996280657011
0.0990355411016766	0.0594886243463579
0.0990548243994313	0.0600835105898216
0.0990741197745766	0.0606843456957197
0.0990934275961369	0.0612911891526769
0.0991127482659203	0.0619041010442035
0.0991320822102825	0.0625231420546454
0.0991514298726369	0.0631483734751917
0.0991707915527483	0.0637798572099436
0.0991901675172583	0.0644176557820432
0.0992095579267616	0.0650618323398638
0.0992289602286458	0.0657124506632625
0.0992483749843662	0.0663695751698950
0.0992678027696887	0.0670332709215940
0.0992872441804177	0.0677036036308098
0.0993066997451682	0.0683806396671179
0.0993261698487687	0.0690644460637891
0.0993456511799724	0.0697550905244268
0.0993651077405857	0.0704526414296709
0.0993845807004099	0.0711571678439674
0.0994040705042445	0.0718687395224069
0.0994235776431041	0.0725874269176308
0.0994431002812858	0.0733133011868070
0.0994626376999890	0.0740464341986752
0.0994821904098931	0.0747868985406621
0.0995017589620120	0.0755347675260686
0.0995213439522015	0.0762901152013294
0.0995409460240336	0.0770530163533429
0.0995605658524666	0.0778235465168764
0.0995801993659963	0.0786017819820452
0.0995998492664198	0.0793877998018659
0.0996195179198701	0.0801816777998848
0.0996392023686324	0.0809834945778838
0.0996589034468279	0.0817933295236626
0.0996786208491987	0.0826112628188991
0.0996983055648321	0.0834373754470884
0.0997180097187634	0.0842717492015590
0.0997377338206211	0.0851144666935745
0.0997574784602606	0.0859656113605101
0.0997772442924108	0.0868252674741153
0.0997970320250158	0.0876935201488561
0.0998168404176700	0.0885704553503447
0.0998366677810108	0.0894561599038484
0.0998565148484865	0.0903507215028868
0.0998763824344575	0.0912542287179154
0.0998962714032421	0.0921667710050942
0.0999161826779248	0.0930884387151454
0.0999361171575606	0.0940193231022971
0.0999560754769121	0.0949595163333204
0.0999760273440342	0.0959091114966538
0.0999959697014842	0.0968682026116202
0.1000159339424860	0.0978368846377365
0.1000359211105078	0.0988152534841137
0.1000559323206923	0.0998034060189552
0.1000759685621730	0.1008014400791447
0.1000960234608077	0.1018094544799361
0.1001161028069692	0.1028275490247357
0.1001362097347498	0.1038558245149830
0.1001563402358186	0.1048943827601330
0.1001764952257549	0.1059433265877344
0.1001966757698412	0.1070027598536115
0.1002168829614349	0.1080727874521475
0.1002370721645076	0.1091535153266687
0.1002572634789630	0.1102450504799353
0.1002774854719294	0.1113475009847349
0.1002977391535662	0.1124609759945823
0.1003180198161545	0.1135855857545281
0.1003383283962958	0.1147214416120732
0.1003586662659975	0.1158686560281939
0.1003790349081483	0.1170273425884755
0.1003994357103423	0.1181976160143605
0.1004198697719399	0.1193795921745044
0.1004403358977093	0.1205733880962493
0.1004608096861524	0.1217791219772119
0.1004812552944450	0.1229969131969843
0.1005017268926776	0.1242268823289544
0.1005222279920956	0.1254691511522441
0.1005427647511823	0.1267238426637662
0.1005633386008801	0.1279910810904039
0.1005839494927099	0.1292709919013082
0.1006045934053098	0.1305637018203214
0.1006252722879086	0.1318693388385243
0.1006459877570099	0.1331880322269097
0.1006667396958037	0.1345199125491792
0.1006874377906044	0.1358651116746706
0.1007081782457160	0.1372237627914177
0.1007289595344370	0.1385960004193323
0.1007497786008282	0.1399819604235256
0.1007706373572534	0.1413817800277606
0.1007915379058143	0.1427955978280379
0.1008124825017301	0.1442235538063179
0.1008334723706647	0.1456657893443812
0.1008544878499427	0.1471224472378249
0.1008754733649452	0.1485936717102032
0.1008964705185657	0.1500796084273055
0.1009175137099284	0.1515804045115783
0.1009386052909426	0.1530962085566945
0.1009597472038470	0.1546271706422619
0.1009809364045996	0.1561734423486845
0.1010021713078234	0.1577351767721717
0.1010234549368751	0.1593125285398930
0.1010447742803140	0.1609056538252923
0.1010660424633909	0.1625147103635451
0.1010873669395850	0.1641398574671808
0.1011087447702675	0.1657812560418521
0.1011301740334744	0.1674390686022709
0.1011516391827342	0.1691134592882935
0.1011731612395924	0.1708045938811760
0.1011947432496297	0.1725126398199873
0.1012163503637188	0.1742377662181875
0.1012379155298042	0.1759801438803693
0.1012595388943046	0.1777399453191727
0.1012812234695256	0.1795173447723644
0.1013029725586478	0.1813125182200881
0.1013247882221093	0.1831256434022884
0.1013466633720526	0.1849568998363110
0.1013686015473027	0.1868064688346745
0.1013904842085133	0.1886745335230217
0.1014123920947464	0.1905612788582514
0.1014343731613378	0.1924668916468336
0.1014564225649082	0.1943915605633021
0.1014785400667456	0.1963354761689352
0.1015007299468051	0.1982988309306249
0.1015229968293481	0.2002818192399310
0.1015451815720243	0.2022846374323301
0.1015674435544353	0.2043074838066536
0.1015897802061436	0.2063505586447198
0.1016121962517014	0.2084140642311676
0.1016346876765229	0.2104982048734788
0.1016572459671498	0.2126031869222134
0.1016797959450802	0.2147292187914355
0.1017023449304308	0.2168765109793495
0.1017249811493495	0.2190452760891435
0.1017477104226081	0.2212357288500354
0.1017705326335164	0.2234480861385361
0.1017934417238668	0.2256825669999208
0.1018163686413410	0.2279393926699204
0.1018392769335951	0.2302187865966191
0.1018622603623688	0.2325209744625858
0.1018853422529605	0.2348461842072111
0.1019085209675789	0.2371946460492830
0.1019318034291881	0.2395665925097755
0.1019550609648718	0.2419622584348729
0.1019783564343383	0.2443818810192218
0.1020017595753045	0.2468256998294146
0.1020252719171049	0.2492939568277083
0.1020488846019129	0.2517868963959861
0.1020725601342604	0.2543047653599453
0.1020961695753474	0.2568478130135452
0.1021198946519767	0.2594162911436805
0.1021437434116288	0.2620104540551180
0.1021677249434084	0.2646305585956697
0.1021918339433098	0.2672768641816261
0.1022158457354510	0.2699496328234417
0.1022399421658466	0.2726491291516763
0.1022641706489910	0.2753756204431924
0.1022885454333372	0.2781293766476239
0.1023130562145726	0.2809106704141001
0.1023374647055277	0.2837197771182413
0.1023620083123911	0.2865569748894243
0.1023867144447486	0.2894225446383188
0.1024115344412270	0.2923167700847026
0.1024364544491180	0.2952399377855499
0.1024612973789431	0.2981923371634058
0.1024863152154439	0.3011742605350395
0.1025115024450811	0.3041860031403900
0.1025368610736382	0.3072278631717931
0.1025622019985546	0.3103001418035104
0.1025875643779871	0.3134031432215452
0.1026131155255429	0.3165371746537610
0.1026388516148159	0.3197025464002993
0.1026647236605346	0.3228995718643025
0.1026905258930662	0.3261285675829459
0.1027165180145947	0.3293898532587761
0.1027426720715765	0.3326837517913633
0.1027690463413357	0.3360105893092766
0.1027952953975790	0.3393706952023690
0.1028217597753985	0.3427644021543927
0.1028484471603607	0.3461920461759372
0.1028753199047004	0.3496539666376965
0.1029020856472841	0.3531505063040739
0.1029290512270473	0.3566820113671154
0.1029562644286667	0.3602488314807865
0.1029837463820109	0.3638513197955952
0.1030110599402411	0.3674898329935506
0.1030385874060364	0.3711647313234859
0.1030663913412048	0.3748763786367216
0.1030944491049710	0.3786251424230895
0.1031223949156737	0.3824113938473200
0.1031505701000967	0.3862355077857927
0.1031790389871909	0.3900978628636506
0.1032076467852666	0.3939988414922874
0.1032362935491813	0.3979388299072100
0.1032652377930258	0.4019182182062812
0.1032944605657398	0.4059374003883434
0.1033236297697033	0.4099967743922278
0.1033530653465431	0.4140967421361500
0.1033828611336317	0.4182377095575123
0.1034127804540683	0.4224200866530869
0.1034426973963040	0.4266442875196176
0.1034730277319129	0.4309107303948144
0.1035037723422129	0.4352198376987632
0.1035342920149159	0.4395720360757516
0.1035652068927990	0.4439677564365093
0.1035965685006552	0.4484074340008735
0.1036279971615337	0.4528915083408813
0.1036595292940133	0.4574204234242907
0.1036915812532700	0.4619946276585331
0.1037238905799940	0.4666145739351189
0.1037561791950916	0.4712807196744694
0.1037889783401775	0.4759935268712132
0.1038221809682325	0.4807534621399252
0.1038553325684668	0.4855609967613245
0.1038889526997411	0.4904166067289373
0.1039230978206836	0.4953207727962262
0.1039571839980985	0.5002739805241883
0.1039917521354366	0.5052767203294298
0.1040268943978688	0.5103294875327246
0.1040619819677816	0.5154327824080511
0.1040976381451909	0.5205871102321307
0.1041338413718885	0.5257929813344517
0.1041700384466696	0.5310509111477959
0.1042069034149995	0.5363614202592746
0.1042442431936751	0.5417250344618675
0.1042817211269346	0.5471422848064862
0.1043199243072996	0.5526137076545514
0.1043584886185929	0.5581398447310966
0.1043973697441009	0.5637212431784068
0.1044370945233000	0.5693584556101918
0.1044769876802190	0.5750520401662935
0.1045174501887837	0.5808025605679565
0.1045589571361475	0.5866105861736369
0.1046002663900252	0.5924766920353736
0.1046425617214448	0.5984014589557278
0.1046856748932924	0.6043854735452853
0.1047288443300452	0.6104293282807373
0.1047734233210782	0.6165336215635449
0.1048181356278577	0.6226989577791796
0.1048636321428058	0.6289259473569719
0.1049105488918411	0.6352152068305407
0.1049571590286989	0.6415673588988453
0.1050056025072111	0.6479830324878341
0.1050542504391525	0.6544628628127128
0.1051040449098293	0.6610074914408399
0.1051552720222849	0.6676175663552477
0.1052065959511587	0.6742937420187998
0.1052596830126996	0.6810366794389879
0.1053136058342363	0.6878470462333780
0.1053686165465418	0.6947255166957123
0.1054257144042999	0.7016727718626691
0.1054826197174425	0.7086894995812965
0.1055427381053513	0.7157763945771096
0.1056026137946589	0.7229341585228813
0.1056650102708388	0.7301635001081106
0.1057290129834371	0.7374651351091925
0.1057942825453528	0.7448397864602837
0.1058630327766775	0.7522881843248870
0.1059312624012316	0.7598110661681365
0.1060041608864023	0.7674091768298176
0.1060774742186393	0.7750832685981157
0.1061544343366351	0.7828341012840975
0.1062339652191026	0.7906624422969386
0.1063161174993107	0.7985690667199077
0.1064025308275008	0.8065547573871061
0.1064910099809900	0.8146203049609765
0.1065856685165609	0.8227665080105866
0.1066800041301172	0.8309941730906930
0.1067846906003009	0.8393041148216003
0.1068906770199452	0.8476971559698161
0.1070030171385910	0.8561741275295142
0.1071230044370540	0.8647358688048093
0.1072505029948716	0.8733832274928578
0.1073892294685406	0.8821170597677861
0.1075358198145245	0.8909382303654638
0.1076973188434209	0.8998476126691185
0.1078687876478497	0.9088460887958097
0.1080651054443905	0.9179345496837682
0.1082524483472354	0.9267575965001007
0.1084984096858293	0.9360251724651021
0.1087287849167490	0.9436873817267161
0.1090007482149292	0.9531242555439833
0.1094113789442987	0.9626554980994232
0.1098913781995366	0.9722820530804173
0.1100614802903173	0.9701612008499266
0.1103542209080779	0.9795817743519077
0.1103652865231411	0.9767276558654403
0.1107334619667675	0.9862529819643181
0.1111242095506405	0.9901634162770746
0.1114095511974656	0.9910720918750268
0.1119050630695131	0.9926251297867538
0.1132960119046350	0.9938102833193866
0.1138222183992058	0.9971671419897011
0.1179899538619694	0.9992996831815834
0.1190843778731938	0.9995666423195400
0.1253400540634431	0.9998778950135545
0.1258198755360775	0.9999180132572490
0.1292667109188590	0.9999515841259856
0.1311933955801765	0.9999877694373824
0.1322696212167653	0.9999924439710374
0.1426901046186122	0.9999974819146734
0.1445210032929974	0.9999988860019342
0.1513389198356757	0.9999996648016607
0.1554781930555161	0.9999998507921610
0.1619250839515367	0.9999999557214055
0.1654271697885671	0.9999999800575007
0.1717038848309744	0.9999999940973204
0.1747984818436879	0.9999999973245404
0.1812252663408831	0.9999999992051771
0.1840850438670427	0.9999999996373437
0.1904971870427040	0.9999999998915929
0.1931131040726059	0.9999999999503819
0.1996100090819197	0.9999999999851100
0.2021926007377223	0.9999999999931801
0.2087872844281837	0.9999999999979504
0.2114476107225432	0.9999999999990614
0.2180947041223197	0.9999999999997181
0.2208552989876408	0.9999999999998709
0.2275161893019298	0.9999999999999615
0.2303460385668641	0.9999999999999821
0.2369984320429168	0.9999999999999946
0.2398860113720193	0.9999999999999977
0.2466113094901002	0.9999999999999993
0.2489863094901002	0.9999999999999997
0.2536385435465029	1.0000736577438292
0.2536385435465249	1.0000831742576903
0.2567615502422074	1.0001021922427060
0.2583291470235452	1.0001046751958924
0.2796334778363965	1.0001050196520396
0.2796524868050150	1.0001051179372349
0.2872302197465577	1.0001051379892696
0.2896518820565041	1.0001051446450639
0.2970269824092316	1.0001051461861372
0.2998373479084718	1.0001051467335529
0.3070882230162589	1.0001051468684876
0.3100853786801200	1.0001051469182805
0.3484006693041733	0.9605009831039372
0.3484006693042733	0.9899040744354989
0.3487160533825110	1.0002728335043705
0.3604378003945438	1.0000005535832963
0.5242186108851766	0.9882144338171487
0.5243828609674877	0.9981948622128685
0.5251277083355116	0.9997990759624795
0.5481246745715483	0.9999899564251711
0.6174217230937896	0.9999928183103524
0.6634027038038119	0.9999928656985079
0.6677534673957465	1.0000011511823985
0.6713301630606673	1.0000023613459330
0.6959681182111642	1.0000025083589819
0.7223203358271240	1.0000025298178841
0.7393154438494371	1.0000025325891606
0.7588264549370837	1.0000357459308047
0.8458015188698019	0.9999819204292363
1.0004193298003123	1.0000045682552043
1.0472307765902904	1.0000049044139330
1.0474390144507202	1.0000049968604294
1.0705653351451532	1.0000050088104777
1.0814208423106391	1.0000050120994317
1.1045471980978943	1.0000050125795130
1.2307011760067892	1.0000052595859075
1.5311029732860679	1.0000053638910540
1.5351563566699717	1.0000053925981565
1.5532505855145535	1.0000053982767807
1.5585476496439989	1.0000054001269441
1.5704151973548133	1.0000054005103678
1.5761677685332853	1.0000054006369550
1.5883288763474852	1.0000054006632739
1.5943149293276964	1.0000054006719707
1.6065436405445173	1.0000054006737795
1.6125592798625938	1.0000054006743773
1.6248116357704621	1.0000054006745016
1.6308158352400146	1.0000054006745425
1.6430341813117055	1.0000054006745511
1.6494068495673047	1.0000054006745538
1.6599497468496434	1.0000054006745545
1.6664199207689483	1.0000054006745549
1.6693863530245288	1.0004294034696994
1.6782968710258437	1.0001659272833381
1.6935450981433668	1.0000653625473030
1.7109695274357262	1.0000112854630656
1.7297553607541503	1.0000019851854978
1.7463595369514271	1.0000003916004909
1.7632211067290053	1.0000001190301124
1.7800477606654443	1.0000000724286169
1.7968774339011526	1.0000000644619569
1.8137065149869986	1.0000000631000692
1.8305356322955175	1.0000000199966330
1.8522987937475492	1.0000000066291201
1.8707784508346619	1.0000000033758625
1.8886706521871395	1.0000000026470677
1.9063221218366035	1.0000000024896056
1.9238683098017915	1.0000000024561724
1.9413432998276305	1.0000000024491360
1.9588360254297341	1.0000000024476616
1.9763278275939857	1.0000000024473537
1.9925103920649725	1.0000000024472890
2.0008190765008100	0.9994584995859743
2.0069466113268946	0.9998312058374911
2.0276322173869712	0.9999390206929937
2.0396975717752133	0.9999623695156753
2.0542234095695679	0.9999672948513486
2.0693634653251900	0.9999680138701115
2.0803121688980504	0.9999683590873077
2.0881799705270976	0.9999684391811839
2.1025898115935497	0.9999684562071559
2.1230002368428011	0.9999684590975569
2.1277994201639845	0.9999684599936307
2.1388189213938493	0.9999684601769905
2.1437284839800093	0.9999684602373153
2.1556353501099275	0.9999684602498470
2.1615107623400123	0.9999684602539872
2.1733149154135578	0.9999862084753338
2.1733149161880450	0.9999885024949264
2.1765333772706321	0.9999976358036676
2.1771906650405399	0.9999988596021793
2.1975737271237810	0.9999993756746273
2.1979107334105521	0.9999994671058802
2.2090812624647929	0.9999995060294606
2.2106249469275543	0.9999995137188405
2.2208626698893825	0.9999995170019939
2.2241125242896662	0.9999995176717624
2.2341273902526892	0.9999995179579668
2.2381837458836542	0.9999995180168585
2.2481484394068016	0.9999995180420292
2.2525031299763403	0.9999995180472204
2.2624567100660635	0.9999995180494394
2.2669105173912412	0.9999995180498970
2.2768593256059733	0.9999995180500928
2.2813367130231952	0.9999995180501331
2.2912939215553272	0.9999995180501504
2.2956388411325586	0.9999995180501540
2.3053162604745174	0.9999995180501555
2.3099734718106624	0.9999995180501560
2.3159756564051048	0.9999995180501562
5.8254835593870968	0.9999997232833056
8.8648077287885858	1.0000012305537540
8.9160180106819276	1.0000012841653914
8.9509353636312454	1.0000012858542329
9.0217562671746148	1.0000012858824490
