0.0000000000000000	0.0000000000000000
0.0902184891283685	0.0000300000000000
0.0904435175350517	0.0000085961552324
0.0919600587523084	0.0000150389305524
0.0920252378777959	0.0000254648372954
0.0923244306885830	0.0000240981433361
0.0928106131430905	0.0000266497093028
0.0932007357448599	0.0000302190413803
0.0935748894241436	0.0000402190413803
0.0937264106826349	0.0000422265155989
0.0941375385709596	0.0000532333054943
0.0945124684954660	0.0000639704722272
0.0948298373480831	0.0000739704722272
0.0950901017569616	0.0000839704722272
0.0953226002631949	0.0000939704722272
0.0955386286304090	0.0001039704722272
0.0957203129551619	0.0001139704722272
0.0958960076549730	0.0001239704722272
0.0960487450696303	0.0001339704722272
0.0961975140974504	0.0001439704722272
0.0963291279982495	0.0001539704722272
0.0964571527393822	0.0001639704722272
0.0965725493078236	0.0001739704722272
0.0966848865852988	0.0001839704722272
0.0967865690755828	0.0001939704722272
0.0968852825548473	0.0002039704722272
0.0969798462226206	0.0002139704722272
0.0970688190270144	0.0002239704722272
0.0971538147021813	0.0002339704722272
0.0972349618727455	0.0002439704722272
0.0973123104955691	0.0002539704722272
0.0973869541352237	0.0002639704722272
0.0974580537030650	0.0002739704722272
0.0975271737712023	0.0002839704722272
0.0975929113065273	0.0002939704722272
0.0976571889585710	0.0003039704722272
0.0977184128532326	0.0003139704722272
0.0977785797905645	0.0003239704722272
0.0978359245314293	0.0003339704722272
0.0978924659121094	0.0003439704722272
0.0979462902974214	0.0003539704722272
0.0979996234170071	0.0003639704722272
0.0980505147312784	0.0003739704722272
0.0981009756371069	0.0003839704722272
0.0981490720881752	0.0003939704722272
0.0981969580153918	0.0004039704722272
0.0982426249670496	0.0004139704722272
0.0982880676465232	0.0004239704722272
0.0983316088998470	0.0004339704722272
0.0983748828472785	0.0004439704722272
0.0984164589841064	0.0004539704722272
0.0984576774197535	0.0004639704722272
0.0984974843096375	0.0004739704722272
0.0985368997567327	0.0004839704722272
0.0985751132583506	0.0004939704722272
0.0986128653218998	0.0005039704722272
0.0986495973787994	0.0005139704722272
0.0986858290160770	0.0005239704722272
0.0987211901585841	0.0005339704722272
0.0987560053243000	0.0005439704722272
0.0987900915904491	0.0005539704722272
0.0988236129395186	0.0005639704722272
0.0988564326230713	0.0005739704722272
0.0988886613384462	0.0005839704722272
0.0989204232374742	0.0005939704722272
0.0989516183662329	0.0006039704722272
0.0989822607289567	0.0006139704722272
0.0990123394728969	0.0006239704722272
0.0990421473510392	0.0006339704722272
0.0990711581474648	0.0006439704722272
0.0991000445663294	0.0006539704722272
0.0991281770039735	0.0006639704722272
0.0991561854412374	0.0006739704722272
0.0991834636873475	0.0006839704722272
0.0992106728845332	0.0006939704722272
0.0992371373964317	0.0007039704722272
0.0992636267232497	0.0007139704722272
0.0992892779989907	0.0007239704722272
0.0993149968344734	0.0007339704722272
0.0993400252162750	0.0007439704722272
0.0993649469713615	0.0007539704722272
0.0993893981101443	0.0007639704722272
0.0994136534407556	0.0007739704722272
0.0994374109928164	0.0007839704722272
0.0994610754324330	0.0007939704722272
0.0994843102492565	0.0008039704722272
0.0995072886330969	0.0008139704722272
0.0995299301381270	0.0008239704722272
0.0995524037126401	0.0008339704722272
0.0995745841849901	0.0008439704722272
0.0995964333723873	0.0008539704722272
0.0996180247670136	0.0008639704722272
0.0996393915319169	0.0008739704722272
0.0996605425190312	0.0008839704722272
0.0996814463627700	0.0008939704722272
0.0997021602672001	0.0009039704722272
0.0997225537660220	0.0009139704722272
0.0997427639393883	0.0009239704722272
0.0997626916501578	0.0009339704722272
0.0997824971234521	0.0009439704722272
0.0998019992370006	0.0009539704722272
0.0998214092614555	0.0009639704722272
0.0998405027247489	0.0009739704722272
0.0998595279417569	0.0009839704722272
0.0998782214902113	0.0009939704722272
0.0998968740728565	0.0010039704722272
0.0999151849806955	0.0010140101769495
0.0999335366219780	0.0010241502787190
0.0999517491976412	0.0010343917815062
0.0999700897802538	0.0010447356993212
0.0999883304913107	0.0010551830563145
0.1000066547168004	0.0010657348868776
0.1000249288966950	0.0010763922357464
0.1000432325364491	0.0010871561581039
0.1000615453163249	0.0010980277196849
0.1000798263464221	0.0011090079968817
0.1000981825908233	0.0011200980768506
0.1001164372328974	0.0011312990576191
0.1001347877103016	0.0011426120481952
0.1001530702054790	0.0011540381686772
0.1001713853094512	0.0011655785503640
0.1001897262250732	0.0011772343358676
0.1002080084844525	0.0011890066792263
0.1002263626302379	0.0012008967460185
0.1002446580808179	0.0012129057134787
0.1002629747470272	0.0012250347706135
0.1002813418943003	0.0012372851183197
0.1002996183408401	0.0012496579695028
0.1003179542622229	0.0012621545491979
0.1003363020909488	0.0012747760946899
0.1003545952552350	0.0012875238556368
0.1003729387385315	0.0013003990941931
0.1003912833063886	0.0013134030851351
0.1004095831051630	0.0013265371159864
0.1004279254316790	0.0013398024871463
0.1004462819617360	0.0013532005120177
0.1004645809428053	0.0013667325171379
0.1004829155277902	0.0013803998423093
0.1005012778480499	0.0013942038407324
0.1005195915396616	0.0014081458791397
0.1005379144825781	0.0014222273379311
0.1005562608234613	0.0014364496113104
0.1005746212466021	0.0014508141074235
0.1005929306105079	0.0014653222484977
0.1006112599109650	0.0014799754709827
0.1006296081137768	0.0014947752256925
0.1006479710964282	0.0015097229779495
0.1006662868411423	0.0015248202077290
0.1006846153563259	0.0015400684098063
0.1007029566871214	0.0015554690939043
0.1007213094592032	0.0015710237848434
0.1007396658294959	0.0015867340226918
0.1007579881015721	0.0016026013629187
0.1007763203558829	0.0016186273765479
0.1007946608698183	0.0016348136503134
0.1008130080531117	0.0016511617868165
0.1008313608821783	0.0016676734046847
0.1008497177499713	0.0016843501387315
0.1008680498939073	0.0017011936401188
0.1008863852643371	0.0017182055765200
0.1009047245865106	0.0017353876322852
0.1009230678622839	0.0017527415086081
0.1009414133922913	0.0017702689236942
0.1009597615318432	0.0017879716129311
0.1009781104721413	0.0018058513290604
0.1009964610350084	0.0018239098423510
0.1010148114407007	0.0018421489407745
0.1010331627884483	0.0018605704301823
0.1010515132100838	0.0018791761344841
0.1010698641789159	0.0018979678958289
0.1010882138580085	0.0019169475747872
0.1011065612074786	0.0019361170505351
0.1011249102068340	0.0019554782210404
0.1011432590582433	0.0019750330032509
0.1011616080100766	0.0019947833332834
0.1011799560720646	0.0020147311666162
0.1011983036673321	0.0020348784782824
0.1012166508201007	0.0020552272630652
0.1012349977510415	0.0020757795356958
0.1012533444970858	0.0020965373310528
0.1012716914377666	0.0021175027043633
0.1012900380365819	0.0021386777314069
0.1013083852798078	0.0021600645087210
0.1013267319505821	0.0021816651538082
0.1013450790116216	0.0022034818053463
0.1013634260458493	0.0022255166233997
0.1013817731625331	0.0022477717896337
0.1014001208356464	0.0022702495075301
0.1014184682866904	0.0022929520026054
0.1014368162423845	0.0023158815226314
0.1014551643358780	0.0023390403378578
0.1014735125775555	0.0023624307412363
0.1014918615661437	0.0023860550486487
0.1015102104317024	0.0024099155991352
0.1015285596574939	0.0024340147551265
0.1015469095473290	0.0024583549026778
0.1015652594109599	0.0024829384517046
0.1015836097256435	0.0025077678362216
0.1016019606787154	0.0025328455145839
0.1016203116893327	0.0025581739697297
0.1016386631551196	0.0025837557094270
0.1016570153767350	0.0026095932665213
0.1016753676612989	0.0026356891991865
0.1016937203414851	0.0026620460911784
0.1017120737141405	0.0026886665520901
0.1017304274281646	0.0027155532176111
0.1017487814165823	0.0027427087497872
0.1017671358475478	0.0027701358372850
0.1017854909193554	0.0027978371956579
0.1018038461087245	0.0028258155676145
0.1018222016017281	0.0028540737232906
0.1018405575712080	0.0028826144605235
0.1018589141833218	0.0029114406051288
0.1018772710777646	0.0029405550111800
0.1018956282776951	0.0029699605612918
0.1019139859372335	0.0029996601669048
0.1019323441545422	0.0030296567685738
0.1019507030309511	0.0030599533362596
0.1019690622184015	0.0030905528696222
0.1019874217814754	0.0031214583983184
0.1020057818198401	0.0031526729823016
0.1020241423958392	0.0031841997121246
0.1020425035724719	0.0032160417092458
0.1020608653849776	0.0032482021263383
0.1020792276784080	0.0032806841476017
0.1020975904137190	0.0033134909890777
0.1021159536380940	0.0033466258989684
0.1021343173964633	0.0033800921579581
0.1021526817182565	0.0034138930795377
0.1021710466308368	0.0034480320103331
0.1021894121509555	0.0034825123304364
0.1022077782921812	0.0035173374537408
0.1022261450630165	0.0035525108282782
0.1022445124685121	0.0035880359365609
0.1022628805124767	0.0036239162959265
0.1022812491941850	0.0036601554588858
0.1022996185158033	0.0036967570134747
0.1023179884745558	0.0037337245836094
0.1023363590728111	0.0037710618294455
0.1023547303060851	0.0038087724477399
0.1023731021782207	0.0038468601722173
0.1023914746848251	0.0038853287739395
0.1024098478324747	0.0039241820616789
0.1024282216160826	0.0039634238822957
0.1024465960427962	0.0040030581211187
0.1024649711098021	0.0040430887023299
0.1024833468226036	0.0040835195893531
0.1025017231830219	0.0041243547852467
0.1025201001948346	0.0041655983330991
0.1025384778649205	0.0042072543164301
0.1025568561950335	0.0042493268595944
0.1025752351956935	0.0042918201281904
0.1025936148685044	0.0043347383294723
0.1026119952215166	0.0043780857127670
0.1026303762627972	0.0044218665698947
0.1026487579974977	0.0044660852355936
0.1026671404375047	0.0045107460879496
0.1026855235853347	0.0045558535488291
0.1027039074360605	0.0046014120843174
0.1027222919899850	0.0046474262051605
0.1027406772416730	0.0046939004672121
0.1027590631922159	0.0047408394718843
0.1027774498448113	0.0047882478666031
0.1027958371992094	0.0048361303452691
0.1028142252604917	0.0048844916487218
0.1028326140352949	0.0049333365652091
0.1028510035268563	0.0049826699308612
0.1028693937428282	0.0050324966301698
0.1028877846940661	0.0050828215964715
0.1029061763860495	0.0051336498124362
0.1029245688280261	0.0051849863105605
0.1029429620326575	0.0052368361736661
0.1029613560103509	0.0052892045354028
0.1029797507712273	0.0053420965807569
0.1029981463284700	0.0053955175465644
0.1030165426973787	0.0054494727220301
0.1030349398899764	0.0055039674492504
0.1030533379191166	0.0055590071237429
0.1030717367995091	0.0056145971949803
0.1030901365470068	0.0056707431669301
0.1031085371751162	0.0057274505985994
0.1031269386947998	0.0057847251045854
0.1031453411178113	0.0058425723556313
0.1031637444563909	0.0059009980791876
0.1031821487232819	0.0059600080599795
0.1032005539305011	0.0060196081405793
0.1032189600878110	0.0060798042219851
0.1032373672059113	0.0061406022642049
0.1032557752962733	0.0062020082868470
0.1032741843711067	0.0062640283697154
0.1032925944432589	0.0063266686534126
0.1033110055261777	0.0063899353399467
0.1033294176332901	0.0064538346933462
0.1033478307770673	0.0065183730402796
0.1033662449707347	0.0065835567706824
0.1033846602281821	0.0066493923383892
0.1034030765638377	0.0067158862617731
0.1034214939926619	0.0067830451243909
0.1034399125300469	0.0068508755756348
0.1034583321918662	0.0069193843313911
0.1034767529943821	0.0069885781747050
0.1034951749543390	0.0070584639564521
0.1035135980888750	0.0071290485960166
0.1035320224156578	0.0072003390819768
0.1035504479528015	0.0072723424727965
0.1035688747189883	0.0073450658975245
0.1035873027333915	0.0074185165564997
0.1036057320158111	0.0074927017220647
0.1036241625850831	0.0075676287392853
0.1036425944591126	0.0076433050266782
0.1036610276549941	0.0077197380769450
0.1036794621892478	0.0077969354577144
0.1036978971590963	0.0078749048122916
0.1037163298896892	0.0079536538604145
0.1037347640855301	0.0080331903990187
0.1037531997557604	0.0081135223030088
0.1037716368908334	0.0081946575260389
0.1037900754785410	0.0082766041012993
0.1038085155098891	0.0083593701423123
0.1038269569789441	0.0084429638437354
0.1038453998826768	0.0085273934821728
0.1038638442209155	0.0086126674169945
0.1038822899961545	0.0086987940911644
0.1039007372134379	0.0087857820320761
0.1039191858801583	0.0088736398523969
0.1039376360058335	0.0089623762509208
0.1039560876020131	0.0090520000134301
0.1039745406821374	0.0091425200135644
0.1039929952614227	0.0092339452137000
0.1040114513568274	0.0093262846658370
0.1040299089869661	0.0094195475124953
0.1040483680954336	0.0095137429876203
0.1040668283851070	0.0096088804174964
0.1040852899027958	0.0097049692216714
0.1041037526928107	0.0098020189138881
0.1041222167974767	0.0099000391030270
0.1041406822575633	0.0099990394940573
0.1041591491124554	0.0100990298889978
0.1041776174004004	0.0102000201878878
0.1041960871587499	0.0103020203897666
0.1042145584241589	0.0104050405936643
0.1042330312327927	0.0105090909996010
0.1042515056205560	0.0106141819095970
0.1042699816233036	0.0107203237286929
0.1042884592770109	0.0108275269659799
0.1043069386179389	0.0109358022356397
0.1043254196828288	0.0110451602579961
0.1043439025089118	0.0111556118605761
0.1043623871339212	0.0112671679791819
0.1043808735960839	0.0113798396589737
0.1043993619341646	0.0114936380555635
0.1044178521871512	0.0116085744361191
0.1044363443920687	0.0117246601804802
0.1044548385655532	0.0118419067822851
0.1044733347086702	0.0119603258501079
0.1044918328254699	0.0120799291086090
0.1045103329230520	0.0122007283996951
0.1045288350116183	0.0123227356836920
0.1045473391044129	0.0124459630405290
0.1045658452175631	0.0125704226709342
0.1045843533699661	0.0126961268976436
0.1046028635832133	0.0128230881666201
0.1046213758815518	0.0129513190482863
0.1046398902918590	0.0130808322387692
0.1046584068436285	0.0132116405611569
0.1046769255689783	0.0133437569667685
0.1046954465026803	0.0134771945364362
0.1047139696819728	0.0136119664818006
0.1047324951442260	0.0137480861466186
0.1047510229262071	0.0138855670080848
0.1047695530644634	0.0140244226781656
0.1047880855956873	0.0141646669049473
0.1048066205570666	0.0143063135739967
0.1048251579866251	0.0144493767097367
0.1048436979235519	0.0145938704768341
0.1048622404085037	0.0147398091816024
0.1048807854836167	0.0148872072734184
0.1048993331925550	0.0150360793461526
0.1049178835805961	0.0151864401396141
0.1049364366947514	0.0153383045410102
0.1049549925433849	0.0154916875864202
0.1049735511323422	0.0156466044622844
0.1049921124737630	0.0158030705069072
0.1050106765827933	0.0159611012119763
0.1050292434778983	0.0161207122240961
0.1050478129011590	0.0162819193463370
0.1050663845036658	0.0164447385398003
0.1050849583543116	0.0166091859251983
0.1051035345222263	0.0167752777844504
0.1051221130770947	0.0169430305622949
0.1051406940894763	0.0171124608679179
0.1051592776311308	0.0172835854765970
0.1051778637753509	0.0174564213313630
0.1051964525970338	0.0176309855446766
0.1052150441727077	0.0178072954001234
0.1052336385793444	0.0179853683541247
0.1052522358915980	0.0181652220376659
0.1052708361826033	0.0183468742580426
0.1052894395247398	0.0185303430006231
0.1053080459903470	0.0187156464306293
0.1053266556522966	0.0189028028949356
0.1053452685842626	0.0190918309238850
0.1053638848202620	0.0192827492331239
0.1053825043791602	0.0194755767254551
0.1054011272878537	0.0196703324927096
0.1054197535809991	0.0198670358176367
0.1054383833008020	0.0200657061758131
0.1054570164934710	0.0202663632375713
0.1054756532078183	0.0204690268699470
0.1054942916884229	0.0206737171386464
0.1055129236196345	0.0208804543100328
0.1055315594351329	0.0210892588531331
0.1055501991758948	0.0213001514416645
0.1055688428880319	0.0215131529560811
0.1055874906230719	0.0217282844856419
0.1056061424380844	0.0219455673304984
0.1056247983955799	0.0221650230038034
0.1056434585634831	0.0223866732338415
0.1056621230098860	0.0226105399661799
0.1056807918036255	0.0228366453658416
0.1056994650030994	0.0230650118195001
0.1057181420635692	0.0232956619376951
0.1057368226121055	0.0235286185570720
0.1057555067242044	0.0237639047426427
0.1057741944810023	0.0240015437900692
0.1057928859692892	0.0242415592279699
0.1058115812816104	0.0244839748202496
0.1058302805164507	0.0247288145684521
0.1058489837775924	0.0249761027141365
0.1058676911687260	0.0252258637412778
0.1058864027943991	0.0254781223786905
0.1059051187607513	0.0257329036024774
0.1059238390664953	0.0259902326385022
0.1059425620600736	0.0262501349648874
0.1059612897092429	0.0265126363145362
0.1059800221341518	0.0267777626776815
0.1059987594300781	0.0270455403044582
0.1060175016382180	0.0273159957075028
0.1060362488078138	0.0275891556645777
0.1060550009960827	0.0278650472212235
0.1060737582687497	0.0281436976934358
0.1060925207005937	0.0284251346703702
0.1061112883754498	0.0287093860170739
0.1061300613862738	0.0289964798772446
0.1061488398353000	0.0292864446760170
0.1061676238313535	0.0295793091227771
0.1061864134856318	0.0298751022140048
0.1062052081423445	0.0301738532361450
0.1062240074101034	0.0304755917685063
0.1062428114912930	0.0307803476861913
0.1062616205636190	0.0310881511630532
0.1062804347268812	0.0313990326746837
0.1062992540931667	0.0317130230014305
0.1063180787870633	0.0320301532314449
0.1063369089426670	0.0323504547637594
0.1063557446979334	0.0326739593113971
0.1063745861957927	0.0330006989045110
0.1063934335852740	0.0333307058935562
0.1064122731848982	0.0336640129524917
0.1064311133411232	0.0340006530820166
0.1064499601120812	0.0343406596128369
0.1064688136439723	0.0346840662089652
0.1064876740875728	0.0350309068710547
0.1065065415149050	0.0353812159397653
0.1065254159762371	0.0357350280991629
0.1065442975389925	0.0360923783801546
0.1065631862878842	0.0364533021639562
0.1065820823248078	0.0368178351855957
0.1066009857689127	0.0371860135374517
0.1066198952471732	0.0375578736728262
0.1066388108293944	0.0379334524095545
0.1066577327592482	0.0383127869336501
0.1066766612817675	0.0386959148029864
0.1066955966450325	0.0390828739510162
0.1067145390617756	0.0394737026905263
0.1067334886565041	0.0398684397174315
0.1067524455756057	0.0402671241146057
0.1067714099806774	0.0406697953557518
0.1067903820439183	0.0410764933093093
0.1068093619494111	0.0414872582424025
0.1068283498944828	0.0419021308248265
0.1068473460910525	0.0423211521330748
0.1068663507660313	0.0427443636544056
0.1068853641506420	0.0431718072909498
0.1069043863567023	0.0436035253638592
0.1069234174941420	0.0440395606174978
0.1069424562003119	0.0444799562236729
0.1069615022628728	0.0449247557859097
0.1069805559630401	0.0453740033437689
0.1069996175970542	0.0458277433772068
0.1070186843816152	0.0462860208109789
0.1070377354212753	0.0467488810190888
0.1070567955999446	0.0472163698292796
0.1070758651875565	0.0476885335275723
0.1070949444339905	0.0481654188628482
0.1071140334728607	0.0486470730514768
0.1071331324710707	0.0491335437819915
0.1071522416206768	0.0496248792198115
0.1071713589582744	0.0501211280120098
0.1071904850030279	0.0506223392921298
0.1072096218455140	0.0511285626850512
0.1072287694671285	0.0516398483119017
0.1072479260428285	0.0521562467950206
0.1072670919866800	0.0526778092629709
0.1072862675664481	0.0532045873556009
0.1073054530710452	0.0537366332291569
0.1073246488119767	0.0542739995614484
0.1073438551250798	0.0548167395570628
0.1073630723715767	0.0553649069526334
0.1073823009228471	0.0559185560221598
0.1074015411634891	0.0564777415823814
0.1074207933414148	0.0570425189982050
0.1074400576828542	0.0576129441881873
0.1074593344553698	0.0581890736300692
0.1074786233467381	0.0587709643663700
0.1074979021588004	0.0593586740100335
0.1075171776914078	0.0599522607501338
0.1075364648075508	0.0605517833576350
0.1075557639744786	0.0611573011912112
0.1075750756805874	0.0617688742031234
0.1075944002411400	0.0623865629451545
0.1076137379662386	0.0630104285746061
0.1076330891965410	0.0636405328603520
0.1076524543060642	0.0642769381889556
0.1076718337053111	0.0649197075708449
0.1076912278407955	0.0655689046465534
0.1077106371105043	0.0662245936930190
0.1077300591022114	0.0668868396299493
0.1077494938561554	0.0675557080262490
0.1077689418627844	0.0682312651065115
0.1077884036500799	0.0689135777575764
0.1078078797833302	0.0696027135351522
0.1078273708455068	0.0702987406705038
0.1078468774122999	0.0710017280772088
0.1078663998413354	0.0717117453579807
0.1078859054786698	0.0724288628115606
0.1079054153259522	0.0731531514396764
0.1079249371867866	0.0738846829540730
0.1079444746680695	0.0746235297836140
0.1079640271706890	0.0753697650814499
0.1079835954193422	0.0761234627322643
0.1080031800743443	0.0768846973595871
0.1080227816209838	0.0776535443331830
0.1080424006008680	0.0784300797765149
0.1080620375990753	0.0792143805742799
0.1080816932495374	0.0800065243800225
0.1081013682395240	0.0808065896238225
0.1081210621788961	0.0816146555200609
0.1081407725298339	0.0824308020752618
0.1081605000081251	0.0832551100960145
0.1081802453757983	0.0840876611969746
0.1082000027704044	0.0849285378089446
0.1082197321449061	0.0857778231870341
0.1082394822676980	0.0866356014189044
0.1082592537721680	0.0875019574330933
0.1082790471802699	0.0883769770074243
0.1082988630952912	0.0892607467774987
0.1083186994299412	0.0901533542452737
0.1083385552557301	0.0910548877877264
0.1083584315757928	0.0919654366656037
0.1083783292575664	0.0928850910322600
0.1083982490393505	0.0938139419425828
0.1084181917474876	0.0947520813620086
0.1084381582800928	0.0956996021756287
0.1084581456780756	0.0966565981973851
0.1084781501234880	0.0976231641793588
0.1084981204626388	0.0985993958211528
0.1085181073882130	0.0995853897793646
0.1085381180732276	0.1005812436771585
0.1085581535187839	0.1015870561139303
0.1085782147901479	0.1026029266750697
0.1085983029843928	0.1036289559418206
0.1086184188503125	0.1046652455012387
0.1086385616467206	0.1057118979562514
0.1086587285102819	0.1067690169358137
0.1086789207594369	0.1078367071051717
0.1086991397847065	0.1089150741762238
0.1087193867107245	0.1100042249179857
0.1087396355737272	0.1111042671671657
0.1087598663201794	0.1122153098388375
0.1087801288377113	0.1133374629372257
0.1088004217377866	0.1144708375665977
0.1088207426335629	0.1156155459422635
0.1088410929811204	0.1167717014016864
0.1088614740144998	0.1179394184157033
0.1088818850267885	0.1191188125998602
0.1089023199281049	0.1203100007258588
0.1089227895272020	0.1215131007331172
0.1089432888513325	0.1227282317404484
0.1089638030336273	0.1239555140578530
0.1089842825024179	0.1251950691984313
0.1090047963052330	0.1264470198904153
0.1090253460939879	0.1277114900893193
0.1090459334368691	0.1289886049902129
0.1090665596196596	0.1302784910401151
0.1090872201566978	0.1315812759505161
0.1091079154748760	0.1328970887100210
0.1091286475714829	0.1342260595971208
0.1091494182856040	0.1355683201930921
0.1091702163553439	0.1369240033950228
0.1091909707549524	0.1382932434289731
0.1092117691896587	0.1396761758632626
0.1092326054023114	0.1410729376218949
0.1092534678312491	0.1424836669981139
0.1092743715922303	0.1439085036680950
0.1092953191635997	0.1453475887047761
0.1093163126547817	0.1468010645918235
0.1093373493880584	0.1482690752377416
0.1093584278528344	0.1497517659901193
0.1093794505593274	0.1512492836500208
0.1094005129591371	0.1527617764865207
0.1094216239263730	0.1542893942513855
0.1094427859362916	0.1558322881938999
0.1094639981060725	0.1573906110758389
0.1094852563266380	0.1589645171865973
0.1095065632612560	0.1605541623584636
0.1095279217645104	0.1621597039820479
0.1095492635160992	0.1637813010218682
0.1095705920954967	0.1654191140320870
0.1095919765883420	0.1670733051724080
0.1096134124906985	0.1687440382241318
0.1096349029324063	0.1704314786063732
0.1096564512238774	0.1721357933924364
0.1096780599538067	0.1738571513263606
0.1096997261905224	0.1755957228396244
0.1097213575823755	0.1773516800680210
0.1097430077921931	0.1791251968687014
0.1097647201631878	0.1809164488373887
0.1097864978906929	0.1827256133257631
0.1098083421197069	0.1845528694590204
0.1098302269195058	0.1863983981536111
0.1098521752857014	0.1882623821351466
0.1098741316259256	0.1901450059564979
0.1098960698292197	0.1920464560160630
0.1099180823118968	0.1939669205762234
0.1099401657097515	0.1959065897819854
0.1099623181666512	0.1978656556798055
0.1099845441567028	0.1998443122366040
0.1100068477328898	0.2018427553589704
0.1100291284072344	0.2038611829125599
0.1100514213926566	0.2058997947416849
0.1100737704474045	0.2079587926891016
0.1100961997014593	0.2100383806159932
0.1101187137062205	0.2121387644221528
0.1101413142676381	0.2142601520663738
0.1101639585006716	0.2164027535870381
0.1101865487235244	0.2185667811229086
0.1102092278285462	0.2207524489341378
0.1102320009314926	0.2229599734234786
0.1102548693274944	0.2251895731577141
0.1102778083983974	0.2274414688892906
0.1103007993564725	0.2297158835781830
0.1103237249454154	0.2320130424139648
0.1103467548578650	0.2343331728381046
0.1103698875369129	0.2366765045664858
0.1103931191964237	0.2390432696121512
0.1104164564593573	0.2414337023082729
0.1104398086606101	0.2438480393313562
0.1104631581599769	0.2462865197246704
0.1104865854340350	0.2487493849219173
0.1105101214456913	0.2512368787711370
0.1105337759189948	0.2537492475588486
0.1105575451633212	0.2562867400344379
0.1105812159492375	0.2588496074347822
0.1106050044572712	0.2614381035091302
0.1106289197652646	0.2640524845442208
0.1106529660560577	0.2666930093896629
0.1106771047509575	0.2693599394835604
0.1107011700690003	0.2720535388783964
0.1107253294785904	0.2747740742671803
0.1107496330748729	0.2775218150098521
0.1107740847303630	0.2802970331599500
0.1107986745396257	0.2831000034915491
0.1108231780391969	0.2859310035264645
0.1108477598308537	0.2887903135617285
0.1108725042797563	0.2916782166973465
0.1108973998086664	0.2945949988643198
0.1109224155934856	0.2975409488529629
0.1109473476912757	0.3005163583414931
0.1109724594680351	0.3035215219249072
0.1109977228458275	0.3065567371441557
0.1110231268421411	0.3096223045155972
0.1110485273022307	0.3127185275607539
0.1110739926876919	0.3158457128363611
0.1110996487366199	0.3190041699647254
0.1111254944919838	0.3221942116643726
0.1111514457336519	0.3254161537810155
0.1111773024380176	0.3286703153188255
0.1112033702018561	0.3319570184720140
0.1112296463006153	0.3352765886567334
0.1112561387980456	0.3386293545433005
0.1112824972781817	0.3420156480887338
0.1113090415932624	0.3454358045696203
0.1113357954216247	0.3488901626153170
0.1113627969813628	0.3523790642414710
0.1113896651886508	0.3559028548838861
0.1114167738675943	0.3594618834327256
0.1114441012857277	0.3630565022670535
0.1114716481655263	0.3666870672897237
0.1114990579622147	0.3703539379626200
0.1115267454011056	0.3740574773422468
0.1115547159805907	0.3777980521156700
0.1115828347673821	0.3815760326368260
0.1116108733718290	0.3853917929631949
0.1116392134370820	0.3892457108928272
0.1116678714948825	0.3931381680017560
0.1116965966536563	0.3970695496817740
0.1117253461199033	0.4010402451785921
0.1117544235807385	0.4050506476303774
0.1117838610829508	0.4091011541066807
0.1118131522779272	0.4131921656477469
0.1118427341334720	0.4173240873042247
0.1118726539608390	0.4214973281772660
0.1119027018490491	0.4257123014590387
0.1119328651634102	0.4299694244736288
0.1119633725850778	0.4342691187183648
0.1119942048734030	0.4386118099055489
0.1120249157637946	0.4429979280046036
0.1120561118097567	0.4474279072846493
0.1120876582680159	0.4519021863574950
0.1121191255731890	0.4564212082210692
0.1121509640861894	0.4609854203032799
0.1121833111019443	0.4655952745063137
0.1122156289473291	0.4702512272513774
0.1122481911914513	0.4749537395238917
0.1122813501154352	0.4797032769191298
0.1123146171462372	0.4845003096883208
0.1123479944538550	0.4893453127852030
0.1123820085384908	0.4942387659130549
0.1124162770141314	0.4991811535721851
0.1124505813445371	0.5041729651079067
0.1124855651387283	0.5092146947589863
0.1125208729726347	0.5143068417065770
0.1125562226453642	0.5194499101236436
0.1125923075999956	0.5246444092248804
0.1126286931834499	0.5298908533171283
0.1126651878667054	0.5351897618502989
0.1127025411882375	0.5405416594688026
0.1127400485689024	0.5459470760634916
0.1127778479269658	0.5514065468241255
0.1128166527537280	0.5569206122923664
0.1128553313587481	0.5624898184152911
0.1128946450395853	0.5681147165994438
0.1129350387418142	0.5737958637654383
0.1129749842846767	0.5795338224030924
0.1130160550032769	0.5853291606271224
0.1130577870304755	0.5911824522333927
0.1130995889945058	0.5970942767557262
0.1131427386037336	0.6030652195232831
0.1131858633977641	0.6090958717185160
0.1132298441016413	0.6151868304357012
0.1132750459251968	0.6213386987400578
0.1133200411479534	0.6275520857274575
0.1133664581000287	0.6338276065847323
0.1134134576149234	0.6401658826505791
0.1134611920385960	0.6465675414770855
0.1135103479948388	0.6530332168918568
0.1135595191499036	0.6595635490607761
0.1136101426369614	0.6661591845513838
0.1136619363125623	0.6728207763968985
0.1137141098003562	0.6795489841608674
0.1137687192735268	0.6863444740024762
0.1138226867457233	0.6932079187425011
0.1138793028510281	0.7001399979299257
0.1139365013987949	0.7071413979092249
0.1139951188155961	0.7142128118883165
0.1140560030833872	0.7213549400071990
0.1141170707593219	0.7285684894072707
0.1141814230630912	0.7358541743013435
0.1142457667566151	0.7432127160443575
0.1143135649318486	0.7506448432048014
0.1143825559541384	0.7581512916368487
0.1144534762175890	0.7657328045532179
0.1145282289425155	0.7733901325987507
0.1146033850810493	0.7811240339247384
0.1146837734572666	0.7889352742639859
0.1147641260399398	0.7968246270066253
0.1148503096330946	0.8047928732766917
0.1149380947366071	0.8128408020094580
0.1150309320655797	0.8209692100295527
0.1151272434867047	0.8291789021298485
0.1152262878588758	0.8374706911511464
0.1153342409966342	0.8458453980626576
0.1154447395471279	0.8543038520432842
0.1155659640522413	0.8628468905637172
0.1156892173765301	0.8714753594693539
0.1158293044999875	0.8801901130640479
0.1159705680582079	0.8889920141946888
0.1161320632893214	0.8985438660504127
0.1163166191364251	0.9075293047109171
0.1164995891933182	0.9166045977580265
0.1167148357857305	0.9258497346135222
0.1169549871583010	0.9348945745093044
0.1172133982691631	0.9442435202543974
0.1174797488947474	0.9607408178006803
0.1175083505362248	0.9522983797077710
0.1177433279758072	0.9590050295795383
0.1180981795519739	0.9669234257552477
0.1181505000553596	0.9644547761299718
0.1184154901225045	0.9717698227475553
0.1184219590737340	0.9697685856829255
0.1187493153072647	0.9807143118780983
0.1190402972057611	0.9853535296016496
0.1193776710397013	0.9785780839450289
0.1198302920400592	0.9899100971778987
0.1201864869511042	0.9926007135284330
0.1211242332642273	0.9947658622033507
0.1219013177936686	0.9961198685353764
0.1219818718606368	0.9969255058305471
0.1261859630818359	0.9990684476096657
0.1270607754885809	0.9993407572588555
0.1303730274681285	0.9997238061389184
0.1317695147203647	0.9998739458599541
0.1332279639035154	0.9999412131858844
0.1364916731509322	0.9999653889571014
0.1415580419305256	0.9999895182887066
0.1442854756944371	0.9999949291571180
0.1522235092214931	0.9999985002805144
0.1539642550982710	0.9999993151782430
0.1617727521276539	0.9999997926427123
0.1643048387471624	0.9999999021503758
0.1708918345868910	0.9999999698820479
0.1730130720913568	0.9999999860558116
0.1800079968332899	0.9999999957551933
0.1828460545450369	0.9999999980536806
0.1897697981060991	0.9999999994130586
0.1928374269518613	0.9999999997318225
0.1996140372065525	0.9999999999196182
0.2027048734094698	0.9999999999632974
0.2093952407710774	0.9999999999890283
0.2124061260666280	0.9999999999949862
0.2190321500609861	0.9999999999985013
0.2219161405158976	0.9999999999993143
0.2285198475493092	0.9999999999997949
0.2313086486945414	0.9999999999999060
0.2379096701352581	0.9999999999999720
0.2406374072372505	0.9999999999999872
0.2474450275723633	0.9999999999999962
0.2503147569619165	0.9999999999999982
0.2536385435821699	1.0000001241655774
0.2536385436260644	1.0000001402151697
0.2635961605741011	1.0000001859855920
0.2642726431134486	1.0000001921483161
0.2823706726432381	1.0000001984384825
0.2827604599284500	1.0000001993792491
0.2968648281908553	1.0000002001298740
0.2975871570577824	1.0000002002498025
0.3096116083937405	1.0000002003359332
0.3106639272069302	1.0000002003503503
0.3214945196134667	1.0000002003601340
0.3228160087207522	1.0000002003618291
0.3332434686424311	1.0000002003629145
0.3347050126229745	1.0000002003631088
0.3444240916248671	1.0000002003632298
0.3460835320205576	1.0000002003632520
0.3553990407327755	1.0000002003632653
0.3572240153121978	1.0000002003632678
0.3653484074128914	1.0000002003632698
0.3667260442699383	1.0000002003632700
0.3669940522764212	1.0001382835103538
0.3694913771863159	1.0001587641763081
0.4358030172402054	0.9605528785359790
0.4358030172402054	0.9899575584911621
0.4361185741564848	1.0003196900133697
0.4482161566854241	1.0000373238592428
0.5002753027520014	0.9856701680510565
0.5004406378743107	0.9981246693044978
0.5011596621480860	0.9997950479176175
0.5311737451902407	0.9999858204777250
0.6747337941070968	0.9999887423877541
0.6748569900575107	0.9999971331354537
0.7470120034824402	0.9999984067407122
0.7704326600318075	1.0000001945145649
0.7763982031688135	1.0000005591176624
0.7900714040024024	1.0000006062443474
0.8132123181254018	1.0000006490739073
0.8135668477566153	1.0000006546100788
0.8565825546313658	1.0000006561336856
0.8668227403787891	1.0000006563306276
0.8886252664323826	1.0000006563560841
0.9104282085992987	1.0000006563593746
0.9322324241991902	1.0000006563597998
0.9540235041891033	1.0000006563598547
0.9759740491814046	1.0000006563598618
0.9944263440810012	1.0000006563598627
1.0008282341628350	1.0000006563598627
5.1923379020349438	0.9604006304023085
5.1923379020350442	0.9898006497124702
5.1926499283887004	1.0002973192877256
5.2040345411512128	0.9999976138622962
8.4096611510258441	0.9999998289145573
