0.0000000000000000	0.0000000000000000
0.1028560664231160	0.0000300000000000
0.1031247877565504	0.0000145599211761
0.1038914188548615	0.0000245599211761
0.1040758904534637	0.0000191392277169
0.1041582379067180	0.0000289510269918
0.1041605977681394	0.0000322118949070
0.1047704533682851	0.0000235145404972
0.1052522701103282	0.0000404100985599
0.1053810085163532	0.0000344760167831
0.1058098456755387	0.0000531054777367
0.1059275583660480	0.0000444991622229
0.1059566296469692	0.0000459858289204
0.1064391444574068	0.0000559858289204
0.1067309133700626	0.0000647015981555
0.1069877277709508	0.0000747015981555
0.1072719957126197	0.0000847015981555
0.1074991634306885	0.0000947015981555
0.1077112594020359	0.0001047015981555
0.1078844341598130	0.0001147015981555
0.1080558525311402	0.0001247015981555
0.1082053609949953	0.0001347015981555
0.1083479212668990	0.0001447015981555
0.1084740145059949	0.0001547015981555
0.1085973726087161	0.0001647015981555
0.1087088497007274	0.0001747015981555
0.1088168641047901	0.0001847015981555
0.1089169944023817	0.0001947015981555
0.1090135156873745	0.0002047015981555
0.1091042111206838	0.0002147015981555
0.1091908783131536	0.0002247015981555
0.1092738028714575	0.0002347015981555
0.1093529373904531	0.0002447015981555
0.1094292710151129	0.0002547015981555
0.1095017592304423	0.0002647015981555
0.1095724843270021	0.0002747015981555
0.1096396436130761	0.0002847015981555
0.1097053580689583	0.0002947015981555
0.1097674642286312	0.0003047015981555
0.1098290004835382	0.0003147015981555
0.1098872413598218	0.0003247015981555
0.1099449802541413	0.0003347015981555
0.1099995647870991	0.0003447015981555
0.1100539540991021	0.0003547015981555
0.1101055998179972	0.0003647015981555
0.1101567585787118	0.0003747015981555
0.1102057731246385	0.0003847015981555
0.1102542417419902	0.0003947015981555
0.1103008645003666	0.0004047015981555
0.1103467722429253	0.0004147015981555
0.1103912322019299	0.0004247015981555
0.1104349159072319	0.0004347015981555
0.1104773280561776	0.0004447015981555
0.1105189282428066	0.0004547015981555
0.1105595559154476	0.0004647015981555
0.1105993499760228	0.0004747015981555
0.1106383213584391	0.0004847015981555
0.1106764014298707	0.0004947015981555
0.1107138548985215	0.0005047015981555
0.1107504202867369	0.0005147015981555
0.1107864632255268	0.0005247015981555
0.1108215757672427	0.0005347015981555
0.1108563043167460	0.0005447015981555
0.1108901103387973	0.0005547015981555
0.1109235285687754	0.0005647015981555
0.1109560109622096	0.0005747015981555
0.1109883346294224	0.0005847015981555
0.1110197677366535	0.0005947015981555
0.1110509861757491	0.0006047015981555
0.1110812597451813	0.0006147015981555
0.1111115365693230	0.0006247015981555
0.1111408339573421	0.0006347015981555
0.1111700639645343	0.0006447015981555
0.1111985542757038	0.0006547015981555
0.1112268222918650	0.0006647015981555
0.1112545105853216	0.0006747015981555
0.1112818934635189	0.0006847015981555
0.1113087919035924	0.0006947015981555
0.1113353752814000	0.0007047015981555
0.1113615019082538	0.0007147015981555
0.1113873742597172	0.0007247015981555
0.1114127519026864	0.0007347015981555
0.1114379454988916	0.0007447015981555
0.1114626516476763	0.0007547015981555
0.1114870860310786	0.0007647015981555
0.1115112742394683	0.0007747015981555
0.1115350292416037	0.0007847015981555
0.1115585334351353	0.0007947015981555
0.1115817449027075	0.0008047015981555
0.1116047579255045	0.0008147015981555
0.1116272947531844	0.0008247015981555
0.1116496967276968	0.0008347015981555
0.1116717544296706	0.0008447015981555
0.1116937001449791	0.0008547015981555
0.1117152272295456	0.0008647015981555
0.1117365970550584	0.0008747015981555
0.1117575880290015	0.0008847015981555
0.1117785243376460	0.0008947015981555
0.1117990575218615	0.0009047015981555
0.1118195650219528	0.0009147015981555
0.1118396560487107	0.0009247015981555
0.1118597108466110	0.0009347015981555
0.1118793824483425	0.0009447015981555
0.1118989563231840	0.0009547015981555
0.1119182003489071	0.0009647015981555
0.1119373623516059	0.0009747015981555
0.1119562330013118	0.0009847015981555
0.1119750057026468	0.0009947015981555
0.1119935144422120	0.0010047015981555
0.1120119012258635	0.0010147486141370
0.1120301470532933	0.0010248961002784
0.1120484364701112	0.0010351450612812
0.1120667067675331	0.0010454965118940
0.1120849809263290	0.0010559514770129
0.1121032812139002	0.0010665109917831
0.1121215447058313	0.0010771761017009
0.1121398799512066	0.0010879478627179
0.1121581212014600	0.0010988273413451
0.1121764731377035	0.0011098156147585
0.1121947198844125	0.0011209137709061
0.1122130396138480	0.0011321229086152
0.1122313369556058	0.0011434441377013
0.1122496286347296	0.0011548785790783
0.1122679807979986	0.0011664273648691
0.1122862390519970	0.0011780916385178
0.1123045764705865	0.0011898725549030
0.1123228788403285	0.0012017712804520
0.1123411777979449	0.0012137889932565
0.1123595425857799	0.0012259268831891
0.1123778124908536	0.0012381861520210
0.1123961357027450	0.0012505680135412
0.1124144827061378	0.0012630736936766
0.1124327679196167	0.0012757044306134
0.1124511029746227	0.0012884614749195
0.1124694423292653	0.0013013460896687
0.1124877374859825	0.0013143595505654
0.1125060746488005	0.0013275031460711
0.1125244216090543	0.0013407781775318
0.1125427187312093	0.0013541859593071
0.1125610513128800	0.0013677278189002
0.1125794148516586	0.0013814050970892
0.1125977134036460	0.0013952191480600
0.1126160366328769	0.0014091713395406
0.1126343856568942	0.0014232630529361
0.1126527266733921	0.0014374956834654
0.1126710380284357	0.0014518706403001
0.1126893706830297	0.0014663893467031
0.1127077231443376	0.0014810532401701
0.1127260645844110	0.0014958637725718
0.1127443808143594	0.0015108224102975
0.1127627141137882	0.0015259306344005
0.1127810602681863	0.0015411899407445
0.1127994191691963	0.0015566018401519
0.1128177440475901	0.0015721678585535
0.1128360707094310	0.0015878895371390
0.1128544086872064	0.0016037684325104
0.1128727539513881	0.0016198061168355
0.1128911074419001	0.0016360041780038
0.1129094582195253	0.0016523642197839
0.1129277853707311	0.0016688878619817
0.1129461200554813	0.0016855767406015
0.1129644589769983	0.0017024325080076
0.1129828031024768	0.0017194568330876
0.1130011497064391	0.0017366514014185
0.1130194995100057	0.0017540179154327
0.1130378504363783	0.0017715580945870
0.1130562030652496	0.0017892736755329
0.1130745450548725	0.0018071664122882
0.1130928846155317	0.0018252380764111
0.1131112266200477	0.0018434904571752
0.1131295700012208	0.0018619253617470
0.1131479149873204	0.0018805446153644
0.1131662608905813	0.0018993500615181
0.1131846077966764	0.0019183435621333
0.1132029554100870	0.0019375269977546
0.1132213037223717	0.0019569022677321
0.1132396518188506	0.0019764712904095
0.1132579994184898	0.0019962360033135
0.1132763468786699	0.0020161983633467
0.1132946938471785	0.0020363603469801
0.1133130409881262	0.0020567239504499
0.1133313875669555	0.0020772911899544
0.1133497346665741	0.0020980641018540
0.1133680810902601	0.0021190447428725
0.1133864279151928	0.0021402351903013
0.1134047744340667	0.0021616375422043
0.1134231211242674	0.0021832539176263
0.1134414679903230	0.0022050864568026
0.1134598147792418	0.0022271373213706
0.1134781622561211	0.0022494086945843
0.1134965093737826	0.0022719027815301
0.1135148569145554	0.0022946218093454
0.1135332046569316	0.0023175680274389
0.1135515524821340	0.0023407437077133
0.1135699010345871	0.0023641511447904
0.1135882494534974	0.0023877926562383
0.1136065982199483	0.0024116705828007
0.1136249475715649	0.0024357872886287
0.1136432969173352	0.0024601451615150
0.1136616467440226	0.0024847466131302
0.1136799970544848	0.0025095940792614
0.1136983474796984	0.0025346900200541
0.1137166984194880	0.0025600369202546
0.1137350498843174	0.0025856372894571
0.1137534014950673	0.0026114936623517
0.1137717535850142	0.0026376085989752
0.1137901063770449	0.0026639846849650
0.1138084592838846	0.0026906245318146
0.1138268125839857	0.0027175307771328
0.1138451665462985	0.0027447060849041
0.1138635209036211	0.0027721531457531
0.1138818755380122	0.0027998746772107
0.1139002306801735	0.0028278734239828
0.1139185864962314	0.0028561521582226
0.1139369426741863	0.0028847136798048
0.1139552991970611	0.0029135608166029
0.1139736562154733	0.0029426964247689
0.1139920138682699	0.0029721233890166
0.1140103721040433	0.0030018446229068
0.1140287306580929	0.0030318630691358
0.1140470896597909	0.0030621816998272
0.1140654492046950	0.0030928035168255
0.1140838093760312	0.0031237315519937
0.1141021702333443	0.0031549688675137
0.1141205314683542	0.0031865185561888
0.1141388931536442	0.0032183837417507
0.1141572553551318	0.0032505675791682
0.1141756181253498	0.0032830732549599
0.1141939815059186	0.0033159039875095
0.1142123455258943	0.0033490630273846
0.1142307102088073	0.0033825536576584
0.1142490754582276	0.0034163791942350
0.1142674412174790	0.0034505429861774
0.1142858075239788	0.0034850484160391
0.1143041744013177	0.0035198989001995
0.1143225418755977	0.0035550978892015
0.1143409099589370	0.0035906488680936
0.1143592786701053	0.0036265553567745
0.1143776480140851	0.0036628209103422
0.1143960180055514	0.0036994491194456
0.1144143886451360	0.0037364436106401
0.1144327599461367	0.0037738080467465
0.1144511311223648	0.0038115461272140
0.1144695016290304	0.0038496615884861
0.1144878728278061	0.0038881582043710
0.1145062447205363	0.0039270397864147
0.1145246173002527	0.0039663101842788
0.1145429905682741	0.0040059732861216
0.1145613645217380	0.0040460330189829
0.1145797391610918	0.0040864933491727
0.1145981144880665	0.0041273582826644
0.1146164905020321	0.0041686318654911
0.1146348672097147	0.0042103181841460
0.1146532446089447	0.0042524213659874
0.1146716227068902	0.0042949455796473
0.1146900015047563	0.0043378950354438
0.1147083810072269	0.0043812739857982
0.1147267612215575	0.0044250867256562
0.1147451421499258	0.0044693375929127
0.1147635238014347	0.0045140309688418
0.1147819061799997	0.0045591712785302
0.1148002892919153	0.0046047629913155
0.1148186731482421	0.0046508106212287
0.1148370577519747	0.0046973187274410
0.1148554431120538	0.0047442919147154
0.1148738292386631	0.0047917348338625
0.1148922161373016	0.0048396521822012
0.1149106038185030	0.0048880487040232
0.1149289922930778	0.0049369291910634
0.1149473815681088	0.0049862984829740
0.1149657716435693	0.0050361614678038
0.1149841625181579	0.0050865230824818
0.1150025541872848	0.0051373883133066
0.1150209466516236	0.0051887621964397
0.1150393399159799	0.0052406498184041
0.1150577339821883	0.0052930563165881
0.1150761288544478	0.0053459868797540
0.1150945245403169	0.0053994467485516
0.1151129210495595	0.0054534412160371
0.1151313183882120	0.0055079756281975
0.1151497165651658	0.0055630553844795
0.1151681155918198	0.0056186859383243
0.1151865154814990	0.0056748727977075
0.1152049162437509	0.0057316215256846
0.1152233178887996	0.0057889377409414
0.1152417204276073	0.0058468271183508
0.1152601238718016	0.0059052953895343
0.1152785282330356	0.0059643483434297
0.1152969335197943	0.0060239918268640
0.1153153397416664	0.0060842317451326
0.1153337469092021	0.0061450740625839
0.1153521550337946	0.0062065248032098
0.1153705641276225	0.0062685900512418
0.1153889742035456	0.0063312759517542
0.1154073852725217	0.0063945887112718
0.1154257973462575	0.0064585345983845
0.1154442104372288	0.0065231199443684
0.1154626245586421	0.0065883511438120
0.1154810397242578	0.0066542346552502
0.1154994559484154	0.0067207770018026
0.1155178732458753	0.0067879847718207
0.1155362916319133	0.0068558646195389
0.1155547111221862	0.0069244232657343
0.1155731316886214	0.0069936674983916
0.1155915531006779	0.0070636041733755
0.1156099753940804	0.0071342402151093
0.1156283986035235	0.0072055826172604
0.1156468227627359	0.0072776384434330
0.1156652479049862	0.0073504148278673
0.1156836740630364	0.0074239189761460
0.1157021012691567	0.0074981581659074
0.1157205295550504	0.0075731397475665
0.1157389589519308	0.0076488711450422
0.1157573894893668	0.0077253598564927
0.1157758211950167	0.0078026134550576
0.1157942540949493	0.0078806395896081
0.1158126882139644	0.0079594459855042
0.1158311235758073	0.0080390404453593
0.1158495602034981	0.0081194308498129
0.1158679981194445	0.0082006251583110
0.1158864373457390	0.0082826314098941
0.1159048779043146	0.0083654577239931
0.1159233198171387	0.0084491123012330
0.1159417631064177	0.0085336034242454
0.1159602077877800	0.0086189394584878
0.1159786538578105	0.0087051288530727
0.1159971013162950	0.0087921801416034
0.1160155501659645	0.0088801019430194
0.1160340004123300	0.0089689029624496
0.1160524520634198	0.0090585919920741
0.1160709051296745	0.0091491779119948
0.1160893596238529	0.0092406696911148
0.1161078155608627	0.0093330763880259
0.1161262729577138	0.0094264071519062
0.1161447318334573	0.0095206712234252
0.1161631922090718	0.0096158779356594
0.1161816541060566	0.0097120367150161
0.1162001175456512	0.0098091570821663
0.1162185825489265	0.0099072486529879
0.1162370491369782	0.0100063211395178
0.1162555172332977	0.0101063843509130
0.1162739863165182	0.0102074481944221
0.1162924570423966	0.0103095226763663
0.1163109294340590	0.0104126179031300
0.1163294035153323	0.0105167440821613
0.1163478793109088	0.0106219115229829
0.1163663568465019	0.0107281306382127
0.1163848361489859	0.0108354119445948
0.1164033172463005	0.0109437660640408
0.1164218001674104	0.0110532037246812
0.1164402849423057	0.0111637357619280
0.1164587716020239	0.0112753731195473
0.1164772601786956	0.0113881268507428
0.1164957507055621	0.0115020081192502
0.1165142432161626	0.0116170282004427
0.1165327377426944	0.0117331984824472
0.1165512343164993	0.0118505304672716
0.1165697329685099	0.0119690357719443
0.1165882337295553	0.0120887261296638
0.1166067366124545	0.0122096133909604
0.1166252416132666	0.0123317095248700
0.1166437487323253	0.0124550266201187
0.1166622579740486	0.0125795768863199
0.1166807693467808	0.0127053726551831
0.1166992828626666	0.0128324263817349
0.1167177985375558	0.0129607506455522
0.1167363163909382	0.0130903581520078
0.1167548364458877	0.0132212617335278
0.1167733587288324	0.0133534743508631
0.1167918832693206	0.0134870090943718
0.1168104100998455	0.0136218791853155
0.1168289389672097	0.0137580979771686
0.1168474696349071	0.0138956789569403
0.1168660021715777	0.0140346357465097
0.1168845366435210	0.0141749821039748
0.1169030731152754	0.0143167319250146
0.1169216116501533	0.0144598992442647
0.1169401523107434	0.0146044982367074
0.1169586951591710	0.0147505432190744
0.1169772402573084	0.0148980486512652
0.1169957876670110	0.0150470291377779
0.1170143374503576	0.0151974994291557
0.1170328896698977	0.0153494744234472
0.1170514443889076	0.0155029691676817
0.1170700016716570	0.0156579988593584
0.1170885615816569	0.0158145788479519
0.1171071241449860	0.0159727246364315
0.1171256893769849	0.0161324518827958
0.1171442572966938	0.0162937764016238
0.1171628279268702	0.0164567141656400
0.1171813997879266	0.0166212813072964
0.1171999664809611	0.0167874941203694
0.1172185361397957	0.0169553690615731
0.1172371087849440	0.0171249227521888
0.1172556844419777	0.0172961719797107
0.1172742631414583	0.0174691336995078
0.1172928449186833	0.0176438250365029
0.1173114298135167	0.0178202632868680
0.1173300178702958	0.0179984659197366
0.1173486091350868	0.0181784505789340
0.1173672036543310	0.0183602350847233
0.1173858014755046	0.0185438374355706
0.1174044026477403	0.0187292758099263
0.1174230072221060	0.0189165685680256
0.1174416152518496	0.0191057342537059
0.1174602267926636	0.0192967915962429
0.1174788419029684	0.0194897595122054
0.1174974606383008	0.0196846571073274
0.1175160829997484	0.0198815036784007
0.1175347089988377	0.0200803187151846
0.1175533386569080	0.0202811219023364
0.1175719719996015	0.0204839331213598
0.1175906086825398	0.0206887724525735
0.1176092482725698	0.0208956601770992
0.1176278908611779	0.0211046167788701
0.1176465365406142	0.0213156629466589
0.1176651854045207	0.0215288195761254
0.1176838375485255	0.0217441077718867
0.1177024930704497	0.0219615488496055
0.1177211520704942	0.0221811643381015
0.1177398146514965	0.0224029759814826
0.1177584809174101	0.0226270057412974
0.1177771509699923	0.0228532757987103
0.1177958249100043	0.0230818085566975
0.1178145028381930	0.0233126266422644
0.1178331848558858	0.0235457529086870
0.1178518709921912	0.0237812104377739
0.1178705612826864	0.0240190225421517
0.1178892557727901	0.0242592127675733
0.1179079545176343	0.0245018048952489
0.1179266575819957	0.0247468229442014
0.1179453650366023	0.0249942911736434
0.1179640769552666	0.0252442340853799
0.1179827934155293	0.0254966764262337
0.1180015144993020	0.0257516431904960
0.1180202402935171	0.0260091596224009
0.1180389708907736	0.0262692512186249
0.1180577063894305	0.0265319437308112
0.1180764468937918	0.0267972631681194
0.1180951925120280	0.0270652357998006
0.1181139433237773	0.0273358881577987
0.1181326983781979	0.0276092470393766
0.1181514576074490	0.0278853395097704
0.1181702211208551	0.0281641929048680
0.1181889890336305	0.0284458348339168
0.1182077614671119	0.0287302931822560
0.1182265385472917	0.0290175961140786
0.1182453203998858	0.0293077720752193
0.1182640940196052	0.0296008497959716
0.1182828691045698	0.0298968582939313
0.1183016495939229	0.0301958268768705
0.1183204356095304	0.0304977851456392
0.1183392272767873	0.0308027629970957
0.1183580247256380	0.0311107906270666
0.1183768280916205	0.0314218985333371
0.1183956374619942	0.0317361175186705
0.1184144528829185	0.0320534786938572
0.1184332744189152	0.0323740134807957
0.1184521021458245	0.0326977536156037
0.1184709361489151	0.0330247311517597
0.1184897765237806	0.0333549784632772
0.1185086233772222	0.0336885282479099
0.1185274768274309	0.0340254135303889
0.1185463365139229	0.0343656676656928
0.1185652000885749	0.0347093243423498
0.1185840691370963	0.0350564175857734
0.1186029439023987	0.0354069817616312
0.1186218246140906	0.0357610515792475
0.1186407113924533	0.0361186620950398
0.1186596043709764	0.0364798487159903
0.1186785036966230	0.0368446472031502
0.1186974095302664	0.0372130936751818
0.1187163220472173	0.0375852246119336
0.1187352414277933	0.0379610768580530
0.1187541678579351	0.0383406876266334
0.1187731015306367	0.0387240945028999
0.1187920426474353	0.0391113354479289
0.1188109914198996	0.0395024488024081
0.1188299479510961	0.0398974732904321
0.1188489123472270	0.0402964480233365
0.1188678847287015	0.0406994125035700
0.1188868652312178	0.0411064066286056
0.1189058537445933	0.0415174706948918
0.1189248488667678	0.0419326454018408
0.1189438380136139	0.0423519718558594
0.1189628231362279	0.0427754915744179
0.1189818159614164	0.0432032464901621
0.1190008167608768	0.0436352789550638
0.1190198258079404	0.0440716317446145
0.1190388433060773	0.0445123480620608
0.1190578693925078	0.0449574715426813
0.1190769042283157	0.0454070462581080
0.1190959479985159	0.0458611167206890
0.1191150009110426	0.0463197278878960
0.1191340631849029	0.0467829251667749
0.1191531350527948	0.0472507544184427
0.1191722167624944	0.0477232619626271
0.1191913085784494	0.0482004945822536
0.1192104106200065	0.0486824995280763
0.1192295215204255	0.0491693245233570
0.1192486408631218	0.0496610177685906
0.1192677689515821	0.0501576279462766
0.1192869061025105	0.0506592042257394
0.1193060526477907	0.0511657962679967
0.1193252089366486	0.0516774542306765
0.1193443753342728	0.0521942287729833
0.1193635522107638	0.0527161710607131
0.1193827397569774	0.0532433327713204
0.1194019381924181	0.0537757660990334
0.1194211477676587	0.0543135237600238
0.1194403687655837	0.0548566589976239
0.1194595733520093	0.0554052255876002
0.1194787841555648	0.0559592778434760
0.1194980071626477	0.0565188706219106
0.1195172405619661	0.0570840593281299
0.1195364848297881	0.0576548999214111
0.1195557383530766	0.0582314489206251
0.1195750006039006	0.0588137634098315
0.1195942746578161	0.0594019010439299
0.1196135608712864	0.0599959200543694
0.1196328596240701	0.0605958792549133
0.1196521713226604	0.0612018380474625
0.1196714964020434	0.0618138564279369
0.1196908351423731	0.0624319949922162
0.1197101878012709	0.0630563149421385
0.1197295538052846	0.0636868780915598
0.1197489314392775	0.0643237468724754
0.1197683212325608	0.0649669843412001
0.1197877237420250	0.0656166541846119
0.1198071395411417	0.0662728207264578
0.1198265691532523	0.0669355489337222
0.1198460129338984	0.0676049044230596
0.1198654431727689	0.0682809534672901
0.1198848743665853	0.0689637630019632
0.1199043214693712	0.0696534006319829
0.1199237849086633	0.0703499346383029
0.1199432651451950	0.0710534339846860
0.1199627603213556	0.0717639683245328
0.1199822698515021	0.0724816080077781
0.1200017942102803	0.0732064240878557
0.1200213339225129	0.0739384883287340
0.1200408895273840	0.0746778732120216
0.1200604616265230	0.0754246519441419
0.1200800508612215	0.0761788984635831
0.1200996577929623	0.0769406874482190
0.1201192828443365	0.0777100943227012
0.1201389264891289	0.0784871952659281
0.1201585856164408	0.0792720672185874
0.1201782607848847	0.0800647878907734
0.1201979443468769	0.0808654357696811
0.1202175993287209	0.0816740901273778
0.1202372700894575	0.0824908310286514
0.1202569601001917	0.0833157393389378
0.1202766698997677	0.0841488967323275
0.1202964000946647	0.0849903856996506
0.1203161513620321	0.0858402895566474
0.1203359238285154	0.0866986924522140
0.1203557144094639	0.0875656793767362
0.1203755239271743	0.0884413361705035
0.1203953531249290	0.0893257495322087
0.1204152028184755	0.0902190070275308
0.1204350738844205	0.0911211970978064
0.1204549672440182	0.0920324090687844
0.1204748836132107	0.0929527331594721
0.1204948033352853	0.0938822604910668
0.1205147052449953	0.0948210830959778
0.1205346284177532	0.0957692939269372
0.1205545734871435	0.0967269868662066
0.1205745414951290	0.0976942567348685
0.1205945335402421	0.0986711993022174
0.1206145503940816	0.0996579112952393
0.1206345928840121	0.1006544904081915
0.1206546619197741	0.1016610353122736
0.1206747564391994	0.1026776456653960
0.1206948741677543	0.1037044221220496
0.1207150106727341	0.1047414663432705
0.1207351685398741	0.1057888810067035
0.1207553364954997	0.1068467698167707
0.1207754773377805	0.1079152375149383
0.1207956474055412	0.1089943898900873
0.1208158478868547	0.1100843337889880
0.1208360777890181	0.1111851771268776
0.1208563341335698	0.1122970288981464
0.1208766181961671	0.1134199991871277
0.1208969313423220	0.1145541991789989
0.1209172750384582	0.1156997411707886
0.1209376504330231	0.1168567385824966
0.1209580586362330	0.1180253059683213
0.1209784966384459	0.1192055590280043
0.1209989079156145	0.1203976146182846
0.1210193267649677	0.1216015907644677
0.1210397782292695	0.1228176066721124
0.1210602637341130	0.1240457827388337
0.1210807845731198	0.1252862405662218
0.1211013421785247	0.1265391029718841
0.1211219234643426	0.1278044940016032
0.1211425362674615	0.1290825389416193
0.1211631835154030	0.1303733643310353
0.1211838668375455	0.1316770979743457
0.1212045606168562	0.1329938689540890
0.1212252275102187	0.1343238076436302
0.1212459362155631	0.1356670457200664
0.1212666839500152	0.1370237161772671
0.1212874689217131	0.1383939533390395
0.1213082930402558	0.1397778928724298
0.1213291583764126	0.1411756718011539
0.1213500671059963	0.1425874285191657
0.1213710208713336	0.1440133028043576
0.1213920137257102	0.1454534358324013
0.1214129608116719	0.1469079701907253
0.1214339358163631	0.1483770498926327
0.1214549444173593	0.1498608203915595
0.1214759970111633	0.1513594285954752
0.1214970990347918	0.1528730228814300
0.1215182470704948	0.1544017531102447
0.1215394400125282	0.1559457706413472
0.1215606807565668	0.1575052283477610
0.1215819499962426	0.1590802806312382
0.1216031751969028	0.1606710834375507
0.1216244555299469	0.1622777942719267
0.1216457880884532	0.1639005722146462
0.1216671709983059	0.1655395779367922
0.1216886071517214	0.1671949737161607
0.1217100992932758	0.1688669234533226
0.1217316479749380	0.1705555926878560
0.1217532093972243	0.1722611486147346
0.1217747245758135	0.1739837601008825
0.1217962966381246	0.1757235977018909
0.1218179285266828	0.1774808336789095
0.1218396235195315	0.1792556420156984
0.1218613845412298	0.1810481984358557
0.1218832036067872	0.1828586804202139
0.1219050841315604	0.1846872672244160
0.1219269243717073	0.1865341398966608
0.1219487951299126	0.1883994812956268
0.1219707382935292	0.1902834761085833
0.1219927447504728	0.1921863108696686
0.1220147999418248	0.1941081739783652
0.1220369254420809	0.1960492557181485
0.1220591258212977	0.1980097482753298
0.1220812726470453	0.1999898457580828
0.1221034682633424	0.2019897442156634
0.1221257362993566	0.2040096416578197
0.1221480813814883	0.2060497380743976
0.1221705086123360	0.2081102354551421
0.1221930208194438	0.2101913378096935
0.1222155630219303	0.2122932511877910
0.1222380401205306	0.2144161836996687
0.1222605986508950	0.2165603455366657
0.1222832475036708	0.2187259489920321
0.1223059899041076	0.2209132084819529
0.1223288162974642	0.2231223405667719
0.1223517109822367	0.2253535639724396
0.1223745335136688	0.2276070996121644
0.1223974567560001	0.2298831706082862
0.1224204819009799	0.2321820023143686
0.1224435835008245	0.2345038223375124
0.1224667708723612	0.2368488605608881
0.1224900000955261	0.2392173491664965
0.1225131960844028	0.2416095226581616
0.1225365010179042	0.2440256178847434
0.1225599113082492	0.2464658740635905
0.1225834346634566	0.2489305328042262
0.1226070786409413	0.2514198381322687
0.1226306508741637	0.2539340365135908
0.1226542668881700	0.2564733768787264
0.1226780020506733	0.2590381106475143
0.1227018650863705	0.2616284917539892
0.1227258574400321	0.2642447766715296
0.1227498464442183	0.2668872244382453
0.1227738515157457	0.2695560966826283
0.1227979928899591	0.2722516576494542
0.1228222546474091	0.2749741742259487
0.1228466332288677	0.2777239159682088
0.1228710218027906	0.2805011551278905
0.1228954258465378	0.2833061666791699
0.1229199861289648	0.2861392283459612
0.1229446993262902	0.2890006206294208
0.1229695639019647	0.2918906268357156
0.1229943578859397	0.2948095331040732
0.1230192174036742	0.2977576284351138
0.1230442489895132	0.3007352047194650
0.1230694436687609	0.3037425567666597
0.1230947844261233	0.3067799823343259
0.1231200260894717	0.3098477821576695
0.1231454447001481	0.3129462599792455
0.1231710014928580	0.3160757225790376
0.1231967497880084	0.3192364798048282
0.1232224720346915	0.3224288446028769
0.1232482961528768	0.3256531330489055
0.1232743145509162	0.3289096643793946
0.1233005172465476	0.3321987610231889
0.1233267533511453	0.3355207486334203
0.1233530073149280	0.3388759561197550
0.1233794755980329	0.3422647156809528
0.1234061742448368	0.3456873628377620
0.1234329978656232	0.3491442364661397
0.1234597365463121	0.3526356788308016
0.1234867069025557	0.3561620356191096
0.1235139314271124	0.3597236559753000
0.1235412827048963	0.3633208925350525
0.1235686315324535	0.3669541014604036
0.1235961779650911	0.3706236424750078
0.1236239928581722	0.3743298788997574
0.1236518792584789	0.3780731776887543
0.1236798393106359	0.3818539094656420
0.1237080894996533	0.3856724485602981
0.1237365713794103	0.3895291730459020
0.1237650021399895	0.3934244647763614
0.1237936518071036	0.3973587094241243
0.1238226303855403	0.4013322965183663
0.1238518290821849	0.4053456194835492
0.1238809043691139	0.4093990756783848
0.1239103383258758	0.4134930664351696
0.1239401455276226	0.4176279970995208
0.1239699478925533	0.4218042770705165
0.1239998878647015	0.4260223198412216
0.1240302170382695	0.4302825430396346
0.1240608346391985	0.4345853684700304
0.1240913784931146	0.4389312221547300
0.1241222912154725	0.4433205343762773
0.1241536521540433	0.4477537397200396
0.1241848977098096	0.4522312771172392
0.1242165128434675	0.4567535898884111
0.1242485521401914	0.4613211257872957
0.1242806396198185	0.4659343370451691
0.1243130252140467	0.4705936804156206
0.1243458356131289	0.4752996172197768
0.1243788059957300	0.4800526133919736
0.1244119824203646	0.4848531395258932
0.1244456941407760	0.4897016709211521
0.1244795932776524	0.4945986876303632
0.1245136608713898	0.4995446745066675
0.1245483501838811	0.5045401212517352
0.1245832328700588	0.5095855224642519
0.1246183210441303	0.5146813776888935
0.1246540836909398	0.5198281914657821
0.1246900127158650	0.5250264733804401
0.1247262315329386	0.5302767381142443
0.1247631962582856	0.5355795054953871
0.1248002429323614	0.5409353005503419
0.1248377230897260	0.5463446535558444
0.1248760331678961	0.5518081000914031
0.1249142826789096	0.5573261810923169
0.1249532226256540	0.5628994429032402
0.1249930471733579	0.5685284373322731
0.1250326070878361	0.5742137217055944
0.1250731997508052	0.5799558589226483
0.1251143557379875	0.5857554175118768
0.1251557025462159	0.5916129716869963
0.1251980838900108	0.5975291014038657
0.1252407972352698	0.6035043924179050
0.1252841592602790	0.6095394363420847
0.1253286879160864	0.6156348307055045
0.1253731243901937	0.6217911790125614
0.1254186398882792	0.6280090908026860
0.1254651503117976	0.6342891817107110
0.1255119324448978	0.6406320735278187
0.1255603208947198	0.6470383942630978
0.1256086847463009	0.6535087782057269
0.1256584847047549	0.6600438659877860
0.1257093954127836	0.6666443046476643
0.1257605931001330	0.6733107476941402
0.1258139326501040	0.6800438551710808
0.1258671995643363	0.6868442937227920
0.1259222832828965	0.6937127366600194
0.1259786843549331	0.7006498640266191
0.1260358308099030	0.7076563626668864
0.1260957866398158	0.7147329262935569
0.1261550670567281	0.7218802555564936
0.1262176982350821	0.7290990581120601
0.1262807684584758	0.7363900486931801
0.1263462666248105	0.7437539491801120
0.1264139876094313	0.7511914886719125
0.1264824812614230	0.7587034035586304
0.1265556268280012	0.7662904375942166
0.1266278204281939	0.7739533419701597
0.1267050907066622	0.7816928753898621
0.1267836045778140	0.7895098041437599
0.1268660291902328	0.7974049021851964
0.1269514482940325	0.8053789512070483
0.1270398526827601	0.8134327407191199
0.1271333206943319	0.8215670681263122
0.1272275010291526	0.8297827388075747
0.1273312798761044	0.8380805661956507
0.1274359841850891	0.8464613718576065
0.1275518402638478	0.8549259855761824
0.1276674218759399	0.8634752454319446
0.1277984042084992	0.8721099978862642
0.1279301436435218	0.8808310978651259
0.1280784602216369	0.8896394088437780
0.1282324970821666	0.8985358029322160
0.1284017649943518	0.9080252510577738
0.1286068126701018	0.9171055035683523
0.1288163397209900	0.9262765586040357
0.1290582655418704	0.9355393241900768
0.1293282571910754	0.9448947174319781
0.1295972570697471	0.9622190165479785
0.1296687039409319	0.9532927843521282
0.1299154373374555	0.9601375074217450
0.1302714709588645	0.9682933760509940
0.1303514748339968	0.9657178281279857
0.1306078876276910	0.9731277048390821
0.1306367075184405	0.9789061149639113
0.1307778823420117	0.9782037590574955
0.1308684195025379	0.9736570530775152
0.1312783860494480	0.9825829649433638
0.1314491895555631	0.9861933954770831
0.1317669414537065	0.9912176172539968
0.1322124092933672	0.9921518476948453
0.1325851654544515	0.9908668081074371
0.1327164021790577	0.9862711021861489
0.1333734309931514	0.9956016489796573
0.1339990619308552	0.9965490224559109
0.1369077782116128	0.9987214960105403
0.1389732260732575	0.9994279260744748
0.1414601798342006	0.9997702079322779
0.1453555184587313	0.9998910645324621
0.1505166260478256	0.9999751624139784
0.1544405592073967	0.9999888635263821
0.1636737834149309	0.9999968822004182
0.1653555972989567	0.9999985542717807
0.1722695637054923	0.9999995797491398
0.1739399191088883	0.9999998080428816
0.1811415260891751	0.9999999432761777
0.1834892296350838	0.9999999736242825
0.1901442380057616	0.9999999920322549
0.1921579945481722	0.9999999963126184
0.1989791199947451	0.9999999988842200
0.2014432781015122	0.9999999994868337
0.2083286497193702	0.9999999998452882
0.2111181380458879	0.9999999999291036
0.2179373790172162	0.9999999999787114
0.2208712116743059	0.9999999999902605
0.2276208593741213	0.9999999999970830
0.2305797563019843	0.9999999999986660
0.2372656543763911	0.9999999999996008
0.2401692747139066	0.9999999999998174
0.2468117426367728	0.9999999999999453
0.2496516950324182	0.9999999999999749
0.2536425541808213	1.0000000000132836
0.2536503201167266	1.0000000000150040
0.2677017416250612	1.0000000000223508
0.2679259297745502	1.0000000000233356
0.2855378028515144	1.0000000000252767
0.2857858848901628	1.0000000000255471
0.3020013068200884	1.0000000000259288
0.3023202048294817	1.0000000000259843
0.3170929916671332	1.0000000000260485
0.3176608322365473	1.0000000000260585
0.3314103111388920	1.0000000000260685
0.3323947671148113	1.0000000000260700
0.3474472467783653	1.0000000000260714
0.3482164776484479	1.0000000000260716
0.3598832633637757	1.0000000000260716
0.7376545847079018	0.9800000000255502
0.7376545847079018	0.9999906760494688
0.9445563257161159	0.9999976824409773
5.9416124399303465	0.9999996528467112
9.6607725770425894	1.0110008395826626
9.6608797372951312	1.0014070447421217
9.6683264916868783	1.0002114810656395
9.6757396863006999	1.0000545234875640
9.6920613884074367	1.0000510508055376
9.7067095059847901	1.0000073875910931
9.7069218185595929	1.0000017414824727
9.7400617875552431	1.0000001855877421
9.7502618509360026	0.9999999843535854
9.7835775435054106	0.9999999288818154
9.7937845395608623	0.9999999217088855
9.8271389094009098	0.9999999197349094
9.8373788748339539	0.9999999194797503
9.8707439604155063	0.9999999194095238
9.8809836281880852	0.9999999194004462
9.9143469014330794	0.9999999193979479
9.9245900906256637	0.9999999193976248
9.9579840653620852	0.9999999193975362
9.9681217016248063	0.9999999193975245
