0.0000000000000000	0.0000000000000000
0.1253540829883072	0.0000300000000000
0.1255809724452465	0.0000084815364210
0.1268677175039756	0.0000177750869566
0.1268977725125014	0.0000248545898390
0.1271732250165630	0.0000208185196562
0.1273728903905565	0.0000283497963994
0.1277165755336414	0.0000260359290336
0.1281797884024286	0.0000406643035751
0.1283509599317967	0.0000360717805359
0.1287895140443764	0.0000534015108262
0.1289043712108209	0.0000457342616899
0.1289720233217035	0.0000476870368339
0.1294339935460682	0.0000576870368339
0.1297538303481953	0.0000661669452624
0.1299895532586334	0.0000761669452624
0.1302790325690123	0.0000861669452624
0.1305023591255983	0.0000961669452624
0.1307127741950798	0.0001061669452624
0.1308875460593180	0.0001161669452624
0.1310552749386120	0.0001261669452624
0.1312031356949994	0.0001361669452624
0.1313422952319543	0.0001461669452624
0.1314706082676208	0.0001561669452624
0.1315901280942497	0.0001661669452624
0.1317027056639609	0.0001761669452624
0.1318088321302947	0.0001861669452624
0.1319092869180337	0.0001961669452624
0.1320035912632078	0.0002061669452624
0.1320947133784813	0.0002161669452624
0.1321803640133246	0.0002261669452624
0.1322635796479218	0.0002361669452624
0.1323413386503576	0.0002461669452624
0.1324179611593858	0.0002561669452624
0.1324897622671600	0.0002661669452624
0.1325607021279166	0.0002761669452624
0.1326270348365029	0.0002861669452624
0.1326928790083101	0.0002961669452624
0.1327547905065102	0.0003061669452624
0.1328159587882926	0.0003161669452624
0.1328739920029042	0.0003261669452624
0.1329312225098609	0.0003361669452624
0.1329859469429628	0.0003461669452624
0.1330396756794013	0.0003561669452624
0.1330914658618854	0.0003661669452624
0.1331422984539963	0.0003761669452624
0.1331914319027798	0.0003861669452624
0.1332394792024671	0.0003961669452624
0.1332862140835182	0.0004061669452624
0.1333319055627869	0.0004161669452624
0.1333764570882089	0.0004261669452624
0.1334198872298715	0.0004361669452624
0.1334624487019606	0.0004461669452624
0.1335039342817919	0.0004561669452624
0.1335446468172013	0.0004661669452624
0.1335842000066169	0.0004761669452624
0.1336232222893924	0.0004861669452624
0.1336611535491654	0.0004961669452624
0.1336986475183903	0.0005061669452624
0.1337350213460882	0.0005161669452624
0.1337710963231879	0.0005261669452624
0.1338060712903464	0.0005361669452624
0.1338408177791164	0.0005461669452624
0.1338744661341198	0.0005561669452624
0.1339080064473666	0.0005661669452624
0.1339403782735805	0.0005761669452624
0.1339726428387771	0.0005861669452624
0.1340039572403107	0.0005961669452624
0.1340352035945612	0.0006061669452624
0.1340654266616794	0.0006161669452624
0.1340955513244406	0.0006261669452624
0.1341249582798021	0.0006361669452624
0.1341540385774000	0.0006461669452624
0.1341825833586506	0.0006561669452624
0.1342107389263683	0.0006661669452624
0.1342384355241161	0.0006761669452624
0.1342657448731581	0.0006861669452624
0.1342926698411873	0.0006961669452624
0.1343191534176825	0.0007061669452624
0.1343453489682452	0.0007161669452624
0.1343710668484334	0.0007261669452624
0.1343965052168072	0.0007361669452624
0.1344216019544187	0.0007461669452624
0.1344463105378519	0.0007561669452624
0.1344707205705677	0.0007661669452624
0.1344948790450131	0.0007761669452624
0.1345185648791013	0.0007861669452624
0.1345421099025520	0.0007961669452624
0.1345652901059102	0.0008061669452624
0.1345882173682552	0.0008161669452624
0.1346107309574389	0.0008261669452624
0.1346331633160734	0.0008361669452624
0.1346551862916314	0.0008461669452624
0.1346771233472303	0.0008561669452624
0.1346985423727759	0.0008661669452624
0.1347199340185433	0.0008761669452624
0.1347408879673498	0.0008861669452624
0.1347618216847121	0.0008961669452624
0.1347823447983488	0.0009061669452624
0.1348028135176388	0.0009161669452624
0.1348229149073354	0.0009261669452624
0.1348428765993220	0.0009361669452624
0.1348625143859086	0.0009461669452625
0.1348820491868099	0.0009561669452625
0.1349013002678408	0.0009661669452625
0.1349204320538435	0.0009761669452625
0.1349393068370429	0.0009861669452624
0.1349580374623812	0.0009961669452624
0.1349765480932980	0.0010061669452624
0.1349949026060342	0.0010162286147151
0.1350131753519856	0.0010263909008622
0.1350314487398073	0.0010366548098709
0.1350497459963696	0.0010470213579696
0.1350680136989273	0.0010574915715493
0.1350863406562711	0.0010680664872647
0.1351045897977401	0.0010787471521374
0.1351229517680207	0.0010895346236588
0.1351411860458305	0.0011004299698953
0.1351595251612053	0.0011114342695943
0.1351777981859424	0.0011225486122902
0.1351961108572519	0.0011337740984131
0.1352144343538559	0.0011451118393973
0.1352327145730555	0.0011565629577912
0.1352510803118570	0.0011681285873692
0.1352693439393846	0.0011798098732429
0.1352876711125394	0.0011916079719753
0.1353059994187235	0.0012035240516950
0.1353242910851659	0.0012155592922120
0.1353426468529114	0.0012277148851341
0.1353609424610107	0.0012399920339855
0.1353792586820695	0.0012523919543253
0.1353976287615009	0.0012649158738686
0.1354159083818358	0.0012775650326073
0.1354342364306050	0.0012903406829333
0.1354526013880835	0.0013032440897627
0.1354708892954352	0.0013162765306603
0.1354892198067373	0.0013294392959669
0.1355075883475872	0.0013427336889266
0.1355258829571577	0.0013561610258158
0.1355442089943106	0.0013697226360740
0.1355625670940838	0.0013834198624347
0.1355808909237793	0.0013972540610591
0.1355992080376637	0.0014112266016697
0.1356175523161119	0.0014253388676863
0.1356359186032689	0.0014395922563632
0.1356542240071025	0.0014539881789268
0.1356725526317672	0.0014685280607161
0.1356908997007086	0.0014832133413233
0.1357092645012856	0.0014980454747365
0.1357275792068539	0.0015130259294839
0.1357459073846133	0.0015281561887787
0.1357642509347276	0.0015434377506665
0.1357826052863487	0.0015588721281732
0.1358009553813820	0.0015744608494549
0.1358192801021425	0.0015902054579495
0.1358376139016668	0.0016061075125290
0.1358559577895750	0.0016221685876543
0.1358743075724095	0.0016383902735308
0.1358926641707698	0.0016547741762661
0.1359110093255687	0.0016713219180288
0.1359293408938302	0.0016880351372091
0.1359476789036308	0.0017049154885812
0.1359660206526105	0.0017219646434670
0.1359843665992359	0.0017391842899016
0.1360027147238886	0.0017565761328006
0.1360210653906011	0.0017741418941287
0.1360394170435503	0.0017918833130700
0.1360577698228302	0.0018098021462007
0.1360761227416445	0.0018279001676627
0.1360944653553280	0.0018461791693393
0.1361128091573348	0.0018646409610327
0.1361311544521457	0.0018832873706430
0.1361495010983669	0.0019021202443494
0.1361678488955070	0.0019211414467929
0.1361861976382465	0.0019403528612609
0.1362045474182884	0.0019597563898735
0.1362228967686176	0.0019793539537722
0.1362412459487789	0.0019991474933099
0.1362595945349861	0.0020191389682430
0.1362779432441921	0.0020393303579255
0.1362962913066813	0.0020597236615048
0.1363146398232120	0.0020803208981198
0.1363329876271727	0.0021011241071010
0.1363513358273662	0.0021221353481720
0.1363696836100446	0.0021433567016537
0.1363880315965237	0.0021647902686703
0.1364063796280953	0.0021864381713569
0.1364247276166286	0.0022083025530705
0.1364430761451143	0.0022303855786012
0.1364614243757516	0.0022526894343872
0.1364797731066341	0.0022752163287311
0.1364981218445757	0.0022979684920184
0.1365164707638775	0.0023209481769386
0.1365348203065646	0.0023441576587080
0.1365531696977505	0.0023675992352951
0.1365715195604795	0.0023912752276480
0.1365898697557795	0.0024151879799245
0.1366082200614333	0.0024393398597238
0.1366265709837851	0.0024637332583210
0.1366449220849573	0.0024883705909042
0.1366632734149706	0.0025132542968132
0.1366816253875443	0.0025383868397813
0.1366999775283785	0.0025637707081792
0.1367183299251543	0.0025894084152610
0.1367366829228049	0.0026153024994136
0.1367550362234381	0.0026414555244077
0.1367733897457034	0.0026678700796518
0.1367917437771731	0.0026945487804483
0.1368100983812662	0.0027214942682528
0.1368284531272013	0.0027487092109353
0.1368468082613438	0.0027761963030446
0.1368651640133162	0.0028039582660751
0.1368835201636824	0.0028319978487358
0.1369018765606053	0.0028603178272232
0.1369202334093881	0.0028889210054954
0.1369385908522357	0.0029178102155504
0.1369569487871727	0.0029469883177059
0.1369753070047340	0.0029764582008829
0.1369936656341432	0.0030062227828918
0.1370120248052895	0.0030362850107207
0.1370303846006928	0.0030666478608279
0.1370487448475149	0.0030973143394362
0.1370671054527249	0.0031282874828305
0.1370854665005173	0.0031595703576588
0.1371038280731625	0.0031911660612354
0.1371221902228714	0.0032230777218478
0.1371405529992485	0.0032553084990663
0.1371589163179298	0.0032878615840569
0.1371772800539295	0.0033207401998975
0.1371956442639309	0.0033539476018965
0.1372140089877250	0.0033874870779155
0.1372323742602054	0.0034213619486947
0.1372507401056191	0.0034555755681816
0.1372691065434124	0.0034901313238634
0.1372874735870759	0.0035250326371021
0.1373058412446005	0.0035602829634731
0.1373242095227901	0.0035958857931078
0.1373425784225816	0.0036318446510389
0.1373609479473863	0.0036681630975493
0.1373793180940310	0.0037048447285248
0.1373976888371689	0.0037418931758100
0.1374160601916406	0.0037793121075681
0.1374344321685365	0.0038171052286438
0.1374528047725937	0.0038552762809303
0.1374711779985603	0.0038938290437396
0.1374895518516286	0.0039327673341770
0.1375079263270881	0.0039720950075188
0.1375263014323611	0.0040118159575940
0.1375446771638134	0.0040519341171699
0.1375630535251048	0.0040924534583416
0.1375814305169585	0.0041333779929250
0.1375998081441367	0.0041747117728543
0.1376181864098955	0.0042164588905828
0.1376365653237758	0.0042586234794886
0.1376549448869799	0.0043012097142835
0.1376733251089342	0.0043442218114264
0.1376917059939611	0.0043876640295406
0.1377100875489247	0.0044315406698360
0.1377284697841995	0.0044758560765344
0.1377468527036551	0.0045206146372998
0.1377652363178746	0.0045658207836728
0.1377836206345702	0.0046114789915095
0.1378020056611454	0.0046575937814246
0.1378203914105787	0.0047041697192389
0.1378387778895215	0.0047512114164313
0.1378571651076873	0.0047987235305956
0.1378755530794804	0.0048467107659015
0.1378939418120624	0.0048951778735606
0.1379123313165887	0.0049441296522962
0.1379307216082203	0.0049935709488192
0.1379491126960206	0.0050435066583074
0.1379675045916955	0.0050939417248905
0.1379858973102379	0.0051448811421394
0.1380042908635426	0.0051963299535608
0.1380226852630363	0.0052482932530965
0.1380410805229693	0.0053007761856274
0.1380594766591332	0.0053537839474837
0.1380778736822396	0.0054073217869586
0.1380962716055386	0.0054613950048282
0.1381146704441480	0.0055160089548764
0.1381330702137440	0.0055711690444252
0.1381514709249766	0.0056268807348695
0.1381698714714816	0.0056831495422182
0.1381882708608720	0.0057399810376403
0.1382066712855593	0.0057973808480167
0.1382250727514736	0.0058553546564969
0.1382434752638102	0.0059139082030619
0.1382618788290086	0.0059730472850924
0.1382802834400101	0.0060327777579434
0.1382986890888147	0.0060931055355228
0.1383170957697660	0.0061540365908780
0.1383355034766094	0.0062155769567868
0.1383539122057516	0.0062777327263547
0.1383723219558989	0.0063405100536183
0.1383907327278301	0.0064039151541545
0.1384091445241039	0.0064679543056960
0.1384275573489407	0.0065326338487530
0.1384459712079764	0.0065979601872405
0.1384643861081447	0.0066639397891129
0.1384828017943862	0.0067305791870040
0.1385012183124918	0.0067978849788741
0.1385196358919295	0.0068658638286628
0.1385380545439396	0.0069345224669495
0.1385564742808447	0.0070038676916190
0.1385748951161591	0.0070739063685351
0.1385933170644010	0.0071446454322204
0.1386117401411578	0.0072160918865426
0.1386301643628128	0.0072882528054080
0.1386485897465052	0.0073611353334621
0.1386670163099738	0.0074347466867967
0.1386854440716112	0.0075090941536647
0.1387038730496382	0.0075841850952014
0.1387223032612832	0.0076600269461534
0.1387407347230126	0.0077366272156149
0.1387591674507735	0.0078139934877710
0.1387776014602400	0.0078921334226487
0.1387960367669587	0.0079710547568751
0.1388144733866153	0.0080507653044439
0.1388329113350813	0.0081312729574884
0.1388513506286455	0.0082125856870634
0.1388697912840894	0.0082947115439340
0.1388882331619287	0.0083776586593733
0.1389066760971261	0.0084614352459670
0.1389251201297657	0.0085460495984266
0.1389435652987976	0.0086315100944109
0.1389620116421571	0.0087178251953551
0.1389804591969229	0.0088050034473086
0.1389989079995232	0.0088930534817817
0.1390173580857953	0.0089819840165995
0.1390358094911829	0.0090718038567655
0.1390542622509033	0.0091625218953332
0.1390727164000314	0.0092541471142865
0.1390911719736824	0.0093466885854293
0.1391096290071116	0.0094401554712837
0.1391280875355120	0.0095345570259965
0.1391465475813869	0.0096299025962565
0.1391650091489169	0.0097262016222190
0.1391834722438679	0.0098234636384413
0.1392019368736320	0.0099216982748257
0.1392204030472736	0.0100209152575739
0.1392388707755242	0.0101211244101497
0.1392573400708263	0.0102223356542511
0.1392758109473948	0.0103245590107936
0.1392942834212697	0.0104278046009016
0.1393127575103040	0.0105320826469107
0.1393312332342279	0.0106374034733797
0.1393497106145981	0.0107437775081135
0.1393681896746891	0.0108512152831947
0.1393866704393745	0.0109597274360266
0.1394051529350801	0.0110693247103870
0.1394236371897606	0.0111800179574908
0.1394421232328974	0.0112918181370657
0.1394606110955091	0.0114047363184363
0.1394791008101448	0.0115187836816206
0.1394975924090037	0.0116339715184368
0.1395160859234513	0.0117503112336211
0.1395345813844718	0.0118678143459574
0.1395530788228762	0.0119864924894170
0.1395715782694963	0.0121063574143111
0.1395900797553611	0.0122274209884543
0.1396085833119049	0.0123496951983388
0.1396270889711838	0.0124731921503222
0.1396455967660785	0.0125979240718255
0.1396641067304875	0.0127239033125437
0.1396826188995151	0.0128511423456692
0.1397011333096322	0.0129796537691260
0.1397196499986222	0.0131094503068173
0.1397381689824592	0.0132405448098855
0.1397566902622787	0.0133729502579844
0.1397752138449777	0.0135066797605643
0.1397937397425279	0.0136417465581699
0.1398122679687745	0.0137781640237516
0.1398307985396648	0.0139159456639891
0.1398493314734738	0.0140551051206290
0.1398678667910245	0.0141956561718353
0.1398864045158866	0.0143376127335537
0.1399049446743058	0.0144809888608893
0.1399234872951610	0.0146257987494981
0.1399420324099605	0.0147720567369930
0.1399605800528750	0.0149197773043629
0.1399791302399787	0.0150689750774064
0.1399976823956624	0.0152196648281806
0.1400162366012572	0.0153718614764624
0.1400347929378782	0.0155255800912270
0.1400533514866483	0.0156808358921392
0.1400719123263828	0.0158376442510605
0.1400904755327611	0.0159960206935711
0.1401090411789898	0.0161559809005069
0.1401276093364343	0.0163175407095119
0.1401461800752149	0.0164807161166071
0.1401647534647742	0.0166455232777732
0.1401833295744211	0.0168119785105509
0.1402019084546224	0.0169800982956564
0.1402204901233773	0.0171498992786130
0.1402390746051259	0.0173213982713990
0.1402576619303914	0.0174946122541130
0.1402762521355026	0.0176695583766542
0.1402948452623895	0.0178462539604207
0.1403134413553955	0.0180247165000249
0.1403320404602509	0.0182049636650252
0.1403506426246422	0.0183870133016755
0.1403692407723980	0.0185708834346922
0.1403878387241132	0.0187565922690390
0.1404064400532075	0.0189441581917295
0.1404250447999636	0.0191335997736469
0.1404436530085935	0.0193249357713833
0.1404622647274297	0.0195181851290973
0.1404808800091316	0.0197133669803882
0.1404994989107184	0.0199105006501922
0.1405181214934464	0.0201096056566940
0.1405367478179135	0.0203107017132611
0.1405553779447975	0.0205138087303935
0.1405740119355873	0.0207189468176976
0.1405926497966858	0.0209261362858746
0.1406112915332592	0.0211353976487333
0.1406299371595535	0.0213467516252207
0.1406485866986129	0.0215602191414728
0.1406672401819117	0.0217758213328875
0.1406858976490789	0.0219935795462163
0.1407045582631731	0.0222135153416784
0.1407232220747040	0.0224356504950952
0.1407418891961500	0.0226600070000463
0.1407605597378698	0.0228866070700467
0.1407792338093140	0.0231154731407471
0.1407979115196724	0.0233466278721545
0.1408165929785374	0.0235800941508761
0.1408352782965827	0.0238158950923848
0.1408539675862634	0.0240540540433085
0.1408726609624910	0.0242945945837414
0.1408913585429519	0.0245375405295789
0.1409100603993831	0.0247829159348747
0.1409287665749901	0.0250307450942234
0.1409474771192452	0.0252810525451656
0.1409661920882887	0.0255338630706173
0.1409849115453564	0.0257892017013235
0.1410036355612116	0.0260470937183368
0.1410223642142490	0.0263075646555202
0.1410410975904569	0.0265706403020753
0.1410598357835045	0.0268363467050961
0.1410785788930475	0.0271047101721472
0.1410973270199388	0.0273757572738688
0.1411160802675497	0.0276495148466073
0.1411348387425588	0.0279260099950733
0.1411536025556303	0.0282052700950240
0.1411723717838106	0.0284873227959744
0.1411911464570660	0.0287721960239341
0.1412099255239881	0.0290599179841734
0.1412287089864441	0.0293505171640153
0.1412474969822456	0.0296440223356554
0.1412662896527518	0.0299404625590120
0.1412850871411983	0.0302398671846021
0.1413038895937592	0.0305422658564481
0.1413226971606056	0.0308476885150129
0.1413415077832839	0.0311561654001631
0.1413603102589068	0.0314677270541649
0.1413791137363536	0.0317824043247065
0.1413979231575745	0.0321002283679535
0.1414167386673221	0.0324212306516331
0.1414355604074581	0.0327454429581493
0.1414543884188607	0.0330728973877307
0.1414732227575118	0.0334036263616083
0.1414920634947139	0.0337376626252245
0.1415109107168854	0.0340750392514767
0.1415297645255214	0.0344157896439912
0.1415486250373142	0.0347599475404311
0.1415674923749068	0.0351075470158352
0.1415863666682037	0.0354586224859935
0.1416052480552676	0.0358132087108537
0.1416241358053066	0.0361713407979622
0.1416430293756253	0.0365330542059417
0.1416619290266732	0.0368983847480010
0.1416808348960000	0.0372673685954813
0.1416997471352440	0.0376400422814361
0.1417186659062870	0.0380164427042505
0.1417375913791647	0.0383966071312932
0.1417565237332865	0.0387805732026061
0.1417754631588193	0.0391683789346320
0.1417944098577052	0.0395600627239786
0.1418133640440913	0.0399556633512184
0.1418323259360046	0.0403552199847303
0.1418512957551178	0.0407587721845774
0.1418702735941794	0.0411663599064233
0.1418892595628147	0.0415780235054873
0.1419082537927438	0.0419938037405421
0.1419272564376619	0.0424137417779472
0.1419462676708816	0.0428378791957267
0.1419652860729364	0.0432662579876840
0.1419843116040252	0.0436989205675607
0.1420033364682560	0.0441359097732365
0.1420223516668785	0.0445772688709688
0.1420413751733945	0.0450230415596782
0.1420604072806286	0.0454732719752748
0.1420794481483919	0.0459280046950272
0.1420984979419766	0.0463872847419774
0.1421175568442873	0.0468511575893972
0.1421366250558169	0.0473196691652909
0.1421557027958079	0.0477928658569440
0.1421747903035703	0.0482707945155133
0.1421938878399837	0.0487535024606683
0.1422129956762412	0.0492410374852748
0.1422321140090333	0.0497334478601279
0.1422512429482757	0.0502307823387293
0.1422703807980600	0.0507330901621167
0.1422895274434028	0.0512404210637381
0.1423086832190703	0.0517528252743751
0.1423278484812491	0.0522703535271189
0.1423470235935119	0.0527930570623900
0.1423662089289557	0.0533209876330136
0.1423854048735165	0.0538541975093437
0.1424046116863945	0.0543927394844372
0.1424238276171818	0.0549366668792816
0.1424430523460863	0.0554860335480743
0.1424622886750161	0.0560408938835549
0.1424815369153569	0.0566013028223905
0.1425007749188597	0.0571673158506147
0.1425200126675468	0.0577389890091205
0.1425392618286922	0.0583163788992120
0.1425585220158801	0.0588995426882040
0.1425777936315604	0.0594885381150856
0.1425970769841141	0.0600834234962362
0.1426163724107593	0.0606842577311983
0.1426356802803785	0.0612911003085106
0.1426550009946304	0.0619040113115959
0.1426743349797054	0.0625230514247121
0.1426936826788468	0.0631482819389590
0.1427130443918352	0.0637797647583484
0.1427324203851493	0.0644175624059318
0.1427518108238009	0.0650617380299915
0.1427712131504892	0.0657123554102917
0.1427906279265015	0.0663694789643943
0.1428100557274310	0.0670331737540384
0.1428294971489104	0.0677035054915784
0.1428489527197317	0.0683805405464941
0.1428684228245362	0.0690643459519586
0.1428879042311978	0.0697549894114782
0.1429073607863812	0.0704525393055931
0.1429268337355439	0.0711570646986485
0.1429463235232862	0.0718686353456354
0.1429658306404154	0.0725873216990917
0.1429853532601780	0.0733131949160821
0.1430048906548213	0.0740463268652426
0.1430244433348292	0.0747867901338948
0.1430440118510085	0.0755346580352340
0.1430635967990054	0.0762900046155865
0.1430831988221659	0.0770529046617425
0.1431028185952475	0.0778234337083602
0.1431224520610819	0.0786016680454436
0.1431421018945733	0.0793876847258978
0.1431617704869509	0.0801815615731571
0.1431814548674159	0.0809833771888885
0.1432011558698884	0.0817932109607779
0.1432208733632150	0.0826111430703860
0.1432405579917515	0.0834372545010903
0.1432602620517726	0.0842716270461007
0.1432799860525323	0.0851143433165618
0.1432997305834872	0.0859654867497278
0.1433194962990363	0.0868251416172249
0.1433392839067479	0.0876933930333966
0.1433590921838894	0.0885703269637309
0.1433789194234957	0.0894560302333683
0.1433987663585885	0.0903505905357017
0.1434186338031867	0.0912540964410589
0.1434385226212633	0.0921666374054691
0.1434584337355726	0.0930883037795234
0.1434783680461448	0.0940191868173180
0.1434983261875029	0.0949593786854913
0.1435182781646987	0.0959089724723458
0.1435382203505384	0.0968680621970688
0.1435581844098408	0.0978367428190396
0.1435781713858670	0.0988151102472295
0.1435981823936342	0.0998032613497015
0.1436182184236357	0.1008012939631990
0.1436382731469583	0.1018093069028305
0.1436583522646182	0.1028273999718583
0.1436784589545695	0.1038556739715767
0.1436985892338573	0.1048942307112931
0.1437187439914224	0.1059431730184058
0.1437389242940055	0.1070026047485902
0.1437591312351565	0.1080726307960759
0.1437793205686206	0.1091533571040371
0.1437995116156151	0.1102448906750773
0.1438197333335253	0.1113473395818275
0.1438399867337319	0.1124608129776462
0.1438602671338816	0.1135854211074232
0.1438805754443114	0.1147212753184975
0.1439009130380655	0.1158684880716827
0.1439212813988713	0.1170271729523996
0.1439416819153012	0.1181974446819230
0.1439621156879152	0.1193794191287429
0.1439825815439817	0.1205732133200310
0.1440030554812654	0.1217789454532318
0.1440235008070123	0.1229967349077642
0.1440439721966079	0.1242267022568421
0.1440644730128622	0.1254689692794097
0.1440850094896546	0.1267236589722038
0.1441055830601720	0.1279908955619264
0.1441261936916332	0.1292708045175454
0.1441468373472821	0.1305635125627204
0.1441675159761826	0.1318691476883479
0.1441882311971088	0.1331878391652322
0.1442089832968091	0.1345197175568847
0.1442296811421196	0.1358649147324538
0.1442504213587857	0.1372235638797788
0.1442712024256669	0.1385957995185762
0.1442920212788942	0.1399817575137619
0.1443128798333835	0.1413815750888994
0.1443337801936911	0.1427953908397879
0.1443547246167462	0.1442233447481860
0.1443757144128001	0.1456655781956682
0.1443967297437438	0.1471222339776257
0.1444177154230825	0.1485934563174012
0.1444387124346555	0.1500793908805748
0.1444597555006093	0.1515801847893807
0.1444808469705732	0.1530959866372752
0.1445019887878454	0.1546269465036472
0.1445231779005292	0.1561732159686832
0.1445444127310178	0.1577349481283692
0.1445656963026546	0.1593122976096537
0.1445870158073312	0.1609054205857498
0.1446082839392873	0.1625144747916072
0.1446296083777344	0.1641396195395230
0.1446509861747672	0.1657810157349179
0.1446724154163395	0.1674388258922665
0.1446938806292773	0.1691132141511900
0.1447154026817843	0.1708043462927021
0.1447369846947376	0.1725123897556284
0.1447585919630602	0.1742375136531842
0.1447801571284548	0.1759798887897166
0.1448017804982390	0.1777396876776129
0.1448234650825068	0.1795170845543886
0.1448452141824094	0.1813122553999325
0.1448670298578521	0.1831253779539319
0.1448889050188477	0.1849566317334713
0.1449108432035715	0.1868061980508069
0.1449327260120185	0.1886742600313150
0.1449546339631106	0.1905610026316282
0.1449766150244756	0.1924666126579454
0.1449986644252317	0.1943912787845255
0.1450207819189765	0.1963351915723715
0.1450429717849417	0.1982985434880957
0.1450652386466324	0.2002815289229759
0.1450874235334897	0.2022843442122065
0.1451096854937501	0.2043071876543278
0.1451320221166101	0.2063502595308708
0.1451544381264741	0.2084137621261783
0.1451769295688196	0.2104978997474391
0.1451994878216708	0.2126028787449142
0.1452220379444116	0.2147289075323645
0.1452445868794754	0.2168761966076872
0.1452672230441961	0.2190449585737640
0.1452899522604692	0.2212354081595030
0.1453127744207162	0.2234477622410975
0.1453356834567054	0.2256822398635096
0.1453586105209432	0.2279390622621453
0.1453815187504142	0.2302184528847674
0.1454045021778643	0.2325206374136156
0.1454275840128560	0.2348458437877518
0.1454507626744637	0.2371943022256288
0.1454740450905319	0.2395662452478862
0.1454973027745249	0.2419619077003639
0.1455205981986415	0.2443815267773686
0.1455440013001966	0.2468253420451413
0.1455675136114237	0.2492935954655934
0.1455911263374537	0.2517865314202488
0.1456148020193805	0.2543043967344508
0.1456384114389062	0.2568474407017956
0.1456621365020841	0.2594159151088126
0.1456859852689524	0.2620100742599004
0.1457099668388140	0.2646301750024980
0.1457340758763222	0.2672764767525229
0.1457580878159845	0.2699492415200490
0.1457821843613218	0.2726487339352495
0.1458064129335032	0.2753752212746016
0.1458307878025858	0.2781289734873463
0.1458552986946058	0.2809102632222188
0.1458797073286367	0.2837193658544419
0.1459042510890133	0.2865565595129861
0.1459289574344772	0.2894221251081152
0.1459537776744769	0.2923163463591976
0.1459786978197081	0.2952395098227906
0.1460035409918984	0.2981919049210184
0.1460285591273695	0.3011738239702282
0.1460537466351608	0.3041855622099302
0.1460791056038834	0.3072274178320289
0.1461044466833813	0.3102996920103491
0.1461298094464744	0.3134026889304528
0.1461553609498400	0.3165367158197559
0.1461810974834917	0.3197020829779534
0.1462069696413351	0.3228991038077320
0.1462327723899600	0.3261280948458099
0.1462587649934707	0.3293893757942665
0.1462849196202674	0.3326832695522099
0.1463112945881155	0.3360101022477328
0.1463375437309973	0.3393702032702083
0.1463640087563837	0.3427639053029108
0.1463906968945169	0.3461915443559391
0.1464175705005318	0.3496534597994996
0.1464443363058525	0.3531499943974934
0.1464713027069732	0.3566814943414682
0.1464985168463910	0.3602483092848831
0.1465259998803770	0.3638507923777318
0.1465533134054921	0.3674893003015110
0.1465808418590175	0.3711641933045263
0.1466086468956867	0.3748758352375727
0.1466367046723724	0.3786245935899493
0.1466646516496295	0.3824108395258500
0.1466928277880771	0.3862349479211103
0.1467212976378496	0.3900972974003205
0.1467499054184605	0.3939982703743239
0.1467785530692711	0.3979382530780655
0.1468074979899897	0.4019176356088457
0.1468367214170180	0.4059368119649323
0.1468658905892119	0.4099961800845803
0.1468953267715361	0.4140961418854255
0.1469251229028055	0.4182371033042810
0.1469550421934785	0.4224194743373244
0.1469849592937804	0.4266436690806991
0.1470152897728229	0.4309101057715047
0.1470460341126695	0.4352192068292179
0.1470765537798417	0.4395713988975115
0.1471074682653617	0.4439671128864853
0.1471388295157829	0.4484067840153491
0.1471702581212390	0.4528908518555035
0.1472017894485247	0.4574197603740602
0.1472338406792555	0.4619939579777996
0.1472661500754114	0.4666138975575769
0.1472984375671521	0.4712800365331514
0.1473312354340966	0.4759928368984820
0.1473644381882502	0.4807527652674655
0.1473975886728922	0.4855602929201397
0.1474312075086657	0.4904158958493401
0.1474653528089329	0.4953200548078319
0.1474994378091430	0.5002732553559107
0.1475340054909882	0.5052759879094711
0.1475691479672112	0.5103287477885677
0.1476042354359988	0.5154320352664554
0.1476398916162114	0.5205863556191179
0.1476760950540248	0.5257922191753091
0.1477122932395899	0.5310501413670610
0.1477491592276457	0.5363606427807301
0.1477864991634228	0.5417242492085393
0.1478239828041852	0.5471414917006256
0.1478621960306088	0.5526129066176337
0.1479007601096447	0.5581390356838091
0.1479396496495524	0.5637204260406455
0.1479793881363816	0.5693576303010541
0.1480192805279191	0.5750512066040627
0.1480597539527416	0.5808017186701013
0.1481012750039069	0.5866097358568036
0.1481425827851947	0.5924758332153703
0.1481848912691113	0.5984005915475237
0.1482280028081559	0.6043845974630004
0.1482711838243780	0.6104284434376287
0.1483157775349588	0.6165327278720039
0.1483604853274206	0.6226980551507221
0.1484059943644399	0.6289250357022280
0.1484529062296489	0.6352142860592498
0.1484995262275489	0.6415664289198412
0.1485479780385220	0.6479820932090395
0.1485966204517221	0.6544619141411316
0.1486464236547412	0.6610065332825422
0.1486976451096114	0.6676165986153662
0.1487489763914242	0.6742927646015189
0.1488020555485877	0.6810356922475335
0.1488559758560483	0.6878460491700101
0.1489109802201478	0.6947245096617110
0.1489680738141665	0.7016717547583278
0.1490249534643672	0.7086884723059096
0.1490850412769317	0.7157753570289700
0.1491449173741864	0.7229331105992581
0.1492072907284334	0.7301624417052496
0.1492712947519703	0.7374640661223013
0.1493366366314394	0.7448387067835255
0.1494053820177380	0.7522870938513615
0.1494736581628755	0.7598099647898763
0.1495464147665124	0.7674080644377762
0.1496197311596697	0.7750821450821530
0.1496967230759390	0.7828329665329745
0.1497762555723862	0.7906612961983038
0.1498582162505257	0.7985679091602857
0.1499446553244820	0.8065535882518895
0.1500332021678824	0.8146191241344091
0.1501286604655376	0.8227653153757525
0.1502230541898235	0.8309929685295107
0.1503278222973936	0.8393028982148047
0.1504333409444284	0.8476959271969523
0.1505501042590618	0.8561728864689224
0.1506679441002831	0.8647346153336116
0.1507968889077161	0.8733819614869487
0.1509332893398069	0.8821157811018192
0.1510827537532878	0.8909369389128373
0.1512409821419719	0.8998463083019653
0.1514120011751462	0.9088447713849844
0.1516051296102327	0.9179332190988346
0.1518033130982680	0.9268387936447421
0.1520467586563135	0.9361071815811901
0.1522772807077795	0.9437956354860679
0.1525475160941091	0.9532335918409288
0.1529570678979968	0.9627659277593379
0.1534384722187783	0.9723935870369312
0.1536041315860381	0.9702071510739196
0.1538992360185559	0.9795973558570490
0.1539080612838231	0.9767574651132885
0.1542760602978220	0.9862710200421662
0.1546666267581025	0.9901822616956978
0.1549515918463353	0.9910910174334321
0.1554474640618327	0.9926441100814399
0.1568231584812158	0.9938287994904225
0.1573638424441106	0.9971856878233278
0.1615476373961771	0.9993036709706099
0.1626497506565732	0.9995688082221479
0.1687774306964536	0.9998782702799012
0.1692596943031251	0.9999181583268273
0.1727745500520571	0.9999516909183128
0.1745399748669364	0.9999877006970128
0.1756205127758345	0.9999923525554101
0.1858032508145804	0.9999974549477343
0.1878313218094291	0.9999988666625163
0.1946173680357538	0.9999996598378275
0.1988053875503454	0.9999998477966614
0.2052942892183562	0.9999999549734995
0.2088059114328818	0.9999999796402063
0.2151546214761320	0.9999999939936089
0.2182375000016012	0.9999999972691470
0.2247416636053720	0.9999999991913815
0.2275774899847866	0.9999999996301736
0.2340672601067002	0.9999999998898004
0.2366526877362559	0.9999999999494673
0.2432223620436581	0.9999999999848800
0.2457680790256682	0.9999999999930645
0.2524285141043852	0.9999999999979211
0.2550479270703278	0.9999999999990470
0.2617562376908973	0.9999999999997143
0.2644682377583011	0.9999999999998693
0.2712016948297228	0.9999999999999608
0.2739812455846021	0.9999999999999822
0.2807605428818611	0.9999999999999946
0.2836388545118566	0.9999999999999976
0.2901434126957429	0.9999999999999993
0.2932922016230786	0.9999999999999997
0.3008922016230787	1.0040070505287895
0.3012599304816831	1.0005821069964502
0.3062461687255538	1.0001517976017593
0.3288226553367401	0.9999676426683892
0.3342225743196328	0.9999557199962986
0.3536184821583334	0.9999101925332241
0.3796733396378050	0.9999566484409907
0.4076056993346417	0.9999933032224936
0.8951253971933533	0.9999982647239226
0.8951638914127885	1.0004276934350049
0.9025077456785212	1.0001102816871470
0.9649230287134033	1.0001212244803721
0.9766791960431678	1.0000166789171876
0.9854042482489075	1.0000045748602762
1.0107620800681247	1.0000020056816508
1.0203865500748359	1.0000016735200958
1.0224734592916793	1.0000016303668999
1.0326951689378667	1.0000016247875503
1.0519326692995954	1.0000015746900808
1.0530131677706316	0.9982848502481247
1.0530131769820101	0.9980605219406403
1.0552012354166775	0.9994956626268000
1.0602323945112146	0.9998754241107080
1.0856936778736574	0.9999238633822434
1.0906165533366410	0.9999319140285443
1.1081777753196216	0.9999883612890900
1.1271605661481854	0.9999969838456676
1.1475218009142065	0.9999993311916432
1.1489892797466557	0.9999997972860034
1.1587502310839497	0.9999999518847846
1.1635191042936679	0.9999999840640595
1.1754603018351495	0.9999999947006560
1.1813862184678081	0.9999999969127693
1.1936316640617703	0.9999999976438092
1.1996216052354141	0.9999999977958374
1.2118837508198814	0.9999999978460776
1.2178771538182576	0.9999999978565256
1.2301394900611777	0.9999999978599787
1.2361347608407363	0.9999999978606965
1.2483995742598397	0.9999999978609341
1.2543854953110860	0.9999999978609831
1.2667295894624879	0.9999999978609996
1.2728809625080131	0.9999999978610028
1.2853383472363524	0.9999999978610039
1.2891082971475800	0.9999999978610041
1.2933419779915598	0.9999999978610042
1.2949659450170996	0.9999999978610042
1.3121231137381644	1.0099999978396155
1.3125947896028094	0.9999999978610042
