0.0000000000000000	0.0000000000000000
0.1310114189104034	0.0000300000000000
0.1313497475664448	0.0000150279026966
0.1319268412334793	0.0000250279026966
0.1321529391150763	0.0000277958633455
0.1324783935173106	0.0000380891975651
0.1326994853701865	0.0000274241981005
0.1331863830740680	0.0000461554947561
0.1334158880031775	0.0000396538612023
0.1337985974445227	0.0000469641718729
0.1341622327572810	0.0000569641718729
0.1341871715431723	0.0000541808535058
0.1344091516383262	0.0000623709223510
0.1346785174782177	0.0000723709223510
0.1349557008004588	0.0000822167088673
0.1352010995882294	0.0000922167088673
0.1354398743191717	0.0001022167088673
0.1356321533143522	0.0001122167088673
0.1358092184951534	0.0001222167088673
0.1359672600377544	0.0001322167088673
0.1361101096336852	0.0001422167088672
0.1362458110259827	0.0001522167088672
0.1363711754092298	0.0001622167088673
0.1364894485303461	0.0001722167088673
0.1365988774738366	0.0001822167088673
0.1367038380922408	0.0001922167088673
0.1368018824838801	0.0002022167088673
0.1368960764991260	0.0002122167088673
0.1369831813060591	0.0002222167088673
0.1370687842319010	0.0002322167088673
0.1371485792640686	0.0002422167088673
0.1372270358311736	0.0002522167088673
0.1373000730475394	0.0002622167088673
0.1373725243998612	0.0002722167088673
0.1374401747352176	0.0002822167088673
0.1375071433517240	0.0002922167088673
0.1375700933922153	0.0003022167088673
0.1376324904223701	0.0003122167088673
0.1376915169740187	0.0003222167088673
0.1377496943512613	0.0003322167088672
0.1378052685553237	0.0003422167088673
0.1378599170021556	0.0003522167088673
0.1379124100567030	0.0003622167088673
0.1379637661752533	0.0003722167088673
0.1380134185435381	0.0003822167088673
0.1380620117018289	0.0003922167088672
0.1381092078897504	0.0004022167088672
0.1381552759786047	0.0004122167088673
0.1382002501494701	0.0004222167088672
0.1382440512076332	0.0004322167088672
0.1382869988375881	0.0004422167088672
0.1383287559288491	0.0004522167088672
0.1383698491088456	0.0004622167088672
0.1384097299781662	0.0004722167088672
0.1384491292558878	0.0004822167088672
0.1384873166760339	0.0004922167088672
0.1385251446272645	0.0005022167088672
0.1385617409743900	0.0005122167088672
0.1385980834960686	0.0005222167088672
0.1386332039581422	0.0005322167088672
0.1386681851719409	0.0005422167088672
0.1387019561497029	0.0005522167088672
0.1387356357868491	0.0005622167088672
0.1387682774038528	0.0005722167088672
0.1388007561516920	0.0005822167088673
0.1388322246439549	0.0005922167088673
0.1388635060721773	0.0006022167088673
0.1388940683888829	0.0006122167088673
0.1389242587703582	0.0006222167088673
0.1389537986060144	0.0006322167088673
0.1389831195163584	0.0006422167088673
0.1390117031185573	0.0006522167088673
0.1390400539360142	0.0006622167088673
0.1390678264574075	0.0006722167088673
0.1390953163656156	0.0006822167088673
0.1391222998098236	0.0006922167088673
0.1391489788074764	0.0007022167088673
0.1391751911080891	0.0007122167088673
0.1392010894473600	0.0007222167088673
0.1392266351285924	0.0007322167088673
0.1392517349236170	0.0007422167088673
0.1392767237989825	0.0007522167088673
0.1393010765315655	0.0007622167088673
0.1393253538143076	0.0007722167088673
0.1393491938153238	0.0007822167088673
0.1393728102878477	0.0007922167088673
0.1393959501788317	0.0008022167088673
0.1394190766378496	0.0008122167088673
0.1394417044820791	0.0008222167088673
0.1394641702194851	0.0008322167088673
0.1394861904666333	0.0008422167088673
0.1395081686567249	0.0008522167088673
0.1395297423109052	0.0008622167088673
0.1395512355100728	0.0008722167088673
0.1395722677642314	0.0008822167088673
0.1395931811225684	0.0008922167088673
0.1396137811950313	0.0009022167088673
0.1396342430738305	0.0009122167088673
0.1396544262414882	0.0009222167088673
0.1396744445975023	0.0009322167088673
0.1396942183333461	0.0009422167088673
0.1397138015604535	0.0009522167088673
0.1397331752828894	0.0009622167088673
0.1397523383954105	0.0009722167088673
0.1397713230400230	0.0009822167088673
0.1397900696322353	0.0009922167088673
0.1398086676305661	0.0010022167088673
0.1398270308911527	0.0010122388759559
0.1398453200755225	0.0010223612647155
0.1398635368342983	0.0010325848773627
0.1398818492479383	0.0010429107261363
0.1399000621280471	0.0010533398333976
0.1399184004966348	0.0010638732317316
0.1399366020278444	0.0010745119640489
0.1399549216569833	0.0010852570836894
0.1399731589040599	0.0010961096545263
0.1399914507616740	0.0011070707510716
0.1400097341577894	0.0011181414585823
0.1400280024904516	0.0011293228731681
0.1400463365824867	0.0011406161018998
0.1400645732629219	0.0011520222629188
0.1400829019044895	0.0011635424855480
0.1401011732239092	0.0011751779104035
0.1401194625867810	0.0011869296895075
0.1401377991650464	0.0011987989864026
0.1401560560712817	0.0012107869762666
0.1401743787966797	0.0012228948460293
0.1401926803524521	0.0012351237944896
0.1402109659126722	0.0012474750324345
0.1402293067229182	0.0012599497827588
0.1402475903529809	0.0012725492805864
0.1402658912397961	0.0012852747733923
0.1402842384855876	0.0012981275211262
0.1403025205120140	0.0013111087963375
0.1403208265461430	0.0013242198843008
0.1403391715191473	0.0013374620831439
0.1403574674108372	0.0013508367039753
0.1403757711922893	0.0013643450710150
0.1403941077753546	0.0013779885217252
0.1404124320893407	0.0013917684069424
0.1404307286021903	0.0014056860910119
0.1404490528950069	0.0014197429519220
0.1404674021860191	0.0014339403814412
0.1404857054000349	0.0014482797852556
0.1405040152962053	0.0014627625831082
0.1405223460872495	0.0014773902089393
0.1405406948767173	0.0014921641110286
0.1405590057962313	0.0015070857521389
0.1405773183836659	0.0015221566096603
0.1405956465607313	0.0015373781757569
0.1406139874159185	0.0015527519575145
0.1406323326493355	0.0015682794770897
0.1406506423698595	0.0015839622718605
0.1406689629357615	0.0015998018945791
0.1406872937480614	0.0016157999135250
0.1407056318921426	0.0016319579126602
0.1407239773120794	0.0016482774917868
0.1407423148064905	0.0016647602667047
0.1407606348066212	0.0016814078693717
0.1407789618751372	0.0016982219480654
0.1407972931499072	0.0017152041675461
0.1408156294866285	0.0017323562092215
0.1408339679964594	0.0017496797713138
0.1408523099907299	0.0017671765690269
0.1408706526431581	0.0017848483347172
0.1408889972646507	0.0018026968180643
0.1409073396021385	0.0018207237862450
0.1409256719872086	0.0018389310241074
0.1409440072583077	0.0018573203343485
0.1409623436911455	0.0018758935376920
0.1409806821451242	0.0018946524730689
0.1409990213956231	0.0019135989977996
0.1410173621893779	0.0019327349877776
0.1410357036519347	0.0019520623376554
0.1410540457107075	0.0019715829610319
0.1410723872369122	0.0019912987906422
0.1410907286882687	0.0020112117785487
0.1411090699073453	0.0020313238963341
0.1411274109609984	0.0020516371352975
0.1411457521247297	0.0020721535066504
0.1411640930639295	0.0020928750417169
0.1411824344891920	0.0021138037921341
0.1412007755064034	0.0021349418300554
0.1412191172034463	0.0021562912483560
0.1412374585722440	0.0021778541608395
0.1412558003396669	0.0021996327024479
0.1412741422956758	0.0022216290294724
0.1412924843980248	0.0022438453197671
0.1413108272339850	0.0022662837729648
0.1413291699001832	0.0022889466106944
0.1413475131760102	0.0023118360768014
0.1413658567223492	0.0023349544375694
0.1413842005148223	0.0023583039819451
0.1414025451859981	0.0023818870217645
0.1414208898171424	0.0024057058919822
0.1414392349353848	0.0024297629509020
0.1414575807639431	0.0024540605804110
0.1414759267044005	0.0024786011862151
0.1414942732440670	0.0025033871980773
0.1415126204162609	0.0025284210700580
0.1415309677929250	0.0025537052807586
0.1415493157828411	0.0025792423335662
0.1415676644708862	0.0026050347569019
0.1415860133728497	0.0026310851044709
0.1416043628354449	0.0026573959555156
0.1416227131462580	0.0026839699150707
0.1416410636720665	0.0027108096142215
0.1416594146576662	0.0027379177103637
0.1416777663472922	0.0027652968874673
0.1416961186544341	0.0027929498563420
0.1417144712913605	0.0028208793549054
0.1417328244377794	0.0028490881484545
0.1417511781916955	0.0028775790299390
0.1417695324460879	0.0029063548202384
0.1417878869642200	0.0029354183684408
0.1418062419211510	0.0029647725521253
0.1418245974438484	0.0029944202776465
0.1418429536524185	0.0030243644804230
0.1418613102197347	0.0030546081252272
0.1418796671723443	0.0030851542064795
0.1418980246263395	0.0031160057485443
0.1419163826544503	0.0031471658060297
0.1419347413351748	0.0031786374640900
0.1419531006406722	0.0032104238387309
0.1419714603463669	0.0032425280771182
0.1419898205338061	0.0032749533578894
0.1420081812498836	0.0033077028914683
0.1420265425488266	0.0033407799203830
0.1420449044569773	0.0033741877195868
0.1420632670066601	0.0034079295967827
0.1420816302094484	0.0034420088927505
0.1420999940822267	0.0034764289816780
0.1421183585252686	0.0035111932714948
0.1421367235207247	0.0035463052042098
0.1421550890983572	0.0035817682562519
0.1421734552767454	0.0036175859388144
0.1421918220760558	0.0036537617982025
0.1422101895093389	0.0036902994161846
0.1422285575901784	0.0037272024103464
0.1422469263273568	0.0037644744344499
0.1422652957197678	0.0038021191787944
0.1422836657588858	0.0038401403705824
0.1423020364350590	0.0038785417742882
0.1423204077435667	0.0039173271920311
0.1423387796776409	0.0039565004639514
0.1423571522381386	0.0039960654685909
0.1423755254199383	0.0040360261232768
0.1423938992293681	0.0040763863845095
0.1424122736621138	0.0041171502483546
0.1424306487251795	0.0041583217508382
0.1424490244195008	0.0041999049683465
0.1424674007509675	0.0042419040180300
0.1424857777252303	0.0042843230582103
0.1425041553453775	0.0043271662887924
0.1425225336217712	0.0043704379516804
0.1425409125546871	0.0044141423311972
0.1425592921520977	0.0044582837545092
0.1425776724198548	0.0045028665920542
0.1425960533627665	0.0045478952579748
0.1426144349918681	0.0045933742105545
0.1426328173099588	0.0046393079526600
0.1426512003246610	0.0046857010321866
0.1426695840459298	0.0047325580425084
0.1426879684781492	0.0047798836229335
0.1427063536305943	0.0048276824591629
0.1427247395126751	0.0048759592837545
0.1427431261304529	0.0049247188765921
0.1427615134940910	0.0049739660653580
0.1427799016140364	0.0050237057260115
0.1427982904973714	0.0050739427832716
0.1428166801547307	0.0051246822111044
0.1428350705991341	0.0051759290332154
0.1428534618382679	0.0052276883235476
0.1428718538829344	0.0052799652067831
0.1428902467468477	0.0053327648588509
0.1429086404414872	0.0053860925074394
0.1429270349776300	0.0054399534325138
0.1429454303686167	0.0054943529668389
0.1429638266295831	0.0055492964965073
0.1429822237728555	0.0056047894614724
0.1430006218108436	0.0056608373560871
0.1430190207576168	0.0057174457296480
0.1430374206287165	0.0057746201869445
0.1430558214393096	0.0058323663888140
0.1430742232022042	0.0058906900527021
0.1430926259316934	0.0059495969532291
0.1431110296431904	0.0060090929227614
0.1431294343530896	0.0060691838519890
0.1431478400775959	0.0061298756905089
0.1431662468289571	0.0061911744474140
0.1431846546194141	0.0062530861918882
0.1432030634613230	0.0063156170538071
0.1432214733671870	0.0063787732243452
0.1432398843496975	0.0064425609565887
0.1432582964217449	0.0065069865661545
0.1432767095963776	0.0065720564318161
0.1432951238857027	0.0066377769961342
0.1433135393013360	0.0067041547660956
0.1433319558553633	0.0067711963137565
0.1433503735602451	0.0068389082768941
0.1433687924288885	0.0069072973596630
0.1433872124745643	0.0069763703332597
0.1434056337110209	0.0070461340365923
0.1434240561524004	0.0071165953769582
0.1434424798133813	0.0071877613307277
0.1434609047090921	0.0072596389440350
0.1434793305796226	0.0073322353334754
0.1434977574048659	0.0074055576868101
0.1435161854521112	0.0074796132636782
0.1435346147228777	0.0075544093963150
0.1435530452211292	0.0076299534902782
0.1435714769531074	0.0077062530251809
0.1435899099270766	0.0077833155554327
0.1436083441531728	0.0078611487109870
0.1436267796432605	0.0079397601980968
0.1436452164107820	0.0080191578000777
0.1436636544693266	0.0080993493780785
0.1436820938322437	0.0081803428718593
0.1437005345129291	0.0082621463005779
0.1437189765249518	0.0083447677635838
0.1437374198822512	0.0084282154412196
0.1437558645993076	0.0085124975956318
0.1437743106912242	0.0085976225715881
0.1437927581739143	0.0086835987973040
0.1438112070640649	0.0087704347852770
0.1438296573791289	0.0088581391331298
0.1438481091373620	0.0089467205244611
0.1438665623577574	0.0090361877297057
0.1438850170601229	0.0091265496070028
0.1439034732651162	0.0092178151030728
0.1439219309942325	0.0093099932541036
0.1439403902698921	0.0094030931866447
0.1439588511154896	0.0094971241185112
0.1439773132502927	0.0095920953596963
0.1439957766232940	0.0096880163132933
0.1440142412846007	0.0097848964764262
0.1440327072835517	0.0098827454411904
0.1440511746687811	0.0099815728956023
0.1440696434869940	0.0100813886245583
0.1440881137822437	0.0101822025108039
0.1441065855963543	0.0102840245359120
0.1441250589693314	0.0103868647812712
0.1441435339397426	0.0104907334290839
0.1441620105450229	0.0105956407633748
0.1441804888218148	0.0107015971710086
0.1441989688062799	0.0108086131427186
0.1442174505314664	0.0109166992741458
0.1442359339997236	0.0110258662668872
0.1442544192172799	0.0111361249295561
0.1442729061939314	0.0112474861788517
0.1442913949427921	0.0113599610406401
0.1443098854800848	0.0114735606510465
0.1443283778249365	0.0115882962575570
0.1443468719992475	0.0117041792201325
0.1443653680275898	0.0118212210123338
0.1443838659371341	0.0119394332224571
0.1444023657575236	0.0120588275546817
0.1444208675180255	0.0121794158302286
0.1444393712479396	0.0123012099885308
0.1444578769768363	0.0124242220884162
0.1444763847347176	0.0125484643093003
0.1444948945521889	0.0126739489523933
0.1445134064606378	0.0128006884419173
0.1445319204924235	0.0129286953263365
0.1445504366810616	0.0130579822795998
0.1445689550614019	0.0131885621023957
0.1445874742914179	0.0133204477234198
0.1446059895610592	0.0134536522006540
0.1446245072562628	0.0135881887226606
0.1446430274057506	0.0137240706098873
0.1446615500405527	0.0138613113159861
0.1446800751939656	0.0139999244291460
0.1446986029015421	0.0141399236734374
0.1447171331977614	0.0142813229101719
0.1447356661165658	0.0144241361392735
0.1447542016918824	0.0145683775006664
0.1447727399266066	0.0147140612756729
0.1447912808142010	0.0148612018884297
0.1448098243538110	0.0150098139073140
0.1448283705499513	0.0151599120463872
0.1448469194122539	0.0153115111668510
0.1448654709552727	0.0154646262785195
0.1448840251983429	0.0156192725413047
0.1449025821654862	0.0157754652667177
0.1449211418853404	0.0159332199193848
0.1449397043911119	0.0160925521185787
0.1449582697202962	0.0162534776397645
0.1449768377281584	0.0164160124161620
0.1449954079503943	0.0165801725403236
0.1450139804708958	0.0167459742657269
0.1450325553711251	0.0169134340083841
0.1450511327307764	0.0170825683484679
0.1450697126283978	0.0172533940319526
0.1450882951419841	0.0174259279722721
0.1451068803495455	0.0176001872519948
0.1451254683293066	0.0177761891245147
0.1451440591599440	0.0179539510157599
0.1451626529208470	0.0181334905259176
0.1451812496924022	0.0183148254311769
0.1451998495196397	0.0184979736854886
0.1452184524275135	0.0186829534223434
0.1452370584446573	0.0188697829565668
0.1452556676037873	0.0190584807861325
0.1452742799418804	0.0192490655939938
0.1452928954986938	0.0194415562499338
0.1453115143143098	0.0196359718124333
0.1453301364390076	0.0198323315305576
0.1453487619276440	0.0200306548458632
0.1453673908398164	0.0202309613943217
0.1453860232398841	0.0204332710082648
0.1454046591967924	0.0206376037183476
0.1454232987793047	0.0208439797555310
0.1454419420563653	0.0210524195530865
0.1454605890978379	0.0212629437486172
0.1454792399752068	0.0214755731861033
0.1454978947622509	0.0216903289179644
0.1455165535354081	0.0219072322071440
0.1455352163506868	0.0221263045292155
0.1455538832211204	0.0223475675745077
0.1455725541707273	0.0225710432502529
0.1455912292340834	0.0227967536827555
0.1456099084532837	0.0230247212195832
0.1456285913920210	0.0232549684317791
0.1456472776358640	0.0234875181160970
0.1456659672994067	0.0237223932972578
0.1456846604978417	0.0239596172302305
0.1457033573475578	0.0241992134025326
0.1457220579667581	0.0244412055365578
0.1457407624761033	0.0246856175919233
0.1457594709993537	0.0249324737678424
0.1457781836635128	0.0251817985055207
0.1457969005941157	0.0254336164905760
0.1458156219148280	0.0256879526554819
0.1458343477486562	0.0259448321820367
0.1458530704073401	0.0262042805038570
0.1458717903627995	0.0264663233088957
0.1458905152437475	0.0267309865419846
0.1459092450872800	0.0269982964074043
0.1459279799423566	0.0272682793714782
0.1459467198694509	0.0275409621651929
0.1459654649403579	0.0278163717868448
0.1459842152324828	0.0280945355047131
0.1460029708278633	0.0283754808597602
0.1460217318141618	0.0286592356683580
0.1460404982850913	0.0289458280250414
0.1460592703409343	0.0292352863052917
0.1460780480891128	0.0295276391683445
0.1460968316447914	0.0298229155600279
0.1461156210774374	0.0301211447156282
0.1461344154754985	0.0304223561627846
0.1461532145994320	0.0307265797244123
0.1461720185754791	0.0310338455216566
0.1461908275352642	0.0313441839768731
0.1462096411810381	0.0316576258166420
0.1462284580766895	0.0319742020748084
0.1462472803701566	0.0322939440955565
0.1462661082222526	0.0326168835365120
0.1462849417989411	0.0329430523718770
0.1463037812663903	0.0332724828955956
0.1463226267927535	0.0336052077245516
0.1463414785498950	0.0339412598017970
0.1463603366442852	0.0342806723998149
0.1463792011497914	0.0346234791238128
0.1463980721581135	0.0349697139150507
0.1464169497785914	0.0353194110542014
0.1464358341300892	0.0356726051647434
0.1464547253404773	0.0360293312163906
0.1464736235474331	0.0363896245285543
0.1464925288992295	0.0367535207738400
0.1465114413978335	0.0371210559815782
0.1465303597072709	0.0374922665413938
0.1465492841077181	0.0378671892068080
0.1465682148769685	0.0382458610988762
0.1465871521621152	0.0386283197098650
0.1466060862287536	0.0390146029069638
0.1466250145951416	0.0394047489360335
0.1466439502775261	0.0397987964253939
0.1466628934285943	0.0401967843896477
0.1466818442177840	0.0405987522335444
0.1467008028312562	0.0410047397558799
0.1467197694625697	0.0414147871534384
0.1467387443124333	0.0418289350249726
0.1467577275908169	0.0422472243752224
0.1467767194706781	0.0426696966189749
0.1467957200393804	0.0430963935851646
0.1468147294124383	0.0435273575210162
0.1468337477293687	0.0439626310962266
0.1468527751449127	0.0444022574071889
0.1468718099026877	0.0448462799812605
0.1468908522235605	0.0452947427810734
0.1469099024218681	0.0457476902088840
0.1469289608215116	0.0462051671109727
0.1469480277572450	0.0466672187820821
0.1469671034792165	0.0471338909699032
0.1469861881700377	0.0476052298796024
0.1470052820331935	0.0480812821783988
0.1470243852938273	0.0485620950001826
0.1470434981997782	0.0490477159501845
0.1470626210222494	0.0495381931096860
0.1470817540421273	0.0500335750407832
0.1471008975524447	0.0505339107911911
0.1471200517988621	0.0510392498991027
0.1471392161746291	0.0515496423980934
0.1471583635023055	0.0520651388220742
0.1471775160954590	0.0525857902102947
0.1471966784581678	0.0531116481123973
0.1472158509059801	0.0536427645935211
0.1472350337675473	0.0541791922394562
0.1472542273873519	0.0547209841618509
0.1472734321285653	0.0552681940034691
0.1472926448361093	0.0558208759435038
0.1473118682633512	0.0563790847029389
0.1473311035912436	0.0569428755499686
0.1473503510732463	0.0575123043054686
0.1473696109938183	0.0580874273485235
0.1473888836703521	0.0586683016220083
0.1474081680336321	0.0592549846382288
0.1474274631425601	0.0598475344846111
0.1474467695374712	0.0604460098294575
0.1474660876010264	0.0610504699277517
0.1474854176823836	0.0616609746270289
0.1475047601666221	0.0622775843732988
0.1475241154755265	0.0629003602170317
0.1475434840504670	0.0635293638192019
0.1475628663541883	0.0641646574573941
0.1475822429694703	0.0648063040319683
0.1476016134651019	0.0654543670722878
0.1476209992504383	0.0661089107430103
0.1476404003125334	0.0667699998504407
0.1476598141007138	0.0674376998489448
0.1476792411388882	0.0681120768474340
0.1476986819747012	0.0687931976159079
0.1477181371843461	0.0694811295920668
0.1477376073754560	0.0701759408879878
0.1477570929252014	0.0708777002968672
0.1477765942328397	0.0715864772998360
0.1477961117419690	0.0723023420728339
0.1478156459440240	0.0730253654935623
0.1478351973802190	0.0737556191484984
0.1478547634671649	0.0744931753399830
0.1478743444366656	0.0752381070933824
0.1478939408156089	0.0759904881643161
0.1479135531784881	0.0767503930459593
0.1479331751169193	0.0775178969764187
0.1479527723738653	0.0782930759461833
0.1479723843807103	0.0790760067056453
0.1479920122011626	0.0798667667727013
0.1480116594537510	0.0806654344404285
0.1480313265449549	0.0814720887848326
0.1480510120283224	0.0822868096726813
0.1480707144614012	0.0831096777694076
0.1480904346496180	0.0839407745471016
0.1481101734322112	0.0847801822925728
0.1481299316540276	0.0856279841154985
0.1481497098823352	0.0864842639566534
0.1481695087670582	0.0873491065962198
0.1481893290122068	0.0882225976621823
0.1482091713830624	0.0891048236388042
0.1482290324439816	0.0899958718751919
0.1482488734840436	0.0908958305939437
0.1482687176817560	0.0918047888998833
0.1482885832735019	0.0927228367888822
0.1483084710274536	0.0936500651567715
0.1483283817790884	0.0945865658083398
0.1483483164391464	0.0955324314664226
0.1483682759035560	0.0964877557810871
0.1483882607976116	0.0974526333388983
0.1484082669080089	0.0984271596722874
0.1484282952532900	0.0994114312690108
0.1484483469522588	0.1004055455817010
0.1484684231978465	0.1014096010375180
0.1484885171860803	0.1024236970478936
0.1485086212800457	0.1034479340183731
0.1485286977283999	0.1044824133585564
0.1485488029346874	0.1055272374921424
0.1485689344064372	0.1065825098670642
0.1485890911411071	0.1076483349657353
0.1486092744921054	0.1087248183153933
0.1486294854402386	0.1098120664985472
0.1486497250791090	0.1109101871635329
0.1486699946224573	0.1120192890351680
0.1486902953648457	0.1131394819255202
0.1487106238318863	0.1142708767447747
0.1487309798104468	0.1154135855122227
0.1487513417657132	0.1165677213673446
0.1487716790311219	0.1177333985810176
0.1487920483344699	0.1189107325668284
0.1488124511360346	0.1200998398924964
0.1488328886400070	0.1213008382914206
0.1488533603070820	0.1225138466743354
0.1488738624185740	0.1237389851410780
0.1488943885473387	0.1249763749924887
0.1489149444081244	0.1262261387424143
0.1489355355954342	0.1274884001298380
0.1489561635219832	0.1287632841311371
0.1489767687787742	0.1300509169724481
0.1489973818779494	0.1313514261421732
0.1490180294629317	0.1326649404035952
0.1490387136026798	0.1339915898076305
0.1490594359671182	0.1353315057057075
0.1490801982127177	0.1366848207627648
0.1491010021834067	0.1380516689703929
0.1491218466583906	0.1394321856600971
0.1491427287631155	0.1408265075166986
0.1491636503973282	0.1422347725918661
0.1491845182995813	0.1436571203177845
0.1492054245208591	0.1450936915209615
0.1492263741842356	0.1465446284361705
0.1492473590874008	0.1480100747205325
0.1492683857406608	0.1494901754677379
0.1492894554421575	0.1509850772224152
0.1493105706601265	0.1524949279946400
0.1493317340353633	0.1540198772745856
0.1493529321026535	0.1555600760473309
0.1493740814412165	0.1571156768078032
0.1493952796697595	0.1586868335758816
0.1494165258571548	0.1602737019116403
0.1494378229175176	0.1618764389307575
0.1494591735589613	0.1634952033200657
0.1494805801460314	0.1651301553532658
0.1495020385385953	0.1667814569067986
0.1495235420666959	0.1684492714758668
0.1495449714965957	0.1701337641906254
0.1495664494431257	0.1718351018325307
0.1495879872135023	0.1735534528508565
0.1496095876742578	0.1752889873793642
0.1496312438723562	0.1770418772531581
0.1496529582744228	0.1788122960256902
0.1496747341121835	0.1806004189859467
0.1496965214422216	0.1824064231758064
0.1497182873376255	0.1842304874075633
0.1497401209032790	0.1860727922816389
0.1497620170690995	0.1879335202044544
0.1497839743703908	0.1898128554064995
0.1498059842457964	0.1917109839605640
0.1498280678556592	0.1936280938001690
0.1498501704920547	0.1955643747381704
0.1498722394402950	0.1975200184855509
0.1498943805216232	0.1994952186704055
0.1499165978163531	0.2014901708571102
0.1499388958148221	0.2035050725656815
0.1499612692890357	0.2055401232913394
0.1499837181953385	0.2075955245242534
0.1500061359840444	0.2096714797694967
0.1500285615772169	0.2117681945671908
0.1500510681105612	0.2138858765128634
0.1500736589952074	0.2160247352779913
0.1500963327700720	0.2181849826307700
0.1501190947143472	0.2203668324570783
0.1501418679175270	0.2225705007816482
0.1501646327139109	0.2247962057894660
0.1501874904673742	0.2270441678473596
0.1502104404103270	0.2293146095258342
0.1502334793238681	0.2316077556210913
0.1502566005196996	0.2339238331773028
0.1502797109780222	0.2362630715090771
0.1503028320106733	0.2386257022241693
0.1503260559755789	0.2410119592464103
0.1503493896468754	0.2434220788388756
0.1503728385789716	0.2458562996272635
0.1503963919650245	0.2483148626235371
0.1504198553806415	0.2507980112497717
0.1504433897929097	0.2533059913622704
0.1504670424463111	0.2558390512758939
0.1504908159234707	0.2583974417886544
0.1505147075175398	0.2609814162065412
0.1505385812332743	0.2635912303686075
0.1505624919552222	0.2662271426722926
0.1505865432052982	0.2688894140990146
0.1506107127793261	0.2715783082400041
0.1506349832987832	0.2742940913224034
0.1506592586432107	0.2770370322356283
0.1506835605963948	0.2798074025579860
0.1507080076374859	0.2826054765835661
0.1507326000096127	0.2854315313494027
0.1507573477719603	0.2882858466628963
0.1507820532162902	0.2911687051295256
0.1508067948072660	0.2940803921808219
0.1508316915028754	0.2970211961026287
0.1508567558925027	0.2999914080636540
0.1508819834455669	0.3029913221442907
0.1509070990119079	0.3060212353657324
0.1509323828488201	0.3090814477193896
0.1509578096367572	0.3121722621965843
0.1509834170975176	0.3152939848185501
0.1510090278045800	0.3184469246667364
0.1510346862718503	0.3216313939134050
0.1510605428045708	0.3248477078525377
0.1510866136031145	0.3280961849310631
0.1511127492357002	0.3313771467803742
0.1511388214097733	0.3346909182481782
0.1511651103104517	0.3380378274306592
0.1511916344309438	0.3414182057049662
0.1512183433306943	0.3448323877620167
0.1512449254425486	0.3482807116396365
0.1512716970846713	0.3517635187560330
0.1512987269825448	0.3552811539435951
0.1513259623100826	0.3588339654830328
0.1513530843333042	0.3624223051378625
0.1513804641859557	0.3660465281892416
0.1514080620222923	0.3697069934711354
0.1514358310145388	0.3734040634058481
0.1514635393563014	0.3771381040399051
0.1514915460027682	0.3809094850803034
0.1515198389194362	0.3847185799311047
0.1515481499735712	0.3885657657304163
0.1515765202961012	0.3924514233877213
0.1516052242139153	0.3963759376215992
0.1516342688704606	0.4003396969978154
0.1516631524392801	0.4043430939677936
0.1516922752116650	0.4083865249074727
0.1517217740888070	0.4124703901565494
0.1517514810830650	0.4165950940581142
0.1517811219744129	0.4207610449986952
0.1518111048924737	0.4249686554486813
0.1518415170562987	0.4292183420031699
0.1518718198981091	0.4335105254232028
0.1519024022801027	0.4378456306774343
0.1519333751341177	0.4422240869842098
0.1519644755080864	0.4466463278540515
0.1519957402278772	0.4511127911325936
0.1520273820372984	0.4556239190439204
0.1520593144617917	0.4601801582343579
0.1520912562152003	0.4647819598167012
0.1521237001682304	0.4694297794148671
0.1521565035585373	0.4741240772090152
0.1521891751601200	0.4788653179811059
0.1522224469942613	0.4836539711609164
0.1522561880482065	0.4884905108725273
0.1522897175987999	0.4933754159812544
0.1523238829623537	0.4983091701410668
0.1523586207435878	0.5032922618424774
0.1523931151972651	0.5083251844609005
0.1524282615249363	0.5134084363055085
0.1524641034492232	0.5185425206685637
0.1524996235364398	0.5237279458752480
0.1525358958291072	0.5289652253339994
0.1525728594186099	0.5342548775873396
0.1526095664141169	0.5395974263632126
0.1526471216540857	0.5449934006268462
0.1526852370970845	0.5504433346331143
0.1527232870533259	0.5559477679794467
0.1527623324619055	0.5615072456592407
0.1528016524987187	0.5671223181158335
0.1528412462424663	0.5727935412969910
0.1528819587343877	0.5785214767099597
0.1529225940897831	0.5843066914770600
0.1529639946907060	0.5901497583918309
0.1530064503306416	0.5960512559757486
0.1530486321184777	0.6020117685355079
0.1530920592233019	0.6080318862208622
0.1531360519244937	0.6141122050830704
0.1531804943568505	0.6202533271339015
0.1532261228763636	0.6264558604052392
0.1532719724535416	0.6327204190092898
0.1533187737374713	0.6390476231993835
0.1533668389086357	0.6454380994313773
0.1534149811384794	0.6518924804256929
0.1534647852882400	0.6584114052299496
0.1535149345815227	0.6649955192822501
0.1535663528650820	0.6716454744750731
0.1536192170475339	0.6783619292198242
0.1536721541276304	0.6851455485120217
0.1537274831385855	0.6919970039971429
0.1537829189334952	0.6989169740371153
0.1538401700106860	0.7059061437774863
0.1538990455397972	0.7129652052152623
0.1539585974986090	0.7200948572674142
0.1540214016736257	0.7272958058400887
0.1540833242795568	0.7345687638984908
0.1541490091520545	0.7419144515374773
0.1542153358889777	0.7493335960528518
0.1542842269252181	0.7568269320133796
0.1543558112397256	0.7643952013335124
0.1544281273174449	0.7720391533468481
0.1545052619827456	0.7797595448803173
0.1545825421252804	0.7875571403291213
0.1546647480300286	0.7954327117324114
0.1547481277671030	0.8033870388497358
0.1548368739548432	0.8114209092382334
0.1549270142558510	0.8195351183306162
0.1550239449559200	0.8277304695139236
0.1551245278667413	0.8360077742090638
0.1552289513991613	0.8443678519511554
0.1553409765296331	0.8528115304706660
0.1554577525832098	0.8613396457753730
0.1555853472390102	0.8699530422331265
0.1557162086989542	0.8786525726554573
0.1558631678090468	0.8874390983820117
0.1560120815186730	0.8963134893658328
0.1561758399588812	0.9060183977865032
0.1563782060044853	0.9150785817643681
0.1565797023559087	0.9242293675820119
0.1568119695328047	0.9334716612578320
0.1570715390541240	0.9428063778704099
0.1573836444329629	0.9602902284935623
0.1574299761859538	0.9511331305718357
0.1576596893260118	0.9577862727009747
0.1579966547527095	0.9662592459197478
0.1584017487809081	0.9789848891062121
0.1586254682518524	0.9846020404334798
0.1587901772460150	0.9819206499266809
0.1589436464124951	0.9763518641967071
0.1593879900654755	0.9814601449210401
0.1598060911961759	0.9880030947151106
0.1606638383389008	0.9947052885238311
0.1616133720741053	0.9961728557785959
0.1624016400625843	0.9977015362150994
0.1668729257890953	0.9994740620939602
0.1680014361956615	0.9996985888540124
0.1704883927418949	0.9998087723196921
0.1782869127628299	0.9999552439709356
0.1795448357193641	0.9999823521992158
0.1899751425545527	0.9999952923939109
0.1927019948433128	0.9999978787660188
0.1993040891958643	0.9999993909971282
0.2012977942357647	0.9999997217926998
0.2078518665908143	0.9999999192601081
0.2101697650196738	0.9999999628836337
0.2170287354862050	0.9999999889519223
0.2191724165710714	0.9999999948899669
0.2258051929023035	0.9999999984611265
0.2280071690752711	0.9999999992906750
0.2348103366646888	0.9999999997861777
0.2373565344913114	0.9999999999018088
0.2441858707933907	0.9999999999704686
0.2469650890677846	0.9999999999864712
0.2537531554686384	0.9999999999959418
0.2566482449938614	0.9999999999981428
0.2633799891587424	0.9999999999994438
0.2662912676924246	0.9999999999997455
0.2729702125044747	0.9999999999999238
0.2758420963795147	0.9999999999999651
0.2825094218329922	0.9999999999999895
0.2852651101804986	0.9999999999999953
0.2922378844099815	0.9999999999999984
0.2945149544736758	0.9999999999999992
0.2994250879162504	0.9999999999999998
0.3008922016230819	1.0000958380776523
0.3008922016231082	1.0001012366816420
0.3151879242033153	1.0001060992175921
0.3171264757729340	1.0001069461048162
0.3316424100116134	1.0001070838108124
0.3329027892176283	1.0001071258302365
0.3402438313729890	1.0001071349324135
0.3428553023069855	1.0001071380440159
0.3501689258555118	1.0001071387848488
0.3530042794171733	1.0001071390527267
0.3902427340096714	0.9605028963660095
0.3902427340097714	0.9899060462668172
0.3905582368727611	1.0002703795292973
0.4022918223509482	1.0000127387945965
0.4157952970492655	0.9979224044336394
0.4188758002917106	0.9996960259156268
0.4287458752797910	0.9999202685283087
0.4625725984619782	0.9999803123387361
0.4796548968578968	0.9999880463999121
0.5023937092364907	0.9999901700908207
0.5082736977803629	0.9999947390868003
0.5089697157619362	0.9999953296656124
0.5147644847688619	0.9999960826301166
0.5338165345531325	0.9999961799508108
0.5514887545558265	0.9999976004874558
0.5516122816233633	0.9999977966865244
0.5578291857852792	0.9999980308276105
0.5753569758673518	0.9999980610918423
0.5790592963906588	0.9999980923404441
0.5874545609801252	0.9999981002916596
0.6146543565318984	0.9999981060134762
0.6224075271170476	0.9999981067530769
0.6294334363045895	0.9999994077165654
0.6294357204336006	0.9999995758774520
0.6511818199133284	0.9999996005310653
0.6514692263509518	0.9999996504105849
0.6623644806283769	0.9999996568579792
0.6768881758965120	0.9999996599855034
0.6872527610327521	0.9999996604420212
0.7063203470061472	0.9999996605685398
0.7217639578839583	0.9999996605870074
0.7402868442137458	0.9999996605921253
0.7582420439160604	0.9999996605928726
0.7757213335813322	0.9999996605930794
0.7949568632466457	0.9999996605931097
0.8116404436408917	0.9999996605931180
0.8297236856510009	0.9999996605931192
0.8339238278538322	0.9999996605931193
0.8402027409935184	0.9999996605931194
0.8404203624210682	0.9999996605931195
0.8410891973582882	0.9999996605931195
0.9325319266786607	1.0301996503430317
0.9326389692599268	1.0000107681524710
1.0697758098302048	0.9999275308848521
1.0860474608746395	0.9999866643059572
1.0985650652250651	0.9999978406712254
1.1306348637931398	0.9999997467291253
1.1603049163770829	0.9999998756367510
1.1799270230064660	0.9999998844869323
1.1982587520623109	0.9999998850951222
1.2165194058522408	0.9999998851369196
1.2347761215666686	0.9999998851397924
1.2530551087216524	0.9999998851399898
1.2716115742125609	0.9999998851400032
1.2905362413533545	0.9999998851400043
4.5636074803412985	1.0000603044758796
4.5818916525192259	1.0000181682559528
4.5974175711219107	1.0000106162338729
4.6128047706267994	1.0000092691651070
4.6312997041414663	1.0000090326490116
4.6342519614630522	1.0000089928534479
4.6578664714390765	1.0000089852482397
4.6808940130798620	1.0000089806218420
4.8213514065699430	0.9999926134024972
4.9376841640672025	0.9959207014717908
4.9394495708676605	0.9994152359650921
4.9439213585008117	0.9999151226801639
4.9877190434030485	0.9999866615269642
5.0100637983202851	0.9999970839122386
5.0661052326095088	0.9999986045689904
5.0732477324658714	1.0004222997148988
5.0992969461228750	1.0000807015736164
5.1019621312050631	1.0000210025666412
5.2765392781712102	1.0000045940881253
5.4773926498965118	1.0000005228356277
5.4790186407832042	0.9999999965290695
5.4970907045335471	0.9999999047978602
5.5441880854430279	0.9999995071458718
5.5461643155231712	0.9999994557450829
5.5465922754815544	0.9999994077520726
5.5790977787752176	0.9999993818569151
5.5817344533551223	0.9999993768232027
5.5963398785138434	0.9999993751914812
5.5995609996389346	0.9999993748537495
5.6134408402559686	0.9999993747422833
5.6176029819531728	0.9999993747191097
5.6313978227786663	0.9999993747114523
5.6353694110072752	0.9999993747098598
5.6563081242976843	0.9999993747094214
5.6678881178790927	0.9999993747093647
5.6959930696462591	0.9999993747093489
5.7078451163698274	0.9999993747093472
5.7560359887992405	0.9999993747093467
5.7570567443277927	0.9999993747093465
5.7800739314505334	0.9999993747093465
5.7827317111710475	0.9799993872151596
5.7827317111711478	0.9999988908265919
5.8058753290391323	0.9999986867644302
8.3533607772078078	0.9999997025187283
9.1639037437859550	1.0000114142701888
9.3537064947769153	1.0000015945566278
9.7725955396537962	0.9994585165800115
9.7908371372187872	0.9998833213289782
9.8030518620199114	1.0000128181464114
