0.0000000000000000	0.0000000000000000
0.1328480077971586	0.0000300000000000
0.1331040403531870	0.0000100254808239
0.1331887455099879	0.0000168731207620
0.1339857869995399	0.0000164107422905
0.1342804139428758	0.0000252609471678
0.1348379886320217	0.0000319110738126
0.1349847671117392	0.0000215489740160
0.1355674715388275	0.0000414527631459
0.1357590533695834	0.0000330542929768
0.1358666282946870	0.0000371519456957
0.1363528334809604	0.0000474419833687
0.1367429577828745	0.0000583132858684
0.1371098892364500	0.0000683132858684
0.1373601983632069	0.0000783132858684
0.1376049726941149	0.0000883132858684
0.1378134864374107	0.0000983132858684
0.1380069823439167	0.0001083132858684
0.1381758062140249	0.0001183132858684
0.1383367721526246	0.0001283132858684
0.1384804234463753	0.0001383132858684
0.1386188838461541	0.0001483132858684
0.1387422797894328	0.0001583132858684
0.1388635591754427	0.0001683132858684
0.1389718639791631	0.0001783132858684
0.1390795279684574	0.0001883132858684
0.1391764831590489	0.0001983132858684
0.1392724456521889	0.0002083132858684
0.1393606060216460	0.0002183132858684
0.1394478507124628	0.0002283132858684
0.1395286153183148	0.0002383132858684
0.1396079053137051	0.0002483132858684
0.1396824163279576	0.0002583132858684
0.1397556029541779	0.0002683132858684
0.1398247074853399	0.0002783132858684
0.1398922510595639	0.0002883132858684
0.1399566905961902	0.0002983132858684
0.1400196793717499	0.0003083132858684
0.1400799974760751	0.0003183132858684
0.1401386998757833	0.0003283132858684
0.1401952883433665	0.0003383132858684
0.1402504791723303	0.0003483132858684
0.1403038830442034	0.0003583132858684
0.1403557771129159	0.0003683132858684
0.1404063419483837	0.0003783132858684
0.1404554301986626	0.0003883132858684
0.1405034406808360	0.0003983132858684
0.1405500456753862	0.0004083132858684
0.1405957351792241	0.0004183132858684
0.1406400490176940	0.0004283132858684
0.1406836329079811	0.0004383132858684
0.1407258716563382	0.0004483132858684
0.1407675382223664	0.0004583132858684
0.1408078819581629	0.0004683132858684
0.1408477868386661	0.0004783132858684
0.1408863300689478	0.0004883132858684
0.1409245876793477	0.0004983132858684
0.1409615608364350	0.0005083132858684
0.1409983345796227	0.0005183132858684
0.1410338355888254	0.0005283132858684
0.1410692311356672	0.0005383132858684
0.1411033811228670	0.0005483132858684
0.1411374202884392	0.0005583132858684
0.1411704015811899	0.0005683132858684
0.1412031983692011	0.0005783132858684
0.1412349696870599	0.0005883132858684
0.1412665718022708	0.0005983132858684
0.1412974174900721	0.0006083132858684
0.1413279080979124	0.0006183132858684
0.1413577064422569	0.0006283132858684
0.1413872946871648	0.0006383132858684
0.1414161130202644	0.0006483132858684
0.1414447501930581	0.0006583132858684
0.1414727461282542	0.0006683132858684
0.1415004662473097	0.0006783132858684
0.1415276660667758	0.0006883132858684
0.1415545816111776	0.0006983132858684
0.1415810010347239	0.0007083132858684
0.1416071549050057	0.0007183132858683
0.1416328320523565	0.0007283132858683
0.1416582017199685	0.0007383132858684
0.1416832975295965	0.0007483132858684
0.1417078884189736	0.0007583132858684
0.1417323489145827	0.0007683132858684
0.1417563589138315	0.0007783132858683
0.1417801220441294	0.0007883132858683
0.1418034871904777	0.0007983132858684
0.1418267793425009	0.0008083132858684
0.1418495064602881	0.0008183132858684
0.1418721505160620	0.0008283132858684
0.1418943534605495	0.0008383132858684
0.1419165369236586	0.0008483132858684
0.1419382361239474	0.0008583132858683
0.1419598053821699	0.0008683132858684
0.1419809542923043	0.0008783132858684
0.1420020630375968	0.0008883132858684
0.1420227815343900	0.0008983132858684
0.1420434233645404	0.0009083132858684
0.1420637168015372	0.0009183132858683
0.1420839087644474	0.0009283132858683
0.1421037437039316	0.0009383132858683
0.1421234370231876	0.0009483132858683
0.1421428632983210	0.0009583132858683
0.1421621469953258	0.0009683132858683
0.1421811920608809	0.0009783132858683
0.1422000732089158	0.0009883132858683
0.1422187485902322	0.0009983132858683
0.1422372449750918	0.0010083132858683
0.1422555632112016	0.0010183964187270
0.1422738375279155	0.0010285803829143
0.1422921462598311	0.0010388661867435
0.1423104140633164	0.0010492548486109
0.1423287496891245	0.0010597473970970
0.1423470044874145	0.0010703448710680
0.1423653722755809	0.0010810483197787
0.1423836108160248	0.0010918588029764
0.1424019610952846	0.0011027773910062
0.1424202348034492	0.0011138051649163
0.1424385569067165	0.0011249432165654
0.1424568785823025	0.0011361926487311
0.1424751717345762	0.0011475545752184
0.1424935458057625	0.0011590301209706
0.1425118076348567	0.0011706204221803
0.1425301507306088	0.0011823266264021
0.1425484700477012	0.0011941498926661
0.1425667754788515	0.0012060913915927
0.1425851494082092	0.0012181523055087
0.1426034315673211	0.0012303338285638
0.1426217632690178	0.0012426371668494
0.1426401206116243	0.0012550635385179
0.1426584145917447	0.0012676141739031
0.1426767593858832	0.0012802903156421
0.1426951049136404	0.0012930932187985
0.1427134106153511	0.0013060241509865
0.1427317582274068	0.0013190843924964
0.1427501074920825	0.0013322752364214
0.1427684159559875	0.0013455979887856
0.1427867591724971	0.0013590539686734
0.1428051268685678	0.0013726445083602
0.1428234319307422	0.0013863709534438
0.1428417655278881	0.0014002346629782
0.1428601280178647	0.0014142370096080
0.1428784624794931	0.0014283793797041
0.1428967836266175	0.0014426631735011
0.1429151287965487	0.0014570898052361
0.1429334921031802	0.0014716607032885
0.1429518223907431	0.0014863773103214
0.1429701500021033	0.0015012410834246
0.1429884930978016	0.0015162534942588
0.1430068511201149	0.0015314160292014
0.1430252040822418	0.0015467301894934
0.1430435283526170	0.0015621974913883
0.1430618654655106	0.0015778194663022
0.1430802123569619	0.0015935976609652
0.1430985681208758	0.0016095336375749
0.1431169305508078	0.0016256289739506
0.1431352599158727	0.0016418852636901
0.1431535959444966	0.0016583041163270
0.1431719382972269	0.0016748871574903
0.1431902858142247	0.0016916360290652
0.1432086375374834	0.0017085523893558
0.1432269922706799	0.0017256379132494
0.1432453495204832	0.0017428942923819
0.1432636963541506	0.0017603232353057
0.1432820364664431	0.0017779264676588
0.1433003798281560	0.0017957057323354
0.1433187250866688	0.0018136627896587
0.1433370725980417	0.0018317994175553
0.1433554209312294	0.0018501174117308
0.1433737708313301	0.0018686185858481
0.1433921208477915	0.0018873047717066
0.1434104720170905	0.0019061778194237
0.1434288228360765	0.0019252395976179
0.1434471746391542	0.0019444919935941
0.1434655256085338	0.0019639369135300
0.1434838767109425	0.0019835762826653
0.1435022266327197	0.0020034120454920
0.1435205766326254	0.0020234461659469
0.1435389258037099	0.0020436806276064
0.1435572749763198	0.0020641174338825
0.1435756237075520	0.0020847586082213
0.1435939723094264	0.0021056061943035
0.1436123208922516	0.0021266622562465
0.1436306691821466	0.0021479288788090
0.1436490179078955	0.0021694081675971
0.1436673661284987	0.0021911022492730
0.1436857147729146	0.0022130132717658
0.1437040632125314	0.0022351434044834
0.1437224117773360	0.0022574948385282
0.1437407607199090	0.0022800697869135
0.1437591094994884	0.0023028704847827
0.1437774588078473	0.0023258991896305
0.1437958080979369	0.0023491581815268
0.1438141575862750	0.0023726497633420
0.1438325077506287	0.0023963762609754
0.1438508577410296	0.0024203400235852
0.1438692081358319	0.0024445434238211
0.1438875590472165	0.0024689888580593
0.1439059099664323	0.0024936787466398
0.1439242613792899	0.0025186155341063
0.1439426132945002	0.0025438016894473
0.1439609652962587	0.0025692397063418
0.1439793177954480	0.0025949321034052
0.1439976709222093	0.0026208814244392
0.1440160241368083	0.0026470902386836
0.1440343777855742	0.0026735611410704
0.1440527321257641	0.0027002967524811
0.1440710866976573	0.0027272997200060
0.1440894415970110	0.0027545727172060
0.1441077970461742	0.0027821184443781
0.1441261531715378	0.0028099396288219
0.1441445094915277	0.0028380390251101
0.1441628662033788	0.0028664194153612
0.1441812234857093	0.0028950836095148
0.1441995814709945	0.0029240344456100
0.1442179397136394	0.0029532747900660
0.1442362983426308	0.0029828075379667
0.1442546574819402	0.0030126356133464
0.1442730172373163	0.0030427619694799
0.1442913776378102	0.0030731895891747
0.1443097383628257	0.0031039214850664
0.1443280995142937	0.0031349606999171
0.1443464611737085	0.0031663103069162
0.1443648234043372	0.0031979734099854
0.1443831862573528	0.0032299531440853
0.1444015497670380	0.0032622526755261
0.1444199137013703	0.0032948752022814
0.1444382780968299	0.0033278239543042
0.1444566429955194	0.0033611021938472
0.1444750084379439	0.0033947132157857
0.1444933744474086	0.0034286603479436
0.1445117410498143	0.0034629469514231
0.1445301082535840	0.0034975764209373
0.1445484760747761	0.0035325521851466
0.1445668445127383	0.0035678777069981
0.1445852135774709	0.0036035564840681
0.1446035832597614	0.0036395920489088
0.1446219535559678	0.0036759879693979
0.1446403244469091	0.0037127478490919
0.1446586959061900	0.0037498753275828
0.1446770679459468	0.0037873740808586
0.1446954405625870	0.0038252478216672
0.1447138137560856	0.0038635002998839
0.1447321875183920	0.0039021353028827
0.1447505618465322	0.0039411566559115
0.1447689367394941	0.0039805682224706
0.1447873121990673	0.0040203739046953
0.1448056882282097	0.0040605776437422
0.1448240648340967	0.0041011834201797
0.1448424420194246	0.0041421952543815
0.1448608197966186	0.0041836172069253
0.1448791981670413	0.0042254533789945
0.1448975771415715	0.0042677079127845
0.1449159567274376	0.0043103849919123
0.1449343369332214	0.0043534888418314
0.1449527177721616	0.0043970237302497
0.1449710992503998	0.0044409939675522
0.1449894813809202	0.0044854039072277
0.1450078641724541	0.0045302579463000
0.1450262476332647	0.0045755605257630
0.1450446317766994	0.0046213161310206
0.1450630166075373	0.0046675292923308
0.1450814021349347	0.0047142045852541
0.1450997883706637	0.0047613466311066
0.1451181753199194	0.0048089600974177
0.1451365629924566	0.0048570496983919
0.1451549513997883	0.0049056201953758
0.1451733405481035	0.0049546763973296
0.1451917304475940	0.0050042231613029
0.1452101211113955	0.0050542653929159
0.1452285125462915	0.0051048080468451
0.1452469047624408	0.0051558561273136
0.1452652977728882	0.0052074146885867
0.1452836909658506	0.0052594888354725
0.1453020826645571	0.0053120837238272
0.1453204752396611	0.0053652045610655
0.1453388687008669	0.0054188566066762
0.1453572630531337	0.0054730451727430
0.1453756583037000	0.0055277756244704
0.1453940544618817	0.0055830533807151
0.1454124515389447	0.0056388839145222
0.1454308495430301	0.0056952727536674
0.1454492484830001	0.0057522254812041
0.1454676483696941	0.0058097477360161
0.1454860492153362	0.0058678452133763
0.1455044510335368	0.0059265236655100
0.1455228538349802	0.0059857889021652
0.1455412576315394	0.0060456467911868
0.1455596624365652	0.0061061032590986
0.1455780682644047	0.0061671642916896
0.1455964751303240	0.0062288359346065
0.1456148830501811	0.0062911242939526
0.1456332920385799	0.0063540355368921
0.1456517021093254	0.0064175758922610
0.1456701132756462	0.0064817516511836
0.1456885255503644	0.0065465691676954
0.1457069389459232	0.0066120348593723
0.1457253534745356	0.0066781552079660
0.1457437691482383	0.0067449367600457
0.1457621859790117	0.0068123861276461
0.1457806039788723	0.0068805099889226
0.1457990231599743	0.0069493150888118
0.1458174435347185	0.0070188082396999
0.1458358651158154	0.0070889963220970
0.1458542879164086	0.0071598862853179
0.1458727119387363	0.0072314851481710
0.1458911371758582	0.0073037999996528
0.1459095636235433	0.0073768379996493
0.1459279912801249	0.0074506063796459
0.1459464201462274	0.0075251124434424
0.1459648502247102	0.0076003635678768
0.1459832815204180	0.0076763672035556
0.1460017140401800	0.0077531308755912
0.1460201477926075	0.0078306621843470
0.1460385827880829	0.0079089688061905
0.1460570190386451	0.0079880584942524
0.1460754565579429	0.0080679390791949
0.1460938953612126	0.0081486184699868
0.1461123354651872	0.0082301046546867
0.1461307768880752	0.0083124057012337
0.1461492196479539	0.0083955297582460
0.1461676637624279	0.0084794850558284
0.1461861092487925	0.0085642799063867
0.1462045561241612	0.0086499227054505
0.1462230043408829	0.0087364219325051
0.1462414536210125	0.0088237861518301
0.1462599040056297	0.0089120240133483
0.1462783555343401	0.0090011442534818
0.1462968082454833	0.0090911556960166
0.1463152621764456	0.0091820672529767
0.1463337173639054	0.0092738879255065
0.1463521738440072	0.0093666268047615
0.1463706316526067	0.0094602930728090
0.1463890908253634	0.0095548960035372
0.1464075513977285	0.0096504449635726
0.1464260134050340	0.0097469494132082
0.1464444768825891	0.0098444189073403
0.1464629418657015	0.0099428630964137
0.1464814083897938	0.0100422917273778
0.1464998764905208	0.0101427146446515
0.1465183462038382	0.0102441417910980
0.1465368175658661	0.0103465832090090
0.1465552906108230	0.0104500490410990
0.1465737653715363	0.0105545495315100
0.1465922418798509	0.0106600950268251
0.1466107201668469	0.0107666959770934
0.1466292002485139	0.0108743629368643
0.1466476821234828	0.0109831065662329
0.1466661657937446	0.0110929376318953
0.1466846512644891	0.0112038670082142
0.1467031385440079	0.0113159056782963
0.1467216276436207	0.0114290647350793
0.1467401185776140	0.0115433553824300
0.1467586113631779	0.0116587889362544
0.1467771060203419	0.0117753768256170
0.1467956025718842	0.0118931305938731
0.1468141010431186	0.0120120618998118
0.1468326014617369	0.0121321825188100
0.1468511038576946	0.0122535043439982
0.1468696082631261	0.0123760393874381
0.1468881147094683	0.0124997997813125
0.1469066232277352	0.0126247977791255
0.1469251338489173	0.0127510457569169
0.1469436466043561	0.0128785562144860
0.1469621615260969	0.0130073417766308
0.1469806786470825	0.0131374151943972
0.1469991980012279	0.0132687893463412
0.1470177196235155	0.0134014772398046
0.1470362435501098	0.0135354920122028
0.1470547698184922	0.0136708469323247
0.1470732984676129	0.0138075554016480
0.1470918295380393	0.0139456309556646
0.1471103630721050	0.0140850872652212
0.1471288991139719	0.0142259381378736
0.1471474377084504	0.0143681975192524
0.1471659788615677	0.0145118794944448
0.1471845225763760	0.0146569982893892
0.1472030688596679	0.0148035682722830
0.1472216177220070	0.0149516039550058
0.1472401689466394	0.0151011199945558
0.1472587218745148	0.0152521311945014
0.1472772774253317	0.0154046525064464
0.1472958351258728	0.0155586990315107
0.1473143948998698	0.0157142860218259
0.1473329568175270	0.0158714288820441
0.1473515209497270	0.0160301431708644
0.1473700873681545	0.0161904446025730
0.1473886561454507	0.0163523490485988
0.1474072273553992	0.0165158725390848
0.1474258010710717	0.0166810312644756
0.1474443773633407	0.0168478415771204
0.1474629563016909	0.0170163199928916
0.1474815379547262	0.0171864831928204
0.1475001223905792	0.0173583480247486
0.1475187096773336	0.0175319315049962
0.1475372998834585	0.0177072508200463
0.1475558930782278	0.0178843233282467
0.1475744873116844	0.0180631665615291
0.1475930763232258	0.0182437982271444
0.1476116686537124	0.0184262362094159
0.1476302643058396	0.0186104985715101
0.1476488632913952	0.0187966035572252
0.1476674656302691	0.0189845695927976
0.1476860713458254	0.0191744152887257
0.1477046804652209	0.0193661594416129
0.1477232930197186	0.0195598210360290
0.1477419090450061	0.0197554192463893
0.1477605285815185	0.0199529734388533
0.1477791516743859	0.0201525031732417
0.1477977783734084	0.0203540282049740
0.1478164087330895	0.0205575684870237
0.1478350428127262	0.0207631441718941
0.1478536806765536	0.0209707756136131
0.1478723223893320	0.0211804833697493
0.1478909680164431	0.0213922882034467
0.1479096176244022	0.0216062110854811
0.1479282712813857	0.0218222731963358
0.1479469290476163	0.0220404959282993
0.1479655909265056	0.0222609008875823
0.1479842564354716	0.0224835098964581
0.1480029251974082	0.0227083449954226
0.1480215972977691	0.0229354284453766
0.1480402728275789	0.0231647827298306
0.1480589518832421	0.0233964305571287
0.1480776345636272	0.0236303948627001
0.1480963209674398	0.0238666988113270
0.1481150111941613	0.0241053657994402
0.1481337053449429	0.0243464194574345
0.1481524035234146	0.0245898836520087
0.1481711058360029	0.0248357824885287
0.1481898123923314	0.0250841403134142
0.1482085233056537	0.0253349817165483
0.1482272386933260	0.0255883315337139
0.1482459586710963	0.0258442148490511
0.1482646832965665	0.0261026569975418
0.1482834126083928	0.0263636835675171
0.1483021466544712	0.0266273204031921
0.1483208854919744	0.0268935936072238
0.1483396291874648	0.0271625295432960
0.1483583778170867	0.0274341548387288
0.1483771314666984	0.0277084963871163
0.1483958902315831	0.0279855813509872
0.1484146542091926	0.0282654371644972
0.1484334235001345	0.0285480915361422
0.1484521982091981	0.0288335724515037
0.1484709784463781	0.0291219081760188
0.1484897632598741	0.0294131272577791
0.1485085526055306	0.0297072585303571
0.1485273466634969	0.0300043311156605
0.1485461455361031	0.0303043744268172
0.1485649493379765	0.0306074181710855
0.1485837507661253	0.0309134923527962
0.1486025472495064	0.0312226272763244
0.1486213492796898	0.0315348535490877
0.1486401569644583	0.0318502020845788
0.1486589704197603	0.0321687041054247
0.1486777897701917	0.0324903911464789
0.1486966151495906	0.0328152950579435
0.1487154467016703	0.0331434480085232
0.1487342845735364	0.0334748824886086
0.1487531289146507	0.0338096313134950
0.1487719798445520	0.0341477276266298
0.1487908374104873	0.0344892049028962
0.1488097016775037	0.0348340969519250
0.1488285727285846	0.0351824379214444
0.1488474506643624	0.0355342623006590
0.1488663356002821	0.0358896049236656
0.1488852276593929	0.0362485009729025
0.1489041258903887	0.0366109859826313
0.1489230299512988	0.0369770958424575
0.1489419400877840	0.0373468668008822
0.1489608565488726	0.0377203354688912
0.1489797795881232	0.0380975388235801
0.1489987093745438	0.0384785142118159
0.1490176460457603	0.0388632993539342
0.1490365892731371	0.0392519323474738
0.1490555370705317	0.0396444516709487
0.1490744922037563	0.0400408961876583
0.1490934548608324	0.0404413051495346
0.1491124252440843	0.0408457182010297
0.1491314035664451	0.0412541753830403
0.1491503900457237	0.0416667171368708
0.1491693849063291	0.0420833843082394
0.1491883882438061	0.0425042181513220
0.1492074001696282	0.0429292603328351
0.1492264204991806	0.0433585529361632
0.1492454335963070	0.0437921384655250
0.1492644434692113	0.0442300598501804
0.1492834611374289	0.0446723604486818
0.1493024868586304	0.0451190840531688
0.1493215208977904	0.0455702748937002
0.1493405635294567	0.0460259776426373
0.1493596150400172	0.0464862374190635
0.1493786757058807	0.0469510997932543
0.1493977456706806	0.0474206107911869
0.1494168251021447	0.0478948168990987
0.1494359141878162	0.0483737650680893
0.1494550131368143	0.0488575027187703
0.1494741221798520	0.0493460777459581
0.1494932415537884	0.0498395385234177
0.1495123715289930	0.0503379339086521
0.1495315116084177	0.0508413132477387
0.1495506605156752	0.0513497263802163
0.1495698185271951	0.0518632236440184
0.1495889859288592	0.0523818558804584
0.1496081630310687	0.0529056744392631
0.1496273501697020	0.0534347311836557
0.1496465476924383	0.0539690784954920
0.1496657559603405	0.0545087692804473
0.1496849753503620	0.0550538569732520
0.1497042061797495	0.0556043955429845
0.1497234486633278	0.0561604394984142
0.1497426824906407	0.0567220438933983
0.1497619142132294	0.0572892643323326
0.1497811588598160	0.0578621569756558
0.1498004160480732	0.0584407785454126
0.1498196839760684	0.0590251863308665
0.1498389631171975	0.0596154381941756
0.1498582539660345	0.0602115925761173
0.1498775569528761	0.0608137085018784
0.1498968723705656	0.0614218455868976
0.1499162005459712	0.0620360640427666
0.1499355418416866	0.0626564246831938
0.1499548929145070	0.0632829889300255
0.1499742563528685	0.0639158188193257
0.1499936341172201	0.0645549770075192
0.1500130265171614	0.0652005267775940
0.1500324316977485	0.0658525320453702
0.1500518492030377	0.0665110573658234
0.1500712795468666	0.0671761679394813
0.1500907232699926	0.0678479296188764
0.1501101809338409	0.0685264089150648
0.1501296531248041	0.0692116730042156
0.1501491009552076	0.0699037897342582
0.1501685606687373	0.0706028276316008
0.1501880366758090	0.0713088559079165
0.1502075293479046	0.0720219444669958
0.1502270391008716	0.0727421639116653
0.1502465653391687	0.0734695855507820
0.1502661060626792	0.0742042814062897
0.1502856620194769	0.0749463242203523
0.1503052338113095	0.0756957874625553
0.1503248219397218	0.0764527453371811
0.1503444269534535	0.0772172727905530
0.1503640494521821	0.0779894455184585
0.1503836900879209	0.0787693399736432
0.1504033495419456	0.0795570333733800
0.1504230282336040	0.0803526037071133
0.1504427233245037	0.0811561297441846
0.1504624349323237	0.0819676910416271
0.1504821242124306	0.0827873679520436
0.1505018201694993	0.0836152416315635
0.1505215353252559	0.0844513940478789
0.1505412704690898	0.0852959079883576
0.1505610253176703	0.0861488670682408
0.1505807946043052	0.0870103557389232
0.1506005855526747	0.0878804592963121
0.1506203980188439	0.0887592638892748
0.1506402290922325	0.0896468565281675
0.1506600798074254	0.0905433250934486
0.1506799510333982	0.0914487583443836
0.1506998435221881	0.0923632459278278
0.1507197580739364	0.0932868783871065
0.1507396955553920	0.0942197471709776
0.1507596488853027	0.0951619446426873
0.1507795712610586	0.0961135640891141
0.1507995186805090	0.0970746997300053
0.1508194878942311	0.0980454467273056
0.1508394798339914	0.0990259011945790
0.1508594954966953	0.1000161602065248
0.1508795359539448	0.1010163218085897
0.1508996023343834	0.1020264850266760
0.1509196953997782	0.1030467498769424
0.1509398160046870	0.1040772173757120
0.1509599610445359	0.1051179895494695
0.1509801303049439	0.1061691694449637
0.1510003251887705	0.1072308611394131
0.1510205304230629	0.1083031697508070
0.1510407017710586	0.1093862014483153
0.1510608983737876	0.1104800634627979
0.1510811252972550	0.1115848640974264
0.1511013837166054	0.1127007127384011
0.1511216697813366	0.1138277198657855
0.1511419838042920	0.1149659970644428
0.1511623269919364	0.1161156570350870
0.1511827006650990	0.1172768136054380
0.1512031062711271	0.1184495817414925
0.1512235452899124	0.1196340775589083
0.1512440170205521	0.1208304183344973
0.1512644483851998	0.1220387225178421
0.1512849008910356	0.1232591097430210
0.1513053860080108	0.1244917008404509
0.1513259053947837	0.1257366178488555
0.1513464607478202	0.1269939840273448
0.1513670533021811	0.1282639238676182
0.1513876836181353	0.1295465631062936
0.1514083467865506	0.1308420287373564
0.1514290352521354	0.1321504490247297
0.1514497568381309	0.1334719535149777
0.1514704653440544	0.1348066730501273
0.1514911708076068	0.1361547397806289
0.1515119182662582	0.1375162871784352
0.1515327069843628	0.1388914500502190
0.1515535333534913	0.1402803645507208
0.1515743994949470	0.1416831681962273
0.1515953072771882	0.1430999998781901
0.1516162587679152	0.1445309998769716
0.1516372562171704	0.1459763098757417
0.1516582716239456	0.1474360729745000
0.1516792493451058	0.1489104337042451
0.1517002708299579	0.1503995380412873
0.1517213382885050	0.1519035334216995
0.1517424520328986	0.1534225687559157
0.1517636022247274	0.1549567944434755
0.1517848000002033	0.1565063623879094
0.1518060433816171	0.1580714260117892
0.1518273351413743	0.1596521402719073
0.1518486057932397	0.1612486616746258
0.1518698839595023	0.1628611482913717
0.1518912184032746	0.1644897597742848
0.1519126063700356	0.1661346573720285
0.1519340454922739	0.1677960039457493
0.1519555390565848	0.1694739639852078
0.1519770900404553	0.1711687036250591
0.1519987012012625	0.1728803906613094
0.1520202774426851	0.1746091945679215
0.1520418556455801	0.1763552865136008
0.1520634899172958	0.1781188393787361
0.1520851856169985	0.1799000277725223
0.1521069457574273	0.1816990280502474
0.1521287725239857	0.1835160183307497
0.1521506584354039	0.1853511785140562
0.1521725647865466	0.1872046902991978
0.1521944371658826	0.1890767372021894
0.1522163796065548	0.1909675045742124
0.1522383958141391	0.1928771796199537
0.1522604806667779	0.1948059514161538
0.1522826256613437	0.1967540109303155
0.1523048281423744	0.1987215510396190
0.1523270407729763	0.2007087665500161
0.1523492380368402	0.2027158542155159
0.1523715140310065	0.2047430127576702
0.1523938651231422	0.2067904428852478
0.1524162957004274	0.2088583473141011
0.1524388105161010	0.2109469307872410
0.1524614098176226	0.2130564000951144
0.1524839277490874	0.2151869640960646
0.1525065146017905	0.2173388337370245
0.1525291668974178	0.2195122220743947
0.1525519118316523	0.2217073442951387
0.1525747494001206	0.2239244177380910
0.1525976745306517	0.2261636619154727
0.1526205388972715	0.2284252985346264
0.1526434656314465	0.2307095515199726
0.1526664957910764	0.2330166470351737
0.1526896265528907	0.2353468135055251
0.1527128508246968	0.2377002816405811
0.1527361447650902	0.2400772844569873
0.1527593446506453	0.2424780573015564
0.1527826600795981	0.2449028378745730
0.1528060824407269	0.2473518662533177
0.1528296147339029	0.2498253849158522
0.1528532642268073	0.2523236387650096
0.1528769082110033	0.2548468751526601
0.1529005755250392	0.2573953439041868
0.1529243240709448	0.2599692973432274
0.1529481949124054	0.2625689903166591
0.1529721984047140	0.2651946802198246
0.1529962507615865	0.2678466270220213
0.1530202704610621	0.2705250932922423
0.1530444238469296	0.2732303442251657
0.1530687195481678	0.2759626476674158
0.1530931394427825	0.2787222741440910
0.1531175919027743	0.2815094968855333
0.1531420100935059	0.2843245918543892
0.1531665809694347	0.2871678377729323
0.1531913146057147	0.2900395161506625
0.1532161974170907	0.2929399113121678
0.1532410880659747	0.2958693104252885
0.1532659748094752	0.2988280035295424
0.1532910229493730	0.3018162835648385
0.1533162392737625	0.3048344464004881
0.1533416270324064	0.3078827908644918
0.1533669019990932	0.3109616187731381
0.1533923520260875	0.3140712349608688
0.1534179674905182	0.3172119473104775
0.1534437355518570	0.3203840667835811
0.1534695212506868	0.3235879074514171
0.1534953600327182	0.3268237865259306
0.1535214078002972	0.3300920243911906
0.1535476602311787	0.3333929446351033
0.1535739848724322	0.3367268740814543
0.1536002565795235	0.3400941428222680
0.1536267578753681	0.3434950842504890
0.1536534849373700	0.3469300350929929
0.1536803729639949	0.3503993354439229
0.1537071835085991	0.3539033287983617
0.1537341899367675	0.3574423620863460
0.1537614464039711	0.3610167857072108
0.1537888631159981	0.3646269535642813
0.1538162407326315	0.3682732230999251
0.1538438810059660	0.3719559553309231
0.1538717306960355	0.3756755148842329
0.1538996832542955	0.3794322700330734
0.1539276824895318	0.3832265927334040
0.1539559810039599	0.3870588586607372
0.1539845507967776	0.3909294472473430
0.1540130496658746	0.3948387417198175
0.1540417560566656	0.3987871291370174
0.1540707864066896	0.4027750004283890
0.1541001068927559	0.4068027504326747
0.1541292222473417	0.4108707779370012
0.1541587179090226	0.4149794857163730
0.1541885814369283	0.4191292805735350
0.1542184909219706	0.4233205733792708
0.1542484964867674	0.4275537791130629
0.1542788941088079	0.4318293169041945
0.1543095835420034	0.4361476100732359
0.1543402276445158	0.4405090861739684
0.1543712376843105	0.4449141770357072
0.1544026752070350	0.4493633188060642
0.1544339953500028	0.4538569519941251
0.1544657304313438	0.4583955215140650
0.1544978614882398	0.4629794767292057
0.1545300268791067	0.4676092714964983
0.1545624997905694	0.4722853642114633
0.1545954609579868	0.4770082178535767
0.1546285116870475	0.4817783000321125
0.1546617890727372	0.4865960830324325
0.1546956514134624	0.4914620438627576
0.1547296358637287	0.4963766643013868
0.1547638301691164	0.5013404309444003
0.1547986812398027	0.5063538352538449
0.1548336541696509	0.5114173736063850
0.1548688691797765	0.5165315473424493
0.1549048132721759	0.5216968628158722
0.1549408441029512	0.5269138314440321
0.1549771793778838	0.5321829697584709
0.1550143579313560	0.5375047994560564
0.1550515058007693	0.5428798474506188
0.1550891313490745	0.5483086459251254
0.1551276897029737	0.5537917323843758
0.1551660483142023	0.5593296497082202
0.1552051593201996	0.5649229462053025
0.1552451573576672	0.5705721756673555
0.1552848715640998	0.5762778974240301
0.1553257109290874	0.5820406763982711
0.1553670117308711	0.5878610831622556
0.1554085502851666	0.5937396939938763
0.1554512395094681	0.5996770909338135
0.1554940966020289	0.6056738618431506
0.1555377362057958	0.6117306004615830
0.1555824879640611	0.6178479064661982
0.1556271679608187	0.6240263855308608
0.1556730160089987	0.6302666493861688
0.1557197026630287	0.6365693158800303
0.1557668190623389	0.6429350090388311
0.1558155525477466	0.6493643591292201
0.1558641604296283	0.6558580027205122
0.1559143104445496	0.6624165827477159
0.1559654915241685	0.6690407485751929
0.1560171650837340	0.6757311560609440
0.1560709610373439	0.6824884676215544
0.1561244875289754	0.6893133522977688
0.1561802419620143	0.6962064858207482
0.1562369382642369	0.7031685506789547
0.1562945363666688	0.7102002361857459
0.1563548445832655	0.7173022385476018
0.1564148110032116	0.7244752609330765
0.1564780994267063	0.7317200135424067
0.1565415802027443	0.7390372136778302
0.1566080164523042	0.7464275858146069
0.1566762217454026	0.7538918616727546
0.1567455262443883	0.7614307802894817
0.1568192387737209	0.7690450880923767
0.1568925515931888	0.7767355389733014
0.1569708973366144	0.7845028943630337
0.1570501428517628	0.7923479233066641
0.1571337620058574	0.8002714025397314
0.1572199911575780	0.8082741165651288
0.1573102286701507	0.8163568577307808
0.1574046608489487	0.8245204263080881
0.1575013282770770	0.8327656305711693
0.1576065751764374	0.8410932868768802
0.1577142676800521	0.8495042197456495
0.1578319488419341	0.8579992619431051
0.1579509798033147	0.8665792545625356
0.1580863221517975	0.8752450471081604
0.1582209907328937	0.8839974975792416
0.1583751233521559	0.8928374725550348
0.1585318744967393	0.9017658472805853
0.1586969135806329	0.9111566633563584
0.1589065963963706	0.9202682299899222
0.1591251743947473	0.9294709122898209
0.1593796838763422	0.9384462153345768
0.1596649164187684	0.9557371602651458
0.1596743873892382	0.9465749008595511
0.1598966287955068	0.9539783528554817
0.1602300896478610	0.9629711294584807
0.1602571583661662	0.9597295745158239
0.1604773986127012	0.9706868059654976
0.1604973091419443	0.9664756051778619
0.1607951505799574	0.9786673400479217
0.1610220689067516	0.9841178194999914
0.1612406168084030	0.9816066417615928
0.1612856500946467	0.9760621327467066
0.1617446114396236	0.9811311212778302
0.1622415177907953	0.9852610656864219
0.1622916352319347	0.9888448715003898
0.1630272707152295	0.9918347892858610
0.1633726116065013	0.9955234663698724
0.1655241897838425	0.9977891876470038
0.1659359870322285	0.9985547207601907
0.1697282915833716	0.9994973835155465
0.1743837289395187	0.9998725623399133
0.1753135882344926	0.9999206941367902
0.1767702589708599	0.9999423828309496
0.1834687677096949	0.9999848870823002
0.1851006416304744	0.9999926678520377
0.1943838085290404	0.9999978515742266
0.1957622608797975	0.9999990032461961
0.2029681435083336	0.9999997109612537
0.2052983918049104	0.9999998649842631
0.2125174609088567	0.9999999590633845
0.2144092722721563	0.9999999809210415
0.2211861912786107	0.9999999941901546
0.2235237697219877	0.9999999973213357
0.2304713959933871	0.9999999991894380
0.2332869604939175	0.9999999996284030
0.2401461541644224	0.9999999998882301
0.2431342394003977	0.9999999999488860
0.2498990675292103	0.9999999999846882
0.2529193716277833	0.9999999999930003
0.2596068817936297	0.9999999999979069
0.2625599914303947	0.9999999999990427
0.2691987818994554	0.9999999999997135
0.2720565010694229	0.9999999999998691
0.2786837277354473	0.9999999999999608
0.2814737117786537	0.9999999999999821
0.2880969400774059	0.9999999999999946
0.2909749000045462	0.9999999999999977
0.2977903887168519	0.9999999999999992
0.3005328636332399	0.9999999999999996
0.3008922016231532	1.0000143940280704
0.3008922016232163	1.0000162544252822
0.3182692650645842	1.0000175781014904
0.3190228010433694	1.0000177842920239
0.3338752401805557	1.0000178717811585
0.3348208894790265	1.0000178882543327
0.3448514173081154	1.0000178953751238
0.3464294513799653	1.0000178968403524
0.3553887527986299	1.0000178974846490
0.3574283991900908	1.0000178976236251
0.3670622457728969	1.0000178976727006
0.3685662389837581	1.0000178976851242
0.3763179931707026	1.0000178976897312
0.3786774349068412	1.0000178976909451
0.3864828245403082	1.0000178976914031
0.3885289554062772	1.0000178976915293
0.3947754389582662	1.0000178976915632
0.3969531590218596	1.0000178976915766
0.4023974082266112	1.0000178976915810
0.4056008854738282	1.0000178976915830
0.4111446785033584	1.0000178976915837
0.4118023406787404	1.0000178976915839
0.4128266008408216	1.0000178976915839
0.4155117430911315	1.0100180766684996
0.4158352118096043	0.9997100195563449
0.4263417879770960	0.9996676164956602
0.4418092066623313	0.9999401775518456
0.4902055030812218	0.9999497541557919
0.5072919171149263	0.9999862986855721
0.5112407356025149	0.9999920571272407
0.5512270492243513	0.9999921778420842
0.5514339221241357	1.0000041457592215
0.5540067599230081	1.0000059225089193
0.5783669810429698	1.0000061884344080
0.5953251458248749	1.0000062283806670
0.6294743029530313	1.0000064381854172
0.6655977930234013	1.0000064496995005
0.6954835343613648	1.0000064502090913
0.7307685332402095	1.0000064502297064
0.7672599602959358	1.0000064502305399
0.8038801925120774	1.0000064502305737
0.8389547925015473	1.0000064502305748
0.8417437673354071	1.0000064502305750
0.8442132312988110	1.0122673448369257
0.8443339321762183	1.0017640168480371
0.8459753033545988	1.0004419792630028
0.8535088381023216	1.0000691911878925
0.8636171482213733	1.0000199842748021
0.8660049080146479	1.0000093981305389
0.8716143685966666	1.0000080046523974
0.8923721423749079	1.0000005093303483
0.8951647228523051	0.9999995403460709
0.8981336820787865	0.9999994150654476
4.5636074803387219	1.0005133364382892
4.5647457584975371	1.0002074304936281
4.5791964232419744	1.0000797241360080
4.5953407800540393	1.0000154300546384
4.6107705426715793	1.0000039755876784
4.6292271637351261	1.0000019630917327
4.6320870471611668	1.0000016244344123
4.6559604210905681	1.0000015597131642
4.6802951960409445	1.0000015203417998
4.8213513036036844	0.9998622327343017
4.8593081486537359	0.9999451975479295
4.9058244572162550	0.9999847724780034
4.9135552896103896	0.9999898853693348
4.9210393935421788	0.9999912936655602
4.9309286801104584	0.9999915723754951
4.9331879407348502	0.9999916657661998
5.0732317198397929	1.0035956157949615
5.0743609436524535	1.0010855547526678
5.0769343134062375	1.0004131067421376
5.0852023805979378	1.0001618501324332
5.0888717911849559	1.0001007988953861
5.0998783768081850	1.0000296193595011
5.1015646838218274	1.0000185164116251
5.1048906798295217	1.0000163744988280
5.1244118324025569	1.0000157591636112
5.1407350255585893	1.0000156727100247
5.1456502243815789	1.0000156654764245
5.1690305372018193	1.0000156628659915
5.2041606010104244	1.0000156380839393
5.2783590618672669	1.0000029861135948
5.2783598387865576	1.0000013506181511
5.2982090301978291	1.0000009004398693
5.2988852308333518	1.0000008113918097
5.3050217571416614	1.0000007823784502
5.3063348745995915	1.0000007757836185
5.3165541733069750	1.0000007734683334
5.3176705251605778	1.0000007729042957
5.3259443518329306	1.0000007726977547
5.3274834620702274	1.0000007726455167
5.3362459236806385	1.0000007726259659
5.3381174231672546	1.0000007726209288
5.3470874701437809	1.0000007726190236
5.3492010499041980	1.0000007726185289
5.3583769351477288	1.0000007726183406
5.3606308734168930	1.0000007726182916
5.3699144023504530	1.0000007726182729
5.3722645606829831	1.0000007726182678
5.3833253726564791	1.0000007726182665
5.3841173790381633	1.0000007726182663
5.3852932126714839	0.9999992250362059
5.3852932126744184	1.0000005726837664
5.3931061299234706	1.0000000344666300
5.3957946665925896	0.9999997816249401
5.4097943155813590	0.9999996798845154
5.4181346199385372	0.9999996667334937
5.4225817391212443	0.9999996606579152
5.4453139535621675	0.9999996589348713
5.4667518850161523	0.9999996588410537
5.4686446264851600	0.9999991935323088
5.4738196836943169	0.9999990627447425
5.4790859541453178	0.9999984090373405
5.4800955714941519	0.9999983076324974
5.4924293472691978	0.9999982821332971
5.5010372468981616	0.9999982508779102
5.5019808667780268	0.9999982466038967
5.5199919497366317	0.9999982454275522
5.5216683240826061	0.9999982451948483
5.5381566741966664	0.9999982451308006
5.5421783178753623	0.9999982451181307
5.5437066205589920	0.9999955795868807
5.5462021322062762	0.9999951711680584
5.5652200275101569	0.9999950601389818
5.5741057595296644	0.9999950457869349
5.5848556892430921	0.9999950374381357
5.5879633520109246	0.9999950363589437
5.6028610199232398	0.9999950357818757
5.6079134303182521	0.9999950357072821
5.6208773911741368	0.9999950356676071
5.6253910434056902	0.9999950356624788
5.6418188219616869	0.9999950356605004
5.6745354196152853	0.9999950356604301
5.7147166068599455	0.9999950356604278
5.7172372155627107	0.9999950356604277
5.7235833813269945	0.9999950356604276
5.7827317111662753	0.9999567952469581
5.7827317111662984	0.9999909772379688
5.8042515471607166	0.9999892063316409
6.0331444585885956	0.9999978252866315
9.1598591259956752	1.0000974918537457
9.1718242814953754	1.0000227155886017
9.2641369926139649	0.9994031326157718
9.2674480585414116	0.9999360101459811
9.3160241752138599	0.9999951828814065
9.3219245874313383	1.0000117856216384
9.3487913439016204	1.0000139270909512
9.5961638266562517	1.0011774683640378
9.6006245704201714	1.0003416518773260
9.6089948733888928	1.0001098556586931
9.6185795796963554	1.0000258200683414
9.6221128778031932	1.0000080929095205
9.6356065066972238	1.0000022191311095
9.6391431909945169	1.0000009967062162
9.6507106676652015	1.0000005924331643
9.6542131868455616	1.0000005083726995
9.6663137703467612	1.0000004805900129
9.6698236522006500	1.0000004748122997
9.6817705049640956	1.0000004729029397
9.6852795747308527	1.0000004725058700
9.6972724687186265	1.0000004723746516
9.7007817660423061	1.0000004723473637
9.7127614789355849	1.0000004723383460
9.7162707684080196	1.0000004723364706
9.7282542582149265	1.0000004723358511
9.7317625464876247	1.0000004723357223
9.7436877971896863	1.0000004723356797
9.7471654950241451	1.0000004723356708
9.7578739540143484	1.0000004723356677
9.7632155532114648	1.0000004723356672
9.7656110066907562	1.0000004723356668
9.7719990586915362	0.9953922834459416
9.7735056662439543	0.9991762213078379
9.7777125788043762	0.9997132540469014
9.8009556631959924	0.9998072822531795
9.8032655604217460	0.9999678845843325
9.8037527445401480	0.9999886202546474
9.8202025090286753	0.9999968831070210
9.8375918583342994	1.0000009054728163
9.8554055970991534	1.0000014367269938
9.8832009847971118	1.0000015289805140
9.8843405579331609	1.0000018488794677
9.8894587220224821	1.0000018953733354
9.8968184029396262	1.0000020231566935
9.8978438045538706	1.0000020396738474
9.9165690197420968	1.0000020563041880
9.9329636458583366	1.0000020575428126
9.9346486869864599	1.0000020619864822
9.9354342265963123	1.0000020625608674
9.9576237358340549	1.0000020630326221
9.9748160778632577	1.0000020631840545
9.9930170419838422	1.0000020632041260
