0.0000000000000000	0.0000000000000000
0.1498296392180010	0.0000300000000000
0.1500164040528253	0.0000078776744148
0.1515337063561049	0.0000158291557497
0.1517827472981416	0.0000361203858706
0.1518020873156067	0.0000294699652295
0.1521938670397983	0.0000355227607190
0.1525687954404990	0.0000382100104291
0.1527668946066388	0.0000456220536610
0.1532273428267306	0.0000528577113301
0.1536284731907431	0.0000628577113301
0.1539772149310738	0.0000724077247889
0.1542778943312987	0.0000824077247889
0.1545361319112553	0.0000924077247889
0.1547652808185125	0.0001041075560400
0.1549995365345875	0.0001141075560400
0.1551690288581828	0.0001241075560400
0.1553244197591759	0.0001341075560400
0.1554690689191378	0.0001441075560400
0.1556044619305906	0.0001541075560400
0.1557294580837607	0.0001641075560400
0.1558474928312817	0.0001741075560400
0.1559563877141264	0.0001841075560400
0.1560627487172402	0.0001941075560400
0.1561599308821807	0.0002041075560400
0.1562537613438779	0.0002141075560400
0.1563415288148775	0.0002241075560400
0.1564266589452882	0.0002341075560400
0.1565068769597134	0.0002441075560400
0.1565841536732497	0.0002541075560400
0.1566580990122511	0.0002641075560400
0.1567294786103098	0.0002741075560400
0.1567980253503337	0.0002841075560400
0.1568638493515097	0.0002941075560400
0.1569277660534930	0.0003041075560400
0.1569891648181165	0.0003141075560400
0.1570490040584518	0.0003241075560400
0.1571062773897575	0.0003341075560400
0.1571625440409790	0.0003441075560400
0.1572164473003172	0.0003541075560400
0.1572695353252983	0.0003641075560400
0.1573202167509242	0.0003741075560400
0.1573704345312918	0.0003841075560400
0.1574183888781123	0.0003941075560400
0.1574660681675484	0.0004041075560400
0.1575115265503843	0.0004141075560400
0.1575568823504359	0.0004241075560400
0.1576002526405676	0.0004341075560400
0.1576433535191058	0.0004441075560400
0.1576848413410377	0.0004541075560400
0.1577259958125986	0.0004641075560400
0.1577657545032820	0.0004741075560400
0.1578050622271288	0.0004841075560400
0.1578432258523718	0.0004941075560400
0.1578808916842172	0.0005041075560400
0.1579175831739129	0.0005141075560400
0.1579537053203856	0.0005241075560400
0.1579890036970996	0.0005341075560400
0.1580236723951444	0.0005441075560400
0.1580576669806986	0.0005541075560400
0.1580910274783440	0.0005641075560400
0.1581238706802810	0.0005741075560400
0.1581560836986074	0.0005841075560400
0.1581877824855359	0.0005941075560400
0.1582187808469229	0.0006041075560400
0.1582495093748954	0.0006141075560400
0.1582794972595494	0.0006241075560400
0.1583091888817068	0.0006341075560400
0.1583382744997332	0.0006441075560400
0.1583670222006499	0.0006541075560400
0.1583951565035424	0.0006641075560400
0.1584230907309901	0.0006741075560400
0.1584503617138685	0.0006841075560400
0.1584774870714094	0.0006941075560400
0.1585039791271397	0.0007041075560400
0.1585302814477762	0.0007141075560400
0.1585560610984499	0.0007241075560401
0.1585816187578595	0.0007341075560401
0.1586066588934098	0.0007441075560401
0.1586316237127702	0.0007541075560401
0.1586559526443112	0.0007641075560401
0.1586801795970565	0.0007741075560400
0.1587040401461497	0.0007841075560400
0.1587275632007402	0.0007941075560400
0.1587507540235078	0.0008041075560400
0.1587737604758400	0.0008141075560400
0.1587964675209884	0.0008241075560400
0.1588188179443694	0.0008341075560400
0.1588409255809640	0.0008441075560400
0.1588627883834492	0.0008541075560400
0.1588844453703490	0.0008641075560400
0.1589058333577296	0.0008741075560400
0.1589269405149695	0.0008841075560400
0.1589477501111860	0.0008941075560400
0.1589684225461256	0.0009041075560400
0.1589887912113627	0.0009141075560400
0.1590090430623835	0.0009241075560400
0.1590289646235697	0.0009341075560400
0.1590488038095435	0.0009441075560400
0.1590683018499795	0.0009541075560400
0.1590877376486574	0.0009641075560400
0.1591068112651465	0.0009741075560400
0.1591258551025689	0.0009841075560400
0.1591445298008487	0.0009941075560400
0.1591631575510707	0.0010041075560400
0.1591814668902409	0.0010141486316004
0.1591997988925625	0.0010242901179164
0.1592180235061521	0.0010345330190956
0.1592363421564753	0.0010448783492865
0.1592545922527433	0.0010553271327794
0.1592728977715462	0.0010658804041072
0.1592911804327521	0.0010765392081482
0.1593094642815161	0.0010873046002297
0.1593277863625801	0.0010981776462320
0.1593460501972690	0.0011091594226944
0.1593644165417330	0.0011202510169213
0.1593826538746711	0.0011314535270905
0.1594009899320937	0.0011427680623614
0.1594192815654468	0.0011541957429850
0.1594375830113484	0.0011657377004149
0.1594559340351996	0.0011773950774190
0.1594742024893553	0.0011891690281932
0.1594925459917001	0.0012010607184752
0.1595108508712363	0.0012130713256599
0.1595291556265891	0.0012252020389165
0.1595475234831579	0.0012374540593057
0.1595657998408113	0.0012498285998987
0.1595841254280576	0.0012623268858977
0.1596024835023087	0.0012749501547567
0.1596207687620428	0.0012876996563042
0.1596391030707917	0.0013005766528673
0.1596574577421389	0.0013135824193960
0.1596757511244100	0.0013267182435899
0.1596940853515560	0.0013399854260258
0.1597124520439867	0.0013533852802861
0.1597307459122080	0.0013669191330889
0.1597490735878488	0.0013805883244198
0.1597674328830254	0.0013943942076640
0.1597857557167286	0.0014083381497407
0.1598040728642950	0.0014224215312381
0.1598224168660915	0.0014366457465504
0.1598407817942594	0.0014510122040160
0.1598590911583052	0.0014655223260561
0.1598774184081413	0.0014801775493167
0.1598957630876470	0.0014949793248098
0.1599141253301816	0.0015099291180579
0.1599324494193316	0.0015250284092385
0.1599507746256016	0.0015402786933309
0.1599691151508636	0.0015556814802642
0.1599874657310503	0.0015712382950669
0.1600058271662329	0.0015869506780175
0.1600241516685979	0.0016028201847977
0.1600424817115020	0.0016188483866457
0.1600608213917299	0.0016350368705121
0.1600791671615480	0.0016513872392173
0.1600975193601658	0.0016679011116094
0.1601158752734715	0.0016845801227255
0.1601342146135488	0.0017014259239528
0.1601525489392781	0.0017184401831923
0.1601708873113694	0.0017356245850242
0.1601892296843953	0.0017529808308745
0.1602075745801267	0.0017705106391832
0.1602259218863415	0.0017882157455751
0.1602442705636812	0.0018060979030308
0.1602626203173033	0.0018241588820611
0.1602809706351314	0.0018424004708817
0.1602993211517324	0.0018608244755905
0.1603176717224888	0.0018794327203464
0.1603360218402931	0.0018982270475499
0.1603543717738089	0.0019172093180254
0.1603727209608129	0.0019363814112056
0.1603910699448041	0.0019557452253177
0.1604094180407650	0.0019753026775709
0.1604277661525016	0.0019950557043466
0.1604461134325871	0.0020150062613900
0.1604644610502752	0.0020351563240039
0.1604828077848574	0.0020555078872440
0.1605011549210068	0.0020760629661164
0.1605195014090886	0.0020968235957775
0.1605378481082587	0.0021177918317353
0.1605561946221493	0.0021389697500527
0.1605745411351196	0.0021603594475532
0.1605928879593755	0.0021819630420287
0.1606112345297985	0.0022037826724490
0.1606295817456545	0.0022258204991735
0.1606479286410837	0.0022480787041653
0.1606662758592824	0.0022705594912069
0.1606846233866144	0.0022932650861190
0.1607029708942135	0.0023161977369802
0.1607213190793748	0.0023393597143500
0.1607396672007214	0.0023627533114935
0.1607580156163902	0.0023863808446084
0.1607763647136680	0.0024102446530545
0.1607947137298721	0.0024343470995850
0.1608130632005652	0.0024586905705809
0.1608314132226078	0.0024832774762867
0.1608497633071662	0.0025081102510496
0.1608681138969724	0.0025331913535601
0.1608864650564989	0.0025585232670957
0.1609048163242088	0.0025841084997666
0.1609231680652062	0.0026099495847643
0.1609415205374504	0.0026360490806119
0.1609598730895560	0.0026624095714180
0.1609782260294904	0.0026890336671322
0.1609965796459750	0.0027159240038035
0.1610149336332434	0.0027430832438415
0.1610332878845605	0.0027705140762799
0.1610516426530059	0.0027982192170427
0.1610699981130474	0.0028262014092131
0.1610883538741455	0.0028544634233053
0.1611067099758109	0.0028830080575383
0.1611250665761821	0.0029118381381137
0.1611434238275163	0.0029409565194949
0.1611617815821357	0.0029703660846898
0.1611801396450219	0.0030000697455367
0.1611984981557560	0.0030300704429921
0.1612168572126920	0.0030603711474220
0.1612352169062830	0.0030909748588962
0.1612535771851576	0.0031218846074852
0.1612719378170463	0.0031531034535601
0.1612902988918579	0.0031846344880957
0.1613086604754526	0.0032164808329766
0.1613270226239325	0.0032486456413064
0.1613453853768348	0.0032811320977195
0.1613637487639119	0.0033139434186967
0.1613821127424322	0.0033470828528836
0.1614004771710392	0.0033805536814125
0.1614188420905235	0.0034143592182266
0.1614372075362073	0.0034485028104088
0.1614555735319111	0.0034829878385129
0.1614739401009627	0.0035178177168980
0.1614923072550437	0.0035529958940670
0.1615106750097812	0.0035885258530076
0.1615290433690496	0.0036244111115377
0.1615474123442909	0.0036606552226531
0.1615657819347038	0.0036972617748797
0.1615841521504609	0.0037342343926285
0.1616025229891626	0.0037715767365548
0.1616208944568604	0.0038092925039203
0.1616392665469894	0.0038473854289595
0.1616576392678538	0.0038858592832492
0.1616760126163286	0.0039247178760817
0.1616943866006290	0.0039639650548424
0.1617127612222182	0.0040036047053908
0.1617311364889447	0.0040436407524448
0.1617495124068573	0.0040840771599692
0.1617678889466646	0.0041249179315689
0.1617862659830510	0.0041661671108846
0.1618046435318279	0.0042078287819935
0.1618230216167873	0.0042499070698134
0.1618414002511042	0.0042924061405115
0.1618597794531338	0.0043353302019166
0.1618781592389781	0.0043786835039358
0.1618965396211325	0.0044224703389752
0.1619149206183126	0.0044666950423650
0.1619333022394820	0.0045113619927886
0.1619516844981174	0.0045564756127165
0.1619700674088209	0.0046020403688437
0.1619884509806227	0.0046480607725321
0.1620068352275126	0.0046945413802574
0.1620252201612125	0.0047414867940600
0.1620436057915886	0.0047889016620006
0.1620619921327758	0.0048367906786206
0.1620803791957982	0.0048851585854068
0.1620987669909735	0.0049340101712608
0.1621171555293994	0.0049833502729734
0.1621355448083921	0.0050331837757031
0.1621539348250911	0.0050835156134602
0.1621723255813814	0.0051343507695948
0.1621907170817530	0.0051856942772907
0.1622091093269316	0.0052375512200636
0.1622275023216007	0.0052899267322642
0.1622458960737453	0.0053428259995868
0.1622642905901241	0.0053962542595827
0.1622826858769524	0.0054502168021785
0.1623010819432864	0.0055047189702003
0.1623194788005749	0.0055597661599023
0.1623378764592270	0.0056153638215013
0.1623562749287115	0.0056715174597163
0.1623746742207483	0.0057282326343135
0.1623930743488438	0.0057855149606566
0.1624114753281035	0.0058433701102632
0.1624298771711265	0.0059018038113658
0.1624482798913613	0.0059608218494795
0.1624666835039038	0.0060204300679743
0.1624850880250775	0.0060806343686540
0.1625034934723106	0.0061414407123405
0.1625218998629706	0.0062028551194640
0.1625403072107879	0.0062648836706586
0.1625587155294721	0.0063275325073652
0.1625771248325593	0.0063908078324388
0.1625955351336269	0.0064547159107632
0.1626139464461159	0.0065192630698708
0.1626323587835379	0.0065844557005695
0.1626507721593536	0.0066503002575752
0.1626691865871576	0.0067168032601509
0.1626876020806040	0.0067839712927524
0.1627060186529344	0.0068518110056799
0.1627244363174086	0.0069203291157367
0.1627428550878257	0.0069895324068941
0.1627612749786386	0.0070594277309629
0.1627796960049281	0.0071300220082726
0.1627981181824033	0.0072013222283553
0.1628165415273012	0.0072733354506388
0.1628349660563442	0.0073460688051452
0.1628533917866136	0.0074195294931966
0.1628718187355623	0.0074937247881286
0.1628902469210498	0.0075686620360099
0.1629086763613518	0.0076443486563700
0.1629271070752446	0.0077207921429337
0.1629455390819803	0.0077980000643631
0.1629639724014150	0.0078759800650067
0.1629824070539417	0.0079547398656567
0.1630008430606242	0.0080342872643133
0.1630192804416258	0.0081146301369564
0.1630377192162101	0.0081957764383259
0.1630561594030200	0.0082777342027092
0.1630746010201954	0.0083605115447363
0.1630930440855947	0.0084441166601836
0.1631114886061203	0.0085285578267854
0.1631299345750427	0.0086138434050533
0.1631483819883932	0.0086999818391038
0.1631668308448158	0.0087869816574947
0.1631852811455091	0.0088748514740696
0.1632037328940625	0.0089635999888103
0.1632221860964170	0.0090532359886985
0.1632406407608358	0.0091437683485855
0.1632590968977832	0.0092352060320713
0.1632775545199243	0.0093275580923920
0.1632960136420447	0.0094208336733159
0.1633144742808103	0.0095150420100491
0.1633329364546571	0.0096101924301495
0.1633514001836908	0.0097062943544510
0.1633698654895540	0.0098033572979955
0.1633883323954042	0.0099013908709754
0.1634068009258972	0.0100004047796851
0.1634252711055554	0.0101004088274820
0.1634437429582252	0.0102014129157568
0.1634622165074359	0.0103034270449143
0.1634806917767038	0.0104064613153635
0.1634991687897867	0.0105105259285171
0.1635176475708434	0.0106156311878023
0.1635361281445267	0.0107217874996803
0.1635546104659151	0.0108290053746771
0.1635730941810907	0.0109372954284238
0.1635915793453400	0.0110466683827081
0.1636100660125152	0.0111571350665351
0.1636285542353198	0.0112687064172005
0.1636470440655539	0.0113813934813725
0.1636655355543819	0.0114952074161862
0.1636840287525881	0.0116101594903481
0.1637025237108179	0.0117262610852516
0.1637210204796039	0.0118435236961042
0.1637395191094042	0.0119619589330653
0.1637580196501918	0.0120815785223960
0.1637765221285678	0.0122023943076199
0.1637950265557276	0.0123244182506961
0.1638135329449223	0.0124476624332031
0.1638320413115705	0.0125721390575351
0.1638505516733635	0.0126978604481105
0.1638690640503706	0.0128248390525916
0.1638875784651453	0.0129530874431176
0.1639060949427895	0.0130826183175487
0.1639246135108291	0.0132134445007242
0.1639431341991306	0.0133455789457314
0.1639616570398508	0.0134790347351887
0.1639801815896143	0.0136138250825405
0.1639987011194710	0.0137499633333659
0.1640172230364386	0.0138874629666995
0.1640357473683968	0.0140263375963665
0.1640542741463860	0.0141666009723302
0.1640728034034631	0.0143082669820535
0.1640913351725177	0.0144513496518741
0.1641098694865804	0.0145958631483927
0.1641284063791147	0.0147418217798766
0.1641469458843158	0.0148892399976755
0.1641654880374159	0.0150381323976523
0.1641840328749749	0.0151885137216289
0.1642025804351608	0.0153403988588452
0.1642211307580214	0.0154938028474336
0.1642396838856401	0.0156487408759081
0.1642582398621221	0.0158052282846671
0.1642767987036365	0.0159632805675137
0.1642953604105419	0.0161229133731889
0.1643139249907377	0.0162841425069209
0.1643324924583113	0.0164469839319901
0.1643510628302365	0.0166114537713099
0.1643696361266939	0.0167775683090229
0.1643882123713833	0.0169453439921132
0.1644067915917077	0.0171147974320343
0.1644253738187316	0.0172859454063547
0.1644439590871869	0.0174588048604182
0.1644625474355221	0.0176333929090225
0.1644811383694167	0.0178097268381128
0.1644997317483507	0.0179878241064938
0.1645183276661116	0.0181677023475587
0.1645369262169763	0.0183493793710344
0.1645555274958870	0.0185328731647447
0.1645741315954042	0.0187182018963922
0.1645927386050297	0.0189053839153561
0.1646113486120347	0.0190944377545096
0.1646299617022491	0.0192853821320548
0.1646485779608068	0.0194782359533753
0.1646671974728550	0.0196730183129092
0.1646858202660917	0.0198697484960383
0.1647044463694957	0.0200684459809987
0.1647230758195639	0.0202691304408087
0.1647417086599887	0.0204718217452169
0.1647603449414189	0.0206765399626690
0.1647789847197492	0.0208833053622958
0.1647976280525116	0.0210921384159188
0.1648162749996313	0.0213030598000779
0.1648349256238915	0.0215160903980788
0.1648535799912002	0.0217312513020595
0.1648722381708930	0.0219485638150801
0.1648909002360542	0.0221680494532310
0.1649095662638950	0.0223897299477634
0.1649282363361464	0.0226136272472412
0.1649469105390074	0.0228397635197135
0.1649655889583683	0.0230681611549106
0.1649842716797786	0.0232988427664598
0.1650029587320989	0.0235318311941246
0.1650216501347089	0.0237671495060658
0.1650403459163722	0.0240048210011266
0.1650590461153325	0.0242448692111378
0.1650777506557816	0.0244873179032493
0.1650964586838083	0.0247321910822818
0.1651151694049602	0.0249795129931046
0.1651338828817381	0.0252293081230357
0.1651526002193211	0.0254816012042659
0.1651713215476861	0.0257364172163087
0.1651900469961024	0.0259937813884718
0.1652087766941448	0.0262537192023563
0.1652275024919916	0.0265162563943799
0.1652462260590938	0.0267814189583237
0.1652649544495937	0.0270492331479068
0.1652836877782629	0.0273197254793860
0.1653024261528790	0.0275929227341798
0.1653211696057962	0.0278688519615215
0.1653399181834328	0.0281475404811369
0.1653586719399411	0.0284290158859482
0.1653774309376153	0.0287133060448075
0.1653961952473368	0.0290004391052555
0.1654149649490685	0.0292904434963082
0.1654337401323632	0.0295833479312715
0.1654525208962695	0.0298791814105844
0.1654713073493619	0.0301779732246902
0.1654900996040022	0.0304797529569370
0.1655088977753515	0.0307845504865065
0.1655277019828162	0.0310923959913716
0.1655465123272453	0.0314033199512851
0.1655653280490542	0.0317173531507979
0.1655841486993937	0.0320345266823060
0.1656029744115141	0.0323548719491291
0.1656218053291569	0.0326784206686207
0.1656406415972140	0.0330052048753070
0.1656594833714512	0.0333352569240601
0.1656783308139083	0.0336686094933007
0.1656971840909899	0.0340052955882339
0.1657160433745489	0.0343453485441164
0.1657349088430330	0.0346888020295576
0.1657537806825503	0.0350356900498532
0.1657726590846291	0.0353860469503515
0.1657915441387887	0.0357399074198552
0.1658104359317795	0.0360973064940537
0.1658293345642372	0.0364582795589943
0.1658482401514115	0.0368228623545842
0.1658671528238451	0.0371910909781299
0.1658860727272875	0.0375630018879114
0.1659050000216138	0.0379386319067907
0.1659239348719532	0.0383180182258584
0.1659428761916878	0.0387011984081172
0.1659618237590032	0.0390882103921985
0.1659807569578075	0.0394790924961207
0.1659996955447015	0.0398738834210819
0.1660186413402172	0.0402726222552925
0.1660375944766243	0.0406753484778452
0.1660565551072809	0.0410821019626234
0.1660755234029834	0.0414929229822494
0.1660944995443891	0.0419078522120718
0.1661134837236850	0.0423269307341927
0.1661324761456850	0.0427502000415345
0.1661514770290813	0.0431777020419501
0.1661704866078045	0.0436094790623697
0.1661895050877742	0.0440455738529933
0.1662085325675971	0.0444860295915231
0.1662275691682522	0.0449308898874385
0.1662466150337022	0.0453801987863131
0.1662656700620097	0.0458340007741761
0.1662847326459205	0.0462923407819178
0.1663038031151113	0.0467552641897368
0.1663228818059734	0.0472228168316341
0.1663419690571845	0.0476950449999505
0.1663610652127820	0.0481719954499500
0.1663801705179749	0.0486537154044494
0.1663992821425101	0.0491402525584936
0.1664184023810666	0.0496316550840787
0.1664375324017522	0.0501279716349197
0.1664566724685589	0.0506292513512692
0.1664758228628966	0.0511355438647818
0.1664949838854548	0.0516468993034297
0.1665141414154136	0.0521633682964638
0.1665332924945569	0.0526850019794282
0.1665524554052632	0.0532118519992223
0.1665716281110110	0.0537439705192149
0.1665908106696445	0.0542814102244072
0.1666100033945677	0.0548242243266515
0.1666292066212506	0.0553724665699181
0.1666484207086042	0.0559261912356169
0.1666676460389294	0.0564854531479730
0.1666868830035125	0.0570503076794531
0.1667061319436474	0.0576208107562474
0.1667253930748563	0.0581970188638099
0.1667446666520457	0.0587789890524476
0.1667639529702209	0.0593667789429719
0.1667832523521429	0.0599604467324021
0.1668025640914898	0.0605600511997258
0.1668218867963306	0.0611656517117235
0.1668412210236043	0.0617773082288411
0.1668605672467170	0.0623950813111294
0.1668799258252809	0.0630190321242409
0.1668992971552538	0.0636492224454835
0.1669186816588413	0.0642857146699382
0.1669380722546208	0.0649285718166375
0.1669574439830920	0.0655778575348041
0.1669768306975982	0.0662336361101518
0.1669962328540864	0.0668959724712529
0.1670156506908317	0.0675649321959657
0.1670350838354326	0.0682405815179252
0.1670545300634955	0.0689229873331042
0.1670739899143958	0.0696122172064357
0.1670934639629693	0.0703083393785004
0.1671129528143685	0.0710114227722855
0.1671324570918106	0.0717215370000080
0.1671519758422486	0.0724387523700076
0.1671715059888271	0.0731631398937072
0.1671910527838902	0.0738947712926445
0.1672106167450342	0.0746337190055713
0.1672301979090744	0.0753800561956272
0.1672497936732126	0.0761338567575837
0.1672694048589793	0.0768951953251599
0.1672890319837706	0.0776641472784112
0.1673086286131195	0.0784407887511952
0.1673282414397136	0.0792251966387068
0.1673478724471701	0.0800174486050942
0.1673675222616626	0.0808176230911446
0.1673871915588629	0.0816257993220559
0.1674068808746133	0.0824420573152766
0.1674265906613361	0.0832664778884296
0.1674463175669516	0.0840991426673137
0.1674660621437078	0.0849401340939863
0.1674858252265982	0.0857895354349263
0.1675056077017523	0.0866474307892754
0.1675254103732618	0.0875139050971678
0.1675452338484147	0.0883890441481399
0.1675650788050178	0.0892729345896212
0.1675849459949938	0.0901656639355172
0.1676048006705755	0.0910673205748729
0.1676246519160612	0.0919779937806212
0.1676445237088235	0.0928977737184273
0.1676644170119318	0.0938267514556118
0.1676843325644977	0.0947650189701681
0.1677042674859749	0.0957126691598692
0.1677242213965059	0.0966697958514679
0.1677442001294446	0.0976364938099820
0.1677642044839118	0.0986128587480824
0.1677842316567254	0.0995989873355635
0.1678042811060226	0.1005949772089194
0.1678243539410565	0.1016009269810085
0.1678444513341935	0.1026169362508190
0.1678645675679254	0.1036431056133272
0.1678846482484460	0.1046795366694600
0.1679047570843607	0.1057263320361542
0.1679248949270781	0.1067835953565163
0.1679450603912227	0.1078514313100810
0.1679652512221111	0.1089299456231817
0.1679854688368005	0.1100192450794137
0.1680057144449956	0.1111194375302078
0.1680259891235086	0.1122306319055097
0.1680462940654527	0.1133529382245654
0.1680666305579216	0.1144864676068109
0.1680869959283222	0.1156313322828787
0.1681073713669806	0.1167876456057067
0.1681277162248309	0.1179555220617643
0.1681480815048680	0.1191350772823827
0.1681684789301482	0.1203264280552071
0.1681889099611072	0.1215296923357585
0.1682093760494574	0.1227449892591159
0.1682298768853304	0.1239724391517074
0.1682504084800463	0.1252121635432246
0.1682709725303475	0.1264642851786568
0.1682915708390306	0.1277289280304425
0.1683122051608711	0.1290062173107474
0.1683328225542225	0.1302962794838544
0.1683534418159594	0.1315992422786927
0.1683741008086899	0.1329152347014792
0.1683947947508876	0.1342443870484945
0.1684155257298238	0.1355868309189794
0.1684362956576697	0.1369426992281690
0.1684571061997009	0.1383121262204513
0.1684779591907136	0.1396952474826560
0.1684988426437367	0.1410921999574817
0.1685197598946682	0.1425031219570560
0.1685406253259100	0.1439281531766275
0.1685615258381117	0.1453674347083933
0.1685824707939700	0.1468211090554774
0.1686034623248470	0.1482893201460314
0.1686245022723546	0.1497722133474925
0.1686455841585472	0.1512699354809669
0.1686667102308613	0.1527826348357768
0.1686878829671409	0.1543104611841352
0.1687090934048881	0.1558535657959756
0.1687302509107672	0.1574121014539346
0.1687514625944968	0.1589862224684740
0.1687727224171792	0.1605760846931586
0.1687940296801453	0.1621818455400896
0.1688153728624702	0.1638036639954905
0.1688367707332133	0.1654417006354446
0.1688582256611958	0.1670961176417980
0.1688797311955995	0.1687670788182161
0.1689011715303138	0.1704547496063989
0.1689226619848389	0.1721592971024626
0.1689442111768154	0.1738808900734863
0.1689658217844731	0.1756196989742204
0.1689874951041935	0.1773758959639637
0.1690092244411536	0.1791496549236040
0.1690310137630652	0.1809411514728402
0.1690528135116793	0.1827505629875693
0.1690745776008877	0.1845780686174442
0.1690964038331456	0.1864238493036195
0.1691182954729091	0.1882880877966558
0.1691402515166180	0.1901709686746212
0.1691622759287339	0.1920726783613667
0.1691843724212405	0.1939934051449811
0.1692064869981715	0.1959333391964307
0.1692285761098059	0.1978926725883962
0.1692507352943112	0.1998715993142812
0.1692729690743451	0.2018703153074227
0.1692952816150295	0.2038890184604977
0.1693176595098859	0.2059279086451018
0.1693401022550318	0.2079871877315516
0.1693625055577375	0.2100670596088660
0.1693849418013737	0.2121677302049546
0.1694074644628857	0.2142894075070053
0.1694300786523646	0.2164323015820762
0.1694527740394357	0.2185966245978962
0.1694755557956533	0.2207825908438748
0.1694983412502492	0.2229904167523126
0.1695211234771717	0.2252203209198367
0.1695439774126515	0.2274725241290353
0.1695669207323278	0.2297472493703266
0.1695899598243711	0.2320447218640300
0.1696131006228658	0.2343651690826696
0.1696362230860610	0.2367088207734949
0.1696593717895034	0.2390759089812293
0.1696826213208469	0.2414666680710414
0.1697059783323264	0.2438813347517514
0.1697294389358128	0.2463201480992685
0.1697529839268439	0.2487833495802610
0.1697764266317006	0.2512711830760629
0.1697999831630542	0.2537838949068227
0.1698236605808608	0.2563217338558915
0.1698474668435643	0.2588849511944499
0.1698713890460183	0.2614738007063959
0.1698952763084580	0.2640885387134587
0.1699191988158155	0.2667294241005935
0.1699432357162590	0.2693967183415995
0.1699674070118966	0.2720906855250163
0.1699917101740351	0.2748115923802668
0.1700159986016307	0.2775597083040699
0.1700403306418277	0.2803353053871090
0.1700648172651791	0.2831386584409793
0.1700894329995060	0.2859700450253896
0.1701141674695694	0.2888297454756442
0.1701388487341196	0.2917180429304000
0.1701636289873838	0.2946352233597040
0.1701885668522820	0.2975815755932993
0.1702136690234822	0.3005573913492336
0.1702389129625370	0.3035629652627273
0.1702640285316303	0.3065985949153537
0.1702893055075175	0.3096645808645063
0.1703147598644568	0.3127612266731516
0.1703404067534775	0.3158888389398833
0.1703660331359774	0.3190477273292825
0.1703917420401906	0.3222382046025768
0.1704176105706592	0.3254605866486011
0.1704436639682031	0.3287151925150877
0.1704698048328235	0.3320023444402375
0.1704959325667768	0.3353223678846383
0.1705222734795178	0.3386755915634843
0.1705488447934908	0.3420623474791181
0.1705755056026618	0.3454829709539102
0.1706020990248064	0.3489378006634483
0.1706289281126608	0.3524271786700825
0.1706560114427839	0.3559514504567836
0.1706832685881328	0.3595109649613513
0.1707104030697435	0.3631060746109635
0.1707377772296513	0.3667371353570729
0.1707654341124321	0.3704045067106423
0.1707932251264254	0.3741085517777488
0.1708210064507404	0.3778496372955245
0.1708490112077169	0.3816281336684789
0.1708773160149152	0.3854444150051642
0.1709056507407406	0.3892988591552161
0.1709341008100115	0.3931918477467679
0.1709628586191717	0.3971237662242352
0.1709918945175366	0.4010950038864776
0.1710207835684645	0.4051059539253410
0.1710499917816153	0.4091570134645950
0.1710795709792581	0.4132485835992428
0.1711092119829699	0.4173810694352364
0.1711389010342032	0.4215548801295902
0.1711689752310872	0.4257704289308862
0.1711994744767558	0.4300281332201961
0.1712297149592668	0.4343284145523961
0.1712603454524439	0.4386716986979193
0.1712914175676629	0.4430584156848975
0.1713225554457595	0.4474889998417449
0.1713538158487995	0.4519638898401605
0.1713855332050577	0.4564835287385641
0.1714175075246761	0.4610483640259510
0.1714495202354884	0.4656588476662122
0.1714819608520955	0.4703154361428744
0.1715148099535100	0.4750185905043017
0.1715476112139653	0.4797687764093443
0.1715808997543938	0.4845664641734362
0.1716146696798610	0.4894121288151704
0.1716483142059474	0.4943062501033205
0.1716825311926840	0.4992493126043556
0.1717172750283114	0.5042418057303977
0.1717518829879918	0.5092842237877022
0.1717871279818799	0.5143770660255814
0.1718229048970074	0.5195208366858379
0.1718586066036968	0.5247160450526948
0.1718949932411486	0.5299632055032226
0.1719318736126609	0.5352628375582564
0.1719687675196043	0.5406154659338392
0.1720064359072603	0.5460216205931789
0.1720445025639437	0.5514818367991093
0.1720827627852815	0.5569966551671000
0.1721218657044792	0.5625666217187701
0.1721612153310211	0.5681922879359589
0.1722010499072480	0.5738742108153164
0.1722417552940684	0.5796129529234710
0.1722825020540042	0.5854090824527040
0.1723240200886952	0.5912631732772294
0.1723664732174196	0.5971758050100000
0.1724089355443444	0.6031475630600994
0.1724524229922937	0.6091790386907017
0.1724965638502472	0.6152708290776070
0.1725410441428533	0.6214235373683825
0.1725870595583181	0.6276377727420676
0.1726328522119488	0.6339141504694902
0.1726799318018773	0.6402532919741841
0.1727280334868792	0.6466558248939253
0.1727764200916918	0.6531223831428635
0.1728266229841594	0.6596536069742905
0.1728766536882633	0.6662501430440346
0.1729285081430635	0.6729126444744759
0.1729812365321345	0.6796417709192222
0.1730347104819711	0.6864381886284129
0.1730902556499878	0.6933025705146973
0.1731457754780429	0.7002355962198438
0.1732034572763183	0.7072379521820422
0.1732622903965930	0.7143103317038616
0.1733222226555405	0.7214534350209004
0.1733847714112801	0.7286679693711082
0.1734475559522836	0.7359546490648206
0.1735132876075036	0.7433141955554698
0.1735799084077961	0.7507473375110256
0.1736493319332464	0.7582548108861348
0.1737207006733838	0.7658373589949967
0.1737940860118819	0.7734957325849454
0.1738709677731068	0.7812306899107950
0.1739490424251453	0.7890429968099034
0.1740326776709774	0.7969334267780019
0.1741156751495035	0.8049027610457812
0.1742057783675068	0.8129517886562402
0.1742969114709503	0.8210813065428030
0.1743949626665126	0.8292921196082321
0.1744952793533662	0.8375850408043144
0.1746026319265641	0.8459608912123581
0.1747153165467370	0.8544205001244810
0.1748340160307678	0.8629647051257248
0.1749617087686462	0.8715943521769828
0.1750966876092492	0.8803102956987516
0.1752457839596439	0.8891133986557395
0.1753972599104968	0.8980045326422972
0.1755647775801764	0.9074882003603206
0.1757621169096644	0.9165630823639243
0.1759658164775285	0.9257287131875637
0.1762069261105748	0.9347461691751245
0.1764783848459014	0.9435976015102107
0.1767787021855987	0.9530335775253131
0.1770967219024290	0.9671526131689583
0.1771582016789229	0.9608691496926349
0.1774340960805496	0.9668073821523429
0.1778232795772847	0.9737472835560919
0.1782429114758495	0.9820216082836996
0.1783379148719630	0.9876761095891180
0.1787857139988777	0.9897490028643774
0.1791806543215889	0.9887323289810976
0.1793531082472048	0.9837690476831153
0.1799577410784140	0.9929164888864629
0.1803265746915951	0.9956284448926327
0.1832115591229273	0.9976542565507939
0.1851172148373683	0.9985088169251282
0.1855014094302656	0.9993388142477767
0.1884279067152393	0.9995604948468647
0.1884294281507971	0.9996963614934602
0.1904705687356203	0.9998811366749599
0.1945495139575430	0.9999561015893117
0.1988309640241334	0.9999755745900085
0.2023424737893479	0.9999923482648906
0.2049865901966551	0.9999964474567636
0.2120188178145295	0.9999989733258716
0.2149818328588211	0.9999995055871240
0.2223513605816262	0.9999998450572630
0.2241827442059515	0.9999999275790996
0.2310541978446978	0.9999999777282048
0.2339038289768311	0.9999999897785357
0.2408847565823051	0.9999999969069332
0.2440999342540553	0.9999999985876109
0.2508757953697657	0.9999999995764081
0.2540639793372205	0.9999999998067788
0.2607444301478394	0.9999999999422937
0.2638356960136216	0.9999999999736471
0.2704479529644516	0.9999999999921337
0.2733739440262933	0.9999999999964022
0.2799614370764911	0.9999999999989249
0.2827530707263456	0.9999999999995077
0.2893581554432612	0.9999999999998527
0.2920905585643261	0.9999999999999324
0.2986931629429718	0.9999999999999799
0.3008930535004019	1.0000000000395248
0.3008942377690357	1.0000000000446476
0.3214808817375978	1.0000000000588214
0.3215422134224359	1.0000000000607503
0.3395963535601683	1.0000000000638263
0.3398285334682814	1.0000000000642628
0.3441492961620039	1.0000002241180848
0.3466449352254288	1.0000002895269107
0.3473861233135492	1.0000003813361620
0.3573771288655770	1.0000003952560936
0.3667633181013475	1.0000004098319362
0.3743149099348705	1.0000004136317062
0.3772342125869801	1.0000004160973506
0.3886481458808331	1.0000004168636296
0.3969911275982789	1.0000004171564756
0.4002504242637428	1.0000004172759829
0.4057863210587344	1.0000004173175350
0.4149392838798747	1.0000004173243047
0.4154548014108314	1.0000004173251797
0.4180761345623537	1.0000006784039206
0.4205717953656420	1.0000007121506085
0.4208901766581170	1.0000007606730257
0.4380331362365824	1.0000007681660903
0.4400818036191301	1.0000007752185287
0.4563591429801783	1.0000007768969879
0.4648247384212534	1.0000007773101443
0.4668158251816057	1.0000007776240234
0.4790295891049658	1.0000007776971545
0.4904549459265195	1.0000007777260060
0.4982007666707707	1.0000007777315971
0.5082073431784202	1.0000007777336817
0.5142549492762291	1.0000007777340489
0.5213731631572901	1.0000007777342397
0.5269844493089342	1.0000007777342717
0.5333833829122246	1.0000007777342896
0.5384567231764886	1.0000007777342930
0.5441696190651066	1.0000007777342947
0.5487089393567970	1.0000007777342952
0.5520551909384016	1.0000007777342954
0.6915135728305221	0.9999996613108264
1.1609667181663890	1.0000022223698861
1.5090762552456485	1.0000044781412443
1.5148101762739195	1.0040076739559249
1.5151776676008781	1.0005823066353257
1.5165861353103935	1.0001518756657857
1.5391255747170696	0.9999675458567794
1.5458218345814840	0.9999555148192185
1.5651368982882685	0.9999359448264038
1.5881158356783340	0.9999831101485842
1.7344336310607389	0.9999999071480801
1.7422479892165359	1.0000020847347884
1.7640438986566696	1.0000023656385570
1.7861770101770154	1.0000024017164564
1.8082242355577318	1.0000024063689732
1.8300901105611951	1.0000024069701892
2.5611568784384975	0.9995505145762843
2.5635891472528356	0.9998756685856957
2.5771362430659561	0.9999607304832433
2.5929170839278508	0.9999900009719497
2.5992578483495445	0.9999962648664595
2.6047634896032630	0.9999970743094864
2.6152249976255861	0.9999977607275767
2.6185499094781131	0.9999978494470149
2.6403777117092906	0.9999978609041439
2.6622054989539286	0.9999978623849362
2.6840143863063557	0.9999978625763263
2.7036187698419640	0.9999987263430142
2.7039340766684763	0.9999988435021129
2.7160258687526468	0.9999988770638228
2.7192099623294559	0.9999988839528198
2.7295745733621199	0.9999988862460394
2.7322227565896324	0.9999988867751178
2.7401059099165868	0.9999988869711235
2.7421592181570307	0.9999988870214650
2.7507136033770765	0.9999988870389707
2.7529876579837893	0.9999988870436761
2.7606189628055384	0.9999988870454771
2.7629162436734616	0.9999988870459862
2.7696200306512586	0.9999988870461929
2.7730398986212497	0.9999988870462498
2.7771135871074506	0.9999988870462572
2.7832964222026706	0.9999988870462733
2.7872485957849995	0.9999988870462785
2.7958590339795149	0.9999988870462804
2.8004860158217930	0.9999988870462806
2.8009283928818962	0.9999988870462811
