0.0000000000000000	0.0000000000000000
0.1815634046056377	0.0000300000000000
0.1818230874622056	0.0000166781709767
0.1826700859030352	0.0000201739646436
0.1828078328318772	0.0000296837581326
0.1828620836226205	0.0000328443101987
0.1833435900340437	0.0000232008582539
0.1838217492649160	0.0000405716422041
0.1839811125812733	0.0000342310613910
0.1844053936474146	0.0000415289140311
0.1847999581543023	0.0000515289140311
0.1848305302905537	0.0000486227491006
0.1850826865279645	0.0000586227491006
0.1854427473266584	0.0000689536931967
0.1857319508376929	0.0000789536931967
0.1859653876771483	0.0000889536931967
0.1861903883112752	0.0001003126431245
0.1864128407711742	0.0001103126431245
0.1865781298820384	0.0001203126431245
0.1867347239697109	0.0001303126431245
0.1868772176222000	0.0001403126431245
0.1870127245251966	0.0001503126431245
0.1871377770788051	0.0001603126431245
0.1872561492783480	0.0001703126431245
0.1873669446510523	0.0001803126431245
0.1874735701337708	0.0001903126431245
0.1875725490044789	0.0002003126431245
0.1876678543484399	0.0002103126431245
0.1877572965740054	0.0002203126431245
0.1878438858841147	0.0002303126431245
0.1879254393336965	0.0002403126431245
0.1880041240887307	0.0002503126431245
0.1880790838475556	0.0002603126431245
0.1881511621020245	0.0002703126431245
0.1882205017254942	0.0002803126431245
0.1882871857819666	0.0002903126431245
0.1883517878860400	0.0003003126431245
0.1884139707772014	0.0003103126431245
0.1884744193676847	0.0003203126431245
0.1885325154953931	0.0003303126431245
0.1885893165773947	0.0003403126431245
0.1886438856419532	0.0003503126431245
0.1886974469594785	0.0003603126431245
0.1887488608271385	0.0003703126431245
0.1887995350121561	0.0003803126431245
0.1888481808217086	0.0003903126431245
0.1888962647197465	0.0004003126431245
0.1889423948190119	0.0004103126431245
0.1889881372361507	0.0004203126431245
0.1890319105629556	0.0004303126431245
0.1890754999714803	0.0004403126431245
0.1891172430241785	0.0004503126431245
0.1891588458674450	0.0004603126431245
0.1891988012605247	0.0004703126431245
0.1892385683259351	0.0004803126431245
0.1892769108547279	0.0004903126431245
0.1893149718862082	0.0005003126431245
0.1893518331419169	0.0005103126431245
0.1893883626871737	0.0005203126431245
0.1894238479523757	0.0005303126431245
0.1894589217790016	0.0005403126431245
0.1894931297796326	0.0005503126431245
0.1895268494836703	0.0005603126431245
0.1895597735257041	0.0005703126431245
0.1895922342190686	0.0005803126431245
0.1896241109922370	0.0005903126431245
0.1896554934565100	0.0006003126431245
0.1896862352464259	0.0006103126431245
0.1897165079704636	0.0006203126431245
0.1897463722900121	0.0006303126431245
0.1897755985105037	0.0006403126431245
0.1898045794218121	0.0006503126431245
0.1898328455343535	0.0006603126431245
0.1898609431297145	0.0006703126431245
0.1898883773621130	0.0006803126431245
0.1899156673437732	0.0006903126431245
0.1899422559912676	0.0007003126431245
0.1899688191768655	0.0007103126431245
0.1899946151368831	0.0007203126431245
0.1900204246086518	0.0007303126431245
0.1900455431951784	0.0007403126431245
0.1900706004833145	0.0007503126431245
0.1900951169726215	0.0007603126431245
0.1901194654934477	0.0007703126431245
0.1901432875376954	0.0007803126431245
0.1901670773455619	0.0007903126431245
0.1901903466874932	0.0008003126431245
0.1902134280926923	0.0008103126431245
0.1902361320879118	0.0008203126431245
0.1902587178949693	0.0008303126431245
0.1902809214954729	0.0008403126431245
0.1903028628050058	0.0008503126431245
0.1903245130159994	0.0008603126431245
0.1903459810422054	0.0008703126431245
0.1903671891448790	0.0008803126431245
0.1903881832069212	0.0008903126431245
0.1904089289131299	0.0009003126431245
0.1904293740810255	0.0009103126431245
0.1904496361970079	0.0009203126431245
0.1904696455736259	0.0009303126431245
0.1904895006735000	0.0009403126431245
0.1905090824628445	0.0009503126431245
0.1905285395111933	0.0009603126431245
0.1905477069612329	0.0009703126431245
0.1905667764926171	0.0009803126431245
0.1905855393351075	0.0009903126431245
0.1906042334125716	0.0010003126431245
0.1906226101937366	0.0010103157695557
0.1906409477564155	0.0010204189272513
0.1906591400003528	0.0010306231165238
0.1906774802012327	0.0010409293476890
0.1906956896355900	0.0010513386411659
0.1907140108480374	0.0010618520275776
0.1907322537595316	0.0010724705478534
0.1907505582583532	0.0010831952533319
0.1907688396808070	0.0010940272058652
0.1907871182649329	0.0011049674779239
0.1908054432421302	0.0011160171527031
0.1908236997841001	0.0011271773242301
0.1908420486864319	0.0011384490974724
0.1908602986980105	0.0011498335884472
0.1908786171320323	0.0011613319243316
0.1908969256109622	0.0011729452435749
0.1909152059526422	0.0011846746960107
0.1909335635955653	0.0011965214429708
0.1909518256339683	0.0012084866574005
0.1909701406791140	0.0012205715239745
0.1909884747935945	0.0012327772392143
0.1910067534711998	0.0012451050116064
0.1910250880439596	0.0012575560617225
0.1910434021076766	0.0012701316223397
0.1910616972098916	0.0012828329385631
0.1910800393033625	0.0012956612679487
0.1910983495339675	0.0013086178806282
0.1911166508692141	0.0013217040594345
0.1911349917414282	0.0013349211000288
0.1911533135063316	0.0013482703110291
0.1911716134714274	0.0013617530141394
0.1911899468019688	0.0013753705442808
0.1912082945738425	0.0013891242497236
0.1912265880920876	0.0014030154922208
0.1912449099072457	0.0014170456471430
0.1912632567139908	0.0014312161036145
0.1912815810647790	0.0014455282646506
0.1912998891310404	0.0014599835472971
0.1913182180317005	0.0014745833827701
0.1913365654173265	0.0014893292165978
0.1913548949140176	0.0015042225087637
0.1913732061090220	0.0015192647338514
0.1913915333209159	0.0015344573811899
0.1914098731288488	0.0015498019550018
0.1914282247676852	0.0015652999745518
0.1914465432590593	0.0015809529742973
0.1914648630987154	0.0015967625040403
0.1914831935527621	0.0016127301290807
0.1915015312094792	0.0016288574303715
0.1915198765070961	0.0016451460046753
0.1915382260392987	0.0016615974647220
0.1915565463264864	0.0016782134393692
0.1915748733511373	0.0016949955737629
0.1915932044180245	0.0017119455295006
0.1916115407202632	0.0017290649847956
0.1916298792260197	0.0017463556346435
0.1916482210479540	0.0017638191909900
0.1916665638089589	0.0017814573828998
0.1916849084358785	0.0017992719567289
0.1917032530841303	0.0018172646762962
0.1917215913290632	0.0018354373230591
0.1917399263385595	0.0018537916962897
0.1917582627213176	0.0018723296132526
0.1917766009840566	0.0018910529093851
0.1917949402263269	0.0019099634384790
0.1918132807743501	0.0019290630728637
0.1918316221531741	0.0019483537035924
0.1918499642888007	0.0019678372406283
0.1918683059797011	0.0019875156130346
0.1918866473126598	0.0020073907691649
0.1919049884981811	0.0020274646768565
0.1919233293421313	0.0020477393236251
0.1919416703691707	0.0020682167168614
0.1919600109348055	0.0020888988840300
0.1919783520536487	0.0021097878728703
0.1919966926230559	0.0021308857515990
0.1920150336644622	0.0021521946091149
0.1920333744551073	0.0021737165552061
0.1920517155167256	0.0021954537207582
0.1920700568285008	0.0022174082579657
0.1920883981160618	0.0022395823405454
0.1921067401876213	0.0022619781639508
0.1921250819821696	0.0022845979455903
0.1921434242388488	0.0023074439250463
0.1921617668188914	0.0023305183642967
0.1921801095483488	0.0023538235479397
0.1921984530342194	0.0023773617834191
0.1922167965347496	0.0024011354012533
0.1922351404410120	0.0024251467552658
0.1922534850974673	0.0024493982228185
0.1922718297758508	0.0024738922050467
0.1922901749865045	0.0024986311270971
0.1923085208704754	0.0025236174383681
0.1923268668932877	0.0025488536127518
0.1923452134789375	0.0025743421488793
0.1923635608019971	0.0026000855703681
0.1923819082941819	0.0026260864260718
0.1924002563106920	0.0026523472903325
0.1924186051445544	0.0026788707632358
0.1924369542387817	0.0027056594708682
0.1924553037705040	0.0027327160655769
0.1924736539921191	0.0027600432262326
0.1924920048686886	0.0027876436584950
0.1925103560643925	0.0028155200950799
0.1925287078013935	0.0028436752960307
0.1925470602576322	0.0028721120489910
0.1925654133574114	0.0029008331694809
0.1925837668382133	0.0029298415011758
0.1926021208579788	0.0029591399161875
0.1926204755562353	0.0029887313153494
0.1926388310319569	0.0030186186285029
0.1926571869719146	0.0030488048147879
0.1926755433992829	0.0030792928629358
0.1926939004068418	0.0031100857915652
0.1927122580838572	0.0031411866494808
0.1927306164827430	0.0031725985159756
0.1927489755677161	0.0032043245011354
0.1927673351363139	0.0032363677461467
0.1927856952454471	0.0032687314236082
0.1928040559589644	0.0033014187378443
0.1928224173066077	0.0033344329252227
0.1928407793286346	0.0033677772544749
0.1928591420372148	0.0034014550270197
0.1928775054536788	0.0034354695772899
0.1928958695782239	0.0034698242730628
0.1929142342671797	0.0035045225157934
0.1929325995503375	0.0035395677409513
0.1929509654447261	0.0035749634183609
0.1929693319723066	0.0036107130525445
0.1929876991433026	0.0036468201830699
0.1930060669723481	0.0036832883849006
0.1930244354653288	0.0037201212687497
0.1930428046205431	0.0037573224814372
0.1930611744337357	0.0037948957062515
0.1930795448980404	0.0038328446633141
0.1930979160033603	0.0038711731099472
0.1931162877415245	0.0039098848410467
0.1931346601081433	0.0039489836894572
0.1931530330977210	0.0039884735263518
0.1931714067113998	0.0040283582616153
0.1931897809446448	0.0040686418442315
0.1932081558041229	0.0041093282626738
0.1932265312861124	0.0041504215453005
0.1932449073973986	0.0041919257607535
0.1932632841397127	0.0042338450183610
0.1932816615192799	0.0042761834685446
0.1933000395439763	0.0043189453032300
0.1933184182185412	0.0043621347562624
0.1933367975558528	0.0044057561038250
0.1933551775601106	0.0044498136648632
0.1933735582417892	0.0044943118015119
0.1933919396117149	0.0045392549195270
0.1934103216777963	0.0045846474687223
0.1934287044539052	0.0046304939434095
0.1934470879487087	0.0046767988828437
0.1934654721730593	0.0047235668716721
0.1934838571426465	0.0047708025403888
0.1935022428652377	0.0048185105657928
0.1935206293525185	0.0048666956714507
0.1935390166185079	0.0049153626281652
0.1935574046697062	0.0049645162544469
0.1935757935161099	0.0050141614169913
0.1935941831705985	0.0050643030311612
0.1936125736392089	0.0051149460614728
0.1936309649308533	0.0051660955220876
0.1936493570571992	0.0052177564773084
0.1936677500268416	0.0052699340420815
0.1936861438480226	0.0053226333825023
0.1937045385316419	0.0053758597163273
0.1937229340905718	0.0054296183134906
0.1937413305324071	0.0054839144966255
0.1937597278671389	0.0055387536415918
0.1937781261065508	0.0055941411780077
0.1937965252640232	0.0056500825897878
0.1938149253486442	0.0057065834156858
0.1938333263710645	0.0057636492498426
0.1938517283435607	0.0058212857423411
0.1938701312795426	0.0058794985997645
0.1938885349714678	0.0059382935857622
0.1939069394358813	0.0059976765216198
0.1939253448972814	0.0060576532868360
0.1939437513701448	0.0061182298197044
0.1939621588698517	0.0061794121179015
0.1939805674110617	0.0062412062390805
0.1939989770076638	0.0063036183014713
0.1940173876746955	0.0063666544844861
0.1940357994279876	0.0064303210293309
0.1940542122841087	0.0064946242396242
0.1940726262601054	0.0065595704820204
0.1940910413734923	0.0066251661868407
0.1941094576419078	0.0066914178487091
0.1941278750818481	0.0067583320271962
0.1941462935708313	0.0068259153474682
0.1941647129850034	0.0068941745009429
0.1941831333562440	0.0069631162459523
0.1942015547147044	0.0070327474084119
0.1942199770890704	0.0071030748824960
0.1942384005067953	0.0071741056313210
0.1942568249943125	0.0072458466876342
0.1942752505651882	0.0073183051545106
0.1942936772235852	0.0073914882060557
0.1943121049754066	0.0074654030881162
0.1943305338282212	0.0075400571189974
0.1943489637912832	0.0076154576901873
0.1943673948753066	0.0076916122670892
0.1943858270924431	0.0077685283897601
0.1944042604560712	0.0078462136736578
0.1944226949808146	0.0079246758103943
0.1944411306824008	0.0080039225684982
0.1944595675776689	0.0080839617941832
0.1944780056845216	0.0081648014121250
0.1944964450218978	0.0082464494262463
0.1945148856098199	0.0083289139205088
0.1945333274693147	0.0084122030597139
0.1945517706224874	0.0084963250903110
0.1945702150924795	0.0085812883412142
0.1945886609034603	0.0086671012246263
0.1946071080793955	0.0087537722368726
0.1946255566432755	0.0088413099592413
0.1946440066173807	0.0089297230588337
0.1946624541286666	0.0090190202894221
0.1946809020189864	0.0091092104923163
0.1946993514624213	0.0092003025972394
0.1947178024733750	0.0092923056232118
0.1947362550667437	0.0093852286794440
0.1947547092580882	0.0094790809662383
0.1947731650637156	0.0095738717759007
0.1947916225008114	0.0096696104936597
0.1948100815875928	0.0097663065985962
0.1948285423433941	0.0098639696645822
0.1948470047886123	0.0099626093612281
0.1948654689446845	0.0100622354548403
0.1948839348340665	0.0101628578093887
0.1949024024801862	0.0102644863874825
0.1949208719074850	0.0103671312513573
0.1949393431414721	0.0104708025638709
0.1949578162087527	0.0105755105895097
0.1949762911370644	0.0106812656954048
0.1949947679535134	0.0107880783523588
0.1950132466842359	0.0108959591358824
0.1950317273243440	0.0110049187272412
0.1950502098695957	0.0111149679145136
0.1950686943189572	0.0112261175936587
0.1950871806744590	0.0113383787695952
0.1951056689410867	0.0114517625572911
0.1951241591266792	0.0115662801828641
0.1951426512418521	0.0116819429846927
0.1951611452999573	0.0117987624145397
0.1951796413170586	0.0119167500386851
0.1951981393119225	0.0120359175390719
0.1952166393060264	0.0121562767144626
0.1952351413235087	0.0122778394816073
0.1952536453909591	0.0124006178764234
0.1952721515372740	0.0125246240551876
0.1952906597935519	0.0126498702957395
0.1953091701926395	0.0127763689986969
0.1953276827665439	0.0129041326886839
0.1953461975468854	0.0130331740155707
0.1953647145653174	0.0131635057557265
0.1953832338539082	0.0132951408132837
0.1954017554454926	0.0134280922214166
0.1954202793738454	0.0135623731436307
0.1954388052298783	0.0136979968750669
0.1954573329417730	0.0138349768438175
0.1954758625815283	0.0139733266122556
0.1954943942197087	0.0141130598783781
0.1955129279257966	0.0142541904771619
0.1955314637685367	0.0143967323819336
0.1955500018162755	0.0145406997057528
0.1955685421160402	0.0146861067028104
0.1955870846910987	0.0148329677698384
0.1956056295700114	0.0149812974475367
0.1956241767830247	0.0151311104220120
0.1956427263618836	0.0152824215262321
0.1956612783400335	0.0154352457414944
0.1956798327528317	0.0155895981989094
0.1956983896377688	0.0157454941808984
0.1957169490346990	0.0159029491227073
0.1957355109860560	0.0160619786139343
0.1957540755369703	0.0162225984000737
0.1957726427351860	0.0163848243840744
0.1957912126310384	0.0165486726279152
0.1958097852774863	0.0167141593541943
0.1958283607301770	0.0168813009477363
0.1958469390460026	0.0170501139572137
0.1958655202807967	0.0172206150967858
0.1958841044900844	0.0173928212477537
0.1959026917296386	0.0175667494602312
0.1959212820558173	0.0177424169548336
0.1959398755259175	0.0179198411243820
0.1959584721985330	0.0180990395356258
0.1959770721230251	0.0182800299309822
0.1959956753042077	0.0184628302302920
0.1960142817553809	0.0186474585325949
0.1960328914980841	0.0188339331179209
0.1960515045615451	0.0190222724491001
0.1960701209812891	0.0192124951735912
0.1960887407952085	0.0194046201253270
0.1961073640439751	0.0195986663265804
0.1961259907714590	0.0197946529898463
0.1961446210251442	0.0199925995197447
0.1961632548565217	0.0201925255149421
0.1961818921288848	0.0203944507700916
0.1962005322337013	0.0205983952777926
0.1962191752868896	0.0208043792305707
0.1962378214017413	0.0210124230228763
0.1962564706897717	0.0212225472531051
0.1962751232678814	0.0214347727256362
0.1962937792490574	0.0216491204528924
0.1963124287843260	0.0218656116574214
0.1963310796815187	0.0220842677739956
0.1963497344505409	0.0223051104517357
0.1963683931128241	0.0225281615562531
0.1963870556960254	0.0227534431718157
0.1964057222362219	0.0229809776035337
0.1964243927778639	0.0232107873795691
0.1964430673737894	0.0234428952533646
0.1964617460850144	0.0236773242058981
0.1964804289804056	0.0239140974479572
0.1964991161307655	0.0241532384224367
0.1965178076092422	0.0243947708066609
0.1965365034921081	0.0246387185147275
0.1965552038595068	0.0248851056998746
0.1965739087960251	0.0251339567568735
0.1965926183909275	0.0253852963244424
0.1966113327384413	0.0256391492876870
0.1966300519381115	0.0258955407805638
0.1966487760433350	0.0261544961883693
0.1966675050789075	0.0264160411502529
0.1966862390785554	0.0266802015617554
0.1967049780853118	0.0269470035773729
0.1967237221515123	0.0272164736131466
0.1967424708326279	0.0274886383492779
0.1967612235544043	0.0277635247327708
0.1967799804650148	0.0280411599800983
0.1967987417167389	0.0283215715798994
0.1968175074663623	0.0286047872956985
0.1968362778701941	0.0288908351686555
0.1968550530829251	0.0291797435203420
0.1968738332590411	0.0294715409555454
0.1968926185541869	0.0297662563651008
0.1969114091162456	0.0300639189287518
0.1969302039570114	0.0303645581180394
0.1969490029008159	0.0306682036992197
0.1969678073137157	0.0309748857362119
0.1969866172962139	0.0312846345935738
0.1970054329544862	0.0315974809395094
0.1970242544015774	0.0319134557489045
0.1970430817581653	0.0322325903063935
0.1970619151530420	0.0325549162094574
0.1970807547236975	0.0328804653715521
0.1970996006169621	0.0332092700252677
0.1971184529838882	0.0335413627255204
0.1971373119520291	0.0338767763527757
0.1971561774913703	0.0342155441163033
0.1971750410445800	0.0345576995574663
0.1971938979957678	0.0349032765530409
0.1972127607896540	0.0352523093185711
0.1972316295699258	0.0356048324117568
0.1972505044918720	0.0359608807358745
0.1972693857229626	0.0363204895432331
0.1972882734407342	0.0366836944386657
0.1973071678254273	0.0370505313830522
0.1973260690617613	0.0374210366968830
0.1973449773406748	0.0377952470638517
0.1973638928608038	0.0381731995344900
0.1973828157494711	0.0385549315298350
0.1974017460970139	0.0389404808451336
0.1974206840155877	0.0393298856535850
0.1974396296296707	0.0397231845101207
0.1974585830775206	0.0401204163552218
0.1974775445121981	0.0405216205187740
0.1974965141020982	0.0409268367239620
0.1975154920316402	0.0413361050912018
0.1975344771690739	0.0417494661421138
0.1975534692230287	0.0421669608035349
0.1975724685138220	0.0425886304115703
0.1975914752247534	0.0430145167156863
0.1976104895438140	0.0434446618828432
0.1976295116765200	0.0438791085016718
0.1976485418467509	0.0443178995866885
0.1976675802970385	0.0447610785825553
0.1976866272765987	0.0452086893683809
0.1977056830433323	0.0456607762620649
0.1977247478659359	0.0461173840246858
0.1977438220091214	0.0465785578649324
0.1977629056017605	0.0470443434435816
0.1977819827808694	0.0475147868780175
0.1978010570046743	0.0479899347467975
0.1978201416315934	0.0484698340942652
0.1978392366082649	0.0489545324352081
0.1978583400957363	0.0494440777595600
0.1978774524302446	0.0499385185371553
0.1978965739619813	0.0504379037225269
0.1979157050563551	0.0509422827597518
0.1979348460819159	0.0514517055873493
0.1979539972366400	0.0519662226432229
0.1979731587363134	0.0524858848696548
0.1979923308249061	0.0530107437183513
0.1980115137750119	0.0535408511555352
0.1980307077405872	0.0540762596670904
0.1980499088799012	0.0546170222637613
0.1980691217670361	0.0551631924863993
0.1980883466755528	0.0557148244112633
0.1981075821615839	0.0562719726553757
0.1981268276418975	0.0568346923819295
0.1981460834942652	0.0574030393057490
0.1981653501164738	0.0579770696988069
0.1981846279218344	0.0585568403957953
0.1982039173424289	0.0591424087997534
0.1982232188316000	0.0597338328877511
0.1982425196631692	0.0603311712166287
0.1982618093401966	0.0609344829287952
0.1982811125409861	0.0615438277580835
0.1983004295183871	0.0621592660356642
0.1983197605636293	0.0627808586960206
0.1983391060077212	0.0634086672829808
0.1983584641167530	0.0640427539558103
0.1983778344400797	0.0646831814953681
0.1983972175639078	0.0653300133103218
0.1984166139098078	0.0659833134434249
0.1984360238402574	0.0666431465778594
0.1984554477705331	0.0673095780436375
0.1984748861698653	0.0679826738240736
0.1984943395309000	0.0686625005623148
0.1985138083736972	0.0693491255679380
0.1985332931201587	0.0700426168236174
0.1985527940931499	0.0707430429918540
0.1985723083456882	0.0714504734217722
0.1985918364645215	0.0721649781559899
0.1986113790804094	0.0728866279375501
0.1986308979875525	0.0736154942169258
0.1986504266073853	0.0743516491590946
0.1986699720163538	0.0750951656506853
0.1986895346949904	0.0758461173071923
0.1987091150567615	0.0766045784802641
0.1987287135656761	0.0773706242650663
0.1987483244152112	0.0781443305077175
0.1987679527892631	0.0789257738127943
0.1987875970414845	0.0797150315509224
0.1988072580387782	0.0805121818664321
0.1988269363482409	0.0813173036850966
0.1988466325905080	0.0821304767219480
0.1988663474430442	0.0829517814891676
0.1988860816442617	0.0837812993040598
0.1989058359662204	0.0846191122971000
0.1989256109872036	0.0854653034200714
0.1989453739447771	0.0863199564542719
0.1989651337938615	0.0871831560188150
0.1989849124807870	0.0880549875790030
0.1990047108191891	0.0889355374547936
0.1990245296763741	0.0898248928293417
0.1990443699615779	0.0907231417576355
0.1990642323984707	0.0916303731752121
0.1990841176312082	0.0925466769069639
0.1991040263974336	0.0934721436760338
0.1991239582255729	0.0944068651127945
0.1991439104042255	0.0953509337639230
0.1991638841149928	0.0963044431015624
0.1991838802646776	0.0972674875325779
0.1992038997431699	0.0982401624079040
0.1992239169718011	0.0992225640319832
0.1992439205037277	0.1002147896723036
0.1992639425726229	0.1012169375690272
0.1992839913221053	0.1022291069447172
0.1993040646764255	0.1032513980141648
0.1993241619844940	0.1042839119943066
0.1993442843427637	0.1053267511142496
0.1993644329227649	0.1063800186253924
0.1993846089829240	0.1074438188116464
0.1994048135350890	0.1085182569997629
0.1994250474855273	0.1096034395697608
0.1994453084515944	0.1106994739654591
0.1994655927077764	0.1118064687051138
0.1994858334291134	0.1129245333921651
0.1995061031838967	0.1140537787260861
0.1995264032894061	0.1151943165133476
0.1995467348105844	0.1163462596784811
0.1995670989318660	0.1175097222752656
0.1995874969671635	0.1186848194980182
0.1996079238093922	0.1198716676929991
0.1996283810019288	0.1210703843699285
0.1996488699023634	0.1222810882136283
0.1996693854251515	0.1235038990957641
0.1996899300324128	0.1247389380867215
0.1997104255729631	0.1259863274675888
0.1997309567346170	0.1272461907422645
0.1997515221408428	0.1285186526496865
0.1997721213689966	0.1298038391761841
0.1997927561302535	0.1311018775679453
0.1998134282846851	0.1324128963436253
0.1998341395908097	0.1337370253070607
0.1998548914926166	0.1350743955601310
0.1998756794757177	0.1364251395157332
0.1998965040119676	0.1377893909108904
0.1999172744310868	0.1391672848200002
0.1999380826572210	0.1405589576682011
0.1999589336889128	0.1419645472448829
0.1999798292254097	0.1433841927173313
0.2000007694365733	0.1448180346445046
0.2000217369391799	0.1462662149909506
0.2000427442074716	0.1477288771408594
0.2000637957819311	0.1492061659122678
0.2000848937711362	0.1506982275713904
0.2001059437232452	0.1522052098471051
0.2001270299599116	0.1537272619455753
0.2001481613429676	0.1552645345650321
0.2001693394011415	0.1568171799106832
0.2001905664896445	0.1583853517097896
0.2002118451801816	0.1599692052268874
0.2002331782922236	0.1615688972791553
0.2002545600896083	0.1631845862519468
0.2002759358372506	0.1648164321144673
0.2002972999093354	0.1664645964356118
0.2003187040355547	0.1681292423999675
0.2003401627339644	0.1698105348239674
0.2003616818794698	0.1715086401722077
0.2003832540859588	0.1732237265739292
0.2004048818962284	0.1749559638396680
0.2004265688161344	0.1767055234780652
0.2004482217244935	0.1784725787128458
0.2004698993747668	0.1802573044999752
0.2004916422480210	0.1820598775449743
0.2005134448515553	0.1838804763204239
0.2005353110756012	0.1857192810836283
0.2005572448725948	0.1875764738944641
0.2005792335848324	0.1894522386334080
0.2006012094869001	0.1913467610197417
0.2006231776255262	0.1932602286299398
0.2006452144525382	0.1951928309162403
0.2006673244565529	0.1971447592254032
0.2006895112223814	0.1991162068176565
0.2007117721321793	0.2011073688858340
0.2007341045314414	0.2031184425746925
0.2007564010782273	0.2051496270004396
0.2007787273078019	0.2072011232704434
0.2008011366687441	0.2092731345031475
0.2008236048454880	0.2113658658481788
0.2008461512955579	0.2134795245066617
0.2008687817975461	0.2156143197517293
0.2008914400844839	0.2177704629492464
0.2009140699228512	0.2199481675787379
0.2009367924705209	0.2221476492545261
0.2009596020207160	0.2243691257470701
0.2009825047372978	0.2266128170045412
0.2010055060002444	0.2288789451745853
0.2010285200028292	0.2311677346263324
0.2010514915683891	0.2334794119725953
0.2010745600373227	0.2358142060923200
0.2010977321657028	0.2381723481532439
0.2011210140092597	0.2405540716347759
0.2011443990889904	0.2429596123511226
0.2011677593534120	0.2453892084746342
0.2011911496299145	0.2478431005593798
0.2012146533648064	0.2503215315649731
0.2012382472338979	0.2528247468806223
0.2012619508605910	0.2553529943494277
0.2012857269903725	0.2579065242929219
0.2013094422979588	0.2604855895358515
0.2013332890118142	0.2630904454312111
0.2013572636547027	0.2657213498855220
0.2013813640624029	0.2683785633843768
0.2014055704861351	0.2710623490182208
0.2014296517190455	0.2737729725084027
0.2014538802094870	0.2765107022334862
0.2014782424740763	0.2792758092558202
0.2015027493856319	0.2820685673483781
0.2015273740660885	0.2848892530218614
0.2015519169065166	0.2877381455520812
0.2015765949920960	0.2906155270076035
0.2016013976418342	0.2935216822776784
0.2016263674853724	0.2964568991004551
0.2016513828358397	0.2994214680914595
0.2016763944101780	0.3024156827723725
0.2017015738556695	0.3054398396000971
0.2017269344943422	0.3084942379960991
0.2017524307887787	0.3115791803760584
0.2017778286368789	0.3146949721798189
0.2018033709053892	0.3178419219016166
0.2018291099410134	0.3210203411206342
0.2018550541722691	0.3242305445318402
0.2018810219775276	0.3274728499771596
0.2019069684576365	0.3307475784769327
0.2019331262830960	0.3340550542617004
0.2019595099701598	0.3373956048043191
0.2019859951332150	0.3407695608523615
0.2020124499311006	0.3441772564608863
0.2020391179465770	0.3476190290254944
0.2020659902881252	0.3510952193157477
0.2020929982832509	0.3546061715089053
0.2021199573929082	0.3581522332239932
0.2021471806196348	0.3617337555562344
0.2021746580708310	0.3653510931117960
0.2022021947749646	0.3690046040429147
0.2022297205009138	0.3726946500833453
0.2022575390374161	0.3764215965841799
0.2022856529045869	0.3801858125500207
0.2023137785015154	0.3839876706755194
0.2023419427252203	0.3878275473822757
0.2023704334888887	0.3917058228560967
0.2023992442833848	0.3956228810846558
0.2024279562772197	0.3995791098955011
0.2024568614614516	0.4035749009944541
0.2024861185290703	0.4076106500043979
0.2025155655148848	0.4116867565044431
0.2025450021252956	0.4158036240694873
0.2025747644217951	0.4199616603101834
0.2026048839525737	0.4241612769132861
0.2026349174924936	0.4284028896824186
0.2026652618454528	0.4326869185792447
0.2026959823975064	0.4370137877650357
0.2027268005065649	0.4413839256426876
0.2027577290821682	0.4457977648991153
0.2027891210504055	0.4502557425481055
0.2028207953424747	0.4547582999735856
0.2028523783061678	0.4593058829733221
0.2028844482499211	0.4638989418030552
0.2029170402919461	0.4685379312210842
0.2029493449419995	0.4732233105332934
0.2029821848238887	0.4779555436386244
0.2030155939811299	0.4827350990750120
0.2030488440088254	0.4875624500657618
0.2030825432365503	0.4924380745664179
0.2031168579512245	0.4973624553120804
0.2031511069782105	0.5023360798652017
0.2031857285671560	0.5073594406638534
0.2032210673547005	0.5124330350704926
0.2032563505288542	0.5175573654211978
0.2032920297201684	0.5227329390754113
0.2033285378492836	0.5279602684661668
0.2033648938879732	0.5332398711508269
0.2034017739747247	0.5385722698623356
0.2034395597917629	0.5439579925609608
0.2034770367135411	0.5493975724865702
0.2035153081299655	0.5548915482114338
0.2035543513246443	0.5604404636935478
0.2035932135527237	0.5660448683304835
0.2036330922530088	0.5717053170137875
0.2036734649343051	0.5774223701839238
0.2037139302509028	0.5831965938857638
0.2037556567274390	0.5890285598246218
0.2037973444508408	0.5949188454228699
0.2038397765294093	0.6008680338770972
0.2038834168561223	0.6068767142158665
0.2039266957512520	0.6129454813580241
0.2039714555257139	0.6190749361716051
0.2040166085421940	0.6252656855333218
0.2040623741912894	0.6315183423886562
0.2041096130012046	0.6378335258125409
0.2041566823937500	0.6442118610706677
0.2042051820730939	0.6506539796813740
0.2042546039073988	0.6571605194781881
0.2043046262728030	0.6637321246729687
0.2043563583120426	0.6703694459196994
0.2044080890102530	0.6770731403788962
0.2044615962386781	0.6838438717826841
0.2045162123724329	0.6906823105005108
0.2045715100666038	0.6975891336055149
0.2046293200079411	0.7045650249415700
0.2046867646379036	0.7116106751909860
0.2047468136879341	0.7187267819428959
0.2048079743796923	0.7259140497623235
0.2048705598211979	0.7331731902599475
0.2049358532783922	0.7405049221625477
0.2050014171084164	0.7479099713841737
0.2050709084776143	0.7553890710980138
0.2051403640320575	0.7629429618089933
0.2052136535364444	0.7705723914270817
0.2052885786489489	0.7782781153413530
0.2053663621254809	0.7860608964947662
0.2054473630493174	0.7939215054597142
0.2055310116014245	0.8018607205143102
0.2056196418357332	0.8098793277194545
0.2057086890033335	0.8179781209966489
0.2058066622097376	0.8261579022066158
0.2059043623647213	0.8344194812286824
0.2060099581351125	0.8427636760409701
0.2061183980362031	0.8511913128013802
0.2062355213526174	0.8597032259293942
0.2063590145429665	0.8683002581886889
0.2064892876469225	0.8769832607705768
0.2066315464103627	0.8857530933782823
0.2067818507443793	0.8946106243120650
0.2069507715852356	0.9035567305551853
0.2071278603234554	0.9125922978607368
0.2073330138805633	0.9217182208393435
0.2075194821917235	0.9301563781599160
0.2077647464416469	0.9394579419415148
0.2080241567814302	0.9475511355294619
0.2083348134382708	0.9570266468847561
0.2083731464011544	0.9540394533044759
0.2086055767252918	0.9635798478375208
0.2091197049819912	0.9732156463158962
0.2097451921860195	0.9816880843746359
0.2097554772996716	0.9871636135262968
0.2101323536288446	0.9893045878938472
0.2105374540214391	0.9883181328640651
0.2106994087520095	0.9830754423995608
0.2112763815839869	0.9927451556142645
0.2116973175809548	0.9949264691306933
0.2144283070418030	0.9965983776629546
0.2149967661493688	0.9987477250855098
0.2157838331404942	0.9994172279494689
0.2220971047958053	0.9998266570305494
0.2255895115201876	0.9999101144627587
0.2302312790733979	0.9999706174224012
0.2321173139288145	0.9999870551571993
0.2363794581406153	0.9999963766860394
0.2397358108075827	0.9999981279304795
0.2471384460026454	0.9999993886573095
0.2490360284286662	0.9999997175035723
0.2559138358442247	0.9999999132154764
0.2595183582184841	0.9999999605998385
0.2663361570613868	0.9999999881627942
0.2698724108829072	0.9999999946241261
0.2764489936145916	0.9999999983984909
0.2797008054841122	0.9999999992712688
0.2862685188396927	0.9999999997833116
0.2893095463239061	0.9999999999010597
0.2958418957295251	0.9999999999705146
0.2986432916038422	0.9999999999865037
0.3051971247392476	0.9999999999959672
0.3078729999357131	0.9999999999981521
0.3144868963536007	0.9999999999994471
0.3171477400208748	0.9999999999997466
0.3238189239044713	0.9999999999999241
0.3265117314614502	0.9999999999999653
0.3331992422365069	0.9999999999999897
0.3359364009593205	0.9999999999999953
0.3428732389212662	0.9999999999999984
0.3462190333137896	0.9999999999999994
0.3523327483522358	0.9999999999999997
0.3533853799311832	0.9999999999999997
0.9528417610725444	0.9799999999999986
0.9528417610727444	0.9996862723475244
0.9886811703058793	0.9999933536411432
1.0930361213515565	0.9999996401854856
1.1546086199239776	1.0000000099239443
1.1887444171579773	1.0000000175711676
1.1954355370903127	1.0000000212832694
1.2293872120868132	1.0000000214342359
1.2798804626896598	1.0000000214382376
1.3019053445748201	1.0000004407691279
1.3346424684376721	1.0000004721767455
1.3636378150647568	1.0000004737347128
1.4070894654647552	1.0000004737789989
1.4455034579494579	1.0000004737808914
1.4855965450301605	1.0000004737809691
1.5830432901916480	1.0043523765931373
1.5845202929480258	1.0000742328022951
1.6135211069351718	1.0000012155152003
1.6322163070307583	0.9999997629621609
1.6721624805810780	0.9999997385939684
1.7156690452837562	0.9999997381866434
1.7592730168140360	0.9999997381798377
1.8029243527320236	0.9999997381797241
1.8502131147965399	0.9999997381797220
2.4079773876303938	1.0000002499159550
2.8704779594047727	1.0000002964400478
2.9004102710007005	1.0000003024538906
3.7175099910414078	1.0000003032311968
4.0896487232913312	1.0000416418924909
4.3595307097480269	0.9604449341327380
4.3595307097480269	0.9898463096674136
4.3598892182884654	1.0001266337907582
4.3718499339921193	0.9996334362915433
4.3890034352042333	1.0000047449701597
4.6208793788231990	1.0000958364889019
4.6323011538697862	0.9999992982517875
4.7790549869413335	1.0000598240040699
4.7806731307483128	0.9999856144579652
5.3206054311067739	0.9999975317207531
5.6681423328380776	0.9999993310467614
5.6965626393561237	0.9999995936405162
5.9319830610407722	0.9999998573979679
