0.0000000000000000	0.0000000000000000
0.1909043987319547	0.0000300000000000
0.1911604305100976	0.0000100254520251
0.1912451430501180	0.0000168730722814
0.1920421830539227	0.0000164106991983
0.1923368177617689	0.0000252608925633
0.1928943955259657	0.0000319110201329
0.1930411860468751	0.0000215489641705
0.1936238847527148	0.0000414527995654
0.1938154672339200	0.0000330543235217
0.1939230551476998	0.0000371521085566
0.1944092516130656	0.0000474421194341
0.1947993750556180	0.0000583134006147
0.1951663060894826	0.0000683134006147
0.1954166148383583	0.0000783134006147
0.1956613895399175	0.0000883134006147
0.1958699029687513	0.0000983134006147
0.1960633991524992	0.0001083134006147
0.1962322229458112	0.0001183134006147
0.1963931890765811	0.0001283134006147
0.1965368403003065	0.0001383134006147
0.1966753008656263	0.0001483134006147
0.1967986967897783	0.0001583134006147
0.1969199763095296	0.0001683134006147
0.1970282811140801	0.0001783134006147
0.1971359452179539	0.0001883134006147
0.1972329003973623	0.0001983134006147
0.1973288628876400	0.0002083134006147
0.1974170233482056	0.0002183134006147
0.1975042680512718	0.0002283134006147
0.1975850327335510	0.0002383134006147
0.1976643227312851	0.0002483134006147
0.1977388338135608	0.0002583134006147
0.1978120204505045	0.0002683134006147
0.1978811250414320	0.0002783134006147
0.1979486686216697	0.0002883134006147
0.1980131082115476	0.0002983134006147
0.1980760969970015	0.0003083134006147
0.1981364151490561	0.0003183134006147
0.1981951175558715	0.0003283134006147
0.1982517060672768	0.0003383134006147
0.1983068969028905	0.0003483134006147
0.1983603008143991	0.0003583134006147
0.1984121948861390	0.0003683134006147
0.1984627597582239	0.0003783134006147
0.1985118480139605	0.0003883134006147
0.1985598585297601	0.0003983134006147
0.1986064635278743	0.0004083134006147
0.1986521530629772	0.0004183134006147
0.1986964669066441	0.0004283134006147
0.1987400508258516	0.0004383134006147
0.1987822895781757	0.0004483134006147
0.1988239561712049	0.0004583134006147
0.1988642999120123	0.0004683134006147
0.1989042048175242	0.0004783134006147
0.1989427480505046	0.0004883134006147
0.1989810056847337	0.0004983134006147
0.1990179788460650	0.0005083134006147
0.1990547526115873	0.0005183134006147
0.1990902536242328	0.0005283134006147
0.1991256491920512	0.0005383134006147
0.1991597991833184	0.0005483134006147
0.1991938383528770	0.0005583134006147
0.1992268196649135	0.0005683134006147
0.1992596164557040	0.0005783134006147
0.1992913877920015	0.0005883134006147
0.1993229899112652	0.0005983134006147
0.1993538356166361	0.0006083134006147
0.1993843262269932	0.0006183134006147
0.1994141245881922	0.0006283134006147
0.1994437128350054	0.0006383134006147
0.1994725311843312	0.0006483134006147
0.1995011683616163	0.0006583134006147
0.1995291643100883	0.0006683134006147
0.1995568844332516	0.0006783134006147
0.1995840842653888	0.0006883134006147
0.1996109998142844	0.0006983134006147
0.1996374192499014	0.0007083134006147
0.1996635731218157	0.0007183134006147
0.1996892502833219	0.0007283134006147
0.1997146199528210	0.0007383134006147
0.1997397157761855	0.0007483134006147
0.1997643066671224	0.0007583134006147
0.1997887671734853	0.0007683134006147
0.1998127771772385	0.0007783134006147
0.1998365403177611	0.0007883134006147
0.1998599054656085	0.0007983134006147
0.1998831976276476	0.0008083134006147
0.1999059247494958	0.0008183134006147
0.1999285688148032	0.0008283134006147
0.1999507717607924	0.0008383134006147
0.1999729552332242	0.0008483134006147
0.1999946544377202	0.0008583134006147
0.2000162236975499	0.0008683134006147
0.2000373726164435	0.0008783134006147
0.2000584813632064	0.0008883134006147
0.2000791998685615	0.0008983134006147
0.2000998417003700	0.0009083134006147
0.2001201351457234	0.0009183134006147
0.2001403271101230	0.0009283134006147
0.2001601620608100	0.0009383134006147
0.2001798553817169	0.0009483134006148
0.2001992816646252	0.0009583134006148
0.2002185653631654	0.0009683134006148
0.2002376104363162	0.0009783134006148
0.2002564915860404	0.0009883134006148
0.2002751669747711	0.0009983134006148
0.2002936633611954	0.0010083134006148
0.2003119816045471	0.0010183965346209
0.2003302559250864	0.0010285804999671
0.2003485646662497	0.0010388663049668
0.2003668324734595	0.0010492549680164
0.2003851681084254	0.0010597475176966
0.2004034229105588	0.0010703449928736
0.2004217907077904	0.0010810484428023
0.2004400292519654	0.0010918589272303
0.2004583795351150	0.0011027775165026
0.2004766532522014	0.0011138052916676
0.2004949753592681	0.0011249433445843
0.2005132970436903	0.0011361927780302
0.2005315901998558	0.0011475547058105
0.2005499642797905	0.0011590302528686
0.2005682261126731	0.0011706205553973
0.2005865692123430	0.0011823267609512
0.2006048885380495	0.0011941500285607
0.2006231939730314	0.0012060915288463
0.2006415679063379	0.0012181524441348
0.2006598500739318	0.0012303339685761
0.2006781817794877	0.0012426373082619
0.2006965391304967	0.0012550636813445
0.2007148331145376	0.0012676143181580
0.2007331779125589	0.0012802904613395
0.2007515234485925	0.0012930933659529
0.2007698291542398	0.0013060242996125
0.2007881767701884	0.0013190845426086
0.2008065260430174	0.0013322753880347
0.2008248345108626	0.0013455981419150
0.2008431777312767	0.0013590541233341
0.2008615454353805	0.0013726446645675
0.2008798505014991	0.0013863711112132
0.2008981841025495	0.0014002348223253
0.2009165465964023	0.0014142371705486
0.2009348810659075	0.0014283795422540
0.2009532022169453	0.0014426633376766
0.2009715473907577	0.0014570899710533
0.2009899107013391	0.0014716608707639
0.2010082409966277	0.0014863774794715
0.2010265686118743	0.0015012412542662
0.2010449117115209	0.0015162536668089
0.2010632697377520	0.0015314162034770
0.2010816227074586	0.0015467303655117
0.2010999469817723	0.0015621976691669
0.2011182840985707	0.0015778196458585
0.2011366309939793	0.0015935978423171
0.2011549867618220	0.0016095338207403
0.2011733491957316	0.0016256291589477
0.2011916785681592	0.0016418854505372
0.2012100146006967	0.0016583043050426
0.2012283569573843	0.0016748873480930
0.2012467044783122	0.0016916362215739
0.2012650562055415	0.0017085525837897
0.2012834109426798	0.0017256381096275
0.2013017681964629	0.0017428944907238
0.2013201150372501	0.0017603234356311
0.2013384551534639	0.0017779266699874
0.2013567985191313	0.0017957059366873
0.2013751437815706	0.0018136629960541
0.2013934912969007	0.0018317996260147
0.2014118396340205	0.0018501176222748
0.2014301895380817	0.0018686187984976
0.2014485395584773	0.0018873049864825
0.2014668907317367	0.0019061780363474
0.2014852415546589	0.0019252398167109
0.2015035933616968	0.0019444922148780
0.2015219443349958	0.0019639371370268
0.2015402954414796	0.0019835765083970
0.2015586453673139	0.0020034122734810
0.2015769953712142	0.0020234463962158
0.2015953445462774	0.0020436808601779
0.2016136937228075	0.0020641176687797
0.2016320424579457	0.0020847588454675
0.2016503910636690	0.0021056064339222
0.2016687396503302	0.0021266624982614
0.2016870879440076	0.0021479291232440
0.2017054366735272	0.0021694084144764
0.2017237848978483	0.0021911024986212
0.2017421335459327	0.0022130135236074
0.2017604819892085	0.0022351436588435
0.2017788305576235	0.0022574950954319
0.2017971795037982	0.0022800700463863
0.2018155282869329	0.0023028707468501
0.2018338775988017	0.0023258994543186
0.2018522268923942	0.0023491584488618
0.2018705763841919	0.0023726500333505
0.2018889265519985	0.0023963765336840
0.2019072765458091	0.0024203402990208
0.2019256269439804	0.0024445437020110
0.2019439778587286	0.0024689891390312
0.2019623287812672	0.0024936790304215
0.2019806801974093	0.0025186158207257
0.2019990321158995	0.0025438019789329
0.2020173841208995	0.0025692399987222
0.2020357366232927	0.0025949323987095
0.2020540897532536	0.0026208817226966
0.2020724429710149	0.0026470905399235
0.2020907966229061	0.0026735614453228
0.2021091509661861	0.0027002970597760
0.2021275055411653	0.0027273000303738
0.2021458604435690	0.0027545730306775
0.2021642158957480	0.0027821187609843
0.2021825720241232	0.0028099399485941
0.2022009283470900	0.0028380393480801
0.2022192850618849	0.0028664197415608
0.2022376423471267	0.0028950839389765
0.2022560003352921	0.0029240347783662
0.2022743585808141	0.0029532751261499
0.2022927172126512	0.0029828078774114
0.2023110763547764	0.0030126359561855
0.2023294361129386	0.0030427623157473
0.2023477965162162	0.0030731899389048
0.2023661572439864	0.0031039218382938
0.2023845183981804	0.0031349610566768
0.2024028800602939	0.0031663106672435
0.2024212422935944	0.0031979737739160
0.2024396051492559	0.0032299535116551
0.2024579686615615	0.0032622530467717
0.2024763325985133	0.0032948755772394
0.2024946969965673	0.0033278243330118
0.2025130618978262	0.0033611025763419
0.2025314273427963	0.0033947136021053
0.2025497933547830	0.0034286607381263
0.2025681599596881	0.0034629473455076
0.2025865271659349	0.0034975768189627
0.2026048949895825	0.0035325525871523
0.2026232634299790	0.0035678781130239
0.2026416324971252	0.0036035568941541
0.2026600021818097	0.0036395924630957
0.2026783724803908	0.0036759883877267
0.2026967433736878	0.0037127482716040
0.2027151148353259	0.0037498757543200
0.2027334868774202	0.0037873745118632
0.2027518594963786	0.0038252482569819
0.2027702326921763	0.0038635007395517
0.2027886064567631	0.0039021357469472
0.2028069807871454	0.0039411571044167
0.2028253556823319	0.0039805686754609
0.2028437311441126	0.0040203743622155
0.2028621071754454	0.0040605781058376
0.2028804837835060	0.0041011838868960
0.2028988609709906	0.0041421957257650
0.2029172387503247	0.0041836176830226
0.2029356171228710	0.0042254538598529
0.2029539960995081	0.0042677083984514
0.2029723756874649	0.0043103854824359
0.2029907558953231	0.0043534893372602
0.2030091367363217	0.0043970242306328
0.2030275182166023	0.0044409944729391
0.2030459003491485	0.0044854044176685
0.2030642831426918	0.0045302584618451
0.2030826666054950	0.0045755610464636
0.2031010507509051	0.0046213166569282
0.2031194355837014	0.0046675298234975
0.2031378211130401	0.0047142051217325
0.2031562073506936	0.0047613471729499
0.2031745943018567	0.0048089606446794
0.2031929819762844	0.0048570502511262
0.2032113703854899	0.0049056207536374
0.2032297595356620	0.0049546769611738
0.2032481494369929	0.0050042237307856
0.2032665401026184	0.0050542659680935
0.2032849315393222	0.0051048086277744
0.2033033237572631	0.0051558567140522
0.2033217167694860	0.0052074152811927
0.2033401099676878	0.0052594894340046
0.2033585016680617	0.0053120843283446
0.2033768942448227	0.0053652051716281
0.2033952877076746	0.0054188572233444
0.2034136820615770	0.0054730457955778
0.2034320773137681	0.0055277762535336
0.2034504734735635	0.0055830540160689
0.2034688705522291	0.0056388845562296
0.2034872685579062	0.0056952734017919
0.2035056674994568	0.0057522261358098
0.2035240673877202	0.0058097483971679
0.2035424682349204	0.0058678458811396
0.2035608700546679	0.0059265243399510
0.2035792728576471	0.0059857895833505
0.2035976766557310	0.0060456474791840
0.2036160814622704	0.0061061039539759
0.2036344872916124	0.0061671649935156
0.2036528941590230	0.0062288366434508
0.2036713020803601	0.0062911250098853
0.2036897110702283	0.0063540362599842
0.2037081211424316	0.0064175766225840
0.2037265323101986	0.0064817523888098
0.2037449445863510	0.0065465699126979
0.2037633579833319	0.0066120356118249
0.2037817725133539	0.0066781559679431
0.2038001881884539	0.0067449375276225
0.2038186050206120	0.0068123869028987
0.2038370230218448	0.0068805107719277
0.2038554422043064	0.0069493158796470
0.2038738625803979	0.0070188090384435
0.2038922841628295	0.0070889971288279
0.2039107069647453	0.0071598871001162
0.2039291309883851	0.0072314859711173
0.2039475562268088	0.0073038008308285
0.2039659826757852	0.0073768388391367
0.2039844103336474	0.0074506072275281
0.2040028392010199	0.0075251132998034
0.2040212692807622	0.0076003644328014
0.2040397005777187	0.0076763680771293
0.2040581330987189	0.0077531317579007
0.2040765668523740	0.0078306630754797
0.2040950018490665	0.0079089697062346
0.2041134381008352	0.0079880594032969
0.2041318756213293	0.0080679399973298
0.2041503144257849	0.0081486193973031
0.2041687545309351	0.0082301055912762
0.2041871959549887	0.0083124066471889
0.2042056387160225	0.0083955307136607
0.2042240828316410	0.0084794860207974
0.2042425283191391	0.0085642808810053
0.2042609751956303	0.0086499236898154
0.2042794234137937	0.0087364229267136
0.2042978726953292	0.0088237871559807
0.2043163230813183	0.0089120250275405
0.2043347746113681	0.0090011452778159
0.2043532273238201	0.0090911567305940
0.2043716812560620	0.0091820682979000
0.2043901364447736	0.0092738889808790
0.2044085929261008	0.0093666278706877
0.2044270507359007	0.0094602941493946
0.2044455099098338	0.0095548970908886
0.2044639704833527	0.0096504460617974
0.2044824324917902	0.0097469505224154
0.2045008959704565	0.0098444200276395
0.2045193609546605	0.0099428642279160
0.2045378274798256	0.0100422928701951
0.2045562955816073	0.0101427157988971
0.2045747652959623	0.0102441429568860
0.2045932366590107	0.0103465843864548
0.2046117097049718	0.0104500502303194
0.2046301844666729	0.0105545507326225
0.2046486609759597	0.0106600962399488
0.2046671392639124	0.0107666972023483
0.2046856193465238	0.0108743641743718
0.2047041012224249	0.0109831078161154
0.2047225848936066	0.0110929388942766
0.2047410703652592	0.0112038682832193
0.2047595576456741	0.0113159069660514
0.2047780467461712	0.0114290660357119
0.2047965376810373	0.0115433566960690
0.2048150304674629	0.0116587902630297
0.2048335251254773	0.0117753781656599
0.2048520216778592	0.0118931319473165
0.2048705201499226	0.0120120632667896
0.2048890205693595	0.0121321838994576
0.2049075229661257	0.0122535057384522
0.2049260273723558	0.0123760407958368
0.2049445338194865	0.0124998012037952
0.2049630423385318	0.0126247992158331
0.2049815529604819	0.0127510472079913
0.2050000657166786	0.0128785576800713
0.2050185806391670	0.0130073432568721
0.2050370977608902	0.0131374166894409
0.2050556171157631	0.0132687908563354
0.2050741387387683	0.0134014787648987
0.2050926626660705	0.0135354935525478
0.2051111889351515	0.0136708484880732
0.2051297175849612	0.0138075569729540
0.2051482486560676	0.0139456325426835
0.2051667821908044	0.0140850888681104
0.2051853182333337	0.0142259397567916
0.2052038568284658	0.0143681991543595
0.2052223979822307	0.0145118811459032
0.2052409416976803	0.0146569999573623
0.2052594879816066	0.0148035699569360
0.2052780368445730	0.0149516056565052
0.2052965880684777	0.0151011217130702
0.2053151409969700	0.0152521329302008
0.2053336965483970	0.0154046542595029
0.2053522542498906	0.0155587008020980
0.2053708140248069	0.0157142878101189
0.2053893759433519	0.0158714306882202
0.2054079400764101	0.0160301449951023
0.2054265064956677	0.0161904464450532
0.2054450752737677	0.0163523509095038
0.2054636464844950	0.0165158744185988
0.2054822202009225	0.0166810331627848
0.2055007964939234	0.0168478434944127
0.2055193754329835	0.0170163219293567
0.2055379570867077	0.0171864851486503
0.2055565415232293	0.0173583500001367
0.2055751288106331	0.0175319335001382
0.2055937190173890	0.0177072528351397
0.2056123122127717	0.0178843253634909
0.2056309064520302	0.0180631686171258
0.2056494954640228	0.0182438003032971
0.2056680877949564	0.0184262383063300
0.2056866834475262	0.0186105006893933
0.2057052824335197	0.0187966056962872
0.2057238847728261	0.0189845717532500
0.2057424904888094	0.0191744174707824
0.2057610996086257	0.0193661616454902
0.2057797121635379	0.0195598232619451
0.2057983281892334	0.0197554214945645
0.2058169477261472	0.0199529757095101
0.2058355708194093	0.0201525054666051
0.2058541975188199	0.0203540305212713
0.2058728278788824	0.0205575708264841
0.2058914619588940	0.0207631465347489
0.2059100998230898	0.0209707780000965
0.2059287415362299	0.0211804857800973
0.2059473871636959	0.0213922906378982
0.2059660367720028	0.0216062135442772
0.2059846904293270	0.0218222756797201
0.2060033481958947	0.0220404984365172
0.2060220100751171	0.0222609034208824
0.2060406755847804	0.0224835124550912
0.2060593443473817	0.0227083475796422
0.2060780164483764	0.0229354310554386
0.2060966919787912	0.0231647853659929
0.2061153710350320	0.0233964332196528
0.2061340537159686	0.0236303975518493
0.2061527401203078	0.0238667015273677
0.2061714303475320	0.0241053685426416
0.2061901244987936	0.0243464222280680
0.2062088226777238	0.0245898864503488
0.2062275249907501	0.0248357853148524
0.2062462315474970	0.0250841431680009
0.2062649424612193	0.0253349845996810
0.2062836578492742	0.0255883344456777
0.2063023778274100	0.0258442177901344
0.2063211024532336	0.0261026599680358
0.2063398317654010	0.0263636865677161
0.2063585658118081	0.0266273234333933
0.2063773046496280	0.0268935966677272
0.2063960483454233	0.0271625326344046
0.2064147969753383	0.0274341579607486
0.2064335506252319	0.0277084995403560
0.2064523093903874	0.0279855845357595
0.2064710733682569	0.0282654403811170
0.2064898426594476	0.0285480947849280
0.2065086173687491	0.0288335757327775
0.2065273976061562	0.0291219114901051
0.2065461824202489	0.0294131306050061
0.2065649717664626	0.0297072619110564
0.2065837658249535	0.0300043345301670
0.2066025646980534	0.0303043778754686
0.2066213685003911	0.0306074216542231
0.2066401699345511	0.0309134958707654
0.2066589664182077	0.0312226308294732
0.2066777684486488	0.0315348571377678
0.2066965761336580	0.0318502057091457
0.2067153895891840	0.0321687077662370
0.2067342089398236	0.0324903948438995
0.2067530343194154	0.0328152987923386
0.2067718658716734	0.0331434517802617
0.2067907037437036	0.0334748862980644
0.2068095480849679	0.0338096351610453
0.2068283990150103	0.0341477315126557
0.2068472565810775	0.0344892088277820
0.2068661208482164	0.0348341009160598
0.2068849918994104	0.0351824419252202
0.2069038698352919	0.0355342663444722
0.2069227547713056	0.0358896090079168
0.2069416468305005	0.0362485050979959
0.2069605450619669	0.0366109901489756
0.2069794491233071	0.0369771000504653
0.2069983592601843	0.0373468710509702
0.2070172757216289	0.0377203397614797
0.2070361987612019	0.0380975431590942
0.2070551285479181	0.0384785185906851
0.2070740652194042	0.0388633037765920
0.2070930084458311	0.0392519368143579
0.2071119562434486	0.0396444561825014
0.2071309113768740	0.0400409007443266
0.2071498740341294	0.0404413097517698
0.2071688444175402	0.0408457228492878
0.2071878227400398	0.0412541800777810
0.2072068092194378	0.0416667218785589
0.2072258040801437	0.0420833890973443
0.2072448074177080	0.0425042229883176
0.2072638193436042	0.0429292652182009
0.2072828396736163	0.0433585578703830
0.2073018527767983	0.0437921434490870
0.2073208626499553	0.0442300648835780
0.2073398803183936	0.0446723655324137
0.2073589060397854	0.0451190891877377
0.2073779400791066	0.0455702800796149
0.2073969827109063	0.0460259828804113
0.2074160342215738	0.0464862427092152
0.2074350948875247	0.0469511051363073
0.2074541648523930	0.0474206161876701
0.2074732442839065	0.0478948223495466
0.2074923333696087	0.0483737705730422
0.2075114323186192	0.0488575082787727
0.2075305413616434	0.0493460833615605
0.2075496607355494	0.0498395441951763
0.2075687907107068	0.0503379396371281
0.2075879307904859	0.0508413190334991
0.2076070796980490	0.0513497322238342
0.2076262377098343	0.0518632295460729
0.2076454051117256	0.0523818618415338
0.2076645822141259	0.0529056804599491
0.2076837693529154	0.0534347372645485
0.2077029668757748	0.0539690846371942
0.2077221751437679	0.0545087754835663
0.2077413945338499	0.0550538632384019
0.2077606253632749	0.0556044018707861
0.2077798678468680	0.0561604458894938
0.2077991016803493	0.0567220503483888
0.2078183334027504	0.0572892708518726
0.2078375780491379	0.0578621635603913
0.2078568352376177	0.0584407851959952
0.2078761031657894	0.0590251930479550
0.2078953823070513	0.0596154449784346
0.2079146731559799	0.0602115994282191
0.2079339761428808	0.0608137154225010
0.2079532915605981	0.0614218525767258
0.2079726197360009	0.0620360711024929
0.2079919610316839	0.0626564318135177
0.2080113121032298	0.0632829961316526
0.2080306755415077	0.0639158260929694
0.2080500533057494	0.0645549843538989
0.2080694457055618	0.0652005341974375
0.2080888508864341	0.0658525395394123
0.2081082683919561	0.0665110649348069
0.2081276987359680	0.0671761755841544
0.2081471424592291	0.0678479373399959
0.2081666001231671	0.0685264167133961
0.2081860723141763	0.0692116808805300
0.2082055201507522	0.0699037976893355
0.2082249798641151	0.0706028356662285
0.2082444558709970	0.0713088640228909
0.2082639485428795	0.0720219526631196
0.2082834582956104	0.0727421721897504
0.2083029845341042	0.0734695939116476
0.2083225252577529	0.0742042898507641
0.2083420812146337	0.0749463327492720
0.2083616530065049	0.0756957960767651
0.2083812411349127	0.0764527540375325
0.2084008461485980	0.0772172815779080
0.2084204686472400	0.0779894543936870
0.2084401092828528	0.0787693489376235
0.2084597687367134	0.0795570424270000
0.2084794474281788	0.0803526128512702
0.2084991425193159	0.0811561389797824
0.2085188541273094	0.0819677003695802
0.2085385434137079	0.0827873773732763
0.2085582393707062	0.0836152511470087
0.2085779545263445	0.0844514036584786
0.2085976896700139	0.0852959176950631
0.2086174445171153	0.0861488768720143
0.2086372138035227	0.0870103656407341
0.2086570047516312	0.0878804692971410
0.2086768172179849	0.0887592739901120
0.2086966482914875	0.0896468667300135
0.2087164990067276	0.0905433353973131
0.2087363702326932	0.0914487687512866
0.2087562627214235	0.0923632564388000
0.2087761772730535	0.0932868890031877
0.2087961147543414	0.0942197578932198
0.2088160680905614	0.0951619554721516
0.2088359904659112	0.0961135750268731
0.2088559378854229	0.0970747107771421
0.2088759070991421	0.0980454578849129
0.2088958990388372	0.0990259124637618
0.2089159147014155	0.1000161715883996
0.2089359551584817	0.1010163333042835
0.2089560215386918	0.1020264966373263
0.2089761146038127	0.1030467616036996
0.2089962352084026	0.1040772292197366
0.2090163802483954	0.1051180015119332
0.2090365495088641	0.1061691815270520
0.2090567443926727	0.1072308733423229
0.2090769496333956	0.1083031820757461
0.2090971209797391	0.1093862138965028
0.2091173175821506	0.1104800760354686
0.2091375445052507	0.1115848767958230
0.2091578029241850	0.1127007255637813
0.2091780889889784	0.1138277328194193
0.2091984030119197	0.1149660101476127
0.2092187461994757	0.1161156702490896
0.2092391198724780	0.1172768269515810
0.2092595254782764	0.1184495952210960
0.2092799644967772	0.1196340911733072
0.2093004362276098	0.1208304320850405
0.2093208675986907	0.1220387364058908
0.2093413201044350	0.1232591237699493
0.2093618052212377	0.1244917150076481
0.2093823246077602	0.1257366321577253
0.2094028799604844	0.1269939984793034
0.2094234725144714	0.1282639384640968
0.2094441028305511	0.1295465778487377
0.2094647659989879	0.1308420436272246
0.2094854544631392	0.1321504640634972
0.2095061760489809	0.1334719687041318
0.2095268845613469	0.1348066883911737
0.2095475900244647	0.1361547552750856
0.2095683374826164	0.1375163028278372
0.2095891262007395	0.1388914658561148
0.2096099525697766	0.1402803805146764
0.2096308187110510	0.1416831843198237
0.2096517264930230	0.1431000161630217
0.2096726779833949	0.1445310163246518
0.2096936754322104	0.1459763264878986
0.2097146908455961	0.1474360897527768
0.2097356685666373	0.1489104506503049
0.2097566900512705	0.1503995551568076
0.2097777575095011	0.1519035507083765
0.2097988712520077	0.1534225862154601
0.2098200214433610	0.1549568120776140
0.2098412192188963	0.1565063801983908
0.2098624626002484	0.1580714440003741
0.2098837543598264	0.1596521584403780
0.2099050250183148	0.1612486800247818
0.2099263031840820	0.1628611668250298
0.2099476376272788	0.1644897784932804
0.2099690255940250	0.1661346762782133
0.2099904647161183	0.1677960230409965
0.2100119582801581	0.1694739832714054
0.2100335092636552	0.1711687231041204
0.2100551204239865	0.1728804103351610
0.2100766966721937	0.1746092144385135
0.2100982748733415	0.1763553065828988
0.2101199091448037	0.1781188596487276
0.2101416048441411	0.1799000482452160
0.2101633649840935	0.1816990487276674
0.2101851917507584	0.1835160392149431
0.2102070776621206	0.1853511996070919
0.2102289840200979	0.1872047116031627
0.2102508563990361	0.1890767587191945
0.2102727988391902	0.1909675263063859
0.2102948150461354	0.1928772015694496
0.2103168998987475	0.1948059735851429
0.2103390448914821	0.1967540333209942
0.2103612473721773	0.1987215736542043
0.2103834600096618	0.2007087893907472
0.2104056572728376	0.2027158772846545
0.2104279332669524	0.2047430360575002
0.2104502843588519	0.2067904664180765
0.2104727149357498	0.2088583710822575
0.2104952297508760	0.2109469547930812
0.2105178290524932	0.2130564243410124
0.2105403469910157	0.2151869885844228
0.2105629338415786	0.2173388584702681
0.2105855861367374	0.2195122470549715
0.2106083310703452	0.2217073695255218
0.2106311686388563	0.2239244432207761
0.2106540937692455	0.2261636876529843
0.2106769581429946	0.2284253245295149
0.2106998848766277	0.2307095777748092
0.2107229150355437	0.2330166735525583
0.2107460457973494	0.2353468402880853
0.2107692700671115	0.2377003086909650
0.2107925640147448	0.2400773117778739
0.2108157638996863	0.2424780848956538
0.2108390793278399	0.2449028657446098
0.2108625016888919	0.2473518944020553
0.2108860339817796	0.2498254133460761
0.2109096834741830	0.2523236674795362
0.2109333274658531	0.2548469041543314
0.2109569947799116	0.2573953731958747
0.2109807433235196	0.2599693269278338
0.2110046141645275	0.2625690201971124
0.2110286176561601	0.2651947103990843
0.2110526700206201	0.2678466575030766
0.2110766897199781	0.2705251240781067
0.2111008431054929	0.2732303753188878
0.2111251388061397	0.2759626790720761
0.2111495586988772	0.2787223058627967
0.2111740111665512	0.2815095289214258
0.2111984293569701	0.2843246242106389
0.2112230002323407	0.2871678704527443
0.2112477338678101	0.2900395491572726
0.2112726166792425	0.2929399446488447
0.2112975073361294	0.2958693440953336
0.2113223940767454	0.2988280375362868
0.2113474422158851	0.3018163179116498
0.2113726585404227	0.3048344810907678
0.2113980462988596	0.3078828259016749
0.2114233212736677	0.3109616541606928
0.2114487712999127	0.3140712707023002
0.2114743867621114	0.3172119834093247
0.2115001548233069	0.3203841032434177
0.2115259405304421	0.3235879442758529
0.2115517793117060	0.3268238237186096
0.2115778270795367	0.3300920619557969
0.2116040795102817	0.3333929825753552
0.2116304041574842	0.3367269124011083
0.2116566758638082	0.3400941815251197
0.2116831771599611	0.3434951233403692
0.2117099042218718	0.3469300745737742
0.2117367922574377	0.3503993753195115
0.2117636027983791	0.3539033690727072
0.2117906092269552	0.3574424027634335
0.2118178656940413	0.3610168267910672
0.2118452824152531	0.3646269950589767
0.2118726600310811	0.3682732650095669
0.2119003003017984	0.3719559976596614
0.2119281499917508	0.3756755576362586
0.2119561025594458	0.3794323132126213
0.2119841017938574	0.3832266363447490
0.2120124003087782	0.3870589027081983
0.2120409700983457	0.3909294917352786
0.2120694689771717	0.3948387866526313
0.2120981753689802	0.3987871745191576
0.2121272057194391	0.4027750462643506
0.2121565262121691	0.4068027967269933
0.2121856415663362	0.4108708246942641
0.2122151372290918	0.4149795329412075
0.2122450007572771	0.4191293282706207
0.2122749102530226	0.4233206215533269
0.2123049158132743	0.4275538277688616
0.2123353134363567	0.4318293660465489
0.2123660028807130	0.4361476597070152
0.2123966469831375	0.4405091363040857
0.2124276570180985	0.4449142276671272
0.2124590945419113	0.4493633699437989
0.2124904146965115	0.4538570036432388
0.2125221497734161	0.4583955736796718
0.2125542808321928	0.4629795294164684
0.2125864462352402	0.4676093247106312
0.2126189191473984	0.4722854179577387
0.2126518803098632	0.4770082721373162
0.2126849310517262	0.4817783548586885
0.2127182084390697	0.4865961384072739
0.2127520707751734	0.4914620997913485
0.2127860552389159	0.4963767207892632
0.2128202495467720	0.5013404879971544
0.2128551006133622	0.5063538928771276
0.2128900735574613	0.5114174318058997
0.2129252885671958	0.5165316061239571
0.2129612326619868	0.5216969221851969
0.2129972635020611	0.5269138914070496
0.2130335987778216	0.5321830303211191
0.2130707773288986	0.5375048606243299
0.2131079252144503	0.5428799092305734
0.2131455507645646	0.5483087083228775
0.2131841091168398	0.5537917954061079
0.2132224677453188	0.5593297133601675
0.2132615787544601	0.5649230104937684
0.2133015768028899	0.5705722405987043
0.2133412910101830	0.5762779630046906
0.2133821303801642	0.5820407426347368
0.2134234311938093	0.5878611500610843
0.2134649697508173	0.5937397615616935
0.2135076589735532	0.5996771591773095
0.2135505160880855	0.6056739307690839
0.2135941556861329	0.6117306700767736
0.2136389074683595	0.6178479767775422
0.2136835874743848	0.6240264565453160
0.2137294355174567	0.6302667211107672
0.2137761221980086	0.6365693883218742
0.2138232385871979	0.6429350822050948
0.2138719720820665	0.6493644330271465
0.2139205799801827	0.6558580773574185
0.2139707300004233	0.6624166581309940
0.2140219110982544	0.6690408247123040
0.2140735846714609	0.6757312329594274
0.2141273806180005	0.6824885452890210
0.2141809071457414	0.6893134307419111
0.2142366615801091	0.6962065650493299
0.2142933579230347	0.7031686306998238
0.2143509560126810	0.7102003170068236
0.2144112642763517	0.7173023201768906
0.2144712306937767	0.7244753433786590
0.2145345191084670	0.7317200968124442
0.2145979999371706	0.7390372977805701
0.2146644361664733	0.7464276707583762
0.2147326415223590	0.7538919474659603
0.2148019460168362	0.7614308669406190
0.2148756585871558	0.7690451756100264
0.2149489714207791	0.7767356273661277
0.2150273171709650	0.7845029836397882
0.2151065627741209	0.7923480134761857
0.2151901819094708	0.8002714936109467
0.2152764111207677	0.8082742085470563
0.2153666487024486	0.8163569506325262
0.2154610809507209	0.8245205201388507
0.2155577483071674	0.8327657253402387
0.2156629953154217	0.8410933825936417
0.2157706878715624	0.8495043164195791
0.2158883691726203	0.8579993595837754
0.2160074001378558	0.8665793531796122
0.2161427426631874	0.8752451467114076
0.2162774113781336	0.8839975981785219
0.2164315440343340	0.8928375741603068
0.2165882954102506	0.9017659499019102
0.2167533342752858	0.9111567525943445
0.2169630170988611	0.9202683201202875
0.2171815955350010	0.9294710033214897
0.2174361053859724	0.9384462928250215
0.2177213382692222	0.9557371818047270
0.2177308077634798	0.9465749640971926
0.2179530493098691	0.9539784064049814
0.2182865105009386	0.9629711607044190
0.2183135787288132	0.9597296219858567
0.2185338196323684	0.9706868264490698
0.2185537295457375	0.9664756448732122
0.2188515712747811	0.9786673580240989
0.2190784897136423	0.9841178253461388
0.2192970412620170	0.9816066562403235
0.2193420697172402	0.9760621494866535
0.2198010314343455	0.9811311354250443
0.2202979380686269	0.9852610756495472
0.2203480551807591	0.9888448773664856
0.2210836915787818	0.9918347956703867
0.2214290311474298	0.9955234680961785
0.2235806091901250	0.9977891886502548
0.2239924075918499	0.9985547210690586
0.2277847067233907	0.9994973835947579
0.2324401448225859	0.9998725623549484
0.2333700041506551	0.9999206941436716
0.2348266761042981	0.9999423828385007
0.2415251838685847	0.9999848870829179
0.2431570577104748	0.9999926678524232
0.2524402246380053	0.9999978515742562
0.2538186783686722	0.9999990032462240
0.2610245607568205	0.9999997109612576
0.2633548100421471	0.9999998649842661
0.2705738788113118	0.9999999590633853
0.2724656908725400	0.9999999809210420
0.2792426096581888	0.9999999941901548
0.2815801886189137	0.9999999973213355
0.2885278137439999	0.9999999991894382
0.2913433784442034	0.9999999996284032
0.2982025763541076	0.9999999998882303
0.3011906724574726	0.9999999999488861
0.3079555106311865	0.9999999999846885
0.3109757869400738	0.9999999999930006
0.3176637808777117	0.9999999999979071
0.3206169578202258	0.9999999999990427
0.3272567889264352	0.9999999999997137
0.3301127912794773	0.9999999999998689
0.3367317688538968	0.9999999999999606
0.3395213524431367	0.9999999999999821
0.3461283728094925	0.9999999999999948
0.3490323225401928	0.9999999999999978
0.3567099773404852	0.9999999999999991
0.3586544217849296	0.9999999999999999
0.3644542104173880	1.0015643180349061
0.3646107188788787	1.0050529685717884
0.3648886499442664	1.0025283842178729
0.3699469782771019	1.0005632900537473
0.3736756416146881	1.0002572165803707
0.3827452870510816	1.0000662178039736
0.3853393688964460	1.0000357067074381
0.3915920789274692	1.0000101390062501
0.3938048305476878	1.0000053142145950
0.4017691923095719	1.0000026633541848
0.4059915680874892	1.0000022006899389
0.4125877537753856	1.0000019364383139
0.4162540416703412	1.0000018912780377
0.4202512465608175	0.9999969858575209
0.4227914965937994	0.9999955373655507
0.4335506836866033	0.9999953084989452
0.4421069533646699	0.9999950343645035
0.4486664763330646	0.9999949924533095
0.4603615350032149	0.9999880979572767
0.4628725702054159	0.9999870764922694
0.4819037586566791	0.9999864253659025
0.4925577111397749	0.9999699044567432
0.4950871717561895	0.9999674920433766
0.5141385879049057	0.9999674002114621
0.5142952089740813	0.9999660799735715
0.5285300258203716	0.9999199924183728
0.5502766491032519	0.9999180663215096
0.5676240792715328	0.9998010134141547
0.6105735336410438	0.9999084636395315
0.6105745665393930	0.9999232449039637
0.6323199550947048	0.9999255581624683
0.6398951692769042	0.9999256698958998
0.6575313964670384	0.9999652713312596
0.6575749269092566	0.9999703896889647
0.6785681780426372	0.9999712096778360
0.6792763620742813	0.9999719769943197
0.6988418381353803	0.9999720883152571
0.7090386488298724	0.9999943133905118
0.7090545887149727	0.9999971859544702
0.7308529029267529	0.9999983953800352
0.7384128760248115	0.9999985719113006
0.7590511365587482	0.9999986208344503
0.7693708873277141	0.9999986279756753
0.7891087337852454	0.9999987502607240
0.7909102312301388	0.9999988032647181
0.7989740315972951	0.9999988110016106
0.8003897462137359	0.9999988188303011
0.8112543473377970	0.9999988232566832
0.8174532937224201	0.9999988239027952
0.8187578481711330	0.9999988243967621
0.8327967403416265	0.9999988246964296
0.8375884991877075	0.9999988247602930
0.8483666527073570	0.9999988247876120
0.8536469332051819	0.9999988247937527
0.8655628237484951	0.9999988247958008
0.8700362815206807	0.9999988247962551
0.8793865889396735	0.9999988247964493
0.8840329518099925	0.9999988247964904
0.8938976818796488	0.9999988247965079
0.8982662904940120	0.9999988247965114
0.9091563281180282	0.9999988247965128
0.9106548202603100	0.9999988247965135
0.9316251936020682	0.9999988247965131
1.0509080858252537	0.9999988259420419
1.0534034509397852	0.9999988261092534
1.0537215720416637	0.9999988263008714
1.0619928697877006	0.9999988264060656
1.0697981852152365	0.9999988264360006
1.0804172316634977	0.9999988264403700
1.0830687164975810	0.9999988264428280
1.0988714111425215	0.9999988264441834
1.1046431506425030	0.9999988264443586
1.1178419791873266	0.9999988264444885
1.1189342298305778	0.9999988264445051
1.1190845978747748	0.9999988264556672
1.1215838196272285	0.9999988264572988
1.1219063137874996	0.9999988264589552
1.1330350015445636	0.9999988264594352
1.1412438988210092	0.9999988264599609
1.1454363569643788	0.9999988264600458
1.1513296148095509	0.9999988264601160
1.1649521285190254	0.9999988264601576
1.1667846282344931	0.9999988264616365
1.1693240136378460	0.9999988264622840
1.1774207820405302	0.9999988264623785
1.1806277749979275	0.9999988264624465
1.1906816193267744	0.9999988264625224
1.1923945476203424	0.9999988264625320
1.2050650427294742	0.9999988264625423
1.2089784446770639	0.9999988264625441
1.2132907567628779	0.9999988264625460
1.2222479626618179	0.9999988264625465
1.2228006931935622	0.9999988264625470
1.2246107733603158	0.9999988264625472
1.2258362983160116	1.0040058715467925
1.2262040288242368	1.0005809343784402
1.2311902741916521	1.0001506247558973
1.2537666802447267	0.9999662413938193
1.2591624007273441	0.9999543137273359
1.2790202846458143	0.9999093846842799
1.3045177343459671	0.9999559172431952
1.3337998203962800	0.9999922441085622
1.8145433491231440	0.9999971466526634
1.8369298967807113	0.9999979664164027
1.8427463010918308	0.9999987056576322
1.8434567237959438	0.9999988012112146
1.8693931571653206	0.9999988469801271
1.8697083489731314	0.9999988528962117
1.8774110864087556	0.9999988536609271
1.9014723054111851	0.9999988548620270
1.9017640214361771	0.9999988550172810
1.9181408209503683	0.9999988550373493
1.9378181380256461	0.9999988550686436
1.9382729617321979	0.9999988550726887
1.9547489319944495	0.9999988550732115
1.9755773379610753	0.9999988550738782
1.9941902781979048	0.9999988550739644
2.0241908423458281	0.9999988550739880
2.0359289479670029	0.9999988550739912
2.0469241021126869	0.9999988550739918
2.3870496925756006	0.9999990513771974
2.3895452957717183	0.9999990767512573
2.3920409199335411	0.9999990800311109
2.4284473599910066	0.9999990842134044
2.4348564425359229	0.9999990847540066
2.4648248025385420	0.9999990849027909
2.4763880000153664	0.9999990849220227
2.4988117159607119	0.9999990849273158
2.5103776049952402	0.9999990849280002
2.5328118838716396	0.9999990849281883
2.5443380770005830	0.9999990849282125
2.5663206664973210	0.9999990849282191
2.5739476800826866	0.9999990849282195
2.5780501370007305	0.9999990849282202
2.5901804719382615	0.9999990849282205
2.5948688620045823	1.0036418663228621
2.5953001439034327	1.0009345413624882
2.6114162720775047	1.0002307004061981
2.6161342894683535	1.0000929642532976
2.6205014887914313	1.0000491168123578
2.6222905257762958	1.0000162753681874
2.6275925404537470	1.0000085090272286
2.6339814076104648	1.0000030272040819
2.6364354594382440	1.0000012241157323
2.6430320889555814	1.0000003420860193
2.6487028565990891	1.0000001733829931
2.6539226299314600	1.0000000948770340
2.6550899111889148	1.0000000508011091
2.6565571310138005	1.0000000191383673
2.6623789960023467	1.0000000066337338
2.6641285594131587	1.0000000011060473
2.6685647884611465	0.9999999987751942
2.6691280142167773	0.9999999973476406
2.6742040920838877	0.9999999958407969
2.6819953597651858	0.9999999954240566
2.6876871437000314	0.9999999951266698
2.6911355647090178	0.9999999950882298
2.6959530287682254	0.9999999950382841
2.7062125163581441	0.9999999949614650
2.7081009489223979	0.9999999949488960
2.7210632442026577	0.9999999949410994
2.7251782105683700	0.9999999949399536
2.7347110454382304	0.9999999949392936
2.7367530867648453	0.9999999949391775
2.7467775380543071	0.9999999949391170
2.7489135476295470	0.9999999949391050
2.7609667302273118	0.9999999949391023
2.7613712282252272	0.9999999949391001
2.7654222119987106	0.9999999496598181
2.7654222120276883	0.9999999438070301
2.7872246813862147	0.9999999428118895
2.7872246813863146	0.9999999419267557
2.7872255518960434	0.9999999344095896
2.7872604124516371	0.9999999333008714
2.8064194408288050	0.9999999329678946
2.8085393198249080	0.9999999329234164
2.8202039773446796	0.9999999329098950
2.8245907569737083	0.9999999329080472
2.8392033519004718	0.9999999329074797
2.8433140411663458	0.9999999329074006
2.8554379874287030	0.9999999329073764
2.8621130390173755	0.9999999329073728
2.8726247964791431	0.9983212738848344
2.8740500142059071	0.9995616119792855
2.9057967656119708	0.9998956182941281
2.9085512322248288	0.9999593520980199
2.9160845052727913	0.9999675606966691
2.9295121078149537	0.9999813994832961
2.9343300861615611	0.9999854959357841
2.9435184732928983	0.9999866232146182
2.9518080366060371	0.9999868462093862
2.9628994323588165	0.9999869297170526
2.9675882885218843	0.9999869475796631
2.9731236310218838	0.9999869498887271
2.9835548226364033	0.9999869538641641
2.9895230836009254	0.9999869548533273
3.0013921423703129	0.9999869551949603
3.0077584384975884	0.9999869552667524
3.0137382287991357	0.9999869552760329
3.0211318067693131	0.9999972295554155
3.0211318284919839	0.9999985575569615
3.0411835601009201	0.9999988533617282
3.0426182466629106	0.9999990632309856
3.0485718620448918	0.9999990964388217
3.0747812217347494	0.9999991077633349
3.0803592359827086	0.9999991094286328
3.0951828555008829	0.9999991099163766
3.0986247755674703	0.9999991100146440
3.1096956279305168	0.9999991100468317
3.1150182869986516	0.9999991100535109
3.1270668231786343	0.9999991100557167
3.1329798534191280	0.9999991100561754
3.1446727237316763	0.9999993130599634
3.1446727311779337	0.9999993393002037
3.1664735527950065	0.9999993436258590
3.1664749771404055	0.9999993475767998
3.1669562351745317	0.9999993482957623
3.1911730863851284	0.9999993484936406
3.1944160723132455	0.9999993485358640
3.2043830052145572	0.9999993485499150
3.2097759119460489	0.9999993485528421
3.2219007328804721	0.9999993485538098
3.2278804571219606	0.9999993485540110
3.2401708503545517	0.9999993485540772
3.2461097330924797	0.9999993485540912
3.2581518118060222	0.9999993485540958
3.2638098523765384	0.9999993485540967
3.2732064812894102	0.9999993485540970
3.2738208170142937	0.9999993485540971
3.2742339948034052	0.9999993485540972
3.2889820773267755	0.9999993525375399
3.2889820793284161	0.9999993530524389
3.2889820805629717	1.0011744422732334
3.2963715849126780	1.0001897403103603
3.3144626493937879	1.0000634506483477
3.3151055704579586	1.0000630191955753
3.3400171393304663	0.9999541644959489
3.3946944354482373	1.0000057233258919
3.5285757133150510	0.9870999462247615
3.5287421606761677	0.9947350748045670
3.5292992359808784	0.9998814448658777
3.5756992616636749	0.9999930537016150
3.5934309897824392	1.0000002865983049
3.6373660344669902	1.0000005830083167
3.6680500295528993	1.0000005991663785
3.6989107069650387	1.0000006000461434
3.7292860132304915	1.0000006000940416
3.7593852470022262	1.0000006000966881
3.8029876018270783	1.0000006000967934
3.8325854379100845	1.0000006000967991
3.8438362545493256	1.0000006000967994
3.8734663608918365	1.0000006000967998
3.8833903105076306	1.0040069888788057
3.8857663313397297	1.0007237465093779
3.8869012393682096	1.0003034065226692
3.8999521730335056	1.0000624623290106
3.9210778492370846	0.9999692218953178
3.9229429669992077	0.9999966334070752
3.9313144831978488	0.9999497332444600
4.0037286152606626	0.9999847947497017
4.9442884307441135	0.9999972035919990
4.9442933104172040	0.9999988071617666
4.9583879028944953	0.9999992485332972
4.9620569656465490	0.9999993362457293
4.9728800562671198	0.9999993648622807
4.9782989562394366	0.9999993707947139
4.9903588101802150	0.9999993727534998
4.9969879832921658	0.9999993731607646
5.0094226463954028	0.9999993732953448
5.0163221085972500	0.9999993733233320
5.0216432574063079	0.9999996169057495
5.0216435812053666	0.9999996483911338
5.0434202679796032	0.9999996524659079
5.0434272337673622	0.9999996535874034
5.0434433768950715	0.9999996585793799
5.0442017503310721	0.9999996592246416
5.0717261014916097	0.9999996594590557
5.0723310103459038	0.9999996594893561
5.0866694538737978	0.9999996595001313
5.0872341662009681	0.9999996595015239
5.0956870368741383	0.9999996595020825
5.0964442986037959	0.9999996595023349
5.1093399302572644	0.9999996595024490
5.1156351990713613	0.9999996595024642
5.1210678513282790	0.9999996642834468
5.1210679288885901	0.9999996649014358
5.1428630299952829	0.9999996649813443
5.1428694867766653	0.9999996650715545
5.1428838941515131	0.9999996651068832
5.1540244030671820	0.9999996651166069
5.1602932289920682	0.9999996651185300
5.1715778644693122	0.9999996651191850
5.1772876746762444	0.9999996651193224
5.1895209144456889	0.9999996651193680
5.1964937139188470	0.9999996651193773
5.2087811968409383	0.9999996651193804
5.2168535689078492	0.9999996651193813
5.2230255926731548	0.9999996651193812
5.2322068966771020	0.9999996651193813
5.2325547107725061	0.9999996651193814
5.2408703174728517	0.9999996652132237
5.2408703196238902	0.9999996652253537
5.2626529779280480	0.9999996652274208
5.2626702838222679	0.9999996652292559
5.2634285966914476	0.9999996652295238
5.2910080694489148	0.9999996652296146
5.2914844753218775	0.9999996652296262
5.3059585241350629	0.9999996652296306
5.3064492584385965	0.9999996652296312
5.3110451089248487	0.9999996652296314
5.3268325240961412	0.9999996652296317
5.3601262102859071	1.0013066161493747
5.3622240923522595	1.0003538454137582
5.3719778571721406	1.0000306879860601
5.3873315813380387	1.0000021750720394
5.4022861704521636	0.9999998922457696
5.4170970836071097	0.9999997101061530
5.4319708264638633	0.9999996955640471
5.4468370022280723	0.9999996944032158
5.4617044161136645	0.9999996943105565
5.4765712056351248	0.9999996943031605
5.4914358544068884	0.9999996943025700
5.5063440949082976	0.9999996943025229
5.5208278550325147	0.9999996943025192
5.5327579649540954	0.9999986385796737
5.5551098101034473	0.9999986177921067
5.5923470715993275	0.9999986173561608
5.9218288860900143	0.9999994194595258
6.0804131644527573	1.0004673293650985
6.0921749089243606	1.0001389293165011
6.1011274396857429	1.0000447593057100
6.1116970242716713	1.0000117804752582
6.1150075683308547	1.0000047758227222
6.1281289667807410	1.0000024468247790
6.1318100729038729	1.0000019617577631
6.1356173062995367	1.0000008896586230
6.1419407827047872	1.0000003879389310
6.1490762129274810	1.0000002842508191
6.1588204133865148	1.0000002412854778
6.1808076834885641	1.0000002330398368
6.2046535433404486	1.0000002325658766
6.2173280558351127	0.9999836818383869
6.2223254534737524	0.9999791035625895
6.2338269025375741	0.9999785115525585
6.2991644678186862	0.9999469459391286
6.3580241789517720	0.9998678431754562
6.4161282334668037	0.9999801290348379
6.4161287192728986	0.9999946431165642
6.4379434553980692	0.9999971101117509
6.4604300720867318	0.9999971465856129
6.4607330415034880	0.9999971663910828
6.4651284046844069	0.9999971714848048
6.4827312001945829	0.9999971722283304
6.4992588076085909	0.9999971724108027
6.5059754618693555	0.9999971724610245
6.5219259576556903	0.9999971724722433
6.5355925047054804	0.9999971724738808
6.5528816095286659	0.9999971724743347
6.5643989544947248	0.9999971724744009
6.5691257351952492	0.9999972894085353
6.5716395880635217	0.9999973406320367
6.5870983239190082	0.9999973481088966
6.6068648685461167	0.9999973499436092
6.6135820256944795	0.9999973504485742
6.6295326383927735	0.9999973505484613
6.6375471736867926	0.9999973505759530
6.6522000455797921	0.9999973505813912
6.6602137756185353	0.9999973505828879
6.6748636613247321	0.9999973505832221
6.6885197059938326	0.9999973505832711
6.7057569393933374	0.9999973505832846
6.7161831909832310	0.9999973551277634
6.7200114783192912	0.9999973565512862
6.7266455472940567	0.9999973574476649
6.7581446879419635	0.9999973575785077
6.7723999603777028	0.9999973576147694
6.7839006199425622	0.9999973576200625
6.8033572226269081	0.9999973576215294
6.8148586860190115	0.9999973576217436
6.8343422430308935	0.9999973576217961
6.8410646811627949	0.9999973576218104
6.8561285399507614	0.9999973576218136
6.8646359013852782	0.9999973576218139
6.8682240324055250	0.9999973577242161
6.8719674807877693	0.9999973577541106
6.8858400243725741	0.9999973577767346
6.9030351531179193	0.9999973577794731
6.9259964959437053	0.9999973577801377
6.9316443853407783	0.9999973577803205
6.9471963646231414	0.9999973577803616
6.9607030985155474	0.9999973577803675
6.9803707952826741	0.9999973577803689
6.9875762741888270	0.9999973577803694
7.0004854258412950	1.0011724518720835
7.0080523897276592	1.0003052367289402
7.0219416796121523	1.0001851352530344
7.0405862155335237	1.0000330680160221
7.0507046526350425	1.0000057406770086
7.0527322847366420	1.0000021243056660
7.0615884685781403	1.0000004911611542
7.0643125669205684	1.0000002118762277
7.0738248877324637	1.0000000658331973
7.0748886435691540	1.0000000377513001
7.0804696232627835	1.0000000027165159
7.0821175176416542	0.9999999972365065
7.0972194365804393	0.9999999938318928
7.0981709088870977	0.9999999932445612
7.1089938018286434	0.9999999929109012
7.1102055652230938	0.9999999928503067
7.1199843794780691	0.9999999928167970
7.1216027521419045	0.9999999928105426
7.1308283376287802	0.9999999928071245
7.1328086291001345	0.9999999928064774
7.1417488877026134	0.9999999928061258
7.1439916239050154	0.9999999928060588
7.1527308690830544	0.9999999928060225
7.1551757217078462	0.9999999928060154
7.1639127354813068	0.9999999928060117
7.1662991728205583	0.9999999928060109
7.1676712756960894	0.9999999928060108
7.1681284699401466	0.9999966574956295
7.1899308640064250	0.9999960923619329
9.4971643395504586	0.9994226984909920
9.4992943217070032	0.9998948214748343
9.5233019876557563	0.9999731504651235
9.5368960669527230	0.9999951523114279
9.5523591344273822	0.9999983402572242
9.5707843924324099	0.9999992247917595
9.5887074835161155	0.9999993538708820
9.6059384100165026	0.9999993893920114
9.6258634225896511	0.9999993945768989
9.6418196005150634	0.9999993960134568
9.6625973873764153	0.9999993962231479
9.6782221665504178	0.9999993962812611
9.6994114447715614	0.9999993962897440
9.7148670163336543	0.9999993962920948
9.7362599973208663	0.9999993962924378
9.7516110429580305	0.9999993962925331
9.7730658045481693	0.9999993962925467
9.7883604031758207	0.9999993962925509
9.8104491983231874	0.9999993962925513
9.8334560198862651	0.9999993962925514
9.8337759216164518	0.9999993962925515
9.8722938828727997	0.9999993962925517
9.8806392791101345	1.0011744859338758
9.8905668408589413	1.0003572292253153
9.8966545301164590	1.0001358282585151
9.9034660295740977	1.0000386204432861
9.9071342895324044	1.0000187641277318
9.9211306916780408	1.0000049916656335
9.9253797679500071	1.0000032111516579
9.9309484671917065	1.0000027265057383
9.9760448289008163	1.0000026461274163
9.9950349703704315	1.0000026430705664
