0.0000000000000000	0.0000000000000000
0.1918171540728100	0.0000300000000000
0.1920421830539227	0.0000085962033316
0.1935587150103784	0.0000150389791293
0.1936238847527148	0.0000254648691114
0.1939230551476998	0.0000240981002539
0.1944092516130656	0.0000266496409215
0.1947993750556180	0.0000302189810543
0.1951735326655043	0.0000402189810543
0.1953250597889759	0.0000422264648197
0.1957361807379366	0.0000532332490486
0.1961111092947457	0.0000639704110341
0.1964284780071965	0.0000739704110341
0.1966887416892615	0.0000839704110341
0.1969212400573726	0.0000939704110341
0.1971372679573399	0.0001039704110340
0.1973189524092049	0.0001139704110340
0.1974946468220986	0.0001239704110340
0.1976473843161469	0.0001339704110341
0.1977961532519740	0.0001439704110341
0.1979277672618136	0.0001539704110341
0.1980557920386579	0.0001639704110341
0.1981711887615499	0.0001739704110341
0.1982835261267792	0.0001839704110341
0.1983852087838323	0.0001939704110341
0.1984839224155714	0.0002039704110341
0.1985784862602560	0.0002139704110340
0.1986674592573569	0.0002239704110340
0.1987524551152758	0.0002339704110340
0.1988336025056598	0.0002439704110340
0.1989109513189817	0.0002539704110340
0.1989855951792003	0.0002639704110340
0.1990566949285952	0.0002739704110341
0.1991258152373246	0.0002839704110341
0.1991915528484303	0.0002939704110341
0.1992558307615973	0.0003039704110340
0.1993170548456410	0.0003139704110340
0.1993772220456700	0.0003239704110340
0.1994345669737293	0.0003339704110340
0.1994911086087938	0.0003439704110340
0.1995449331803054	0.0003539704110340
0.1995982665583114	0.0003639704110340
0.1996491580527613	0.0003739704110341
0.1996996192107200	0.0003839704110341
0.1997477158373589	0.0003939704110341
0.1997956020144836	0.0004039704110341
0.1998412691379435	0.0004139704110341
0.1998867119826125	0.0004239704110341
0.1999302534832932	0.0004339704110341
0.1999735275919551	0.0004439704110341
0.2000151038565665	0.0004539704110341
0.2000563224644102	0.0004639704110341
0.2000961295960300	0.0004739704110341
0.2001355452007907	0.0004839704110341
0.2001737589401785	0.0004939704110341
0.2002115111651808	0.0005039704110341
0.2002482434565261	0.0005139704110341
0.2002844752457068	0.0005239704110341
0.2003198366171114	0.0005339704110341
0.2003546519359613	0.0005439704110341
0.2003887384336761	0.0005539704110341
0.2004222599372367	0.0005639704110341
0.2004550797409166	0.0005739704110341
0.2004873086200089	0.0005839704110341
0.2005190707585291	0.0005939704110341
0.2005502660498967	0.0006039704110341
0.2005809085359742	0.0006139704110341
0.2006109874500206	0.0006239704110341
0.2006407954538423	0.0006339704110341
0.2006698064236666	0.0006439704110341
0.2006986930900363	0.0006539704110341
0.2007268255814030	0.0006639704110341
0.2007548342691971	0.0006739704110341
0.2007821125697732	0.0006839704110341
0.2008093220198751	0.0006939704110341
0.2008357865894512	0.0007039704110341
0.2008622761708013	0.0007139704110341
0.2008879275044346	0.0007239704110341
0.2009136464024824	0.0007339704110341
0.2009386750424350	0.0007439704110341
0.2009635968598694	0.0007539704110341
0.2009880481317983	0.0007639704110341
0.2010123036562561	0.0007739704110341
0.2010360613410490	0.0007839704110341
0.2010597258474790	0.0007939704110341
0.2010829609267697	0.0008039704110341
0.2011059393763082	0.0008139704110341
0.2011285810159188	0.0008239704110341
0.2011510546606480	0.0008339704110341
0.2011732352697248	0.0008439704110341
0.2011950846582030	0.0008539704110341
0.2012166761880601	0.0008639704110341
0.2012380430252149	0.0008739704110341
0.2012591941492828	0.0008839704110341
0.2012800980667240	0.0008939704110341
0.2013008121095896	0.0009039704110341
0.2013212058156029	0.0009139704110341
0.2013414161251596	0.0009239704110341
0.2013613439103163	0.0009339704110341
0.2013811495209721	0.0009439704110341
0.2014006517117679	0.0009539704110341
0.2014200618744756	0.0009639704110341
0.2014391554157202	0.0009739704110341
0.2014581807716832	0.0009839704110341
0.2014768744003168	0.0009939704110341
0.2014955271223784	0.0010039704110341
0.2015138381106883	0.0010140101151444
0.2015321898332366	0.0010241502162959
0.2015504025472624	0.0010343917184588
0.2015687432110651	0.0010447356356434
0.2015869840604543	0.0010551829919998
0.2016053083687077	0.0010657348219198
0.2016235826869398	0.0010763921701390
0.2016418864095177	0.0010871560918404
0.2016601993278153	0.0010980276527588
0.2016784804422919	0.0011090079292864
0.2016968368252069	0.0011200980085793
0.2017150915517127	0.0011312989886651
0.2017334421151308	0.0011426119785517
0.2017517247488823	0.0011540380983373
0.2017700399390207	0.0011655784793206
0.2017883809933701	0.0011772342641138
0.2018066633403664	0.0011890066067550
0.2018250175738977	0.0012008966728225
0.2018433131632857	0.0012129056395508
0.2018616299186400	0.0012250346959463
0.2018799972048338	0.0012372850429057
0.2018982737405939	0.0012496578933348
0.2019166097525233	0.0012621544722681
0.2019349577202142	0.0012747760169908
0.2019532509750776	0.0012875237771607
0.2019715945501972	0.0013003990149323
0.2019899392570136	0.0013134030050817
0.2020082391476291	0.0013265370351325
0.2020265815660786	0.0013398024054838
0.2020449382350662	0.0013532004295386
0.2020632373091293	0.0013667324338340
0.2020815719871853	0.0013803997581724
0.2020999344015887	0.0013942037557541
0.2021182482318913	0.0014081457933116
0.2021365712688755	0.0014222272512447
0.2021549177048059	0.0014364495237572
0.2021732782663939	0.0014508140189947
0.2021915877251994	0.0014653221591847
0.2022099171214434	0.0014799753807766
0.2022282654199947	0.0014947751345843
0.2022466284992205	0.0015097228859302
0.2022649443816440	0.0015248201147895
0.2022832729931486	0.0015400683159373
0.2023016144210058	0.0015554689990967
0.2023199672900309	0.0015710236890877
0.2023383237972521	0.0015867339259785
0.2023566461666968	0.0016026012652383
0.2023749785182164	0.0016186272778907
0.2023933191299601	0.0016348135506696
0.2024116664108699	0.0016511616861763
0.2024300193381016	0.0016676733030381
0.2024483763038600	0.0016843500360684
0.2024667085827521	0.0017011935364291
0.2024850440512976	0.0017182054717934
0.2025033834713095	0.0017353875265114
0.2025217268453274	0.0017527414017765
0.2025400724732928	0.0017702688157942
0.2025584207111578	0.0017879715039522
0.2025767697494447	0.0018058512189917
0.2025951204106047	0.0018239097311816
0.2026134709142284	0.0018421488284934
0.2026318223601608	0.0018605703167784
0.2026501728796011	0.0018791760199461
0.2026685239464361	0.0018979677801456
0.2026868737231059	0.0019169474579470
0.2027052212019393	0.0019361169325265
0.2027235702979233	0.0019554781018518
0.2027419192459278	0.0019750328828703
0.2027602682935567	0.0019947832116990
0.2027786164510870	0.0020147310438160
0.2027969641095767	0.0020348783542542
0.2028153113566272	0.0020552271377967
0.2028336583815827	0.0020757794091747
0.2028520052208402	0.0020965372032664
0.2028703522544389	0.0021175025752991
0.2028886989453433	0.0021386776010521
0.2029070462803365	0.0021600643770626
0.2029253930420374	0.0021816650208332
0.2029437401931629	0.0022034816710415
0.2029620873171262	0.0022255164877519
0.2029804345226927	0.0022477716526295
0.2029987822843113	0.0022702493691558
0.2030171298229822	0.0022929518628473
0.2030354778654381	0.0023158813814758
0.2030538260452877	0.0023390401952905
0.2030721743724308	0.0023624305972435
0.2030905234456069	0.0023860549032159
0.2031088723953196	0.0024099154522480
0.2031272217043630	0.0024340146067705
0.2031455716769915	0.0024583547528383
0.2031639216225020	0.0024829383003666
0.2031822720181514	0.0025077676833703
0.2032006230517048	0.0025328453602040
0.2032189741418785	0.0025581738138061
0.2032373256862968	0.0025837555519441
0.2032556779860341	0.0026095931074636
0.2032740303477837	0.0026356890385382
0.2032923831042194	0.0026620459289236
0.2033107365521987	0.0026886663882128
0.2033290903410105	0.0027155530520950
0.2033474443999586	0.0027427085826159
0.2033657989008156	0.0027701356684421
0.2033841540418537	0.0027978370251265
0.2034025093001474	0.0028258153953778
0.2034208648613648	0.0028540735493315
0.2034392208983309	0.0028826142848248
0.2034575775771961	0.0029114404276731
0.2034759345379932	0.0029405548319498
0.2034942918034963	0.0029699603802693
0.2035126495278219	0.0029996599840720
0.2035310078091215	0.0030296565839127
0.2035493667487152	0.0030599531497518
0.2035677259988725	0.0030905526812493
0.2035860856238200	0.0031214582080618
0.2036044457232179	0.0031526727901424
0.2036228063594107	0.0031841995180438
0.2036411675953921	0.0032160415132243
0.2036595294664031	0.0032482019283565
0.2036778918177978	0.0032806839476401
0.2036962546102045	0.0033134907871165
0.2037146178908105	0.0033466256949877
0.2037329817045436	0.0033800919519375
0.2037513460808379	0.0034138928714569
0.2037697110470552	0.0034480318001715
0.2037880766199517	0.0034825121181732
0.2038064428130954	0.0035173372393549
0.2038248096349943	0.0035525106117484
0.2038431770906990	0.0035880357178659
0.2038615451840242	0.0036239160750446
0.2038799139142451	0.0036601552357950
0.2038982832835341	0.0036967567881529
0.2039166532891165	0.0037337243560345
0.2039350239333676	0.0037710615995948
0.2039533952118036	0.0038087722155908
0.2039717671282726	0.0038468599377467
0.2039901396783827	0.0038853285371242
0.2040085128687162	0.0039241818224954
0.2040268866941874	0.0039634236407204
0.2040452611619455	0.0040030578771276
0.2040636362691839	0.0040430884558988
0.2040820120214080	0.0040835193404578
0.2041003884204462	0.0041243545338624
0.2041187654700788	0.0041655980792010
0.2041371431771919	0.0042072540599930
0.2041555215435429	0.0042493266005929
0.2041739005796550	0.0042918198665989
0.2041922802871405	0.0043347380652648
0.2042106606740538	0.0043780854459175
0.2042290417484707	0.0044218663003767
0.2042474235155473	0.0044660849633804
0.2042658059871752	0.0045107458130142
0.2042841891658764	0.0045558532711443
0.2043025730467302	0.0046014118038558
0.2043209576300499	0.0046474259218943
0.2043393429104071	0.0046939001811133
0.2043577288889002	0.0047408391829244
0.2043761155687375	0.0047882475747537
0.2043945029496762	0.0048361300505012
0.2044128910368053	0.0048844913510063
0.2044312798367722	0.0049333362645164
0.2044496693528219	0.0049826696271616
0.2044680595926144	0.0050324963234331
0.2044864505670163	0.0050828212866675
0.2045048422815152	0.0051336494995341
0.2045232347453668	0.0051849859945295
0.2045416279712410	0.0052368358544748
0.2045600219695571	0.0052892042130196
0.2045784167504443	0.0053420962551498
0.2045968123270951	0.0053955172177013
0.2046152087148183	0.0054494723898783
0.2046336059256492	0.0055039671137771
0.2046520039724507	0.0055590067849149
0.2046704028699423	0.0056145968527641
0.2046888026339875	0.0056707428212917
0.2047072032781060	0.0057274502495046
0.2047256048132708	0.0057847247519996
0.2047440072512461	0.0058425719995196
0.2047624106042831	0.0059009977195148
0.2047808148851361	0.0059600076967099
0.2047992201058353	0.0060196077736771
0.2048176262761548	0.0060798038514139
0.2048360334068055	0.0061406018899281
0.2048544415092704	0.0062020079088274
0.2048728505957711	0.0062640279879156
0.2048912606791672	0.0063266682677948
0.2049096717729190	0.0063899349504727
0.2049280838904682	0.0064538342999774
0.2049464970442988	0.0065183726429772
0.2049649112476490	0.0065835563694070
0.2049833265144218	0.0066493919331011
0.2050017428590585	0.0067158858524321
0.2050201602965333	0.0067830447109564
0.2050385788422520	0.0068508751580660
0.2050569985121025	0.0069193839096466
0.2050754193223613	0.0069885777487431
0.2050938412897875	0.0070584635262306
0.2051122644315341	0.0071290481614929
0.2051306887652838	0.0072003386431078
0.2051491143091664	0.0072723420295388
0.2051675410818799	0.0073450654498342
0.2051859691026131	0.0074185161043325
0.2052043983911826	0.0074927012653759
0.2052228289664381	0.0075676282780296
0.2052412608462992	0.0076433045608099
0.2052596940478753	0.0077197376064180
0.2052781285877016	0.0077969349824822
0.2052965635530525	0.0078749043323070
0.2053149962895303	0.0079536533756300
0.2053334304911389	0.0080331899093863
0.2053518661670375	0.0081135218084802
0.2053703033076640	0.0081946570265650
0.2053887419008305	0.0082766035968307
0.2054071819375634	0.0083593696327990
0.2054256234119493	0.0084429633291270
0.2054440663209791	0.0085273929624183
0.2054625106645012	0.0086126668920425
0.2054809564450299	0.0086987935609629
0.2054994036676286	0.0087857814965726
0.2055178523397096	0.0088736393115383
0.2055363024708093	0.0089623757046537
0.2055547540724962	0.0090519994617001
0.2055732071582291	0.0091425194563172
0.2055916617432425	0.0092339446508803
0.2056101178445130	0.0093262840973891
0.2056285754806726	0.0094195469383629
0.2056470345943871	0.0095137424077466
0.2056654948895410	0.0096088798318240
0.2056839564129530	0.0097049686301423
0.2057024192089431	0.0098020183164437
0.2057208833198461	0.0099000384996082
0.2057393487864422	0.0099990388846043
0.2057578156481265	0.0100990292734504
0.2057762839431569	0.0102000195661848
0.2057947537088961	0.0103020197618467
0.2058132249820093	0.0104050399594651
0.2058316977986730	0.0105090903590598
0.2058501721948024	0.0106141812626504
0.2058686482062630	0.0107203230752769
0.2058871258690406	0.0108275263060297
0.2059056052194068	0.0109358015690901
0.2059240862941128	0.0110451595847809
0.2059425691303996	0.0111556111806288
0.2059610537660097	0.0112671672924351
0.2059795402391789	0.0113798389653595
0.2059980285886802	0.0114936373550131
0.2060165188535048	0.0116085737285632
0.2060350110706813	0.0117246594658489
0.2060535052567602	0.0118419060605074
0.2060720014128206	0.0119603251211125
0.2060904995429258	0.0120799283723236
0.2061089996541876	0.0122007276560468
0.2061275017568195	0.0123227349326072
0.2061460058640765	0.0124459622819332
0.2061645119920961	0.0125704219047525
0.2061830201597847	0.0126961261238001
0.2062015303887427	0.0128230873850381
0.2062200427032256	0.0129513182588884
0.2062385571301187	0.0130808314414772
0.2062570736989233	0.0132116397558919
0.2062755924417646	0.0133437561534508
0.2062941133934220	0.0134771937149852
0.2063126365911405	0.0136119656521350
0.2063311620722911	0.0137480853086565
0.2063496898736425	0.0138855661617431
0.2063682200317440	0.0140244218233605
0.2063867525832908	0.0141646660415942
0.2064052875654743	0.0143063127020101
0.2064238250163228	0.0144493758290302
0.2064423649750308	0.0145938695873205
0.2064609074822614	0.0147398082831938
0.2064794525801574	0.0148872063660257
0.2064980003123903	0.0150360784296859
0.2065165507242457	0.0151864392139828
0.2065351038627440	0.0153383036061227
0.2065536597361273	0.0154916866421840
0.2065722183502654	0.0156466035086058
0.2065907797173129	0.0158030695436920
0.2066093438524322	0.0159611002391290
0.2066279107741054	0.0161207112415204
0.2066464802220262	0.0162819183539356
0.2066650518498445	0.0164447375374749
0.2066836257264607	0.0166091849128496
0.2067022019210135	0.0167752767619782
0.2067207805031987	0.0169430295295980
0.2067393615435886	0.0171124598248940
0.2067579451139574	0.0172835844231428
0.2067765312876148	0.0174564202673741
0.2067951201394757	0.0176309844700480
0.2068137117460874	0.0178072943147485
0.2068323061844298	0.0179853672578959
0.2068509035291680	0.0181652209304749
0.2068695038534512	0.0183468731397797
0.2068881072296761	0.0185303418711775
0.2069067137302026	0.0187156452898891
0.2069253234279242	0.0189028017427879
0.2069439363965385	0.0190918297602157
0.2069625526698772	0.0192827480578178
0.2069811722668524	0.0194755755383960
0.2069997952144076	0.0196703312937800
0.2070184215472464	0.0198670346067177
0.2070370513076219	0.0200657049527850
0.2070556845417731	0.0202663620023127
0.2070743212985441	0.0204690256223357
0.2070929597742516	0.0206737158785590
0.2071115917500665	0.0208804530373447
0.2071302276111245	0.0210892575677181
0.2071488673984438	0.0213001501433954
0.2071675111581796	0.0215131516448294
0.2071861589419038	0.0217282831612778
0.2072048108067305	0.0219455659928907
0.2072234668152148	0.0221650216528196
0.2072421270353261	0.0223866718693480
0.2072607915351809	0.0226105385880414
0.2072794603836439	0.0228366439739218
0.2072981336388456	0.0230650104136609
0.2073168107515007	0.0232956605177977
0.2073354913535781	0.0235286171229757
0.2073541755206143	0.0237639032942055
0.2073728633337857	0.0240015423271477
0.2073915548799224	0.0242415577504191
0.2074102502516096	0.0244839733279232
0.2074289495473721	0.0247288130612025
0.2074476528710091	0.0249761011918144
0.2074663603262311	0.0252258622037326
0.2074850720176077	0.0254781208257698
0.2075037880513015	0.0257329020340274
0.2075225084131529	0.0259902310543677
0.2075412314771715	0.0262501333649113
0.2075599591984947	0.0265126346985605
0.2075786916972956	0.0267777610455461
0.2075974290684932	0.0270455386560016
0.2076161713533483	0.0273159940425615
0.2076349186011403	0.0275891539829869
0.2076536708691228	0.0278650455228167
0.2076724282230574	0.0281436959780451
0.2076911907377584	0.0284251329378255
0.2077099584970949	0.0287093842672038
0.2077287315940545	0.0289964781098758
0.2077475101309020	0.0292864428909745
0.2077662942164679	0.0295793073198841
0.2077850839619575	0.0298751003930829
0.2078038787044917	0.0301738513970139
0.2078226780602179	0.0304755899109840
0.2078414822314966	0.0307803458100938
0.2078602913955951	0.0310881492681949
0.2078791056523408	0.0313990307608768
0.2078979251138468	0.0317130210684854
0.2079167499047246	0.0320301512791700
0.2079355801590682	0.0323504527919615
0.2079544160148320	0.0326739573198812
0.2079732576149461	0.0330006968930801
0.2079921051084395	0.0333307038620110
0.2080109446913565	0.0336640109006313
0.2080297849563584	0.0340006510096378
0.2080486318376953	0.0343406575197342
0.2080674854815766	0.0346840640949314
0.2080863460387635	0.0350309047358809
0.2081052135808401	0.0353812137832395
0.2081240881581120	0.0357350259210720
0.2081429698380363	0.0360923761802825
0.2081618587053554	0.0364532999420856
0.2081807548619905	0.0368178329415062
0.2081996584271117	0.0371860112709214
0.2082185680192831	0.0375578713836305
0.2082374837172792	0.0379334500974666
0.2082564057647255	0.0383127845984415
0.2082753344066101	0.0386959124444259
0.2082942698909714	0.0390828715688703
0.2083132124300671	0.0394737002845588
0.2083321621484184	0.0398684372874044
0.2083511191924240	0.0402671216602784
0.2083700837236677	0.0406697928768814
0.2083890559143358	0.0410764908056500
0.2084080359484984	0.0414872557137064
0.2084270240234712	0.0419021282708434
0.2084460203511614	0.0423211495535520
0.2084650251584697	0.0427443610490875
0.2084840386765875	0.0431718046595781
0.2085030610168937	0.0436035227061741
0.2085220922893431	0.0440395579332362
0.2085411311227389	0.0444799535125686
0.2085601773139141	0.0449247530476945
0.2085792311440642	0.0453740005781713
0.2085982929094140	0.0458277405839531
0.2086173596663816	0.0462860179897927
0.2086364108427622	0.0467488781696903
0.2086554711592058	0.0472163669513870
0.2086745408854187	0.0476885306209009
0.2086936202710639	0.0481654159271101
0.2087127094498150	0.0486470700863809
0.2087318085886390	0.0491335407872444
0.2087509178796254	0.0496248761951172
0.2087700353253085	0.0501211249570684
0.2087891615128140	0.0506223362066392
0.2088082984990065	0.0511285595687057
0.2088274462560059	0.0516398451643926
0.2088466029687728	0.0521562436160365
0.2088657690508562	0.0526778060521965
0.2088849447700793	0.0532045841127185
0.2089041304154280	0.0537366299538460
0.2089233262985021	0.0542739962533845
0.2089425327552573	0.0548167362159181
0.2089617501469877	0.0553649035780775
0.2089809788451672	0.0559185526138585
0.2090002192345161	0.0564777381399972
0.2090194715623935	0.0570425155213972
0.2090387360552532	0.0576129406766114
0.2090580129809148	0.0581890700833773
0.2090773020166268	0.0587709607842114
0.2090965807941583	0.0593586703920532
0.2091158564782963	0.0599522570959739
0.2091351437484859	0.0605517796669340
0.2091544430722032	0.0611572974636030
0.2091737549381145	0.0617688704382392
0.2091930796607494	0.0623865591426213
0.2092124175504782	0.0630104247340473
0.2092317689482572	0.0636405289813874
0.2092511342284409	0.0642769342712011
0.2092705138019182	0.0649197036139132
0.2092899081154765	0.0655689006500521
0.2093093175662387	0.0662245896565525
0.2093287397283994	0.0668868355531183
0.2093481746570380	0.0675557039086497
0.2093676228430001	0.0682312609477358
0.2093870848147180	0.0689135735572135
0.2094065611377913	0.0696027092927854
0.2094260523955511	0.0702987363857133
0.2094455591625571	0.0710017237495701
0.2094650817969764	0.0717117409870662
0.2094845873916415	0.0724288583969365
0.2095040974562081	0.0731531469809059
0.2095236194924549	0.0738846784507145
0.2095431571829570	0.0746235252352215
0.2095627099022311	0.0753697604875735
0.2095822783754227	0.0761234580924488
0.2096018632613834	0.0768846926733738
0.2096214650460439	0.0776535396001069
0.2096410842714543	0.0784300749961084
0.2096607215231825	0.0792143757460689
0.2096803774357009	0.0800065195035297
0.2097000526968398	0.0808065846985649
0.2097197468914437	0.0816146505455501
0.2097394575062918	0.0824307970510061
0.2097591852576202	0.0832551050215163
0.2097789309079516	0.0840876560717318
0.2097986882478653	0.0849285326324487
0.2098184179231924	0.0857778179587730
0.2098381683569259	0.0866355961383604
0.2098579401804809	0.0875019520997441
0.2098777339164282	0.0883769716207418
0.2098975501686898	0.0892607413369486
0.2099173868204227	0.0901533487503183
0.2099372429749950	0.0910548822378219
0.2099571196353474	0.0919654310601995
0.2099770176671140	0.0928850853708015
0.2099969378091571	0.0938139362245090
0.2100168808883992	0.0947520755867542
0.2100368478032829	0.0956995963426221
0.2100568355182308	0.0966565923060482
0.2100768403327793	0.0976231582291092
0.2100968105980345	0.0985993898114004
0.2101167979139644	0.0995853837095148
0.2101368090003362	0.1005812375466101
0.2101568448585471	0.1015870499220763
0.2101769065542230	0.1026029204212968
0.2101969951819289	0.1036289496255096
0.2102171114911326	0.1046652391217645
0.2102372547042834	0.1057118915129825
0.2102574219969272	0.1067690104281128
0.2102776146877805	0.1078367005323932
0.2102978341676647	0.1089150675377178
0.2103180815584521	0.1100042182130943
0.2103383303294169	0.1111042603952254
0.2103585615642164	0.1122153029991770
0.2103788245805865	0.1133374560291690
0.2103991179490274	0.1144708305894600
0.2104194393265992	0.1156155388953549
0.2104397901664121	0.1167716942843080
0.2104601717031686	0.1179394112271513
0.2104805831209495	0.1191188053394232
0.2105010185470043	0.1203099933928177
0.2105214886798653	0.1215130933267456
0.2105419885057765	0.1227282242600131
0.2105625025778403	0.1239555065026126
0.2105829825746957	0.1251950615676382
0.2106034969173767	0.1264470121833149
0.2106240472582133	0.1277114823051479
0.2106446351623212	0.1289885971281991
0.2106652619159622	0.1302784830994818
0.2106859229889196	0.1315812679304761
0.2107066188551031	0.1328970806097814
0.2107273515131180	0.1342260514158784
0.2107481227987730	0.1355683119300375
0.2107689207400553	0.1369239950493381
0.2107896757377944	0.1382932349998312
0.2108104747331238	0.1396761673498297
0.2108313115196271	0.1410729290233272
0.2108521743959435	0.1424836583135609
0.2108730787527314	0.1439084948966956
0.2108940269306754	0.1453475798456616
0.2109150210398243	0.1468010556441182
0.2109360583529896	0.1482690662005596
0.2109571374087076	0.1497517568625644
0.2109781599706480	0.1512492744311897
0.2109992229898648	0.1527617671755014
0.2110203345878064	0.1542893848472560
0.2110414972403143	0.1558322786957294
0.2110627100121504	0.1573906014826859
0.2110839688463125	0.1589645074975126
0.2111052764064447	0.1605541525724878
0.2111266355476310	0.1621596940982118
0.2111479769802994	0.1637812910391945
0.2111693062221601	0.1654191039495868
0.2111906913352053	0.1670732949890834
0.2112121278697685	0.1687440279389748
0.2112336189560413	0.1704314682183639
0.2112551679036099	0.1721357829005474
0.2112767772987355	0.1738571407295530
0.2112984441583354	0.1755957121368479
0.2113200753795371	0.1773516692582166
0.2113417262433789	0.1791251859507998
0.2113634392808401	0.1809164378103073
0.2113852176833951	0.1827256021884098
0.2114070624143750	0.1845528582102928
0.2114289478527612	0.1863983867923955
0.2114508968708315	0.1882623706603184
0.2114728530310165	0.1901449943669221
0.2114947919140070	0.1920464443105923
0.2115168050851725	0.1939669087536992
0.2115388891261204	0.1959065778412353
0.2115610422391876	0.1978656436196464
0.2115832688944310	0.1998443000558431
0.2116055731453332	0.2018427430564013
0.2116278536295136	0.2038611704869642
0.2116501470683592	0.2058997821918334
0.2116724967807481	0.2079587800137520
0.2116949267007812	0.2100383678138905
0.2117174413802446	0.2121387514920286
0.2117400425712634	0.2142601390069497
0.2117626866070696	0.2164027403970203
0.2117852774905440	0.2185667678009899
0.2118079572635049	0.2207524354790001
0.2118307310424158	0.2229599598337913
0.2118536000680208	0.2251895594321295
0.2118765395718938	0.2274414550264511
0.2118995303273218	0.2297158695767157
0.2119224565831430	0.2320130282724815
0.2119454871694934	0.2343331585552074
0.2119686204756115	0.2366764901407596
0.2119918527730752	0.2390432550421659
0.2120151906807806	0.2414336875925891
0.2120385426730459	0.2438480244685149
0.2120618928413781	0.2462865047131987
0.2120853205193970	0.2487493697603292
0.2121088571576633	0.2512368634579335
0.2121325122639232	0.2537492320925124
0.2121562812947183	0.2562867244134388
0.2121799526863664	0.2588495916575723
0.2122037418091693	0.2614380875741468
0.2122276577370066	0.2640524684498871
0.2122517044317754	0.2666929931343852
0.2122758437067181	0.2693599230657274
0.2122999088089223	0.2720535222963832
0.2123240688254492	0.2747740575193458
0.2123483730308252	0.2775217980945390
0.2123728252502467	0.2802970160754831
0.2123974156320595	0.2830999862362384
0.2124219189110541	0.2859309860986008
0.2124465010762820	0.2887902959595856
0.2124712461264724	0.2916781989191817
0.2124961422114216	0.2945949809083723
0.2125211577758344	0.2975409307174559
0.2125460904542608	0.3005163400246302
0.2125712028140495	0.3035215034248753
0.2125964665029383	0.3065567184591256
0.2126218710415179	0.3096222856437154
0.2126472712786615	0.3127185085001533
0.2126727372299542	0.3158456935851565
0.2126983937998207	0.3190041505210076
0.2127242400815406	0.3221941920262181
0.2127501908721812	0.3254161339464805
0.2127760481257129	0.3286702952859455
0.2128021163942501	0.3319569982388051
0.2128283930022828	0.3352765682211920
0.2128548852770371	0.3386293339034052
0.2128812442852206	0.3420156272424402
0.2129077888540658	0.3454357835148636
0.2129345431752350	0.3488901413500105
0.2129615452316407	0.3523790427635089
0.2129884132146597	0.3559028331911436
0.2130155223631397	0.3594618615230565
0.2130428500293990	0.3630564801382865
0.2130703966878215	0.3666870449396676
0.2130978069771963	0.3703539153890631
0.2131254948653115	0.3740574545429529
0.2131534659000229	0.3777980290883819
0.2131815842337934	0.3815760093792642
0.2132096233116667	0.3853917694730584
0.2132379638074593	0.3892456871677892
0.2132666223007617	0.3931381440394684
0.2132953470052275	0.3970695254798632
0.2133240968793959	0.4010402207346631
0.2133531747560393	0.4050506229420089
0.2133826126775249	0.4091011291714297
0.2134119036498270	0.4131921404631457
0.2134414856715807	0.4173240618677787
0.2134714058965618	0.4214973024864558
0.2135014535626724	0.4257122755113199
0.2135316172906387	0.4299693982664326
0.2135621248575799	0.4342690922490953
0.2135929569267551	0.4386117831715855
0.2136236682099167	0.4429979010033015
0.2136548646041247	0.4474278800133332
0.2136864111885686	0.4519021588134655
0.2137178782745461	0.4564211804016006
0.2137497171599619	0.4609853922056173
0.2137820642839510	0.4655952461276722
0.2138143819104107	0.4702511985889509
0.2138469445050321	0.4749537105748401
0.2138801037811871	0.4797032476805895
0.2139133703688309	0.4845002801573960
0.2139467480030147	0.4893452829589715
0.2139807624155641	0.4942387357885621
0.2140150304475734	0.4991811231464486
0.2140493350808614	0.5041729343779146
0.2140843191809812	0.5092146637216950
0.2141196265746815	0.5143068103589132
0.2141549765688512	0.5194498784625037
0.2141910618029528	0.5246443772471292
0.2142274469486820	0.5298908210195993
0.2142639419252700	0.5351897292297945
0.2143012954988391	0.5405416265220918
0.2143388024414485	0.5459470427873141
0.2143766020722822	0.5514065132151865
0.2144154071266716	0.5569205783473397
0.2144540852937694	0.5624897841308151
0.2144933992219031	0.5681146819721237
0.2145337927063500	0.5737958287918454
0.2145737382847821	0.5795337870797647
0.2146148092226534	0.5853291249505610
0.2146565408138743	0.5911824162000674
0.2146983430132774	0.5970942403620660
0.2147414928140962	0.6030651827656872
0.2147846171699907	0.6090958345933425
0.2148285980812464	0.6151867929392757
0.2148737994707066	0.6213386608686673
0.2149187948705379	0.6275520474773530
0.2149652117854375	0.6338275679521268
0.2150122110856044	0.6401658436316471
0.2150599454828600	0.6465675020679621
0.2151091015907534	0.6530331770886436
0.2151582723123195	0.6595635088595302
0.2152088959610140	0.6661591439481240
0.2152606892021857	0.6728207353876069
0.2153128628187282	0.6795489427414817
0.2153674721958363	0.6863444321688983
0.2154214394585719	0.6932078764905857
0.2154780554320394	0.7001399552554927
0.2155352537710125	0.7071413548080475
0.2155938710694763	0.7142127683561286
0.2156547551274157	0.7213548960396898
0.2157158226480083	0.7285684450000871
0.2157801750080681	0.7358541294500881
0.2158445182681953	0.7432126707445887
0.2159123162506315	0.7506447974520334
0.2159813070607028	0.7581512454265539
0.2160522271381752	0.7657327578808201
0.2161269796487499	0.7733900854596284
0.2162021355447823	0.7811239863142240
0.2162825236809631	0.7889352261773677
0.2163628760567773	0.7968245784391409
0.2164490593715793	0.8047928242235332
0.2165368440543058	0.8128407524657690
0.2166296812720932	0.8209691599904280
0.2167259922644673	0.8291788515903329
0.2168250359235649	0.8374706401062373
0.2169329886960697	0.8458453465073009
0.2170434868255857	0.8543037999723742
0.2171647109744231	0.8628468379720984
0.2172879637120232	0.8714753063518184
0.2174280505202560	0.8801900594153363
0.2175693134797966	0.8889919600094892
0.2177308077634798	0.8985438099727032
0.2179153631907345	0.9075292480724301
0.2180983327944167	0.9166045405531543
0.2183135787288132	0.9258496855665626
0.2185537295457375	0.9348945331920179
0.2188121401711538	0.9442434785239385
0.2190784897136423	0.9607408419996587
0.2191070919962902	0.9522983575259507
0.2193420697172402	0.9590050210649550
0.2196969204775394	0.9669234409787955
0.2197492405059609	0.9644547753777744
0.2200142305862171	0.9717698411582844
0.2200206992290252	0.9697685915432781
0.2203480551807591	0.9807143365408949
0.2206390363357777	0.9853535642765172
0.2209764103347843	0.9785780969560967
0.2214290311474298	0.9899101300131513
0.2217852257884745	0.9926007489178716
0.2227229688207055	0.9947658979168470
0.2235000552490861	0.9961199042373852
0.2235806091901250	0.9969255417522431
0.2277847067233907	0.9990684616244619
0.2286595282067518	0.9993407684845701
0.2319717423531167	0.9997238169374731
0.2333700041506551	0.9998739526733027
0.2348266761042981	0.9999412193949225
0.2380918274460546	0.9999653950762428
0.2431570577104748	0.9999895197864820
0.2458847878676558	0.9999949300550469
0.2538186783686722	0.9999985003507170
0.2555611320262394	0.9999993151299750
0.2633548100421471	0.9999997926035369
0.2658936748122562	0.9999999021096986
0.2724656908725400	0.9999999698684737
0.2745965121109820	0.9999999860455980
0.2815801886189137	0.9999999957522596
0.2844270710077954	0.9999999980517428
0.2913433784442034	0.9999999994125337
0.2944181092945767	0.9999999997315008
0.3011906724574726	0.9999999999195333
0.3042867455070925	0.9999999999632481
0.3109757869400738	0.9999999999890155
0.3139903136569153	0.9999999999949790
0.3206169578202258	0.9999999999984996
0.3235036874789955	0.9999999999993134
0.3301127912794773	0.9999999999997947
0.3329019101163199	0.9999999999999060
0.3395213524431367	0.9999999999999722
0.3422641558940637	0.9999999999999872
0.3490323225401928	0.9999999999999962
0.3519851286626418	0.9999999999999982
0.3586544217849296	0.9999999999999996
0.3607645135280489	0.9999999999999999
0.3636811346604033	0.9999999999999999
0.3644542104173891	1.0099999999999998
0.3648886499442664	1.0021756588469757
0.3667874819854735	1.0012059232072974
0.3736756416146881	1.0002729175305598
0.3767442112462441	1.0001509743599502
0.3853393688964460	1.0000565601859102
0.3874400541571661	1.0000243520222347
0.3938048305476878	1.0000093975934756
0.3985438659825098	1.0000068489340881
0.4059915680874892	1.0000054147071786
0.4095897377828601	1.0000051810048196
0.4162540416703412	1.0000050410079739
0.4198127989464621	1.0000050185036371
0.4202512465608175	0.9999898341668464
0.4227492279341333	0.9999878708385879
0.4335506836866033	0.9999872756165535
0.4415542142706209	0.9999871986040147
0.4421069533646699	0.9999865175138500
0.4603608715684146	0.9999675966591364
0.4628725702054159	0.9999647874472991
0.4817769438586808	0.9999634310297049
0.4925577111397749	0.9999122511767836
0.5142952089740813	0.9999102254938945
0.5283484148672896	0.9997821987996343
0.5676240792715328	0.9998997118830271
0.5676499740716764	0.9999159951348850
0.5894783581672514	0.9999179796663134
0.5895176147306972	0.9999185260625422
0.5971033271008498	0.9999186481440254
0.6105745665393930	0.9999620251645286
0.6105752010279905	0.9999676492702331
0.6323024784361264	0.9999683782355939
0.6323199550947048	0.9999691991001476
0.6323525290586205	0.9999695058703861
0.6398951692769042	0.9999695455190776
0.6575749269092566	0.9999854144567158
0.6575852146020401	0.9999874707178714
0.6704534620809547	0.9999876658062796
0.6785681780426372	0.9999879567744568
0.6988418381353803	0.9999883018591498
0.6991138334586376	0.9999883464656514
0.7090545887149727	0.9999972522137239
0.7090687041282427	0.9999984033312082
0.7384128760248115	0.9999988951162513
0.7450113638228202	0.9999989586810004
0.7693708873277141	0.9999989785748153
0.7783778667720427	0.9999989811461186
0.7891087337852454	0.9999993547962538
0.7904962141692399	0.9999994512999474
0.7989740315972951	0.9999994728531525
0.8003897462137359	0.9999994971220564
0.8103449435480210	0.9999995030359213
0.8174532937224201	0.9999995048358397
0.8187578481711330	0.9999995063671354
0.8283664589437143	0.9999995067329319
0.8375884991877075	0.9999995069309073
0.8435470860599884	0.9999995069665666
0.8536469332051819	0.9999995069843500
0.8586306183830581	0.9999995069875115
0.8700362815206807	0.9999995069889198
0.8746288673178678	0.9999995069891775
0.8840329518099925	0.9999995069893041
0.8888419013011988	0.9999995069893267
0.8982662904940120	0.9999995069893379
0.9029761843549229	0.9999995069893399
0.9106548202603100	0.9999995069893414
0.9151399743558967	0.9999995069893415
0.9316251936020682	0.9999995069893413
0.9415286795392679	0.9999995069893415
1.0509080858252537	0.9999995105404739
1.0534036923686236	0.9999995110664953
1.0619928697877006	0.9999995113761385
1.0681000078383929	0.9999995114161627
1.0804172316634977	0.9999995114283353
1.0830687164975810	0.9999995114359544
1.0970612173182470	0.9999995114369393
1.1046431506425030	0.9999995114374824
1.1097401713753938	0.9999995114375526
1.1136609622278257	0.9999995114377067
1.1189342298305778	0.9999995114377584
1.1190798142053433	0.9999995114683937
1.1215838196272285	0.9999995114729335
1.1219063137874996	0.9999995114780681
1.1409106354972354	0.9999995114795117
1.1454363569643788	0.9999995114797283
1.1513296148095509	0.9999995114799459
1.1624479165678274	0.9999995114799984
1.1667846282344931	0.9999995114845829
1.1692900266459689	0.9999995114857656
1.1774207820405302	0.9999995114860291
1.1806277749979275	0.9999995114862400
1.1896610467074749	0.9999995114863829
1.1923945476203424	0.9999995114864131
1.2036340495179825	0.9999995114864343
1.2089784446770639	0.9999995114864388
1.2132907567628779	0.9999995114864448
1.2226041302049142	0.9999995114864463
1.2228006931935622	0.9999995114864466
1.2258362983160116	1.0014213670895857
1.2258362983160125	1.0016034931568727
1.2311902741916521	1.0002615812733664
1.2446786189324293	1.0000908192402840
1.2591624007273441	1.0000210095492412
1.2608811236915178	1.0000119232810945
1.2790202846458143	0.9998817413375497
1.3187848110663272	0.9999814347829844
1.8145433491231440	0.9999966381810437
1.8145436982053518	0.9999986021473048
1.8363489695370014	0.9999988889515269
1.8369298967807113	0.9999991798354887
1.8434567237959438	0.9999994760532632
1.8510327611312440	0.9999995519418201
1.8617266097303342	0.9999995678103771
1.8697083489731314	0.9999995861502241
1.8837833526857610	0.9999995890620115
1.8990249372576236	0.9999995894474301
1.9017640214361771	0.9999995899287174
1.9194819154828322	0.9999995899989700
1.9321808115539931	0.9999995900146248
1.9382729617321979	0.9999995900271647
1.9559795713386896	0.9999995900289946
1.9941902781979048	0.9999995900292620
2.0115559532740344	0.9999995900292965
2.0359289479670029	0.9999995900293063
2.3870496924142848	1.0000001289121607
2.3895452957717183	1.0000002075716621
2.4088535759621004	1.0000002190527124
2.4348564425359229	1.0000002207285774
2.4522087852192853	1.0000002209451859
2.4763880000153664	1.0000002210048049
2.4866271776692592	1.0000002210125110
2.5103776049952402	1.0000002210146319
2.5206139126292255	1.0000002210149059
2.5443380770005830	1.0000002210149814
2.5546852812260155	1.0000002210149912
2.5780501370007305	1.0000002210149939
2.5894950355373383	1.0000002210149943
2.5901804719382615	1.0000002210149943
2.5948688620045823	1.0100002232251442
2.5953001439034327	1.0016143555317225
2.5970263537751945	1.0005487702708227
2.6161342894683535	1.0001262804257089
2.6219014773964244	1.0000361327375895
2.6275925404537470	1.0000120611024201
2.6321531418317856	1.0000075439158824
2.6364354594382440	1.0000019544456471
2.6392319072048336	1.0000007930965118
2.6487028565990891	1.0000002701213391
2.6545933092920770	1.0000001491258343
2.6565571310138005	1.0000000509713376
2.6591511823241247	1.0000000278792707
2.6685647884611465	1.0000000206536270
2.6691280142167773	1.0000000162282106
2.6742040920838877	1.0000000133165428
2.6873708075082643	1.0000000125001689
2.6911355647090178	1.0000000123810049
2.6959530287682254	1.0000000122261732
2.7000374202395734	1.0000000121881372
2.7081009489223979	1.0000000121491728
2.7110463810962000	1.0000000121441361
2.7131274397844827	1.0000000121423431
2.7251782105683700	1.0000000121387909
2.7267298402717230	1.0000000121382764
2.7367530867648453	1.0000000121379160
2.7398654169303724	1.0000000121378696
2.7474738422626346	1.0000000121378363
2.7613712282252272	1.0000000121378294
2.7627485989926055	1.0000000121378285
2.7654222120276883	0.9999999939941906
2.7654222121834469	0.9999999916489496
2.7872246813861148	0.9999999912623706
2.7872246813862147	0.9999999909092562
2.7872604124516371	0.9999999874722310
2.7873363475143567	0.9999999870279621
2.8047086935782892	0.9999999869515591
2.8085393198249080	0.9999999868136771
2.8088035185594422	0.9999999867958544
2.8196069167577109	0.9999999867923407
2.8245907569737083	0.9999999867866128
2.8251252139848235	0.9999999867858724
2.8340122956081228	0.9999999867857102
2.8433140411663458	0.9999999867854653
2.8440628707467481	0.9999999867854334
2.8464316677906405	0.9999999867854268
2.8621130390173755	0.9999999867854154
2.8642408126390886	0.9999999867854138
2.8726247964791423	0.9953917976108366
2.8740500142059071	0.9992383157154427
2.8782754237232551	0.9997424960287769
2.9085512322248288	0.9999410521649376
2.9187399981719166	0.9999790428660925
2.9343300861615611	0.9999917420608401
2.9347308200778692	0.9999933831247472
2.9518080366060371	0.9999940744078707
2.9557666281941954	0.9999942245148734
2.9675882885218843	0.9999942798880805
2.9740542204507103	0.9999942908010317
2.9895230836009254	0.9999942938673866
2.9953208610287954	0.9999942944541939
3.0077584384975884	0.9999942946767454
3.0140688896548888	0.9999942947203034
3.0211318284919839	0.9999984116942099
3.0211318596173560	0.9999989438460659
3.0375379027735434	0.9999991995884800
3.0411835601009201	0.9999993287173107
3.0485718620448918	0.9999994316616766
3.0490287952377577	0.9999994449682423
3.0585633540748445	0.9999994509674381
3.0803592359827086	0.9999994561298573
3.0827136372832022	0.9999994568778774
3.0986247755674703	0.9999994571825059
3.1013498390673289	0.9999994572359961
3.1150182869986516	0.9999994572567014
3.1202156568108679	0.9999994572603872
3.1329798534191280	0.9999994572618091
3.1385519392908887	0.9999994572620627
3.1446727311779337	0.9999995386068076
3.1446727411151865	0.9999995491214179
3.1664608668518928	0.9999995504814284
3.1664735527950065	0.9999995520163392
3.1669562351745317	0.9999995542451213
3.1676791437004903	0.9999995545332131
3.1944160723132455	0.9999995546641058
3.1960862437800865	0.9999995546876950
3.2097759119460489	0.9999995546967686
3.2152047372460784	0.9999995546983866
3.2278804571219606	0.9999995546990104
3.2334928073049922	0.9999995546991215
3.2461097330924797	0.9999995546991646
3.2516112232504151	0.9999995546991720
3.2638098523765384	0.9999995546991752
3.2709196398247351	0.9999995546991756
3.2732773647123170	0.9999995546991759
3.2889820793284161	0.9999995562953626
3.2889820805629717	1.0036423298377324
3.2893498096667018	1.0004687827418748
3.3144626493937879	1.0000765648133978
3.3151055704579586	1.0000755079051213
3.3370965129040107	0.9998215685634576
3.3946944354482373	0.9999814265019693
3.3954573555132339	1.0000021148174505
3.8833903105076306	1.0014219313899382
3.8834393189333469	1.0016037820140427
3.8869012393682096	1.0002919830692754
3.8999521730335056	1.0000595742366227
3.9229429669992077	1.0000359891703583
3.9299427754347116	0.9998684487268304
4.0037286152606626	0.9999771374602078
4.0797955887622326	0.9999911938847820
4.5190804483473590	0.9999932432492962
4.6233861271341805	0.9999936414179054
4.8973298268637784	0.9999936995339839
4.9191565668186801	0.9999937080229104
4.9442933104172040	0.9999986802095212
4.9442981218322943	0.9999993229009799
4.9620569656465490	0.9999995948109833
4.9638923473866416	0.9999996422442654
4.9782989562394366	0.9999996606347999
4.9834893011231260	0.9999996639069162
4.9969879832921658	0.9999996651694362
5.0028769034146681	0.9999996653943671
5.0163221085972500	0.9999996654811267
5.0216435812053666	0.9999997630858728
5.0216444370322835	0.9999997757176843
5.0434272337673622	0.9999997791943197
5.0434398201435071	0.9999997798820446
5.0442017503310721	0.9999997818823555
5.0451706662884099	0.9999997821409151
5.0553640362093395	0.9999997822632315
5.0589049288185999	0.9999997822968963
5.0723310103459038	0.9999997823908273
5.0733410468568882	0.9999997824029688
5.0792784667350039	0.9999997824096554
5.0872341662009681	0.9999997824139728
5.0877544943889168	0.9999997824155066
5.0956870368741383	0.9999997824157049
5.1093399302572644	0.9999997824160589
5.1172748165651223	0.9999997824161402
5.1210679288885901	0.9999997843319047
5.1210680397875423	0.9999997845796211
5.1428838941515131	0.9999997846891401
5.1430045712725851	0.9999997847032965
5.1602932289920682	0.9999997847092592
5.1634188296555861	0.9999997847103752
5.1772876746762444	0.9999997847108008
5.1831582017381743	0.9999997847108769
5.1964937139188470	0.9999997847109063
5.2025607569986638	0.9999997847109113
5.2168535689078492	0.9999997847109133
5.2231044827231230	0.9999997847109137
5.2240019328342306	0.9999997847109138
5.2408703196238902	0.9999997847485169
5.2408703249920174	0.9999997847533775
5.2625408715187341	0.9999997847541913
5.2626529779280480	0.9999997847549246
5.2634285966914476	0.9999997847557549
5.2637136409646148	0.9999997847558622
5.2808520263029148	0.9999997847558989
5.2827648941294987	0.9999997847559100
5.2914844753218775	0.9999997847559463
5.2924067850585041	0.9999997847559511
5.3030055787118329	0.9999997847559534
5.3064492584385965	0.9999997847559552
5.3093641156766758	0.9999997847559556
5.3106410345777775	0.9999997847559557
5.3268325240961412	0.9999997847559562
5.3601262102859035	1.0035969942661893
5.3601262102859071	1.0040513309054011
5.3622240923522595	1.0010986692492245
5.3641238639128002	1.0003649463597359
5.3719778571721406	1.0000951318355638
5.3754086791873421	1.0000299880670580
5.3873315813380387	1.0000075452184884
5.3899991360872637	1.0000022835399009
5.4022861704521636	1.0000004883651781
5.4049323491720376	1.0000000673486140
5.4170970836071097	0.9999999238722186
5.4197547735229001	0.9999998902479973
5.4319708264638633	0.9999998787926003
5.4346278179164464	0.9999998761084459
5.4468370022280723	0.9999998751940296
5.4494935844025587	0.9999998749797759
5.4617044161136645	0.9999998749067862
5.4643607899924254	0.9999998748896843
5.4765712056351248	0.9999998748838584
5.4792274272795227	0.9999998748824933
5.4914358544068884	0.9999998748820282
5.4940906183833764	0.9999998748819191
5.5063440949082976	0.9999998748818820
5.5089602692097257	0.9999998748818735
5.5208278550325147	0.9999998748818706
5.5236304626700212	0.9999998748818698
5.5327579649540954	0.9999980845125440
5.5327579649546026	0.9999994518477580
5.5545343036133472	0.9999994437158573
5.5551098101034473	0.9999980131939018
5.5551117914816048	0.9999994350773935
5.5923470715993275	0.9999979998305306
5.5923480182594973	0.9999994347147670
5.6065172184170580	0.9999994347077289
5.6171639935611415	0.9999994347072730
5.6356250162725239	0.9999994347072418
5.6522053032466628	0.9999994347072397
5.6751793672691520	0.9999972298376640
5.6907538938865496	0.9999525542572445
5.9145276604363621	0.9999814757844637
5.9146050799388270	0.9999967639952477
5.9218288860900143	0.9999990228677916
5.9290758054925581	0.9999996031500903
5.9396717748575467	0.9999997154524930
5.9424478800905280	0.9999997518057266
5.9535975611078449	0.9999997593273903
5.9590757347574339	0.9999997618095749
5.9717593527978341	0.9999997623255952
5.9778838037518902	0.9999997624961072
5.9909752791482127	0.9999997625315660
5.9972264252768204	0.9999997625432838
6.0104214350993033	0.9999997625457208
6.0167024783692744	0.9999997625465261
6.0299366206378338	0.9999997625466934
6.0362180446446834	0.9999997625467489
6.0494644919342617	0.9999997625467604
6.0559268331812062	0.9999997625467643
6.0712505586908287	0.9999997625467649
6.0777298633264003	0.9999997625467650
6.0784773658722155	0.9999997625467651
6.0794107473988648	0.9999997625467651
6.0800454354565021	1.0099997601722328
6.0804131644527573	1.0014489957217569
6.0821469885318722	1.0003825336466250
6.1011274396857429	1.0000904007440647
6.1081015145583253	1.0000323910479998
6.1150075683308547	1.0000106842202969
6.1189778999991162	1.0000067765345504
6.1318100729038729	1.0000052728632711
6.1356173062995367	1.0000019493492138
6.1380960452144162	1.0000011246811358
6.1490762129274810	1.0000008032493028
6.1566395389480029	1.0000007461172806
6.1588204133865148	1.0000006700568131
6.1612439887254613	1.0000006513484261
6.1808076834885641	1.0000006444953291
6.1881327127313304	1.0000006433892423
6.2046535433404486	1.0000006430260535
6.2087157691083288	1.0000006429742094
6.2173280558351127	0.9999493357554232
6.2198219074800187	0.9999426963140456
6.2338269025375741	0.9999408613204773
6.2991085316066240	0.9998544214565467
6.3580241789517720	0.9999330999829767
6.3580318491396746	0.9999437577996920
6.3809632473738747	0.9999450800708191
6.3809789154057492	0.9999454440868204
6.4041081047842372	0.9999454911397712
6.4149758706510127	0.9999455040904665
6.4161287192728986	0.9999905007822487
6.4161295303302532	0.9999963160363864
6.4379128848085454	0.9999970692956667
6.4379256689487185	0.9999972766348810
6.4379434553980692	0.9999981520233345
6.4386109630501114	0.9999982651754885
6.4607330415034880	0.9999983265724001
6.4611035689904499	0.9999983405554300
6.4651284046844069	0.9999983423628830
6.4827312001945829	0.9999983446678040
6.4889394892976595	0.9999983452334661
6.5059754618693555	0.9999983453891527
6.5143702361705627	0.9999983454199501
6.5219259576556903	0.9999983454239308
6.5355925047054804	0.9999983454290073
6.5425637865583237	0.9999983454302536
6.5528816095286659	0.9999983454304147
6.5643989544947248	0.9999983454306199
6.5691257351952492	0.9999987079251142
6.5708080005348775	0.9999988485413638
6.5716395880635217	0.9999988667174280
6.5870983239190082	0.9999988898956306
6.5965440390136978	0.9999988955832211
6.6135820256944795	0.9999988971486069
6.6219767177988418	0.9999988974582562
6.6375471736867926	0.9999988975434800
6.6446441556046345	0.9999988975603386
6.6602137756185353	0.9999988975649784
6.6673116364145733	0.9999988975658964
6.6748636613247321	0.9999988975660149
6.6885197059938326	0.9999988975661662
6.6955214580978009	0.9999988975662034
6.7057569393933374	0.9999988975662082
6.7161831909832310	0.9999989116540441
6.7186787940430497	0.9999989134750372
6.7189966734844999	0.9999989155618290
6.7200114783192912	0.9999989160669507
6.7260670448383211	0.9999989185276449
6.7266455472940567	0.9999989188457151
6.7581446879419635	0.9999989192513258
6.7620808659541254	0.9999989193508698
6.7723999603777028	0.9999989193637367
6.7839006199425622	0.9999989193801452
6.7930387200666269	0.9999989193841721
6.8033572226269081	0.9999989193846925
6.8148586860190115	0.9999989193853562
6.8239965370276732	0.9999989193855193
6.8410646811627949	0.9999989193855642
6.8493465192264926	0.9999989193855729
6.8561285399507614	0.9999989193855741
6.8682240324055250	0.9999989197030198
6.8707196461184497	0.9999989197850857
6.8719674807877693	0.9999989197956933
6.8853587902125364	0.9999989198577995
6.8858400243725741	0.9999989198658273
6.9030351531179193	0.9999989198743159
6.9136861458135792	0.9999989198763765
6.9316443853407783	0.9999989198769434
6.9396493326455175	0.9999989198770555
6.9471963646231414	0.9999989198770701
6.9607030985155474	0.9999989198770886
6.9676148371702711	0.9999989198770933
6.9875762741888270	0.9999989198770944
6.9934540071933577	0.9999989198770949
7.0004854258412950	1.0036416989383274
7.0010670267535327	1.0016316067378788
7.0080523897276592	1.0004772745563317
7.0093204362076049	1.0001996520699086
7.0219416796121523	1.0001040704281854
7.0258836186981162	1.0000804904303673
7.0405862155335237	1.0000225338635302
7.0413736058297394	1.0000150399076113
7.0434927925210769	1.0000137903168702
7.0527322847366420	1.0000025890908597
7.0530661810935094	1.0000011411516461
7.0643125669205684	1.0000002753840589
7.0654502084202937	1.0000001216899101
7.0748886435691540	1.0000000346361375
7.0766074590276329	1.0000000189069054
7.0821175176416542	1.0000000019188795
7.0841917313139726	0.9999999992573066
7.0981709088870977	0.9999999974365790
7.0995147251656547	0.9999999971334408
7.1102055652230938	0.9999999969455977
7.1117387402005505	0.9999999969130395
7.1216027521419045	0.9999999968936510
7.1235541453353362	0.9999999968902185
7.1328086291001345	0.9999999968882126
7.1350933889669204	0.9999999968878533
7.1439916239050154	0.9999999968876453
7.1464988966472323	0.9999999968876082
7.1551757217078462	0.9999999968875867
7.1577667236573719	0.9999999968875827
7.1662991728205583	0.9999999968875808
7.1676712756960894	0.9999999968875806
7.1681284699401466	0.9999965802351701
7.1681284699414762	0.9999986604085239
7.1899308640063246	0.9999986351940275
7.1899308640064250	0.9999961840690725
7.2111125941665568	0.9999949909281298
7.2312967766539522	0.9999949664233896
7.3474471346049146	0.9999979168414919
7.3701847280931290	0.9999979040478576
7.9097849071346875	0.9999979012366045
8.0239930961667945	0.9999979007415251
8.1788118649903705	0.9999979006540479
8.3277497368492206	0.9999979006406894
9.4970279315831085	0.9607551051455936
9.4970279315831085	0.9856005460194602
9.4971643395504586	0.9982119863621609
9.4978582702689778	0.9995195654353328
9.4992943217070032	0.9996756769828710
9.5233019876557563	0.9999182943767413
9.5278147975786638	0.9999787846951780
9.5368960669527230	0.9999865804929962
9.5523591344273822	0.9999964673374946
9.5603818813439201	0.9999988956949080
9.5707843924324099	0.9999992095436463
9.5887074835161155	0.9999996096955021
9.5955422191343853	0.9999997072069179
9.6059384100165026	0.9999997198111639
9.6258634225896511	0.9999997358843136
9.6314974429745330	0.9999997398278937
9.6418196005150634	0.9999997403376402
9.6625973873764153	0.9999997409876822
9.6679028395948094	0.9999997411472125
9.6782221665504178	0.9999997411678331
9.6994114447715614	0.9999997411941295
9.7045478919130428	0.9999997412005830
9.7148670163336543	0.9999997412014172
9.7362599973208663	0.9999997412024808
9.7413121310967483	0.9999997412027420
9.7516110429580305	0.9999997412027756
9.7730658045481693	0.9999997412028185
9.7779742473368962	0.9999997412028294
9.7883604031758207	0.9999997412028307
9.8104491983231874	0.9999997412028323
9.8143871277628829	0.9999997412028329
9.8177651139890951	0.9999997412028330
9.8334560198862651	0.9999997412028331
9.8722938828727997	0.9999997412028332
9.8806392791101345	1.0036425162220666
9.8810691380434417	1.0009262634633411
9.8966545301164590	1.0002386564627872
9.8992246175641867	1.0000824210086086
9.9071342895324044	1.0000209214610680
9.9122453151091339	1.0000129559091895
9.9130729810581020	1.0000089008597159
9.9253797679500071	1.0000033821081271
9.9273896956965029	1.0000026686276253
9.9309484671917065	1.0000018797532102
9.9354193107861004	1.0000017777817274
9.9367377378445969	1.0000016726877161
9.9760448289008163	1.0000016305816526
9.9786040078593512	1.0000016231506788
9.9950349703704315	1.0000016211054761
9.9976646307957964	1.0000016207009113
