0.0000000000000000	0.0000000000000000
0.2018998634226966	0.0000300000000000
0.2020902332874260	0.0000083602346316
0.2036040651924370	0.0000304978282261
0.2036486851666442	0.0000321841024827
0.2039202250082356	0.0000286892183372
0.2040621356309546	0.0000379229409209
0.2043760486399340	0.0000328927327288
0.2046848189897257	0.0000426715181066
0.2047126473888038	0.0000398277806422
0.2050489038044595	0.0000594781958626
0.2052302385035582	0.0000503134739231
0.2052699885965489	0.0000517938723381
0.2057274208301443	0.0000617938723381
0.2059863964179266	0.0000708742426931
0.2062606375316650	0.0000808742426931
0.2065261497448136	0.0000908742426931
0.2067576848515163	0.0001023099004019
0.2069895805904827	0.0001123099004019
0.2071567673943995	0.0001223099004019
0.2073140896177996	0.0001323099004019
0.2074580774176275	0.0001423099004019
0.2075925632221989	0.0001523099004019
0.2077182296694227	0.0001623099004019
0.2078355141874845	0.0001723099004019
0.2079464903796313	0.0001823099004019
0.2080522365791725	0.0001923099004019
0.2081511932682516	0.0002023099004019
0.2082455208446268	0.0002123099004019
0.2083349126163160	0.0002223099004019
0.2084203619967166	0.0002323099004019
0.2085018664270543	0.0002423099004019
0.2085795897228695	0.0002523099004019
0.2086543829855652	0.0002623099004019
0.2087256433691853	0.0002723099004019
0.2087949595178238	0.0002823099004019
0.2088610297038762	0.0002923099004019
0.2089255992017121	0.0003023099004019
0.2089870962864162	0.0003123099004019
0.2090475094429259	0.0003223099004019
0.2091050809583790	0.0003323099004019
0.2091618317755384	0.0003423099004019
0.2092158574578068	0.0003523099004019
0.2092693761336110	0.0003623099004019
0.2093203594137391	0.0003723099004019
0.2093709908259399	0.0003823099004019
0.2094191966353924	0.0003923099004019
0.2094672104004917	0.0004023099004019
0.2095129738307275	0.0004123099004019
0.2095584276547492	0.0004223099004019
0.2096020380487173	0.0004323099004019
0.2096453484367952	0.0004423099004019
0.2096870447208616	0.0004523099004019
0.2097283235675468	0.0004623099004019
0.2097682706664276	0.0004723099004019
0.2098077681542490	0.0004823099004019
0.2098461016531626	0.0004923099004019
0.2098838906628496	0.0005023099004019
0.2099207426502883	0.0005123099004019
0.2099570423888684	0.0005223099004019
0.2099925143424733	0.0005323099004019
0.2100273614428209	0.0005423099004019
0.2100615354560418	0.0005523099004019
0.2100950136211622	0.0005623099004019
0.2101279397567770	0.0005723099004019
0.2101602175054572	0.0005823099004019
0.2101921033947025	0.0005923099004019
0.2102232342056221	0.0006023099004019
0.2102539952713872	0.0006123099004019
0.2102841312007564	0.0006223099004019
0.2103139184911033	0.0006323099004019
0.2103430188765291	0.0006423099004019
0.2103719745387118	0.0006523099004019
0.2104000916953312	0.0006623099004019
0.2104282209360203	0.0006723099004019
0.2104554595968549	0.0006823099004019
0.2104827740173673	0.0006923099004019
0.2105092043920727	0.0007023099004019
0.2105356859278018	0.0007123099004019
0.2105614433193578	0.0007223099004019
0.2105871081862578	0.0007323099004019
0.2106122773994625	0.0007423099004019
0.2106371638509505	0.0007523099004019
0.2106616259728662	0.0007623099004019
0.2106859676183902	0.0007723099004019
0.2107097385742063	0.0007823099004019
0.2107333773460156	0.0007923099004019
0.2107566815677021	0.0008023099004019
0.2107797003884482	0.0008123099004019
0.2108023603889691	0.0008223099004019
0.2108248141601449	0.0008323099004019
0.2108470163270271	0.0008423099004019
0.2108689651791006	0.0008523099004019
0.2108905786620656	0.0008623099004019
0.2109119311508428	0.0008723099004019
0.2109331068731372	0.0008823099004019
0.2109539979870017	0.0008923099004019
0.2109747391189451	0.0009023099004019
0.2109951674920945	0.0009123099004019
0.2110154762761006	0.0009223099004019
0.2110353964298379	0.0009323099004019
0.2110552301437849	0.0009423099004019
0.2110747271651481	0.0009523099004019
0.2110941671164336	0.0009623099004019
0.2111132602113719	0.0009723099004019
0.2111323157166124	0.0009823099004019
0.2111510094733828	0.0009923099004019
0.2111696750124017	0.0010023099004019
0.2111880105071553	0.0010123329994059
0.2112063332082503	0.0010224563294000
0.2112245489063534	0.0010326808926940
0.2112428665809846	0.0010430077016209
0.2112611096568337	0.0010534377786371
0.2112794074452317	0.0010639721564235
0.2112976833945550	0.0010746118779877
0.2113159664784524	0.0010853579967676
0.2113342802287350	0.0010962115767353
0.2113525376090332	0.0011071736925026
0.2113708941700512	0.0011182454294277
0.2113891299108510	0.0011294278837219
0.2114074581213167	0.0011407221625592
0.2114257408380282	0.0011521293841847
0.2114440384877628	0.0011636506780266
0.2114623787442824	0.0011752871848068
0.2114806411332657	0.0011870400566549
0.2114989788705108	0.0011989104572215
0.2115172733851317	0.0012108995617937
0.2115355714835635	0.0012230085574116
0.2115539325691620	0.0012352386429857
0.2115721986402442	0.0012475910294156
0.2115905174673935	0.0012600669397097
0.2116088630925649	0.0012726676091068
0.2116271424540169	0.0012853942851979
0.2116454699592256	0.0012982482280499
0.2116638117809757	0.0013112307103304
0.2116820987959275	0.0013243430174337
0.2117004264560727	0.0013375864476080
0.2117187795918107	0.0013509623120841
0.2117370665374996	0.0013644719352050
0.2117553879176771	0.0013781166545570
0.2117737386922366	0.0013918978211026
0.2117920484681965	0.0014058167993136
0.2118103596583210	0.0014198749673067
0.2118286950430964	0.0014340737169798
0.2118470506658567	0.0014484144541496
0.2118653493185524	0.0014628985986911
0.2118836681922637	0.0014775275846780
0.2119020065540026	0.0014923028605248
0.2119203594081640	0.0015072258891301
0.2119386696423475	0.0015222981480214
0.2119569890517400	0.0015375211295016
0.2119753206043945	0.0015528963407966
0.2119936649475542	0.0015684253042045
0.2120120147502359	0.0015841095572466
0.2120303275459092	0.0015999506528191
0.2120486515745359	0.0016159501593473
0.2120669827802941	0.0016321096609407
0.2120853218809429	0.0016484307575501
0.2121036656146262	0.0016649150651256
0.2121220144737747	0.0016815642157769
0.2121403389026557	0.0016983798579347
0.2121586653149734	0.0017153636565140
0.2121769967168125	0.0017325172930792
0.2121953312120144	0.0017498424660100
0.2122136688648233	0.0017673408906701
0.2122320083246879	0.0017850142995768
0.2122503495054658	0.0018028644425725
0.2122686915516831	0.0018208930869983
0.2122870342221839	0.0018391020178682
0.2123053771265876	0.0018574930380469
0.2123237199108288	0.0018760679684274
0.2123420625711889	0.0018948286481116
0.2123604027772099	0.0019137769345928
0.2123787421109171	0.0019329147039387
0.2123970829745996	0.0019522438509781
0.2124154244393585	0.0019717662894879
0.2124337658414935	0.0019914839523828
0.2124521065319310	0.0020113987919066
0.2124704474467758	0.0020315127798257
0.2124887876727895	0.0020518279076239
0.2125071283842166	0.0020723461867002
0.2125254681953320	0.0020930696485672
0.2125438076431445	0.0021140003450528
0.2125621472678783	0.0021351403485034
0.2125804870010534	0.0021564917519884
0.2125988267164831	0.0021780566695083
0.2126171670418370	0.0021998372362034
0.2126355070659763	0.0022218356085654
0.2126538476725414	0.0022440539646511
0.2126721883229302	0.0022664945042976
0.2126905292010964	0.0022891594493405
0.2127088707523642	0.0023120510438340
0.2127272122277274	0.0023351715542723
0.2127455542591603	0.0023585232698150
0.2127638966446468	0.0023821085025131
0.2127822392397013	0.0024059295875383
0.2128005825656913	0.0024299888834137
0.2128189260801067	0.0024542887722478
0.2128372699544268	0.0024788316599703
0.2128556146214017	0.0025036199765700
0.2128739594621191	0.0025286561763357
0.2128923047119142	0.0025539427380991
0.2129106507333610	0.0025794821654801
0.2129289970586140	0.0026052769871349
0.2129473437687180	0.0026313297570062
0.2129656911710741	0.0026576430545763
0.2129840391418381	0.0026842194851220
0.2130023874192546	0.0027110616799733
0.2130207362674568	0.0027381722967730
0.2130390859124180	0.0027655540197407
0.2130574359127224	0.0027932095599381
0.2130757863352864	0.0028211416555375
0.2130941373753107	0.0028493530720928
0.2131124891922423	0.0028778466028138
0.2131308414220940	0.0029066250688419
0.2131491940835082	0.0029356913195303
0.2131675473231374	0.0029650482327256
0.2131859012541736	0.0029946987150529
0.2132042559082223	0.0030246457022034
0.2132226109473178	0.0030548921592255
0.2132409664779718	0.0030854410808177
0.2132593225965534	0.0031162954916259
0.2132776793684329	0.0031474584465422
0.2132960368558341	0.0031789330310076
0.2133143949781102	0.0032107223613177
0.2133327535704142	0.0032428295849308
0.2133511127027914	0.0032752578807801
0.2133694724158926	0.0033080104595879
0.2133878327566966	0.0033410905641838
0.2134061937436562	0.0033745014698256
0.2134245554068271	0.0034082464845239
0.2134429177491431	0.0034423289493691
0.2134612807858932	0.0034767522388628
0.2134796444928067	0.0035115197612515
0.2134980087763813	0.0035466349588640
0.2135163736664037	0.0035821013084526
0.2135347391757666	0.0036179223215371
0.2135531053251243	0.0036541015447525
0.2135714721233169	0.0036906425602001
0.2135898395861312	0.0037275489858020
0.2136082077210354	0.0037648244756601
0.2136265765349847	0.0038024727204167
0.2136449460247198	0.0038404974476208
0.2136633161918982	0.0038789024220970
0.2136816870372072	0.0039176914463180
0.2137000585624977	0.0039568683607811
0.2137184307726757	0.0039964370443890
0.2137368036699549	0.0040364014148328
0.2137551772636448	0.0040767654289812
0.2137735515550408	0.0041175330832710
0.2137919265560328	0.0041587084141037
0.2138103022692452	0.0042002954982447
0.2138286787044341	0.0042422984532272
0.2138470558694929	0.0042847214377595
0.2138654337720712	0.0043275686521371
0.2138838124253799	0.0043708443386584
0.2139021918341910	0.0044145527820451
0.2139205719981536	0.0044586983098655
0.2139389529142411	0.0045032852929641
0.2139573345799529	0.0045483181458938
0.2139757169991133	0.0045938013273527
0.2139941001673494	0.0046397393406262
0.2140124840858574	0.0046861367340325
0.2140308687584056	0.0047329981013728
0.2140492541837034	0.0047803280823865
0.2140676403656890	0.0048281313632104
0.2140860273091509	0.0048764126768425
0.2141044150154854	0.0049251768036109
0.2141228034906029	0.0049744285716470
0.2141411927417771	0.0050241728573635
0.2141595827723841	0.0050744145859371
0.2141779735897749	0.0051251587317965
0.2141963652045858	0.0051764103191145
0.2142147576221057	0.0052281744223056
0.2142331508505664	0.0052804561665286
0.2142515449009748	0.0053332607281939
0.2142699397839219	0.0053865933354758
0.2142883347418617	0.0054404592688306
0.2143067282740877	0.0054948638615189
0.2143251227242240	0.0055498125001341
0.2143435180994802	0.0056053106251354
0.2143619144053782	0.0056613637313867
0.2143803116497792	0.0057179773687006
0.2143987098423296	0.0057751571423876
0.2144171089943345	0.0058329087138115
0.2144355091144378	0.0058912378009496
0.2144539102121647	0.0059501501789591
0.2144723122987680	0.0060096516807488
0.2144907153867634	0.0060697481975563
0.2145091194899576	0.0061304456795319
0.2145275246224049	0.0061917501363272
0.2145459307965553	0.0062536676376905
0.2145643380262026	0.0063162043140674
0.2145827463260371	0.0063793663572081
0.2146011557111894	0.0064431600207802
0.2146195661960040	0.0065075916209880
0.2146379777942774	0.0065726675371979
0.2146563905192296	0.0066383942125699
0.2146748043837193	0.0067047781546955
0.2146932193992787	0.0067718259362425
0.2147116355770830	0.0068395441956048
0.2147300529285421	0.0069079396375609
0.2147484714653003	0.0069770190339365
0.2147668911993564	0.0070467892242758
0.2147853121430951	0.0071172571165186
0.2148037342640889	0.0071884296876838
0.2148221573222664	0.0072603139845607
0.2148405813509184	0.0073329171244062
0.2148590063823808	0.0074062462956503
0.2148774324480954	0.0074803087586068
0.2148958595787132	0.0075551118461928
0.2149142878041388	0.0076306629646548
0.2149327171536786	0.0077069695943013
0.2149511476560639	0.0077840392902443
0.2149695793396505	0.0078618796831467
0.2149880122324097	0.0079404984799782
0.2150064463621307	0.0080199034647780
0.2150248817453016	0.0081001024994257
0.2150433183853420	0.0081811035244200
0.2150617562884553	0.0082629145596643
0.2150801954634282	0.0083455437052609
0.2150986359215483	0.0084289991423136
0.2151170776750977	0.0085132891337367
0.2151355207367734	0.0085984220250741
0.2151539651197572	0.0086844062453249
0.2151724108377546	0.0087712503077781
0.2151908579051123	0.0088589628108559
0.2152093063367954	0.0089475524389645
0.2152277561484957	0.0090370279633541
0.2152462073567175	0.0091273982429876
0.2152646599787907	0.0092186722254175
0.2152831140329904	0.0093108589476717
0.2153015695386142	0.0094039675371484
0.2153200265160196	0.0094980072125199
0.2153384849867286	0.0095929872846451
0.2153569449734808	0.0096889171574916
0.2153754065000891	0.0097858063290666
0.2153938695913979	0.0098836643923573
0.2154123342732587	0.0099825010362809
0.2154308005724600	0.0100823260466437
0.2154492685167599	0.0101831493071101
0.2154677381349246	0.0102849808001812
0.2154862094565233	0.0103878306081830
0.2155046825097481	0.0104917089142649
0.2155231573218577	0.0105966260034076
0.2155416339195788	0.0107025922634417
0.2155601123294346	0.0108096181860762
0.2155785925779464	0.0109177143679369
0.2155970746917755	0.0110268915116163
0.2156155586978674	0.0111371604267325
0.2156340446235815	0.0112485320309998
0.2156525324968079	0.0113610173513098
0.2156710223461284	0.0114746275248228
0.2156895142009789	0.0115893738000710
0.2157080080673728	0.0117052675380717
0.2157265039429583	0.0118223202134524
0.2157450018303503	0.0119405434155870
0.2157635017368873	0.0120599488497428
0.2157820036742226	0.0121805483382402
0.2158005076579874	0.0123023538216226
0.2158190137074639	0.0124253773598389
0.2158375218425215	0.0125496311334373
0.2158560320838901	0.0126751274447717
0.2158745444534015	0.0128018787192194
0.2158930589742198	0.0129298975064115
0.2159115756710688	0.0130591964814757
0.2159300945704508	0.0131897884462904
0.2159486157007489	0.0133216863307532
0.2159671390922021	0.0134549031940608
0.2159856647769069	0.0135894522260013
0.2160041927888435	0.0137253467482614
0.2160227231639293	0.0138626002157439
0.2160412554809883	0.0140012262179013
0.2160597896732512	0.0141412384800804
0.2160783258147835	0.0142826508648812
0.2160968639817967	0.0144254773735301
0.2161154042485837	0.0145697321472654
0.2161339466861195	0.0147154294687380
0.2161524913626267	0.0148625837634253
0.2161710383441255	0.0150112096010595
0.2161895876949717	0.0151613216970701
0.2162081394783731	0.0153129349140408
0.2162266937199866	0.0154660642631813
0.2162452504377262	0.0156207249058132
0.2162638096545079	0.0157769321548712
0.2162823713981966	0.0159347014764199
0.2163009357012969	0.0160940484911840
0.2163195026007019	0.0162549889760958
0.2163380721375021	0.0164175388658567
0.2163566443568476	0.0165817142545154
0.2163752193053242	0.0167475313970606
0.2163937970297638	0.0169150067110313
0.2164123775778261	0.0170841567781415
0.2164309609985405	0.0172549983459230
0.2164495473424915	0.0174275483293821
0.2164681366620103	0.0176018238126760
0.2164867290113938	0.0177778420508028
0.2165053244471521	0.0179556204713109
0.2165239230282741	0.0181351766760240
0.2165425167320714	0.0183165284427841
0.2165611113113754	0.0184996937272119
0.2165797093781013	0.0186846906644841
0.2165983109840788	0.0188715375711288
0.2166169161806457	0.0190602529468400
0.2166355249848663	0.0192508554763085
0.2166541373930506	0.0194433640310715
0.2166727534088455	0.0196377976713821
0.2166913730432172	0.0198341756480958
0.2167099963144631	0.0200325174045768
0.2167286232481647	0.0202328425786225
0.2167472538768650	0.0204351710044088
0.2167658882398473	0.0206395227144529
0.2167845263054216	0.0208459179415975
0.2168031673073200	0.0210543771210136
0.2168218113577687	0.0212649208922239
0.2168404585655675	0.0214775701011460
0.2168591090373078	0.0216923458021576
0.2168777628783268	0.0219092692601792
0.2168964201933426	0.0221283619527810
0.2169150810870944	0.0223496455723087
0.2169337456649924	0.0225731420280317
0.2169524140337804	0.0227988734483121
0.2169710863000441	0.0230268621827953
0.2169897624977070	0.0232571308046231
0.2170084426716528	0.0234897021126695
0.2170271268730362	0.0237245991337960
0.2170458151575655	0.0239618451251342
0.2170645075859683	0.0242014635763855
0.2170832042244782	0.0244434782121494
0.2171019051453099	0.0246879129942708
0.2171206104268417	0.0249347921242136
0.2171393201536267	0.0251841400454559
0.2171580340644245	0.0254359814459105
0.2171767510077474	0.0256903412603695
0.2171954726594735	0.0259472446729731
0.2172141991182388	0.0262067171197026
0.2172329304848929	0.0264687842908997
0.2172516668631458	0.0267334721338087
0.2172704082734322	0.0270008068551466
0.2172891547489921	0.0272708149236982
0.2173079063361798	0.0275435230729351
0.2173266622762655	0.0278189583036645
0.2173454223325010	0.0280971478867013
0.2173641866491543	0.0283781193655684
0.2173829553701080	0.0286619005592240
0.2174017286399796	0.0289485195648163
0.2174205066052202	0.0292380047604645
0.2174392894152047	0.0295303848080692
0.2174580772232346	0.0298256886561497
0.2174768701869536	0.0301239455427110
0.2174956684688475	0.0304251849981383
0.2175144722300773	0.0307294368481199
0.2175332767725997	0.0310367312166009
0.2175520736143241	0.0313470985287670
0.2175708764522970	0.0316605695140547
0.2175896853431424	0.0319771752091951
0.2176085003570145	0.0322969469612868
0.2176273215775037	0.0326199164308996
0.2176461491016921	0.0329461155952084
0.2176649830403523	0.0332755767511603
0.2176838235090422	0.0336083325186719
0.2177026706294159	0.0339444158438586
0.2177215245301442	0.0342838600022974
0.2177403853478934	0.0346266986023207
0.2177592522701148	0.0349729655883439
0.2177781248385724	0.0353226952442272
0.2177970031905984	0.0356759221966697
0.2178158874789641	0.0360326814186365
0.2178347778664781	0.0363930082328230
0.2178536745217075	0.0367569383151514
0.2178725776203204	0.0371245076983028
0.2178914873464560	0.0374957527752859
0.2179104038938890	0.0378707103030388
0.2179293274665308	0.0382494174060692
0.2179482582748825	0.0386319115801298
0.2179671965308821	0.0390182306959311
0.2179861423271257	0.0394084130028903
0.2180050957653909	0.0398024971329191
0.2180240569670164	0.0402005221042483
0.2180430260728549	0.0406025273252906
0.2180620032434648	0.0410085525985433
0.2180809886518625	0.0414186381245290
0.2180999818670490	0.0418328245057744
0.2181189818388341	0.0422511527508320
0.2181379888821816	0.0426736642783403
0.2181570033153471	0.0431004009211237
0.2181760253904254	0.0435314049303347
0.2181950425569623	0.0439667189796381
0.2182140548630817	0.0444063861694342
0.2182330757398373	0.0448504500311286
0.2182521053676934	0.0452989545314399
0.2182711439428517	0.0457519440767543
0.2182901916786120	0.0462094635175220
0.2183092488068918	0.0466715581526974
0.2183283155790379	0.0471382737342241
0.2183473922535258	0.0476096564715665
0.2183664789677346	0.0480857530362820
0.2183855758459231	0.0485666105666448
0.2184046830414247	0.0490522766723113
0.2184237967265092	0.0495427994390343
0.2184429170166441	0.0500382274334249
0.2184620462101081	0.0505386097077593
0.2184811846643993	0.0510439958048370
0.2185003327440564	0.0515544357628852
0.2185194908241417	0.0520699801205138
0.2185386591473619	0.0525906799217189
0.2185578379387913	0.0531165867209360
0.2185770274554880	0.0536477525881455
0.2185962279730768	0.0541842301140267
0.2186154397886755	0.0547260724151670
0.2186346632228475	0.0552733331393185
0.2186538986211543	0.0558260664707116
0.2186731449541428	0.0563843271354187
0.2186923768717304	0.0569481704067731
0.2187116106616007	0.0575176521108409
0.2187308555197281	0.0580928286319492
0.2187501117671424	0.0586737569182690
0.2187693797529262	0.0592604944874519
0.2187886598513026	0.0598530994323265
0.2188079524482741	0.0604516304266502
0.2188272579649853	0.0610561467309171
0.2188465767629337	0.0616667081982259
0.2188659090792646	0.0622833752802086
0.2188852551973747	0.0629062090330111
0.2189046154478813	0.0635352711233412
0.2189239883437639	0.0641706238345747
0.2189433731768675	0.0648123300729201
0.2189627705271634	0.0654604533736497
0.2189821809930127	0.0661150579073865
0.2190016049814120	0.0667762084864603
0.2190210428979963	0.0674439705713250
0.2190404951811970	0.0681184102770383
0.2190599623029052	0.0687995943798087
0.2190794405850485	0.0694875903236065
0.2190988945989610	0.0701824662268429
0.2191183654795485	0.0708842908891109
0.2191378535527420	0.0715931337980017
0.2191573557318706	0.0723090651359821
0.2191768698078651	0.0730321557873424
0.2191963955414158	0.0737624773452159
0.2192159369661081	0.0745001021186685
0.2192354947205349	0.0752451031398550
0.2192550694648189	0.0759975541712539
0.2192746616393156	0.0767575297129663
0.2192942716875868	0.0775251050100957
0.2193139001173082	0.0783003560601970
0.2193335462454607	0.0790833596207985
0.2193532080764419	0.0798741932170066
0.2193728864617859	0.0806729351491762
0.2193925821830425	0.0814796645006678
0.2194122958253236	0.0822944611456740
0.2194319777355639	0.0831174057571306
0.2194516772578071	0.0839485798147024
0.2194713971382858	0.0847880656128489
0.2194911380602882	0.0856359462689777
0.2195109007516325	0.0864923057316671
0.2195306834528185	0.0873572287889838
0.2195504847374921	0.0882308010768734
0.2195703054071163	0.0891131090876425
0.2195901463111981	0.0900042401785186
0.2196100083548173	0.0909042825803035
0.2196298924902441	0.0918133254061063
0.2196497993401249	0.0927314586601673
0.2196697296039975	0.0936587732467683
0.2196896824277776	0.0945953609792366
0.2197096356481190	0.0955413145890289
0.2197295624910809	0.0964967277349194
0.2197495107997524	0.0974616950122685
0.2197694827789595	0.0984363119623917
0.2197894791905403	0.0994206750820155
0.2198095008833396	0.1004148818328354
0.2198295488008130	0.1014190306511635
0.2198496239702386	0.1024332209576756
0.2198697228480190	0.1034575531672518
0.2198898455789175	0.1044921286989249
0.2199099932218598	0.1055370499859139
0.2199301669313629	0.1065924204857738
0.2199503679541514	0.1076583446906311
0.2199705603334024	0.1087349281375373
0.2199907460316639	0.1098222774189130
0.2200109627441114	0.1109205001931021
0.2200312070662112	0.1120297051950325
0.2200514786461412	0.1131500022469829
0.2200717789145608	0.1142815022694535
0.2200921093698611	0.1154243172921474
0.2201124711061363	0.1165785604650694
0.2201328652893364	0.1177443460697194
0.2201532867734093	0.1189217895304167
0.2201737308208596	0.1201110074257208
0.2201941978625421	0.1213121174999787
0.2202146223006027	0.1225252386749784
0.2202350802247438	0.1237504910617279
0.2202555729620781	0.1249879959723460
0.2202761019945524	0.1262378759320689
0.2202966689158240	0.1275002546913898
0.2203172685538120	0.1287752572383040
0.2203379019876061	0.1300630098106878
0.2203585709055771	0.1313636399087951
0.2203792771475379	0.1326772763078835
0.2204000226688992	0.1340040490709626
0.2204207265031902	0.1353440895616720
0.2204414588493845	0.1366975304572886
0.2204622277591861	0.1380645057618618
0.2204830352075255	0.1394451508194811
0.2205038812519219	0.1408396023276762
0.2205247576238553	0.1422479983509526
0.2205456781594270	0.1436704783344619
0.2205666413030261	0.1451071831178058
0.2205876441863166	0.1465582549489839
0.2206086391674291	0.1480238374984728
0.2206296243683497	0.1495040758734573
0.2206506563867504	0.1509991166321925
0.2206717372109073	0.1525091077985145
0.2206928681344074	0.1540341988764986
0.2207140430437731	0.1555745408652631
0.2207352648704264	0.1571302862739165
0.2207565359101612	0.1587015891366565
0.2207778587209805	0.1602886050280236
0.2207991237877759	0.1618914910783029
0.2208204240079930	0.1635104059890860
0.2208417681746030	0.1651455100489769
0.2208631644085236	0.1667969651494658
0.2208846154665736	0.1684649348009613
0.2209061244038505	0.1701495841489714
0.2209276920524250	0.1718510799904612
0.2209493126015885	0.1735695907903666
0.2209708614793814	0.1753052866982711
0.2209924686012269	0.1770583395652539
0.2210141379654666	0.1788289229609070
0.2210358730352101	0.1806172121905168
0.2210576703846181	0.1824233843124229
0.2210795232630338	0.1842476181555477
0.2211014227661199	0.1860900943371029
0.2211233004516902	0.1879509952804734
0.2211451917913704	0.1898305052332787
0.2211671564581774	0.1917288102856105
0.2211891858977243	0.1936460983884656
0.2212112843602444	0.1955825593723514
0.2212334564455706	0.1975383849660758
0.2212557058987877	0.1995137688157355
0.2212779100935224	0.2015089065038917
0.2213001492921313	0.2035239955689306
0.2213224566834487	0.2055592355246201
0.2213448267595220	0.2076148278798673
0.2213672813260322	0.2096909761586669
0.2213898157838495	0.2117878859202539
0.2214123869871447	0.2139057647794566
0.2214349123576230	0.2160448224272525
0.2214575265823608	0.2182052706515246
0.2214802341769879	0.2203873233580407
0.2215030301982316	0.2225911965916202
0.2215259140223487	0.2248171085575351
0.2215488455242829	0.2270652796431109
0.2215716992045925	0.2293359324395423
0.2215946562517357	0.2316292917639368
0.2216177092721124	0.2339455846815765
0.2216408601982855	0.2362850405283929
0.2216641161074368	0.2386478909336763
0.2216874002994184	0.2410343698430126
0.2217106680714125	0.2434447135414415
0.2217340390341370	0.2458791606768548
0.2217574878634973	0.2483379522836229
0.2217810523630208	0.2508213318064580
0.2218047341526501	0.2533295451245231
0.2218283319502530	0.2558628405757688
0.2218520228881690	0.2584214689815258
0.2218758389741573	0.2610056836713405
0.2218997881168437	0.2636157405080526
0.2219238544398972	0.2662518979131335
0.2219478582825289	0.2689144168922637
0.2219719084320680	0.2716035610611879
0.2219961011993572	0.2743195966717992
0.2220204353663774	0.2770627926385162
0.2220449058652939	0.2798334205649009
0.2220693491201289	0.2826317547705497
0.2220938522308882	0.2854580723182538
0.2221184740805204	0.2883126530414372
0.2221432389074847	0.2911957795718512
0.2221681612426225	0.2941077373675710
0.2221929940912669	0.2970488147412451
0.2222179681268200	0.3000193028886588
0.2222431063641454	0.3030194959175444
0.2222683958990267	0.3060496908767204
0.2222937396570643	0.3091101877854884
0.2223190526952342	0.3122012896633448
0.2223445495973079	0.3153233025599773
0.2223702329279730	0.3184765355855773
0.2223961164410852	0.3216613009414334
0.2224218774649460	0.3248779139508467
0.2224477697387611	0.3281266930903561
0.2224738652139888	0.3314079600212598
0.2225001798833192	0.3347220396214739
0.2225264739618397	0.3380692600176883
0.2225528706900589	0.3414499526178643
0.2225794469460597	0.3448644521440432
0.2226062423327811	0.3483130966654835
0.2226330558247398	0.3517962276321395
0.2226599480367075	0.3553141899084593
0.2226870870233663	0.3588673318075447
0.2227144622184907	0.3624560051256184
0.2227418007724470	0.3660805651768761
0.2227692477575543	0.3697413708286432
0.2227969696946735	0.3734387845369283
0.2228249911102790	0.3771731723822957
0.2228528993160212	0.3809449041061185
0.2228809690170144	0.3847543531471787
0.2229093468635747	0.3886018966786491
0.2229380119191352	0.3924879156454357
0.2229665627538230	0.3964127948018896
0.2229953443734298	0.4003769227499095
0.2230244683808085	0.4043806919774077
0.2230536979105343	0.4084244988971825
0.2230830228849366	0.4125087438861539
0.2231126433360215	0.4166338313250164
0.2231426179315334	0.4208001696382683
0.2231724271744062	0.4250081713346522
0.2232026347999815	0.4292582530479971
0.2232331914485162	0.4335508355784759
0.2232637762596037	0.4378863439342587
0.2232945598013618	0.4422652073736001
0.2233257810881177	0.4466878594473358
0.2233572158593766	0.4511547380418106
0.2233886033496484	0.4556662854222271
0.2234205003476684	0.4602229482764479
0.2234528765840440	0.4648251777592124
0.2234849428268390	0.4694734295368065
0.2235175813087247	0.4741681638321734
0.2235507717476423	0.4789098454704951
0.2235837706628785	0.4836989439251990
0.2236172079858103	0.4885359333644503
0.2236512881021168	0.4934212926980948
0.2236852774357749	0.4983555056250760
0.2237196269103904	0.5033390606813284
0.2237546933217168	0.5083724512881437
0.2237897065424632	0.5134561758010268
0.2238250882423017	0.5185907375590356
0.2238612446572159	0.5237766449346272
0.2238973214243347	0.5290144113839721
0.2239338876168474	0.5343045554978108
0.2239712880174972	0.5396476010527900
0.2240084715089010	0.5450440770633158
0.2240463863785399	0.5504945178339509
0.2240850449370900	0.5559994630122924
0.2241235576389870	0.5615594576424170
0.2241629700675932	0.5671750522188401
0.2242029604392224	0.5728468027410292
0.2242430136644305	0.5785752707684403
0.2242841669519737	0.5843610234761248
0.2243255092470619	0.5902046337108879
0.2243674194715890	0.5961066800479984
0.2244106187373638	0.6020677468484800
0.2244533244596943	0.6080884243169642
0.2244974616894511	0.6141693085601336
0.2245422118585279	0.6203110016457353
0.2245872268227980	0.6265141116621922
0.2246338329829843	0.6327792527788150
0.2246802921612362	0.6391070453066040
0.2247281391568275	0.6454981157596696
0.2247768733815788	0.6519530969172652
0.2248260416896303	0.6584726278864382
0.2248767857452690	0.6650573541653010
0.2249279617005642	0.6717079277069553
0.2249802462228686	0.6784250069840241
0.2250342775515812	0.6852092570538635
0.2250883993630785	0.6920613496244015
0.2251451058775627	0.6989819631206448
0.2252015061086270	0.7059717827518498
0.2252605134358328	0.7130315005793691
0.2253204887217416	0.7201618155851615
0.2253816810890802	0.7273634337410136
0.2254457767334486	0.7346370680784241
0.2255097128472623	0.7419834387592100
0.2255774956732421	0.7494032731468031
0.2256453243506014	0.7568973058782698
0.2257166566651158	0.7644662789370539
0.2257900437987073	0.7721109417264256
0.2258651693253244	0.7798320511436887
0.2259447719429261	0.7876303716551263
0.2260248467949507	0.7955066753716783
0.2261111137208602	0.8034617421253966
0.2261973563855574	0.8114963595466500
0.2262905096198324	0.8196113231421168
0.2263849126671102	0.8278074363735387
0.2264869631634203	0.8360855107372732
0.2265927633171126	0.8444463658446472
0.2267035483098300	0.8528908295030929
0.2268220212325593	0.8614197377981238
0.2269464816659479	0.8700339351761047
0.2270829889487642	0.8787342745278648
0.2272217831398775	0.8875216172731436
0.2273797586677843	0.8971948159896678
0.2275616182993281	0.9061667641495647
0.2277405484671545	0.9152284317910598
0.2279517881063151	0.9246375162170015
0.2281906507063158	0.9337810272139431
0.2284473952715172	0.9431188374860824
0.2287080420422644	0.9599405040239796
0.2287463615695116	0.9510378092533041
0.2289685949421524	0.9575856514374499
0.2293059720337021	0.9659093351223764
0.2298210583986846	0.9741998876785481
0.2299032794072700	0.9765524862672309
0.2299541650158811	0.9823580380958133
0.2302302128935967	0.9737501356762870
0.2306144615621332	0.9870290363782294
0.2309722721768125	0.9911991185906611
0.2313606992145943	0.9921130545121304
0.2318645002326682	0.9907179871046536
0.2319585170704354	0.9861305782216723
0.2325915878281848	0.9950359763606921
0.2332343648368416	0.9975223282860309
0.2378282520911783	0.9991010905036279
0.2394434458968733	0.9996699870806105
0.2448602048543910	0.9999203260466092
0.2508574340633853	0.9999728369310806
0.2586690739178480	0.9999926828533502
0.2625456638691144	0.9999968562752339
0.2689290949672309	0.9999991101979137
0.2718746100750901	0.9999995980062589
0.2781019100160184	0.9999998832673326
0.2804223880343071	0.9999999469663704
0.2870713765836038	0.9999999844332745
0.2895992574766761	0.9999999928423977
0.2961603886658150	0.9999999978633525
0.2983757159601059	0.9999999990153392
0.3050234751196534	0.9999999997040865
0.3073808593461741	0.9999999998639261
0.3141524521966089	0.9999999999590787
0.3167563939270219	0.9999999999812269
0.3235450334850097	0.9999999999943628
0.3263237044767212	0.9999999999974181
0.3330847682953096	0.9999999999992263
0.3359514368271489	0.9999999999996458
0.3426732954363278	0.9999999999998943
0.3455490694389142	0.9999999999999513
0.3522097493122781	0.9999999999999856
0.3550789267156478	0.9999999999999934
0.3619973368190136	0.9999999999999978
0.3644542104177704	1.0000058952086579
0.3644542104181984	1.0000066571929369
0.3862560533080228	1.0000067867586639
0.3874971143847227	1.0000072241705060
0.3877134345933416	1.0000072811227902
0.4032784236187114	1.0000073132545864
0.4045812516325730	1.0000073187313225
0.4167062456606466	1.0000073213341307
0.4187140324014370	1.0000073218178904
0.4293469102432618	1.0000073220310008
0.4319266382199715	1.0000073220689558
0.4421582742448326	1.0000073220865788
0.4440948582703421	1.0000073220899584
0.4520033557966218	1.0000073220917836
0.4540943757031167	1.0000073220921539
0.4603944621199931	1.0000073220924082
0.4610111910537558	1.0000073220924408
0.4653475835059571	1.0000073220924734
0.4672852451390372	1.0000073220924819
0.4683467106979333	1.0000073220924968
0.4700422178448331	1.0000073220924988
0.4759635161008896	1.0000073220925059
0.4766205743126013	1.0000073220983539
0.4791189529662480	1.0000073221013770
0.4797437433906849	1.0000073221017678
0.4801255831862343	1.0000073221052999
0.4804371264878646	1.0000073221057566
0.4904515550914718	1.0000073221076342
0.4926421267408222	1.0000073221089019
0.5012975239546048	1.0000073221095709
0.5047319808312895	1.0000073221096573
0.5104473105448489	1.0000073221099550
0.5150958051275070	1.0000073221100652
0.5223092479582898	1.0000073221100956
0.5306392411335809	1.0000073221101264
0.5319930591285608	1.0000073221101304
0.5334381926064743	1.0000073221101484
0.5393591130839761	1.0000073221101546
0.5419081459573342	1.0000073221101555
0.5490014839299517	1.0000073221101584
0.5523131068651873	1.0000073221101593
0.5559931176016945	1.0000073221101600
0.5574167108023734	1.0000073221101604
0.5629544612488483	1.0032331077304677
0.5633773706825688	1.0004736599418853
0.5834673347893472	1.0000354733703491
0.5910229354656092	1.0000130601118773
0.6090690321126790	1.0000090903696375
0.6317671264760957	1.0000041019990926
0.6367718312301687	1.0000033821847361
0.6598112249869068	0.9999963994793752
0.6861936231557844	0.9999876287502240
0.7121893888091549	0.9998997832811564
0.8341416201460482	0.9999832826089831
0.8341419515241966	0.9999940793790665
0.8559519942773862	0.9999959225159558
0.8760262785165679	0.9999959532856424
0.8825139663639689	0.9999959642817082
0.8925661398165912	0.9999959657030646
0.8968609157393916	0.9999959661738159
0.9046575219885173	0.9999959662844274
0.9159332939764765	0.9999959663059885
0.9295201938179097	0.9999959663113511
0.9333984554570960	0.9999959663132029
0.9457172400165512	0.9999959663136422
0.9557369169092076	0.9999959663137283
0.9696056895459623	0.9999959663137498
0.9736324471332859	0.9999959663137570
0.9849941089489714	0.9999959663137588
0.9917339884341342	0.9999959663137589
0.9951516089433805	0.9999959663137592
0.9975310638375289	0.9999959663137594
1.6982539161864607	1.0000002144416262
1.6982539161965344	1.0000007635436772
1.6982580665373748	1.0004289722080333
1.7056426531068365	1.0001113257873262
1.7492920439426136	1.0000353905413577
1.9504578097411251	0.9604981253284742
1.9504578097411251	0.9853048088878742
1.9506460714047300	0.9981785715218602
1.9511704024818708	0.9995461589444793
1.9717548154798208	0.9999417789005575
1.9971101076829612	0.9999838319785807
2.0295140661866284	0.9999974978811460
2.0405795123010715	0.9999991232496246
2.0617291645145763	0.9999998465794110
2.0681052497568011	0.9999999399345516
2.0898055852255646	0.9999999792935422
2.0964920956527520	0.9999999843807020
2.1172217944434539	0.9999999865235055
2.1239124640771978	0.9999999868004823
2.1444087436373551	0.9999999869171449
2.1510995697847646	0.9999999869322246
2.1715113554915773	0.9999999869386701
2.1781052068666877	0.9999999869395034
2.2084011408150843	0.9999999869397603
2.2175633745413443	0.9999999869397934
2.2367267419291514	0.9999999869398079
2.2429993834541961	0.9999999869398096
2.2666543463562436	0.9999999869398098
2.2716215871445344	1.0014218420551717
2.2716215871445491	1.0016039676401600
2.2787499369890067	1.0002632072983757
2.2919159477544730	1.0000890005601122
2.3033522019739028	1.0000157834711556
2.3052073827152451	1.0000063151173422
2.3174036875905326	1.0000015609430775
2.3223312265992919	1.0000009424830771
2.3356196981129296	1.0000006164406234
2.3394905762493421	1.0000005742823588
2.3533077032689147	1.0000005518842217
2.3574831253473247	1.0000005489889885
2.3712698445076290	1.0000005474497606
2.3753554276461304	1.0000005472508005
2.3891633660505227	1.0000005471450193
2.3932749752265616	1.0000005471313460
2.4070782717400876	1.0000005471240765
2.4111820906048096	1.0000005471231368
2.4249862753742688	1.0000005471226372
2.4290941268774029	1.0000005471225726
2.4429702082985827	1.0000005471225384
2.4469019915353662	1.0000005471225337
2.4610542277695813	1.0000005471225315
2.4674240488613064	1.0000005471225313
2.4705871481597956	1.0000005296894239
2.4705871482408490	1.0000005274360326
2.4998573659217915	1.0000005264756386
2.5064697143295369	1.0000005263514986
2.5231699623318002	1.0000005263173324
2.5296919798715507	1.0000005263129159
2.5589122264396909	1.0000005263117004
2.5654941179490640	1.0000005263115432
2.5946711664953117	1.0000005263114999
2.6016630604766178	1.0000005263114944
2.6319008734075466	1.0000005263114928
2.6355683315274576	1.0000005263114926
2.6358792402645093	1.0000005263114928
2.6373648960930565	0.9999995562382215
2.6373648960935765	1.0000004009257251
2.6576734871412020	1.0000399774648261
2.6671314576072125	1.0000036817796261
2.6843805530885150	1.0000003777923838
2.6985670743833956	1.0000001076627927
2.7130199456521331	1.0000000860039890
2.7272534807344244	1.0000000842738945
2.7415019667730305	1.0000000841357817
2.7557389094322895	1.0000000841247574
2.7699799253678723	1.0000000841238772
2.7842476443450970	1.0000000841238068
2.7987022901827694	1.0000000841238013
2.8095470794088171	0.9999999297516483
2.8335449450181041	0.9999999041377843
3.0247680145086950	0.9998022421857736
3.0370723184553579	0.9995071901727965
3.0549174349776735	0.9999010066535021
3.0549310089768191	0.9999519228813981
3.0560251542759564	0.9999584890492050
3.0780460719395029	0.9999593317018550
3.0903265884057487	0.9999803646439750
3.0929253928928864	0.9999830825516336
3.0986054800902423	0.9999834338005560
3.1348841193690027	0.9999838568218752
3.1426526151215946	0.9999839115013965
3.1433821941528648	0.9999868929214878
3.1437402599776947	0.9999872853852960
3.1490337695285762	0.9999877778046998
3.1497672320131329	0.9999883482016168
3.1615123697230163	0.9999885444678440
3.1688947033902193	0.9999885698384902
3.1756479827797648	0.9999886243177619
3.1817854433532022	0.9999886492773736
3.1850792885312686	0.9999976697464598
3.1851193501803503	0.9999988389160349
3.2022144685865959	0.9999995010141770
3.2026301932713617	0.9999996128003805
3.2146114895883282	0.9999996699626424
3.2156416959004757	0.9999996807883272
3.2257303108852824	0.9999996861474804
3.2282820160203300	0.9999996871741534
3.2374640214744761	0.9999996876936220
3.2402845819049779	0.9999996877966516
3.2494969117866788	0.9999996878480820
3.2530603310235260	0.9999996878583397
3.2621299686922089	0.9999996878634532
3.2660495550165307	0.9999996878644755
3.2750557129031486	0.9999996878649848
3.2791589542207822	0.9999996878650869
3.2881383325356799	0.9999996878651378
3.2923053171219610	0.9999996878651478
3.3012624406031508	0.9999996878651530
3.3055935216423258	0.9999996878651539
3.3159611804163878	0.9999996878651544
3.3170752189611421	0.9999996878651545
3.3186747081867507	0.9999996878651544
3.3328052236185517	1.0004223919089941
3.3330532399036428	1.0010527523280364
3.3349536897859351	1.0011331809297632
3.3386519441122888	1.0007691240839764
3.3501518964591344	1.0001627465067640
3.3504711326505991	1.0000769592752417
3.3601034146411251	1.0000211091307152
3.3643797362356933	1.0000131859696610
3.3688639769122952	1.0000039465048303
3.3705491618893197	1.0000024731068293
3.3746530896737448	1.0000005660755391
3.3769307588029376	1.0000002775454719
3.3904880982443011	1.0000000952421693
3.3922468714052099	1.0000000642104074
3.4007697375519030	1.0000000464377747
3.4033057672244369	1.0000000432118206
3.4113967917445516	1.0000000414215853
3.4140734796221981	1.0000000410839787
3.4217024424974527	1.0000000408992780
3.4246508100544468	1.0000000408636460
3.4320882738173331	1.0000000408442999
3.4352600590958571	1.0000000408405176
3.4425646181295231	1.0000000408384728
3.4459135135503072	1.0000000408380700
3.4468146580032566	1.0000000327026168
3.4493101743438910	1.0000000284962218
3.4551677351109786	1.0000000277286447
3.4562697725648497	1.0000000269746827
3.4580829951102654	1.0000000262964241
3.4591972727050200	1.0000000253906149
3.4704742027318862	1.0000000249923640
3.4768925426237551	1.0000000247778738
3.4822107688400479	1.0000000247172371
3.4882176126690392	1.0000000246848904
3.4938534055196935	1.0000000246771861
3.5002018674615383	1.0000000246731426
3.5053401872536294	1.0000000246722422
3.5116968545480294	1.0000000246717662
3.5164677449889492	1.0000000246716640
3.5230072357900495	1.0000000246716094
3.5274642458289729	1.0000000246715981
3.5343456088140242	1.0000000246715919
3.5381316956955997	1.0000000246715910
3.5426093028999039	0.9977566419744553
3.5426093028999057	0.9974625203163425
3.5467158511646262	0.9995142489238565
3.5554111336837080	0.9997718717149268
3.5701216811418552	0.9999119064011089
3.5763406505443598	0.9999321769205912
3.5798882331909088	0.9999701695347506
3.5831410224850289	0.9999871821278290
3.5940794039943338	0.9999893803097564
3.6016096564901865	0.9999912523123706
3.6097120532001274	0.9999916873762311
3.6118427423858459	0.9999917436136895
3.6288780203056463	0.9999917686305969
3.6324985874423552	0.9999968208216591
3.6343614179096586	0.9999990259622307
3.6424810731347246	0.9999993670637510
3.6456230976088086	0.9999996489342858
3.6460639232103489	0.9999996853686920
3.6753759424975621	0.9999997349019819
3.6789317077395105	0.9999997468068076
3.6898194724218243	0.9999997502295600
3.6998686767410551	0.9999997509555062
3.7097915619347779	0.9999997511635841
3.7203523636409197	0.9999997512077020
3.7296630991022548	0.9999997512203534
3.7408016753284401	0.9999997512230372
3.7512128889394436	0.9999997512238123
3.7620630808473394	0.9999997512239778
3.7701475407702141	0.9999997512240255
3.7817432093406840	0.9999997512240356
3.7901999640516233	0.9999997512240388
3.8012613497188843	0.9999997512240395
3.8443182047143849	0.9999998845444503
3.8738788201678998	0.9999998915112240
3.9431616016674780	0.9999998916482079
3.9735383968823674	0.9999998916859099
3.9966642662676040	0.9999998916907832
4.0293089036284258	0.9999998916921242
4.0524374249087582	0.9999998916922979
4.0819926295548594	0.9999998916923455
4.1054570369724024	0.9999998916923517
4.1326011984201934	0.9999998916923534
4.1643348806767539	0.9999998916923535
4.1646944279088265	0.9999998916923537
4.1700385530512420	0.9999998916923538
4.2088643744904006	0.9999999498319486
4.3219256873571172	0.9999999471607735
5.0171134029098559	1.0011750381332321
5.0244885078976615	1.0000674124017732
5.0369525639162918	1.0000142516876025
5.0531871474914070	1.0000015038806178
5.0723647364206270	0.9999987711419359
5.1007029726266397	0.9999983349835283
5.1258901801947383	0.9999971926957170
8.5292008559860211	0.9999992659675012
8.9562128947119106	0.9999998532098950
8.9562282850965929	1.0011749431913584
8.9625043082234352	1.0000197035647194
9.0282065255924451	0.9999885091656121
9.5497676058813585	0.9999997477649335
9.5892816122780555	0.9999999371791076
9.6331724518274271	0.9999999403287552
9.6767934844715633	0.9999999403813754
9.7203954328166482	0.9999999403822544
9.7632437560962551	0.9999999403822692
9.7923661349034052	0.9999999403822696
9.7944043202765148	0.9999999403822697
