0.0000000000000000	0.0000000000000000
0.2224001596747180	0.0000300000000000
0.2225869244876958	0.0000078776730258
0.2241042280298501	0.0000158291630669
0.2243532692710570	0.0000361203924966
0.2243726078790255	0.0000294699731586
0.2247643902237545	0.0000355227683206
0.2251393187809992	0.0000382100182472
0.2253374171795727	0.0000456220627348
0.2257978657663971	0.0000528577179257
0.2261989964035811	0.0000628577179257
0.2265477381449824	0.0000724077311182
0.2268484176491073	0.0000824077311182
0.2271066552545828	0.0000924077311182
0.2273358041989575	0.0001041075631557
0.2275700599523844	0.0001141075631557
0.2277395523198217	0.0001241075631557
0.2278949432275791	0.0001341075631557
0.2280395924168773	0.0001441075631557
0.2281749854274732	0.0001541075631557
0.2282999816021739	0.0001641075631557
0.2284180163446888	0.0001741075631557
0.2285269112448379	0.0001841075631557
0.2286332722491152	0.0001941075631557
0.2287304544280916	0.0002041075631557
0.2288242848903469	0.0002141075631557
0.2289120523677549	0.0002241075631557
0.2289971824999443	0.0002341075631557
0.2290774005251464	0.0002441075631557
0.2291546772376854	0.0002541075631557
0.2292286225859857	0.0002641075631557
0.2293000021840018	0.0002741075631557
0.2293685489321255	0.0002841075631557
0.2294343729326467	0.0002941075631557
0.2294982896417852	0.0003041075631557
0.2295596884054074	0.0003141075631557
0.2296195276521792	0.0003241075631557
0.2296768009830760	0.0003341075631557
0.2297330676400646	0.0003441075631557
0.2297869708987207	0.0003541075631557
0.2298400589289155	0.0003641075631556
0.2298907403542912	0.0003741075631556
0.2299409581371637	0.0003841075631557
0.2299889124841480	0.0003941075631557
0.2300365917781073	0.0004041075631557
0.2300820501608372	0.0004141075631557
0.2301274059607072	0.0004241075631557
0.2301707762549237	0.0004341075631557
0.2302138771334243	0.0004441075631557
0.2302553649591143	0.0004541075631557
0.2302965194305507	0.0004641075631557
0.2303362781246016	0.0004741075631557
0.2303755858485610	0.0004841075631557
0.2304137494769818	0.0004941075631557
0.2304514153087844	0.0005041075631557
0.2304881068013919	0.0005141075631557
0.2305242289479208	0.0005241075631557
0.2305595273260442	0.0005341075631557
0.2305941960241678	0.0005441075631557
0.2306281906124521	0.0005541075631557
0.2306615511103547	0.0005641075631557
0.2306943943149193	0.0005741075631557
0.2307266073335064	0.0005841075631557
0.2307583061216585	0.0005941075631557
0.2307893044834971	0.0006041075631557
0.2308200330139907	0.0006141075631557
0.2308500208977438	0.0006241075631557
0.2308797125224129	0.0006341075631557
0.2309087981410149	0.0006441075631557
0.2309375458430259	0.0006541075631557
0.2309656801465246	0.0006641075631557
0.2309936143750405	0.0006741075631557
0.2310208853586436	0.0006841075631557
0.2310480107155539	0.0006941075631557
0.2310745027736903	0.0007041075631557
0.2311008050938033	0.0007141075631557
0.2311265847455148	0.0007241075631557
0.2311521424057948	0.0007341075631557
0.2311771825423505	0.0007441075631557
0.2312021473626477	0.0007541075631557
0.2312264762951608	0.0007641075631557
0.2312507032475153	0.0007741075631557
0.2312745637975910	0.0007841075631557
0.2312980868532265	0.0007941075631557
0.2313212776769401	0.0008041075631557
0.2313442841289770	0.0008141075631557
0.2313669911763948	0.0008241075631557
0.2313893415995362	0.0008341075631557
0.2314114492370477	0.0008441075631557
0.2314333120393164	0.0008541075631557
0.2314549690271379	0.0008641075631557
0.2314763570143724	0.0008741075631557
0.2314974641738502	0.0008841075631557
0.2315182737699112	0.0008941075631557
0.2315389462057351	0.0009041075631557
0.2315593148708793	0.0009141075631557
0.2315795667227853	0.0009241075631557
0.2315994882838941	0.0009341075631557
0.2316193274707531	0.0009441075631557
0.2316388255111280	0.0009541075631557
0.2316582613106901	0.0009641075631557
0.2316773349271690	0.0009741075631557
0.2316963787654726	0.0009841075631557
0.2317150534637525	0.0009941075631557
0.2317336812153075	0.0010041075631557
0.2317519905553225	0.0010141486387872
0.2317703225577857	0.0010242901251751
0.2317885471723392	0.0010345330264269
0.2318068658228337	0.0010448783566911
0.2318251159187824	0.0010553271402580
0.2318434214377932	0.0010658804116606
0.2318617040999808	0.0010765392157772
0.2318799879489736	0.0010873046079350
0.2318983100310023	0.0010981776540143
0.2319165738659139	0.0011091594305545
0.2319349402113261	0.0011202510248600
0.2319531775445054	0.0011314535351086
0.2319715136021623	0.0011427680704597
0.2319898052364481	0.0011541957511643
0.2320081066826015	0.0011657377086759
0.2320264577073682	0.0011773950857627
0.2320447261617710	0.0011891690366203
0.2320630696643779	0.0012010607269865
0.2320813745448134	0.0012130713342564
0.2320996793004237	0.0012252020475990
0.2321180471572642	0.0012374540680749
0.2321363235157998	0.0012498286087557
0.2321546491033141	0.0012623268948432
0.2321730071784302	0.0012749501637917
0.2321912924384446	0.0012876996654296
0.2322096267474698	0.0013005766620839
0.2322279814196643	0.0013135824287047
0.2322462748022228	0.0013267182529918
0.2322646090296530	0.0013399854355217
0.2322829757229129	0.0013533852898769
0.2323012695914282	0.0013669191427757
0.2323195972673595	0.0013805883342034
0.2323379565628370	0.0013943942175455
0.2323562793973494	0.0014083381597209
0.2323745965452126	0.0014224215413181
0.2323929405473169	0.0014366457567313
0.2324113054757913	0.0014510122142986
0.2324296148406300	0.0014655223364416
0.2324479420907822	0.0014801775598060
0.2324662867706023	0.0014949793354041
0.2324846490134604	0.0015099291287581
0.2325029731033848	0.0015250284200457
0.2325212983099748	0.0015402787042462
0.2325396388355644	0.0015556814912886
0.2325579894160770	0.0015712383062015
0.2325763508515835	0.0015869506892635
0.2325946753547000	0.0016028201961562
0.2326130053979329	0.0016188483981177
0.2326313450784876	0.0016350368820989
0.2326496908486389	0.0016513872509199
0.2326680430475878	0.0016679011234291
0.2326863989612305	0.0016845801346634
0.2327047383020301	0.0017014259360100
0.2327230726280907	0.0017184401953701
0.2327414110005184	0.0017356245973238
0.2327597533738784	0.0017529808432971
0.2327780982699486	0.0017705106517300
0.2327964455764998	0.0017882157582473
0.2328147942541801	0.0018060979158298
0.2328331440081406	0.0018241588949881
0.2328514943263111	0.0018424004839379
0.2328698448432521	0.0018608244887773
0.2328881954143519	0.0018794327336651
0.2329065455324975	0.0018982270610018
0.2329248954663577	0.0019172093316118
0.2329432446537036	0.0019363814249279
0.2329615936380384	0.0019557452391772
0.2329799417343374	0.0019753026915690
0.2329982898464118	0.0019950557184847
0.2330166371268296	0.0020150062756695
0.2330349847448497	0.0020351563384262
0.2330533314797587	0.0020555079018105
0.2330716786162297	0.0020760629808286
0.2330900251046330	0.0020968236106368
0.2331083718041198	0.0021177918467432
0.2331267183183267	0.0021389697652106
0.2331450648316085	0.0021603594628628
0.2331634116561755	0.0021819630574914
0.2331817582269051	0.0022037826880663
0.2332001054430632	0.0022258205149470
0.2332184523387942	0.0022480787200965
0.2332367995572904	0.0022705595072974
0.2332551470849195	0.0022932651023704
0.2332734945928114	0.0023161977533941
0.2332918427782616	0.0023393597309280
0.2333101908998967	0.0023627533282373
0.2333285393158501	0.0023863808615197
0.2333468884134124	0.0024102446701349
0.2333652374298973	0.0024343471168362
0.2333835869008679	0.0024586905880046
0.2334019369231880	0.0024832774938846
0.2334202870080206	0.0025081102688235
0.2334386375980979	0.0025331913715117
0.2334569887578958	0.0025585232852269
0.2334753400258740	0.0025841085180791
0.2334936917671367	0.0026099496032599
0.2335120442396464	0.0026360490992925
0.2335303967920147	0.0026624095902854
0.2335487497322090	0.0026890336861883
0.2335671033489508	0.0027159240230502
0.2335854573364766	0.0027430832632806
0.2336038115880484	0.0027705140959134
0.2336221663567458	0.0027982192368726
0.2336405218170367	0.0028262014292413
0.2336588775783843	0.0028544634435337
0.2336772336802967	0.0028830080779690
0.2336955902809123	0.0029118381587487
0.2337139475324884	0.0029409565403362
0.2337323052873497	0.0029703661057396
0.2337506633504753	0.0030000697667970
0.2337690218614464	0.0030300704644650
0.2337873809186169	0.0030603711691096
0.2338057406124401	0.0030909748808007
0.2338241008915467	0.0031218846296087
0.2338424615236651	0.0031531034759048
0.2338608225987041	0.0031846345106638
0.2338791841825238	0.0032164808557705
0.2338975463312264	0.0032486456643282
0.2339159090843493	0.0032811321209714
0.2339342724716447	0.0033139434421811
0.2339526364503831	0.0033470828766029
0.2339710008792060	0.0033805537053690
0.2339893657989040	0.0034143592424226
0.2340077312447993	0.0034485028348469
0.2340260972407125	0.0034829878631953
0.2340444638099714	0.0035178177418273
0.2340628309642576	0.0035529959192456
0.2340811987191983	0.0035885258784380
0.2340995670786679	0.0036244111372224
0.2341179360541084	0.0036606552485946
0.2341363056447184	0.0036972618010805
0.2341546758606708	0.0037342344190913
0.2341730466995657	0.0037715767632822
0.2341914181674549	0.0038092925309151
0.2342097902577734	0.0038473854562242
0.2342281629788254	0.0038858593107865
0.2342465363274858	0.0039247179038943
0.2342649103119699	0.0039639650829333
0.2342832849337409	0.0040036047337626
0.2343016602006473	0.0040436407811003
0.2343200361187380	0.0040840771889113
0.2343384126586839	0.0041249179608004
0.2343567896952100	0.0041661671404084
0.2343751672441275	0.0042078288118125
0.2343935453292281	0.0042499070999306
0.2344119239636868	0.0042924061709299
0.2344303031658588	0.0043353302326392
0.2344486829518458	0.0043786835349656
0.2344670633341436	0.0044224703703152
0.2344854443314672	0.0044666950740184
0.2345038259527805	0.0045113620247586
0.2345222082115600	0.0045564756450062
0.2345405911224076	0.0046020404014562
0.2345589746943536	0.0046480608054708
0.2345773589413877	0.0046945414135255
0.2345957438752316	0.0047414868276607
0.2346141295057515	0.0047889016959374
0.2346325158470822	0.0048367907128968
0.2346509029102478	0.0048851586200257
0.2346692907055659	0.0049340102062260
0.2346876792441362	0.0049833503082883
0.2347060685232746	0.0050331838113712
0.2347244585401201	0.0050835156494849
0.2347428492965577	0.0051343508059797
0.2347612407970770	0.0051856943140395
0.2347796330424036	0.0052375512571799
0.2347980260372208	0.0052899267697517
0.2348164197895133	0.0053428260374491
0.2348348143060397	0.0053962542978237
0.2348532095930152	0.0054502168408019
0.2348716056594957	0.0055047190092099
0.2348900025169301	0.0055597661993021
0.2349084001757272	0.0056153638612951
0.2349267986453558	0.0056715174999080
0.2349451979375357	0.0057282326749071
0.2349635980657731	0.0057855150016562
0.2349819990451736	0.0058433701516727
0.2350004008883361	0.0059018038531894
0.2350188036087091	0.0059608218917213
0.2350372072213884	0.0060204301106385
0.2350556117426975	0.0060806344117449
0.2350740171900646	0.0061414407558624
0.2350924235808571	0.0062028551634210
0.2351108309288056	0.0062648837150552
0.2351292392476198	0.0063275325522058
0.2351476485508358	0.0063908078777278
0.2351660588520311	0.0064547159565051
0.2351844701646466	0.0065192631160702
0.2352028825021940	0.0065844557472309
0.2352212958781340	0.0066503003047032
0.2352397103060613	0.0067168033077503
0.2352581257996296	0.0067839713408278
0.2352765423720810	0.0068518110542361
0.2352949600366750	0.0069203291647785
0.2353133788072109	0.0069895324564262
0.2353317986981413	0.0070594277809905
0.2353502197245472	0.0071300220588004
0.2353686419021376	0.0072013222793884
0.2353870652471495	0.0072733355021823
0.2354054897763052	0.0073460688572041
0.2354239155066861	0.0074195295457761
0.2354423424557450	0.0074937248412339
0.2354607706413415	0.0075686620896462
0.2354792000817512	0.0076443487105427
0.2354976307957504	0.0077207921976482
0.2355160628025912	0.0077980001196246
0.2355344961221296	0.0078759801208209
0.2355529307747586	0.0079547399220291
0.2355713667815421	0.0080342873212493
0.2355898041626434	0.0081146301944619
0.2356082429373264	0.0081957764964065
0.2356266831242337	0.0082777342613705
0.2356451247415056	0.0083605116039842
0.2356635678070004	0.0084441167200241
0.2356820123276226	0.0085285578872243
0.2357004582966425	0.0086138434660965
0.2357189057100913	0.0086999819007575
0.2357373545666127	0.0087869817197651
0.2357558048674051	0.0088748515369628
0.2357742566160577	0.0089636000523324
0.2357927098185114	0.0090532360528557
0.2358111644830293	0.0091437684133842
0.2358296206200755	0.0092352060975180
0.2358480782423151	0.0093275581584932
0.2358665373645333	0.0094208337400781
0.2358849980033961	0.0095150420774789
0.2359034601773393	0.0096101924982537
0.2359219239064687	0.0097062944232363
0.2359403892124265	0.0098033573674686
0.2359588561183703	0.0099013909411433
0.2359773246489560	0.0100004048505548
0.2359957948287056	0.0101004088990603
0.2360142666814660	0.0102014129880509
0.2360327402307664	0.0103034271179314
0.2360512155001230	0.0104064613891107
0.2360696925132937	0.0105105260030018
0.2360881712944373	0.0106156312630319
0.2361066518682066	0.0107217875756622
0.2361251341896456	0.0108290054514188
0.2361436179048736	0.0109372955059329
0.2361621030691768	0.0110466684609923
0.2361805897364072	0.0111571351456021
0.2361990779592680	0.0112687064970581
0.2362175677895594	0.0113813935620287
0.2362360592784453	0.0114952074976490
0.2362545524767100	0.0116101595726254
0.2362730474349988	0.0117262611683517
0.2362915442038439	0.0118435237800352
0.2363100428337037	0.0119619590178356
0.2363285433745508	0.0120815786080139
0.2363470458529885	0.0122023943940941
0.2363655502802120	0.0123244183380351
0.2363840566694721	0.0124476625214155
0.2364025650361872	0.0125721391466296
0.2364210753980484	0.0126978605380958
0.2364395877751246	0.0128248391434769
0.2364581021899692	0.0129530875349116
0.2364766186676839	0.0130826184102606
0.2364951372357944	0.0132134445943633
0.2365136579241672	0.0133455790403070
0.2365321807649586	0.0134790348307101
0.2365507053142192	0.0136138251790172
0.2365692248441636	0.0137499634308072
0.2365877467612175	0.0138874630651154
0.2366062710932609	0.0140263376957666
0.2366247978713337	0.0141666010727243
0.2366433271284933	0.0143082670834515
0.2366618588976291	0.0144513497542861
0.2366803932117718	0.0145958632518291
0.2366989301043849	0.0147418218843473
0.2367174696096636	0.0148892401031907
0.2367360117628401	0.0150381325042225
0.2367545566004744	0.0151885138292648
0.2367731041607344	0.0153403989675573
0.2367916544836678	0.0154938029572330
0.2368102076113581	0.0156487409868052
0.2368287635879105	0.0158052283966732
0.2368473224294963	0.0159632806806398
0.2368658841364736	0.0161229134874462
0.2368844487167418	0.0162841426223207
0.2369030161843881	0.0164469840485441
0.2369215865563861	0.0166114538890295
0.2369401598529163	0.0167775684279199
0.2369587360976785	0.0169453441121992
0.2369773153180753	0.0171147975533211
0.2369958975451713	0.0172859455288544
0.2370144828136983	0.0174588049841429
0.2370330711621046	0.0176333930339842
0.2370516620960345	0.0178097269643242
0.2370702554750058	0.0179878242339676
0.2370888513928058	0.0181677024763074
0.2371074499437110	0.0183493795010705
0.2371260512226633	0.0185328732960814
0.2371446553222230	0.0187182020290422
0.2371632623318919	0.0189053840493326
0.2371818723389412	0.0190944378898261
0.2372004854292004	0.0192853822687242
0.2372191016878033	0.0194782360914115
0.2372377211998972	0.0196730184523255
0.2372563439931820	0.0198697486368487
0.2372749700966362	0.0200684461232173
0.2372935995467562	0.0202691305844494
0.2373122323872343	0.0204718218902937
0.2373308686687188	0.0206765401091968
0.2373495084471043	0.0208833055102888
0.2373681517799224	0.0210921385653917
0.2373867987270984	0.0213030599510455
0.2374054493514154	0.0215160905505559
0.2374241037187810	0.0217312514560614
0.2374427618985308	0.0219485639706219
0.2374614239637488	0.0221680496103282
0.2374800899916461	0.0223897301064314
0.2374987600639537	0.0226136274074958
0.2375174342668702	0.0228397636815706
0.2375361126862861	0.0230681613183861
0.2375547954077508	0.0232988429315700
0.2375734824601270	0.0235318313608858
0.2375921738627944	0.0237671496744946
0.2376108696445161	0.0240048211712395
0.2376295698435355	0.0242448693829519
0.2376482743840083	0.0244873180767814
0.2376669824120617	0.0247321912575492
0.2376856931330826	0.0249795131701246
0.2377044066098927	0.0252293083018258
0.2377231239475101	0.0254816013848439
0.2377418452759114	0.0257364173986925
0.2377605707243655	0.0259937815726796
0.2377793004224471	0.0262537193884064
0.2377980262197964	0.0265162565822905
0.2378167497869543	0.0267814191481132
0.2378354781775098	0.0270492333395943
0.2378542115062343	0.0273197256729903
0.2378729498809078	0.0275929229297204
0.2378916933338839	0.0278688521590174
0.2379104419115806	0.0281475406806074
0.2379291956681501	0.0284290160874136
0.2379479546658861	0.0287133062482878
0.2379667189756700	0.0290004393107707
0.2379854886774643	0.0292904437038784
0.2380042638608216	0.0295833481409173
0.2380230446247903	0.0298791816223264
0.2380418310779445	0.0301779734385497
0.2380606233326462	0.0304797531729353
0.2380794215040563	0.0307845507046648
0.2380982257115812	0.0310923962117113
0.2381170360560720	0.0314033201738283
0.2381358517779061	0.0317173533755665
0.2381546724282749	0.0320345269093220
0.2381734981404280	0.0323548721784150
0.2381923290581063	0.0326784209001993
0.2382111653262010	0.0330052051092013
0.2382300071004779	0.0333352571602935
0.2382488545429763	0.0336686097318965
0.2382677078201008	0.0340052958292157
0.2382865671037037	0.0343453487875077
0.2383054325722326	0.0346888022753825
0.2383243044117952	0.0350356902981364
0.2383431828139198	0.0353860472011177
0.2383620678681278	0.0357399076731288
0.2383809596611692	0.0360973067498603
0.2383998582936794	0.0364582798173588
0.2384187638809075	0.0368228626155323
0.2384376765533960	0.0371910912416874
0.2384565964568940	0.0375630021541044
0.2384755237512765	0.0379386321756452
0.2384944586016725	0.0383180184974017
0.2385133999214270	0.0387011986823760
0.2385323474887654	0.0390882106692000
0.2385512806870688	0.0394790927758919
0.2385702192740035	0.0398738837036509
0.2385891650695635	0.0402726225406876
0.2386081182060180	0.0406753487660947
0.2386270788367246	0.0410821022537557
0.2386460471324792	0.0414929232762935
0.2386650232739387	0.0419078525090567
0.2386840074532899	0.0423269310341475
0.2387029998753461	0.0427502003444888
0.2387220007587992	0.0431777023479339
0.2387410103375796	0.0436094793714132
0.2387600288176089	0.0440455741651274
0.2387790562974936	0.0444860299067788
0.2387980928982121	0.0449308902058463
0.2388171387637268	0.0453801991079047
0.2388361937920607	0.0458340010989839
0.2388552563760017	0.0462923411099738
0.2388743268452259	0.0467552645210736
0.2388934055361240	0.0472228171662842
0.2389124927873736	0.0476950453379469
0.2389315889430114	0.0481719957913266
0.2389506942482489	0.0486537157492400
0.2389698058726727	0.0491402529067324
0.2389889261112800	0.0496316554357997
0.2390080561320187	0.0501279719901577
0.2390271961988803	0.0506292517100589
0.2390463465932746	0.0511355442271596
0.2390655076158904	0.0516468996694309
0.2390846651453414	0.0521633686661249
0.2391038162245589	0.0526850023527861
0.2391229791353414	0.0532118523763136
0.2391421518411257	0.0537439709000770
0.2391613343998003	0.0542814106090776
0.2391805271247685	0.0548242247151687
0.2391997303514998	0.0553724669623208
0.2392189444389044	0.0559261916319437
0.2392381697692830	0.0564854535482629
0.2392574067339212	0.0570503080837458
0.2392766556741152	0.0576208111645828
0.2392959168053866	0.0581970192762288
0.2393151903826413	0.0587789894689910
0.2393344767008837	0.0593667793636811
0.2393537760828745	0.0599604471573180
0.2393730878222504	0.0605600516288912
0.2393924105271245	0.0611656521451799
0.2394117447544352	0.0617773086666317
0.2394310909775906	0.0623950817532976
0.2394504495562019	0.0630190325708303
0.2394698208862263	0.0636492228965384
0.2394892053898689	0.0642857151255042
0.2395085959851335	0.0649285722767588
0.2395279677136787	0.0655778579995268
0.2395473544282600	0.0662336365795222
0.2395667565848241	0.0668959729453170
0.2395861744216486	0.0675649326747702
0.2396056075662870	0.0682405820015177
0.2396250537943932	0.0689229878215326
0.2396445136453418	0.0696122176997483
0.2396639876939677	0.0703083398767452
0.2396834765454227	0.0710114232755124
0.2397029808229237	0.0717215375082677
0.2397224995732616	0.0724387528833503
0.2397420297199082	0.0731631404121833
0.2397615765150428	0.0738947718163046
0.2397811404762613	0.0746337195344680
0.2398007216403344	0.0753800567298127
0.2398203174045111	0.0761338572971112
0.2398399285903239	0.0768951958700823
0.2398595557151673	0.0776641478287832
0.2398791523439937	0.0784407893070716
0.2398987651706614	0.0792251972001426
0.2399183961781950	0.0800174491721443
0.2399380459927676	0.0808176236638654
0.2399577152900501	0.0816257999005043
0.2399774046058872	0.0824420578995089
0.2399971143927004	0.0832664784785035
0.2400168412983627	0.0840991432632891
0.2400365858751724	0.0849401346959225
0.2400563489581216	0.0857895360428817
0.2400761314333391	0.0866474314033105
0.2400959341049185	0.0875139057173437
0.2401157575801471	0.0883890447745171
0.2401356025368306	0.0892729352222619
0.2401554697268907	0.0901656645744848
0.2401753244019396	0.0910673212202292
0.2401951756474818	0.0919779944324318
0.2402150474403065	0.0928977743767564
0.2402349407434851	0.0938267521205244
0.2402548562961281	0.0947650196417293
0.2402747912175173	0.0957126698381472
0.2402947451281353	0.0966697965365289
0.2403147238611648	0.0976364945018945
0.2403347282157288	0.0986128594469138
0.2403547553885938	0.0995989880413830
0.2403748048379510	0.1005949779217971
0.2403948776730522	0.1016009277010148
0.2404149750662626	0.1026169369780252
0.2404350912994522	0.1036431063478050
0.2404551719800687	0.1046795374112833
0.2404752808160856	0.1057263327853968
0.2404954186589105	0.1067835961132507
0.2405155841231149	0.1078514320743826
0.2405357749540714	0.1089299463951257
0.2405559925688358	0.1100192458590766
0.2405762381771152	0.1111194383176670
0.2405965128557201	0.1122306327008435
0.2406168177977628	0.1133529390278526
0.2406371542903357	0.1144864684181312
0.2406575196607923	0.1156313331023126
0.2406778950988982	0.1167876464333364
0.2406982399566560	0.1179555228976702
0.2407186052367871	0.1191350781266469
0.2407390026621692	0.1203264289079130
0.2407594336932366	0.1215296931969914
0.2407798997817042	0.1227449901289609
0.2408004006176445	0.1239724400302508
0.2408209322124392	0.1252121644305535
0.2408414962628292	0.1264642860748598
0.2408620945716095	0.1277289289356080
0.2408827288935580	0.1290062182249649
0.2409033462863472	0.1302962804072152
0.2409239655482195	0.1315992432112870
0.2409446245410324	0.1329152356433998
0.2409653184833236	0.1342443879998336
0.2409860494623625	0.1355868318798314
0.2410068193903228	0.1369427001986303
0.2410276299324780	0.1383121272006169
0.2410484829236230	0.1396952484726226
0.2410693663765385	0.1410922009573496
0.2410902836275607	0.1425031229669235
0.2411111490582303	0.1439281541965935
0.2411320495705545	0.1453674357385595
0.2411529945265461	0.1468211100959457
0.2411739860575658	0.1482893211969053
0.2411950260051609	0.1497722144088749
0.2412161078914574	0.1512699365529633
0.2412372339638895	0.1527826359184930
0.2412584067002993	0.1543104622776786
0.2412796171374616	0.1558535669004562
0.2413007746435009	0.1574121025694605
0.2413219863274029	0.1589862235951543
0.2413432461501986	0.1605760858311053
0.2413645534130961	0.1621818466894166
0.2413858965955620	0.1638036651563102
0.2414072944664614	0.1654417018078729
0.2414287493946131	0.1670961188259507
0.2414502549291275	0.1687670800142100
0.2414716952632458	0.1704547508143531
0.2414931857179163	0.1721592983224972
0.2415147349100506	0.1738808913057233
0.2415363455178813	0.1756197002187803
0.2415580188377134	0.1773758972209682
0.2415797481748029	0.1791496561931769
0.2416015374968599	0.1809411527551088
0.2416233372448643	0.1827505642826598
0.2416451013340508	0.1845780699254860
0.2416669275665073	0.1864238506247407
0.2416888192064056	0.1882880891309873
0.2417107752502667	0.1901709700222963
0.2417327996625550	0.1920726797225203
0.2417548961552515	0.1939934065197463
0.2417770107315601	0.1959333405849426
0.2417990998433396	0.1978926739907922
0.2418212590280095	0.1998716007306991
0.2418434928082301	0.2018703167380068
0.2418658053491207	0.2038890199053860
0.2418881832438970	0.2059279101044386
0.2419106259892040	0.2079871892054832
0.2419330292912760	0.2100670610975374
0.2419554655351198	0.2121677317085131
0.2419779881968596	0.2142894090255994
0.2420006023865836	0.2164323031158553
0.2420232977738281	0.2185966261470139
0.2420460795302463	0.2207825924084844
0.2420688649841925	0.2229904183325696
0.2420916472113614	0.2252203225158948
0.2421145011467825	0.2274725257410546
0.2421374444666564	0.2297472509984656
0.2421604835589264	0.2320447235084498
0.2421836243576726	0.2343651707435346
0.2422067468202044	0.2367088224509686
0.2422298955238442	0.2390759106754787
0.2422531450554136	0.2414666697822345
0.2422765020671507	0.2438813364800570
0.2422999626706788	0.2463201498448590
0.2423235076610309	0.2487833513433079
0.2423469503661154	0.2512711848567401
0.2423705068977340	0.2537838967053077
0.2423941843158371	0.2563217356723617
0.2424179905788653	0.2588849530290857
0.2424419127815584	0.2614738025593753
0.2424658000433024	0.2640885405849681
0.2424897225507063	0.2667294259908164
0.2425137594514858	0.2693967202507251
0.2425379307473705	0.2720906874532315
0.2425622339097942	0.2748115943277629
0.2425865223366785	0.2775597102710408
0.2426108543772283	0.2803353073737500
0.2426353410008386	0.2831386604474888
0.2426599567351955	0.2859700470519652
0.2426846912056096	0.2888297475224860
0.2427093724694328	0.2917180449977115
0.2427341527231182	0.2946352254476881
0.2427590905883364	0.2975815777021637
0.2427841927599027	0.3005573934791858
0.2428094366982073	0.3035629674139773
0.2428345522674563	0.3065985970881182
0.2428598292436820	0.3096645830590004
0.2428852836010104	0.3127612288895897
0.2429109304904663	0.3158888411784853
0.2429365568721979	0.3190477295902706
0.2429622657767651	0.3222382068861720
0.2429881343073407	0.3254605889550342
0.2430141877053512	0.3287151948445857
0.2430403285691843	0.3320023467930331
0.2430664563035182	0.3353223702609650
0.2430927972167088	0.3386755939635750
0.2431193685311945	0.3420623499032100
0.2431460293392281	0.3454829734022419
0.2431726227617922	0.3489378031362652
0.2431994518501304	0.3524271811676291
0.2432265351808098	0.3559514529793062
0.2432537923253254	0.3595109675091003
0.2432809268070463	0.3631060771841927
0.2433083009674888	0.3667371379560357
0.2433359578508911	0.3704045093355979
0.2433637488640288	0.3741085544289555
0.2433915301888572	0.3778496399732438
0.2434195349460611	0.3816281363729765
0.2434478397539533	0.3854444177367070
0.2434761744788987	0.3892988619140730
0.2435046245487456	0.3931918505332132
0.2435333823581864	0.3971237690385453
0.2435624182570727	0.4010950067289299
0.2435913073070992	0.4051059567962182
0.2436205155209064	0.4091570163641808
0.2436500947193207	0.4132485865278242
0.2436797357216802	0.4173810723931036
0.2437094247735481	0.4215548831170342
0.2437394989711753	0.4257704319482033
0.2437699982177151	0.4300281362676840
0.2438002386988155	0.4343284176303612
0.2438308691927124	0.4386717018066653
0.2438619413087833	0.4430584188247318
0.2438930791858869	0.4474890030129804
0.2439243395891487	0.4519638930431089
0.2439560569462757	0.4564835319735407
0.2439880312648751	0.4610483672932773
0.2440200439762382	0.4656588509662106
0.2440524845936788	0.4703154394758722
0.2440853336940422	0.4750185938706319
0.2441181349555338	0.4797687798093401
0.2441514234966408	0.4845664676074325
0.2441851934210174	0.4894121322835067
0.2442188379481262	0.4943062536063411
0.2442530549354864	0.4992493161424029
0.2442877987699863	0.5042418093038274
0.2443224067306634	0.5092842273968671
0.2443576517251809	0.5143770696708363
0.2443934286391441	0.5195208403675438
0.2444291303473858	0.5247160487712191
0.2444655169854096	0.5299632092589333
0.2445023973557092	0.5352628413515234
0.2445392912642841	0.5406154697650387
0.2445769596525144	0.5460216244626876
0.2446150263079351	0.5514818407073129
0.2446532865309068	0.5569966591143879
0.2446923894506107	0.5625666257055305
0.2447317390758412	0.5681922919625876
0.2447715736530124	0.5738742148822139
0.2448122790419552	0.5796129570310348
0.2448530258005061	0.5854090866013463
0.2448945438360563	0.5912631774673608
0.2449369969633659	0.5971758092420347
0.2449794592917192	0.6031475673344556
0.2450229467415677	0.6091790430077985
0.2450670875980216	0.6152708334378780
0.2451115678921312	0.6214235417722553
0.2451575833096231	0.6276377771899766
0.2452033759605587	0.6339141549618769
0.2452504555534451	0.6402532965114955
0.2452985572356154	0.6466558294766096
0.2453469438442584	0.6531223877713764
0.2453971467384525	0.6596536116490905
0.2454471774407976	0.6662501477655828
0.2454990318982102	0.6729126492432368
0.2455517602854415	0.6796417757356676
0.2456052342370346	0.6864381934930233
0.2456607794098550	0.6933025754279540
0.2457162992341201	0.7002356011822322
0.2457739810362718	0.7072379571940545
0.2458328141525770	0.7143103367659960
0.2458927464168775	0.7214534401336544
0.2459552951683236	0.7286679745349900
0.2460180797140489	0.7359546542803402
0.2460838113732089	0.7433142008231449
0.2461504321686100	0.7507473428313750
0.2462198556996276	0.7582548162596878
0.2462912244345483	0.7658373644222858
0.2463646097818722	0.7734957380665090
0.2464414915371541	0.7812306954471726
0.2465195661934954	0.7890430024016430
0.2466032014523378	0.7969334324256591
0.2466861989232147	0.8049027667499143
0.2467763021599615	0.8129517944174137
0.2468674352595086	0.8210813123615871
0.2469654864682085	0.8292921254852017
0.2470658031439013	0.8375850467400546
0.2471731557302528	0.8459608972074564
0.2472858403461091	0.8544205061795301
0.2474045398482659	0.8629647112413245
0.2475322325730766	0.8715943583537368
0.2476672114345277	0.8803103019372734
0.2478163077728070	0.8891134049566467
0.2479677837572879	0.8980045390062128
0.2481353014838479	0.9074882066308765
0.2483326407877031	0.9165630886971858
0.2485363403452536	0.9257287195841574
0.2487774499934537	0.9347461746794303
0.2490489087164771	0.9435976061559171
0.2493492260661174	0.9530335822174765
0.2496672458233943	0.9671526130768857
0.2497287254262459	0.9608691523748640
0.2500046198218063	0.9668073845531836
0.2503938033478300	0.9737472849673044
0.2508134352756881	0.9820216083448370
0.2509084385963021	0.9876761094995683
0.2513562376887341	0.9897490028196967
0.2517511783085220	0.9887323288703502
0.2519236319153033	0.9837690474796428
0.2525282647358140	0.9929164888696375
0.2528970983715059	0.9956284448759980
0.2557820827954869	0.9976542565848306
0.2576877376908243	0.9985088169364648
0.2580719331588748	0.9993388142490720
0.2609984304056281	0.9995604948433249
0.2609999518399628	0.9996963614880063
0.2630410921853285	0.9998811366708542
0.2671200369308074	0.9999561015880786
0.2714014870836965	0.9999755745897512
0.2749129973541706	0.9999923482648115
0.2775571140648919	0.9999964474567486
0.2845893415129384	0.9999989733258676
0.2875523567012926	0.9999995055871238
0.2949218843031910	0.9999998450572630
0.2967532679948099	0.9999999275790997
0.3036247215610595	0.9999999777282048
0.3064743527791011	0.9999999897785357
0.3134552802798158	0.9999999969069332
0.3166704578445627	0.9999999985876110
0.3234463196934561	0.9999999995764078
0.3266345036157301	0.9999999998067785
0.3333149353541427	0.9999999999422939
0.3364061928807585	0.9999999999736467
0.3430184447305858	0.9999999999921337
0.3459443646117130	0.9999999999964021
0.3525315200721261	0.9999999999989249
0.3553233729055997	0.9999999999995078
0.3619300303391190	0.9999999999998527
0.3646770675458769	1.0000000000009912
0.3648517922945605	1.0000000000011380
0.3774865172988517	1.0000000000011866
0.3834502697215763	1.0000000000012150
0.3843486148752517	1.0000000000012197
0.3854009702815900	1.0000000000012432
0.3859694007219431	1.0000000000012468
0.3867211933627343	1.0000000000013505
0.3868312319727734	1.0000000000013642
0.3885285901648678	1.0000000000014573
0.3889664074237536	1.0000000000014695
0.3900231409398222	1.0000000000015825
0.3903678472359902	1.0000000000015974
0.3921474211072716	1.0000000000017328
0.3924715155492737	1.0000000000017508
0.4071048510428755	1.0004280579580398
0.4160330985419625	1.0001733043491361
0.4317443278974651	1.0000742593442093
0.4463419157429727	1.0000657622370495
0.4600290152990666	1.0000650792222541
0.4636410307256441	1.0000644603734066
0.4868605278399473	1.0000952283944349
0.5401503084111295	0.9605712951820438
0.5401503084112296	0.9850195612686481
0.5403109036847628	0.9948697568813335
0.5410333853461287	0.9999556472240830
0.6932893026058359	0.9999893918072011
0.8031979390486176	0.9999900537943268
0.8400839860009621	0.9999900794219826
0.8748509861477526	0.9999900803339746
0.9088407524699459	0.9999900803664199
0.9215046684937149	0.9999975495949338
0.9240003268946401	0.9999986559843700
0.9430578895682951	0.9999987987788712
0.9539525907591573	0.9999988435030123
0.9629592501932137	0.9999988492816261
0.9849183235176290	0.9999988510641347
0.9940546756809028	0.9999988512945410
1.0075859944744228	0.9999988513930224
1.0141793406549222	0.9999988514057521
1.0350864819935426	1.0000053487518399
1.0350864875134496	1.0000061885711184
1.0568901112358871	1.0000062971124342
1.0787071004593174	1.0000064354942049
1.0789600927745997	1.0000064533812130
1.1192104321466958	1.0000064583032207
1.1294521418563608	1.0000064589394315
1.1512550492304481	1.0000064590216651
1.1730583134711074	1.0000064590322946
1.1948629510867081	1.0000064590336686
1.2166705874211745	1.0000064590338462
1.6246293041678148	1.0035543505723363
1.6267702159013773	1.0010145616095603
1.6288432438573752	1.0003435866346977
1.6364663114081486	1.0000925686314870
1.6402385209065542	1.0000316668572404
1.6513985630692583	1.0000091983144619
1.6550139224709681	1.0000042008696683
1.6670156315853768	1.0000024376892132
1.6702028480221829	1.0000020603574116
1.6709443437723603	1.0000012993992715
1.6789242223908731	1.0000009399921832
1.6858541938922200	1.0000008660952842
1.6927911988638502	1.0000008224441779
1.7047223844650372	0.9999998652605693
1.7072291687663299	0.9999996205689531
1.7277643555446327	0.9999994807474736
1.7324802561919412	0.9999972281314208
1.7376542529519405	0.9999966080846189
1.7491867010570639	0.9999965279327581
1.7542416038869948	0.9999964407885230
1.7633734902497777	0.9999774883901728
1.7642233574727473	0.9999750381484848
1.7803851631616767	0.9999522036738749
1.7807124412576796	0.9999492513494402
1.7946275916653833	0.9997392844890834
1.7946716201227750	0.9998730478503596
1.8222750009299660	0.9997245194021007
1.8438275911812638	0.9997919983065856
1.8704770525487386	0.9998885535920421
1.8731528622121698	0.9999794709416018
1.8783110338540723	0.9999927928959861
1.8972557593386692	0.9999950281867676
1.9020717903335369	0.9999953727467960
1.9167702533490907	0.9999954334198151
1.9174489327924762	0.9999954412624442
1.9501436632531486	0.9999954443217082
1.9509704823584120	0.9999954447171575
1.9629104268406754	0.9999954448366002
1.9672579363753999	0.9999986579365699
1.9685065841950249	0.9999994885164314
1.9770222372815984	0.9999996745139352
1.9798658325828138	0.9999998266085984
1.9921001708098158	0.9999998623362252
2.0025385258721107	0.9999999406226555
2.0048288114345594	0.9999999685920338
2.0127173422584836	0.9999999807019165
2.0187971323599601	0.9999999838635746
2.0246796800197475	0.9999999949778735
2.0256628194552779	0.9999999964145040
2.0393333613782172	0.9999999968880947
2.0418621085090103	0.9999999988485202
2.0423026327718987	0.9999999991019242
2.0574691460016621	0.9999999994155103
2.0575717301117868	0.9999999994562524
2.0713369734285032	0.9999999994969597
2.0723404527951610	0.9999999995030371
2.0837888298583227	0.9999999995084902
2.0846033585621493	0.9999999998140450
2.0846081195538071	0.9999999998543974
2.1059537317213022	0.9999999998655251
2.1060587886342192	0.9999999998677329
2.1066572031381288	0.9999999999093601
2.1068240411925676	0.9999999999148143
2.1115363060518813	0.9999999999352194
2.1121931157389122	0.9999999999379623
2.1130095757992033	0.9999999999507995
2.1136837185746979	0.9999999999525145
2.1313170028930806	0.9999999999549005
2.1317470208176079	0.9999999999552431
2.1402790200976836	0.9999999999558912
2.1411749718150581	0.9999999999559828
2.1562791867483746	0.9999999999561022
2.1568850893302205	0.9999999999561201
2.1714991026096784	0.9999999999561381
2.1717026180041392	0.9999999999561415
2.1867830241010036	0.9999999999561439
2.1886375504928615	1.0009909820193208
2.2001399617975008	1.0003579906017108
2.2040167205152748	1.0001331823600133
2.2076952105104493	1.0000344514044428
2.2118163073389856	1.0000216401727171
2.2155411745676155	1.0000125307641856
2.2258192434329445	1.0000052642935120
2.2294422412586163	1.0000040125506491
2.2421788514449985	1.0000034786648440
2.2451258927682400	1.0000033799792971
2.2560227449098651	1.0000033379141309
2.2590677840341353	1.0000033300546129
2.2699566513777989	1.0000033267037978
2.2731807015278025	1.0000033260766814
2.2840543384418042	1.0000033258093071
2.2872840247903565	1.0000033257592540
2.2981632690601188	1.0000033257379133
2.3014009776037994	1.0000033257339180
2.3122810499311002	1.0000033257322147
2.3155192698045357	1.0000033257318959
2.3264032918934094	1.0000033257317600
2.3296565346863392	1.0000033257317347
2.3403679834901783	1.0000033257317240
2.3436295367331188	1.0000033257317216
2.3537866050053551	1.0000033257317207
2.3551453614847175	1.0000033257317207
2.3583834408695372	0.9607875090363596
2.3583834408695372	0.9975930586382845
2.3604200668666731	0.9988299704850785
2.3703148751576344	0.9997429138396510
2.3741611794929618	0.9998882538096405
2.3907493714203785	0.9999746959045177
2.3925214631363936	0.9999895258773600
2.4068572006619600	0.9999971826788645
2.4097071120638591	0.9999984521916635
2.4172406982046071	0.9999990508941512
2.4211751594481057	0.9999991651807825
2.4276057073046635	0.9999992836657802
2.4307888379601117	0.9999992989811159
2.4418036898347748	0.9999993038129568
2.4434868601315292	0.9999993134755664
2.4438747235235194	0.9999993147245538
2.4510898761458146	0.9999998270845459
2.4510967460607183	0.9999998933119238
2.4723877073249332	0.9999999049538507
2.4728304765007545	0.9999999150191564
2.4731760126640783	0.9999999411857073
2.4733071418928230	0.9999999458690265
2.4761060147356160	0.9999999621995165
2.4770483618895471	0.9999999644504195
2.4971468558268097	0.9999999657565866
2.4973049606251827	0.9999999659254213
2.5056736691810344	0.9999999665819657
2.5061664706395606	0.9999999666723244
2.5261962993799445	0.9999999667224506
2.5267764687713128	0.9999999667307387
2.5332200046923972	0.9999999667579661
2.5340711793128179	0.9999999667616759
2.5540530258359433	0.9999999667637306
2.5547168333587766	0.9999999667640701
2.5601345688685067	0.9999999667651844
2.5610378170640806	0.9999999667653362
2.5811560202932995	0.9999999667654239
2.5812900729435562	0.9999999667654357
2.5868064651223528	0.9999999667654799
2.5874935495526548	0.9999999667654859
2.6060676104040077	0.9999999667654866
2.6065133416001052	0.9999999667654870
2.6075240528124972	0.9999999667654896
2.6078827393926129	0.9999999667654901
2.6091812669670960	0.9999999667654900
2.6129232467905670	0.9999999667654917
2.6138697333290142	0.9999999667654921
2.6254896735376576	0.9999999667654920
2.6309587802317758	0.9999999667654923
2.6471360097249845	1.0000003254953413
2.6471360097376455	1.0000003718823263
2.6471360397528985	1.0043526360066408
2.6471360697793069	1.0048996391724609
2.6489297868215864	1.0008973272020663
2.6530695879366641	1.0003720333551809
2.6632518937702092	1.0000702892744904
2.6670100252443243	1.0000312194540490
2.6768737130533564	1.0000073784244194
2.6803158497703552	1.0000042470355226
2.6861229883743039	1.0000010838040612
2.6883553914478329	1.0000006746192416
2.7011256278413684	1.0000001871888824
2.7032000724745413	1.0000001241803083
2.7176994811849688	1.0000000438696033
2.7196584966173933	1.0000000334885932
2.7348446095779417	1.0000000199113639
2.7367675763344455	1.0000000181563733
2.7576928900047881	1.0000000171863264
2.7622531694142789	1.0000000170609382
2.7746334799647414	1.0000000169941035
2.7774400799637036	1.0000000156337892
2.7774942532151292	1.0000000154493165
2.8047050745166477	1.0000000153470125
2.8097349482709744	1.0000000153337887
2.8216774059366831	1.0000000153280553
2.8263821737914845	1.0000000153273141
2.8381087918838386	1.0000000153269260
2.8421168146057494	1.0000000153268760
2.8561583580908465	1.0000000153268493
2.8605414720846647	1.0000000153268456
2.8755277062308595	1.0000000153268440
2.8799099453579160	1.0000000153268438
2.8815456854400749	1.0000000153268438
2.8910644462934600	0.9607843284512813
2.8910644462934600	0.9993188535469002
2.8910644462934609	0.9991320290050588
2.9040311461335286	0.9998600740070648
2.9281391463065276	0.9999539617848586
2.9549594776917383	0.9999659466043960
2.9782671236340876	0.9999940843038917
2.9784047605231110	0.9999977204373607
2.9990619935129721	0.9999981901731180
3.0209096058892984	0.9999982508492193
3.0500096874470297	0.9999989340752675
3.0502601380559971	0.9999990223882604
3.0720128988237683	0.9999990338034583
3.0938165139522606	0.9999990352789557
3.1295242352220560	0.9999990517209749
3.1297771425511800	0.9999990538462691
3.1522439051857098	0.9999990541209851
3.1690934823945400	0.9999990368313540
3.2864394586648573	0.9999997567908203
3.3300907960791952	0.9999997824021102
3.3770958630453873	0.9999997833132432
3.4314017929049370	0.9999997833456581
3.4352939697045790	0.9999998113399451
3.4788965183396745	0.9999998123359339
3.5258856413081907	0.9999998123713664
3.5270348304166226	0.9999998134587519
3.5706540889735536	0.9999998134974392
3.5889063743053438	0.9999998135409653
3.6327104860233699	0.9999998135425139
3.6339812517940806	0.9999998135442330
3.6736669166029126	0.9999998135443617
3.7068490563762388	0.9999998135443680
3.7422367547601247	1.0043524371024617
3.7440393491163104	1.0002449752148408
3.7613175290168268	1.0000187754098400
3.7734609829934893	1.0000017804109365
3.7877634888018124	1.0000001081544312
3.8027308747323527	0.9999998785962587
3.8200049316535329	0.9999998420424862
3.8381457490232407	0.9999998359228152
3.8565760008307692	0.9999998348828901
3.8750889042454366	0.9999998347054176
3.8936255908474591	0.9999998346750939
3.9121688654675024	0.9999998346699107
3.9307160157481191	0.9999998346690249
3.9492634560342257	0.9999998346688734
3.9678240132784510	0.9999998346688476
3.9862034565730502	0.9999998346688427
4.0198362884835976	0.9999998346688420
4.0373536550965063	0.9999985978147580
4.3174570301205897	0.9996345929617132
4.3489860122396449	0.9998512549509314
4.3516096671001652	0.9999930419632164
4.3665101363981398	0.9999972426427847
4.4146426192789896	0.9999994566400728
4.4455145908329801	0.9999997516131363
4.4509144811627257	0.9999999298153791
4.4820516574237832	0.9999999401249545
4.5176581083878062	0.9999999404393487
4.5190843167526502	0.9999999422228892
4.5485653918783244	0.9999999424228040
4.5713494271409614	0.9999999424993247
4.6004062716362988	0.9999999425073727
4.6127440978354910	0.9999999425104060
4.6408953470735304	0.9999999425107363
4.6476709190003582	0.9999999425108573
4.6754160000825928	0.9999999425108704
4.6793808009583451	0.9999999425108752
4.7084834819015411	0.9999999425108757
4.7095227233109602	0.9999999425108760
4.7173783667948825	1.0005456110780335
4.7392254426615779	1.0000413075925207
4.7502604350725637	1.0000034650460552
4.7659263727925909	1.0000004578477248
4.7808152874089718	1.0000002189260806
4.7904984965018453	1.0000000052199203
4.8148827752748371	0.9999999578080432
4.8354116277234267	0.9999999492820986
4.8552643824938215	0.9999999478259511
4.8749707041633403	0.9999999475803985
4.8946567173113200	0.9999999475391188
4.9143412013417827	0.9999999475321844
4.9340268463001449	0.9999999475310197
4.9537092655814989	0.9999999475308240
4.9734355356495925	0.9999999475307914
4.9925741071092054	0.9999999475307856
5.0153724650768803	0.9999999475307848
5.0176732117777618	0.9972077929666852
5.0207210410585388	0.9998140710370997
5.0404916530207826	0.9999859347695881
5.0604429050121320	0.9999988653047923
5.0770201858748276	0.9999999361193241
5.0943805514579017	1.0000000244281495
5.1128447351087614	1.0000000315641864
5.1317552347669206	1.0000000321348563
5.1505947245204666	1.0000000321804199
5.1693904657954475	1.0000000321840568
5.1881705308361878	1.0000000321843472
5.2069925883187596	1.0000000321843703
5.2258725676658031	1.0000000321843723
5.2504244210881490	1.0006958129335506
5.2677183257031199	1.0000235422353771
5.2844678297816934	1.0000011295522864
5.2998430593062285	1.0000000776754157
5.3127353382501070	0.9999999786591943
5.3285013849083640	0.9999964040253112
5.3720353805478780	0.9999962769262056
7.1476659767488746	1.0000393309079920
7.3272033161113193	0.9604386172620786
7.3272033161114196	0.9898397994352552
7.3275603482780696	1.0001008123541371
7.3395738694665127	0.9996076491581545
7.3555540157252821	0.9999943740427703
7.8825213693328271	1.0000014021313006
