0.0000000000000000	0.0000000000000000
0.2369142644180328	0.0000300000000000
0.2371010292310094	0.0000078776730257
0.2386183327732224	0.0000158291630673
0.2388673740144502	0.0000361203924970
0.2388867126223445	0.0000294699731590
0.2392784949672101	0.0000355227683210
0.2396534235244620	0.0000382100182476
0.2398515219229964	0.0000456220627353
0.2403119705098385	0.0000528577179261
0.2407131011470358	0.0000628577179261
0.2410618428884369	0.0000724077311186
0.2413625223925665	0.0000824077311186
0.2416207599980428	0.0000924077311186
0.2418499089424191	0.0001041075631560
0.2420841646958478	0.0001141075631560
0.2422536570632869	0.0001241075631560
0.2424090479710446	0.0001341075631560
0.2425536971603440	0.0001441075631560
0.2426890901709398	0.0001541075631560
0.2428140863456413	0.0001641075631560
0.2429321210881559	0.0001741075631560
0.2430410159883057	0.0001841075631560
0.2431473769925829	0.0001941075631560
0.2432445591715600	0.0002041075631560
0.2433383896338151	0.0002141075631560
0.2434261571112234	0.0002241075631560
0.2435112872434128	0.0002341075631560
0.2435915052686153	0.0002441075631560
0.2436687819811542	0.0002541075631560
0.2437427273294549	0.0002641075631560
0.2438141069274710	0.0002741075631560
0.2438826536755950	0.0002841075631560
0.2439484776761162	0.0002941075631560
0.2440123943852550	0.0003041075631560
0.2440737931488770	0.0003141075631560
0.2441336323956491	0.0003241075631560
0.2441909057265458	0.0003341075631560
0.2442471723835347	0.0003441075631561
0.2443010756421908	0.0003541075631561
0.2443541636723858	0.0003641075631561
0.2444048450977614	0.0003741075631561
0.2444550628806341	0.0003841075631561
0.2445030172276183	0.0003941075631561
0.2445506965215778	0.0004041075631561
0.2445961549043077	0.0004141075631561
0.2446415107041776	0.0004241075631560
0.2446848809983943	0.0004341075631561
0.2447279818768948	0.0004441075631561
0.2447694697025849	0.0004541075631561
0.2448106241740213	0.0004641075631561
0.2448503828680724	0.0004741075631561
0.2448896905920318	0.0004841075631561
0.2449278542204527	0.0004941075631561
0.2449655200522552	0.0005041075631561
0.2450022115448629	0.0005141075631561
0.2450383336913918	0.0005241075631561
0.2450736320695153	0.0005341075631561
0.2451083007676389	0.0005441075631561
0.2451422953559232	0.0005541075631561
0.2451756558538258	0.0005641075631561
0.2452084990583906	0.0005741075631561
0.2452407120769777	0.0005841075631561
0.2452724108651297	0.0005941075631561
0.2453034092269684	0.0006041075631561
0.2453341377574621	0.0006141075631561
0.2453641256412152	0.0006241075631561
0.2453938172658843	0.0006341075631561
0.2454229028844863	0.0006441075631561
0.2454516505864973	0.0006541075631561
0.2454797848899961	0.0006641075631560
0.2455077191185120	0.0006741075631560
0.2455349901021151	0.0006841075631560
0.2455621154590254	0.0006941075631560
0.2455886075171619	0.0007041075631560
0.2456149098372748	0.0007141075631560
0.2456406894889863	0.0007241075631560
0.2456662471492663	0.0007341075631560
0.2456912872858220	0.0007441075631560
0.2457162521061192	0.0007541075631560
0.2457405810386324	0.0007641075631560
0.2457648079909869	0.0007741075631560
0.2457886685410626	0.0007841075631560
0.2458121915966982	0.0007941075631560
0.2458353824204118	0.0008041075631560
0.2458583888724487	0.0008141075631560
0.2458810959198666	0.0008241075631560
0.2459034463430080	0.0008341075631560
0.2459255539805195	0.0008441075631560
0.2459474167827882	0.0008541075631560
0.2459690737706098	0.0008641075631560
0.2459904617578443	0.0008741075631560
0.2460115689173222	0.0008841075631560
0.2460323785133831	0.0008941075631560
0.2460530509492071	0.0009041075631560
0.2460734196143513	0.0009141075631561
0.2460936714662573	0.0009241075631560
0.2461135930273661	0.0009341075631560
0.2461334322142251	0.0009441075631561
0.2461529302546001	0.0009541075631561
0.2461723660541622	0.0009641075631561
0.2461914396706411	0.0009741075631560
0.2462104835089447	0.0009841075631560
0.2462291582072246	0.0009941075631561
0.2462477859587797	0.0010041075631561
0.2462660952987948	0.0010141486387876
0.2462844273012579	0.0010242901251755
0.2463026519158114	0.0010345330264273
0.2463209705663060	0.0010448783566915
0.2463392206622546	0.0010553271402584
0.2463575261812654	0.0010658804116610
0.2463758088434532	0.0010765392157776
0.2463940926924459	0.0010873046079354
0.2464124147744747	0.0010981776540148
0.2464306786093863	0.0011091594305549
0.2464490449547986	0.0011202510248605
0.2464672822879778	0.0011314535351091
0.2464856183456348	0.0011427680704602
0.2465039099799207	0.0011541957511648
0.2465222114260741	0.0011657377086764
0.2465405624508409	0.0011773950857632
0.2465588309052436	0.0011891690366208
0.2465771744078505	0.0012010607269870
0.2465954792882860	0.0012130713342569
0.2466137840438964	0.0012252020475995
0.2466321519007369	0.0012374540680755
0.2466504282592725	0.0012498286087562
0.2466687538467868	0.0012623268948438
0.2466871119219029	0.0012749501637922
0.2467053971819174	0.0012876996654301
0.2467237314909425	0.0013005766620844
0.2467420861631371	0.0013135824287053
0.2467603795456957	0.0013267182529923
0.2467787137731258	0.0013399854355223
0.2467970804663858	0.0013533852898775
0.2468153743349010	0.0013669191427763
0.2468337020108324	0.0013805883342040
0.2468520613063099	0.0013943942175461
0.2468703841408223	0.0014083381597215
0.2468887012886855	0.0014224215413187
0.2469070452907898	0.0014366457567319
0.2469254102192643	0.0014510122142992
0.2469437195841029	0.0014655223364422
0.2469620468342552	0.0014801775598066
0.2469803915140753	0.0014949793354047
0.2469987537569334	0.0015099291287588
0.2470170778468578	0.0015250284200464
0.2470354030534478	0.0015402787042468
0.2470537435790375	0.0015556814912893
0.2470720941595500	0.0015712383062022
0.2470904555950566	0.0015869506892642
0.2471087800981731	0.0016028201961568
0.2471271101414060	0.0016188483981184
0.2471454498219607	0.0016350368820996
0.2471637955921120	0.0016513872509206
0.2471821477910609	0.0016679011234298
0.2472005037047036	0.0016845801346641
0.2472188430455032	0.0017014259360107
0.2472371773715638	0.0017184401953708
0.2472555157439916	0.0017356245973245
0.2472738581173516	0.0017529808432978
0.2472922030134218	0.0017705106517308
0.2473105503199730	0.0017882157582480
0.2473288989976534	0.0018060979158305
0.2473472487516139	0.0018241588949888
0.2473655990697844	0.0018424004839387
0.2473839495867254	0.0018608244887781
0.2474023001578253	0.0018794327336659
0.2474206502759708	0.0018982270610026
0.2474390002098310	0.0019172093316126
0.2474573493971770	0.0019363814249287
0.2474756983815118	0.0019557452391780
0.2474940464778108	0.0019753026915698
0.2475123945898852	0.0019950557184855
0.2475307418703030	0.0020150062756703
0.2475490894883230	0.0020351563384270
0.2475674362232321	0.0020555079018113
0.2475857833597032	0.0020760629808294
0.2476041298481065	0.0020968236106377
0.2476224765475933	0.0021177918467441
0.2476408230618002	0.0021389697652115
0.2476591695750820	0.0021603594628637
0.2476775163996490	0.0021819630574923
0.2476958629703786	0.0022037826880672
0.2477142101865367	0.0022258205149479
0.2477325570822677	0.0022480787200973
0.2477509043007639	0.0022705595072983
0.2477692518283930	0.0022932651023713
0.2477875993362850	0.0023161977533950
0.2478059475217352	0.0023393597309290
0.2478242956433703	0.0023627533282382
0.2478426440593237	0.0023863808615206
0.2478609931568860	0.0024102446701358
0.2478793421733709	0.0024343471168372
0.2478976916443415	0.0024586905880055
0.2479160416666616	0.0024832774938856
0.2479343917514942	0.0025081102688244
0.2479527423415715	0.0025331913715127
0.2479710935013693	0.0025585232852278
0.2479894447693476	0.0025841085180801
0.2480077965106103	0.0026099496032609
0.2480261489831200	0.0026360490992935
0.2480445015354883	0.0026624095902864
0.2480628544756827	0.0026890336861893
0.2480812080924245	0.0027159240230512
0.2480995620799503	0.0027430832632817
0.2481179163315221	0.0027705140959145
0.2481362711002195	0.0027982192368737
0.2481546265605104	0.0028262014292424
0.2481729823218581	0.0028544634435348
0.2481913384237705	0.0028830080779702
0.2482096950243860	0.0029118381587499
0.2482280522759622	0.0029409565403374
0.2482464100308235	0.0029703661057408
0.2482647680939491	0.0030000697667982
0.2482831266049202	0.0030300704644661
0.2483014856620907	0.0030603711691108
0.2483198453559139	0.0030909748808019
0.2483382056350205	0.0031218846296099
0.2483565662671390	0.0031531034759060
0.2483749273421779	0.0031846345106651
0.2483932889259977	0.0032164808557717
0.2484116510747003	0.0032486456643295
0.2484300138278232	0.0032811321209728
0.2484483772151186	0.0033139434421825
0.2484667411938570	0.0033470828766043
0.2484851056226799	0.0033805537053703
0.2485034705423779	0.0034143592424240
0.2485218359882733	0.0034485028348483
0.2485402019841865	0.0034829878631968
0.2485585685534454	0.0035178177418287
0.2485769357077316	0.0035529959192470
0.2485953034626723	0.0035885258784395
0.2486136718221419	0.0036244111372239
0.2486320407975824	0.0036606552485961
0.2486504103881924	0.0036972618010821
0.2486687806041448	0.0037342344190929
0.2486871514430398	0.0037715767632839
0.2487055229109290	0.0038092925309167
0.2487238950012475	0.0038473854562259
0.2487422677222995	0.0038858593107882
0.2487606410709599	0.0039247179038961
0.2487790150554439	0.0039639650829350
0.2487973896772150	0.0040036047337644
0.2488157649441214	0.0040436407811020
0.2488341408622121	0.0040840771889130
0.2488525174021580	0.0041249179608022
0.2488708944386842	0.0041661671404102
0.2488892719876016	0.0042078288118143
0.2489076500727022	0.0042499070999325
0.2489260287071609	0.0042924061709318
0.2489444079093329	0.0043353302326411
0.2489627876953200	0.0043786835349675
0.2489811680776177	0.0044224703703172
0.2489995490749414	0.0044666950740204
0.2490179306962547	0.0045113620247606
0.2490363129550342	0.0045564756450082
0.2490546958658818	0.0046020404014583
0.2490730794378278	0.0046480608054729
0.2490914636848619	0.0046945414135277
0.2491098486187058	0.0047414868276629
0.2491282342492257	0.0047889016959396
0.2491466205905565	0.0048367907128990
0.2491650076537221	0.0048851586200280
0.2491833954490402	0.0049340102062283
0.2492017839876104	0.0049833503082906
0.2492201732667488	0.0050331838113735
0.2492385632835944	0.0050835156494872
0.2492569540400319	0.0051343508059820
0.2492753455405513	0.0051856943140419
0.2492937377858779	0.0052375512571823
0.2493121307806951	0.0052899267697541
0.2493305245329876	0.0053428260374517
0.2493489190495140	0.0053962542978262
0.2493673143364895	0.0054502168408044
0.2493857104029700	0.0055047190092125
0.2494041072604044	0.0055597661993046
0.2494225049192015	0.0056153638612977
0.2494409033888302	0.0056715174999106
0.2494593026810100	0.0057282326749097
0.2494777028092474	0.0057855150016588
0.2494961037886479	0.0058433701516754
0.2495145056318105	0.0059018038531922
0.2495329083521835	0.0059608218917241
0.2495513119648628	0.0060204301106413
0.2495697164861719	0.0060806344117478
0.2495881219335389	0.0061414407558652
0.2496065283243315	0.0062028551634239
0.2496249356722800	0.0062648837150581
0.2496433439910942	0.0063275325522087
0.2496617532943102	0.0063908078777308
0.2496801635955055	0.0064547159565081
0.2496985749081210	0.0065192631160732
0.2497169872456684	0.0065844557472339
0.2497354006216084	0.0066503003047063
0.2497538150495356	0.0067168033077533
0.2497722305431040	0.0067839713408309
0.2497906471155554	0.0068518110542392
0.2498090647801494	0.0069203291647816
0.2498274835506853	0.0069895324564294
0.2498459034416157	0.0070594277809937
0.2498643244680216	0.0071300220588037
0.2498827466456120	0.0072013222793917
0.2499011699906239	0.0072733355021856
0.2499195945197796	0.0073460688572074
0.2499380202501605	0.0074195295457795
0.2499564471992194	0.0074937248412372
0.2499748753848159	0.0075686620896495
0.2499933048252256	0.0076443487105461
0.2500117355392248	0.0077207921976516
0.2500301675460656	0.0077980001196282
0.2500486008656040	0.0078759801208245
0.2500670355182331	0.0079547399220328
0.2500854715250166	0.0080342873212532
0.2501039089061179	0.0081146301944656
0.2501223476808008	0.0081957764964102
0.2501407878677082	0.0082777342613744
0.2501592294849801	0.0083605116039881
0.2501776725504748	0.0084441167200279
0.2501961170710971	0.0085285578872283
0.2502145630401170	0.0086138434661007
0.2502330104535658	0.0086999819007618
0.2502514593100872	0.0087869817197694
0.2502699096108796	0.0088748515369671
0.2502883613595323	0.0089636000523368
0.2503068145619860	0.0090532360528601
0.2503252692265039	0.0091437684133888
0.2503437253635502	0.0092352060975228
0.2503621829857897	0.0093275581584981
0.2503806421080079	0.0094208337400830
0.2503991027468707	0.0095150420774837
0.2504175649208139	0.0096101924982586
0.2504360286499433	0.0097062944232413
0.2504544939559012	0.0098033573674738
0.2504729608618450	0.0099013909411485
0.2504914293924306	0.0100004048505601
0.2505098995721803	0.0101004088990658
0.2505283714249407	0.0102014129880564
0.2505468449742411	0.0103034271179369
0.2505653202435977	0.0104064613891164
0.2505837972567684	0.0105105260030074
0.2506022760379120	0.0106156312630374
0.2506207566116813	0.0107217875756679
0.2506392389331203	0.0108290054514247
0.2506577226483483	0.0109372955059390
0.2506762078126516	0.0110466684609984
0.2506946944798820	0.0111571351456085
0.2507131827027428	0.0112687064970648
0.2507316725330342	0.0113813935620356
0.2507501640219201	0.0114952074976559
0.2507686572201849	0.0116101595726324
0.2507871521784736	0.0117262611683586
0.2508056489473188	0.0118435237800423
0.2508241475771785	0.0119619590178425
0.2508426481180256	0.0120815786080211
0.2508611505964634	0.0122023943941014
0.2508796550236869	0.0123244183380424
0.2508981614129470	0.0124476625214228
0.2509166697796621	0.0125721391466373
0.2509351801415232	0.0126978605381035
0.2509536925185994	0.0128248391434844
0.2509722069334441	0.0129530875349192
0.2509907234111588	0.0130826184102685
0.2510092419792693	0.0132134445943710
0.2510277626676420	0.0133455790403145
0.2510462855084334	0.0134790348307176
0.2510648100576940	0.0136138251790250
0.2510833295876384	0.0137499634308153
0.2511018515046923	0.0138874630651233
0.2511203758367356	0.0140263376957744
0.2511389026148085	0.0141666010727320
0.2511574318719680	0.0143082670834594
0.2511759636411038	0.0144513497542939
0.2511944979552465	0.0145958632518369
0.2512130348478597	0.0147418218843554
0.2512315743531384	0.0148892401031989
0.2512501165063149	0.0150381325042310
0.2512686613439492	0.0151885138292732
0.2512872089042092	0.0153403989675661
0.2513057592271427	0.0154938029572418
0.2513243123548329	0.0156487409868141
0.2513428683313853	0.0158052283966821
0.2513614271729711	0.0159632806806488
0.2513799888799484	0.0161229134874553
0.2513985534602167	0.0162841426223299
0.2514171209278629	0.0164469840485533
0.2514356912998610	0.0166114538890391
0.2514542645963911	0.0167775684279295
0.2514728408411533	0.0169453441122089
0.2514914200615502	0.0171147975533311
0.2515100022886462	0.0172859455288645
0.2515285875571732	0.0174588049841531
0.2515471759055795	0.0176333930339945
0.2515657668395094	0.0178097269643346
0.2515843602184807	0.0179878242339780
0.2516029561362807	0.0181677024763179
0.2516215546871858	0.0183493795010809
0.2516401559661381	0.0185328732960915
0.2516587600656978	0.0187182020290522
0.2516773670753668	0.0189053840493426
0.2516959770824160	0.0190944378898362
0.2517145901726752	0.0192853822687345
0.2517332064312782	0.0194782360914220
0.2517518259433720	0.0196730184523365
0.2517704487366568	0.0198697486368598
0.2517890748401110	0.0200684461232284
0.2518077042902311	0.0202691305844609
0.2518263371307092	0.0204718218903057
0.2518449734121937	0.0206765401092089
0.2518636131905792	0.0208833055103010
0.2518822565233974	0.0210921385654040
0.2519009034705734	0.0213030599510578
0.2519195540948904	0.0215160905505686
0.2519382084622560	0.0217312514560746
0.2519568666420057	0.0219485639706352
0.2519755287072238	0.0221680496103413
0.2519941947351211	0.0223897301064445
0.2520128648074286	0.0226136274075087
0.2520315390103451	0.0228397636815839
0.2520502174297611	0.0230681613184000
0.2520689001512257	0.0232988429315836
0.2520875872036020	0.0235318313608995
0.2521062786062694	0.0237671496745088
0.2521249743879911	0.0240048211712541
0.2521436745870105	0.0242448693829663
0.2521623791274832	0.0244873180767959
0.2521810871555367	0.0247321912575639
0.2521997978765576	0.0249795131701399
0.2522185113533678	0.0252293083018416
0.2522372286909851	0.0254816013848599
0.2522559500193864	0.0257364173987087
0.2522746754678405	0.0259937815726955
0.2522934051659221	0.0262537193884224
0.2523121309632714	0.0265162565823069
0.2523308545304293	0.0267814191481302
0.2523495829209848	0.0270492333396114
0.2523683162497093	0.0273197256730072
0.2523870546243828	0.0275929229297369
0.2524057980773589	0.0278688521590340
0.2524245466550556	0.0281475406806243
0.2524433004116250	0.0284290160874301
0.2524620594093611	0.0287133062483045
0.2524808237191450	0.0290004393107875
0.2524995934209393	0.0292904437038953
0.2525183686042966	0.0295833481409339
0.2525371493682652	0.0298791816223435
0.2525559358214195	0.0301779734385669
0.2525747280761211	0.0304797531729527
0.2525935262475312	0.0307845507046819
0.2526123304550561	0.0310923962117290
0.2526311407995470	0.0314033201738465
0.2526499565213811	0.0317173533755850
0.2526687771717499	0.0320345269093406
0.2526876028839030	0.0323548721784338
0.2527064338015813	0.0326784209002183
0.2527252700696760	0.0330052051092209
0.2527441118439528	0.0333352571603128
0.2527629592864513	0.0336686097319159
0.2527818125635758	0.0340052958292353
0.2528006718471787	0.0343453487875280
0.2528195373157076	0.0346888022754035
0.2528384091552702	0.0350356902981580
0.2528572875573948	0.0353860472011400
0.2528761726116029	0.0357399076731513
0.2528950644046443	0.0360973067498830
0.2529139630371545	0.0364582798173822
0.2529328686243826	0.0368228626155559
0.2529517812968712	0.0371910912417117
0.2529707012003692	0.0375630021541289
0.2529896284947517	0.0379386321756705
0.2530085633451477	0.0383180184974278
0.2530275046649022	0.0387011986824017
0.2530464522322405	0.0390882106692259
0.2530653854305440	0.0394790927759185
0.2530843240174787	0.0398738837036783
0.2531032698130387	0.0402726225407153
0.2531222229494932	0.0406753487661220
0.2531411835801998	0.0410821022537838
0.2531601518759544	0.0414929232763218
0.2531791280174139	0.0419078525090853
0.2531981121967650	0.0423269310341757
0.2532171046188212	0.0427502003445172
0.2532361055022743	0.0431777023479625
0.2532551150810547	0.0436094793714427
0.2532741335610841	0.0440455741651577
0.2532931610409688	0.0444860299068094
0.2533121976416873	0.0449308902058771
0.2533312435072020	0.0453801991079364
0.2533502985355359	0.0458340010990152
0.2533693611194769	0.0462923411100054
0.2533884315887011	0.0467552645211047
0.2534075102795992	0.0472228171663157
0.2534265975308488	0.0476950453379787
0.2534456936864866	0.0481719957913586
0.2534647989917240	0.0486537157492715
0.2534839106161479	0.0491402529067645
0.2535030308547552	0.0496316554358321
0.2535221608754938	0.0501279719901904
0.2535413009423555	0.0506292517100918
0.2535604513367498	0.0511355442271927
0.2535796123593656	0.0516468996694651
0.2535987698888165	0.0521633686661593
0.2536179209680341	0.0526850023528207
0.2536370838788166	0.0532118523763485
0.2536562565846008	0.0537439709001115
0.2536754391432754	0.0542814106091131
0.2536946318682437	0.0548242247152045
0.2537138350949750	0.0553724669623569
0.2537330491823796	0.0559261916319801
0.2537522745127582	0.0564854535483004
0.2537715114773963	0.0570503080837835
0.2537907604175904	0.0576208111646217
0.2538100215488618	0.0581970192762671
0.2538292951261165	0.0587789894690296
0.2538485814443589	0.0593667793637208
0.2538678808263497	0.0599604471573579
0.2538871925657256	0.0605600516289307
0.2539065152705998	0.0611656521452206
0.2539258494979104	0.0617773086666728
0.2539451957210658	0.0623950817533390
0.2539645542996772	0.0630190325708730
0.2539839256297016	0.0636492228965823
0.2540033101333442	0.0642857151255485
0.2540227007286088	0.0649285722768033
0.2540420724571539	0.0655778579995716
0.2540614591717352	0.0662336365795673
0.2540808613282994	0.0668959729453625
0.2541002791651239	0.0675649326748169
0.2541197123097623	0.0682405820015657
0.2541391585378685	0.0689229878215811
0.2541586183888171	0.0696122176997971
0.2541780924374430	0.0703083398767945
0.2541975812888981	0.0710114232755630
0.2542170855663990	0.0717215375083187
0.2542366043167369	0.0724387528834022
0.2542561344633836	0.0731631404122368
0.2542756812585182	0.0738947718163595
0.2542952452197366	0.0746337195345221
0.2543148263838098	0.0753800567298684
0.2543344221479865	0.0761338572971674
0.2543540333337992	0.0768951958701390
0.2543736604586427	0.0776641478288403
0.2543932570874690	0.0784407893071288
0.2544128699141367	0.0792251972001991
0.2544325009216704	0.0800174491722013
0.2544521507362429	0.0808176236639239
0.2544718200335255	0.0816257999005620
0.2544915093493625	0.0824420578995670
0.2545112191361757	0.0832664784785620
0.2545309460418381	0.0840991432633480
0.2545506906186478	0.0849401346959819
0.2545704537015970	0.0857895360429416
0.2545902361768144	0.0866474314033708
0.2546100388483939	0.0875139057174058
0.2546298623236225	0.0883890447745809
0.2546497072803059	0.0892729352223260
0.2546695744703660	0.0901656645745481
0.2546894291454149	0.0910673212202940
0.2547092803909571	0.0919779944324958
0.2547291521837818	0.0928977743768196
0.2547490454869604	0.0938267521205881
0.2547689610396034	0.0947650196417934
0.2547888959609926	0.0957126698382125
0.2548088498716106	0.0966697965365959
0.2548288286046401	0.0976364945019619
0.2548488329592041	0.0986128594469803
0.2548688601320692	0.0995989880414514
0.2548889095814263	0.1005949779218660
0.2549089824165275	0.1016009277010857
0.2549290798097379	0.1026169369780952
0.2549491960429275	0.1036431063478767
0.2549692767235440	0.1046795374113569
0.2549893855595610	0.1057263327854693
0.2550095234023859	0.1067835961133237
0.2550296888665903	0.1078514320744561
0.2550498796975467	0.1089299463952013
0.2550700973123111	0.1100192458591527
0.2550903429205905	0.1111194383177437
0.2551106175991955	0.1122306327009207
0.2551309225412381	0.1133529390279287
0.2551512590338111	0.1144864684182093
0.2551716244042677	0.1156313331023929
0.2551919998423735	0.1167876464334153
0.2552123447001313	0.1179555228977490
0.2552327099802624	0.1191350781267279
0.2552531074056446	0.1203264289079961
0.2552735384367120	0.1215296931970767
0.2552940045251796	0.1227449901290482
0.2553145053611199	0.1239724400303370
0.2553350369559146	0.1252121644306421
0.2553556010063047	0.1264642860749489
0.2553761993150850	0.1277289289356994
0.2553968336370334	0.1290062182250551
0.2554174510298226	0.1302962804073040
0.2554380702916949	0.1315992432113763
0.2554587292845078	0.1329152356434897
0.2554794232267990	0.1342443879999241
0.2555001542058379	0.1355868318799224
0.2555209241337982	0.1369427001987199
0.2555417346759534	0.1383121272007070
0.2555625876670983	0.1396952484727149
0.2555834711200138	0.1410922009574418
0.2556043883710360	0.1425031229670163
0.2556252538017056	0.1439281541966849
0.2556461543140298	0.1453674357386515
0.2556670992700214	0.1468211100960360
0.2556880908010411	0.1482893211969959
0.2557091307486361	0.1497722144089642
0.2557302126349326	0.1512699365530530
0.2557513387073647	0.1527826359185832
0.2557725114437746	0.1543104622777692
0.2557937218809367	0.1558535669005455
0.2558148793869761	0.1574121025695502
0.2558360910708781	0.1589862235952461
0.2558573508936738	0.1605760858311975
0.2558786581565713	0.1621818466895102
0.2559000013390372	0.1638036651564041
0.2559213992099367	0.1654417018079692
0.2559428541380884	0.1670961188260494
0.2559643596726028	0.1687670800143114
0.2559858000067210	0.1704547508144534
0.2560072904613915	0.1721592983225979
0.2560288396535259	0.1738808913058242
0.2560504502613565	0.1756197002188813
0.2560721235811886	0.1773758972210720
0.2560938529182782	0.1791496561932834
0.2561156422403352	0.1809411527552179
0.2561374419883396	0.1827505642827702
0.2561592060775261	0.1845780699256003
0.2561810323099827	0.1864238506248574
0.2562029239498810	0.1882880891311045
0.2562248799937420	0.1901709700224139
0.2562469044060303	0.1920726797226381
0.2562690008987269	0.1939934065198668
0.2562911154750355	0.1959333405850643
0.2563132045868149	0.1978926739909145
0.2563353637714848	0.1998716007308218
0.2563575975517054	0.2018703167381298
0.2563799100925960	0.2038890199055091
0.2564022879873724	0.2059279101045663
0.2564247307326794	0.2079871892056138
0.2564471340347513	0.2100670610976692
0.2564695702785952	0.2121677317086478
0.2564920929403350	0.2142894090257342
0.2565147071300590	0.2164323031159900
0.2565374025173035	0.2185966261471517
0.2565601842737217	0.2207825924086251
0.2565829697276679	0.2229904183327118
0.2566057519548368	0.2252203225160398
0.2566286058902580	0.2274725257412017
0.2566515492101319	0.2297472509986130
0.2566745883024019	0.2320447235085971
0.2566977291011481	0.2343651707436847
0.2567208515636799	0.2367088224511234
0.2567440002673197	0.2390759106756339
0.2567672497988890	0.2414666697823898
0.2567906068106262	0.2438813364802122
0.2568140674141543	0.2463201498450157
0.2568376124045064	0.2487833513434666
0.2568610551095908	0.2512711848568989
0.2568846116412094	0.2537838967054664
0.2569082890593126	0.2563217356725200
0.2569320953223407	0.2588849530292466
0.2569560175250339	0.2614738025595393
0.2569799047867779	0.2640885405851374
0.2570038272941818	0.2667294259909874
0.2570278641949613	0.2693967202508954
0.2570520354908460	0.2720906874534050
0.2570763386532698	0.2748115943279393
0.2571006270801540	0.2775597102712197
0.2571249591207039	0.2803353073739345
0.2571494457443142	0.2831386604476732
0.2571740614786711	0.2859700470521517
0.2571987959490852	0.2888297475226752
0.2572234772129084	0.2917180449979034
0.2572482574665938	0.2946352254478853
0.2572731953318121	0.2975815777023638
0.2572982975033783	0.3005573934793849
0.2573235414416829	0.3035629674141793
0.2573486570109319	0.3065985970883182
0.2573739339871576	0.3096645830592031
0.2573993883444861	0.3127612288897947
0.2574250352339421	0.3158888411786958
0.2574506616156736	0.3190477295904842
0.2574763705202409	0.3222382068863919
0.2575022390508165	0.3254605889552560
0.2575282924488270	0.3287151948448058
0.2575544333126600	0.3320023467932566
0.2575805610469939	0.3353223702611876
0.2576069019601845	0.3386755939637961
0.2576334732746702	0.3420623499034364
0.2576601340827038	0.3454829734024715
0.2576867275052679	0.3489378031364935
0.2577135565936061	0.3524271811678556
0.2577406399242856	0.3559514529795341
0.2577678970688011	0.3595109675093322
0.2577950315505220	0.3631060771844224
0.2578224057109645	0.3667371379562631
0.2578500625943668	0.3704045093358222
0.2578778536075044	0.3741085544291771
0.2579056349323329	0.3778496399734669
0.2579336396895368	0.3816281363732035
0.2579619444974290	0.3854444177369380
0.2579902792223744	0.3892988619143052
0.2580187292922214	0.3931918505334505
0.2580474871016621	0.3971237690387864
0.2580765230005485	0.4010950067291765
0.2581054120505750	0.4051059567964698
0.2581346202643822	0.4091570163644370
0.2581641994627966	0.4132485865280839
0.2581938404651560	0.4173810723933645
0.2582235295170240	0.4215548831172999
0.2582536037146512	0.4257704319484769
0.2582841029611911	0.4300281362679601
0.2583143434422914	0.4343284176306395
0.2583449739361883	0.4386717018069433
0.2583760460522593	0.4430584188250168
0.2584071839293628	0.4474890030132631
0.2584384443326247	0.4519638930433925
0.2584701616897517	0.4564835319738270
0.2585021360083511	0.4610483672935659
0.2585341487197142	0.4656588509665053
0.2585665893371548	0.4703154394761697
0.2585994384375181	0.4750185938709280
0.2586322396990098	0.4797687798096372
0.2586655282401169	0.4845664676077302
0.2586992981644934	0.4894121322838078
0.2587329426916022	0.4943062536066474
0.2587671596789625	0.4992493161427100
0.2588019035134623	0.5042418093041383
0.2588365114741395	0.5092842273971835
0.2588717564686571	0.5143770696711539
0.2589075333826202	0.5195208403678693
0.2589432350908620	0.5247160487715493
0.2589796217288858	0.5299632092592651
0.2590165020991854	0.5352628413518554
0.2590533960077604	0.5406154697653746
0.2590910643959907	0.5460216244630295
0.2591291310514114	0.5514818407076592
0.2591673912743832	0.5569966591147338
0.2592064941940871	0.5625666257058788
0.2592458438193176	0.5681922919629411
0.2592856783964888	0.5738742148825701
0.2593263837854318	0.5796129570313941
0.2593671305439826	0.5854090866017109
0.2594086485795329	0.5912631774677291
0.2594511017068424	0.5971758092424082
0.2594935640351958	0.6031475673348319
0.2595370514850445	0.6091790430081798
0.2595811923414982	0.6152708334382613
0.2596256726356079	0.6214235417726404
0.2596716880531000	0.6276377771903696
0.2597174807040354	0.6339141549622754
0.2597645602969221	0.6402532965119013
0.2598126619790922	0.6466558294770219
0.2598610485877355	0.6531223877717883
0.2599112514819297	0.6596536116495023
0.2599612821842746	0.6662501477659978
0.2600131366416875	0.6729126492436591
0.2600658650289187	0.6796417757360970
0.2601193389805119	0.6864381934934561
0.2601748841533326	0.6933025754283887
0.2602304039775975	0.7002356011826730
0.2602880857797494	0.7072379571944972
0.2603469188960545	0.7143103367664425
0.2604068511603553	0.7214534401341044
0.2604693999118011	0.7286679745354425
0.2605321844575267	0.7359546542807942
0.2605979161166870	0.7433142008236047
0.2606645369120879	0.7507473428318382
0.2607339604431059	0.7582548162601587
0.2608053291780263	0.7658373644227616
0.2608787145253508	0.7734957380669877
0.2609555962806324	0.7812306954476573
0.2610336709369740	0.7890430024021368
0.2611173061958173	0.7969334324261556
0.2612003036666938	0.8049027667504154
0.2612904069034417	0.8129517944179175
0.2613815400029887	0.8210813123620979
0.2614795912116895	0.8292921254857194
0.2615799078873817	0.8375850467405767
0.2616872604737341	0.8459608972079841
0.2617999450895903	0.8544205061800630
0.2619186445917484	0.8629647112418620
0.2620463373165584	0.8715943583542810
0.2621813161780109	0.8803103019378230
0.2623304125162896	0.8891134049572001
0.2624818885007730	0.8980045390067737
0.2626494062273366	0.9074882066314188
0.2628467455311903	0.9165630886977346
0.2630504450887405	0.9257287195847124
0.2632915547369421	0.9347461746799142
0.2635630134599649	0.9435976061563349
0.2638633308096061	0.9530335822178979
0.2641813505668865	0.9671526130769516
0.2642428301697264	0.9608691523751648
0.2645187245652879	0.9668073845534496
0.2649079080913136	0.9737472849674751
0.2653275400191730	0.9820216083449015
0.2654225433397827	0.9876761094995603
0.2658703424322059	0.9897490028196976
0.2662652830520343	0.9887323288703541
0.2664377366587718	0.9837690474796479
0.2670423694792834	0.9929164888696377
0.2674112031149758	0.9956284448759943
0.2702961875389527	0.9976542565848295
0.2722018424342215	0.9985088169364614
0.2725860379023318	0.9993388142490699
0.2755125351490689	0.9995604948433239
0.2755140565834067	0.9996963614880057
0.2775551969287820	0.9998811366708541
0.2816341416742729	0.9999561015880786
0.2859155918271992	0.9999755745897509
0.2894271020975939	0.9999923482648118
0.2920712188082115	0.9999964474567488
0.2991034462571528	0.9999989733258678
0.3020664614446628	0.9999995055871238
0.3094359890477122	0.9999998450572630
0.3112673727402286	0.9999999275790997
0.3181388263089944	0.9999999777282048
0.3209884575217856	0.9999999897785358
0.3279693851339485	0.9999999969069332
0.3311845625356850	0.9999999985876110
0.3379604245194883	0.9999999995764079
0.3411486094258017	0.9999999998067786
0.3478290465515548	0.9999999999422937
0.3509202944249417	0.9999999999736467
0.3575325303416122	0.9999999999921335
0.3604584022267899	0.9999999999964021
0.3670455961318422	0.9999999999989249
0.3698373370413883	0.9999999999995077
0.3764436550743631	0.9999999999998525
0.3791677326903057	0.9999999999999325
0.3857732786126711	0.9999999999999799
0.3885918765408813	0.9999999999999908
0.3951812807781293	0.9999999999999971
0.3979766952402105	0.9999999999999988
0.4041215373556092	0.9999999999999998
0.4065369962928073	0.9999999999999999
0.4071048510432568	1.0000022798400674
0.4071048510435224	1.0000025412037048
0.4160970923047248	1.0000027677795125
0.4181187931250213	1.0000028025545198
0.4355546158823487	1.0000029093143072
0.4356737534711133	1.0000029239771746
0.4526447625231221	1.0000029301825051
0.4534340347184822	1.0000029312996519
0.4549215583775335	1.0000029347976969
0.4558585079634750	1.0000029352841198
0.4728727486210051	1.0000029355992692
0.4736672510491475	1.0000029356509004
0.4864584879264169	1.0000029356776456
0.4875566011475816	1.0000029356825528
0.4912509482168861	1.0000029358168092
0.4937145970957851	1.0000029358855249
0.4949153286611979	1.0000029359862785
0.5018723555166513	1.0000029360143987
0.5027911697541185	1.0000029360458709
0.5071130207635437	1.0000029360634493
0.5151219760728745	1.0000029360780227
0.5261220430296260	1.0000029360868106
0.5338041473470286	1.0000029360904994
0.5395283012304267	1.0000029360920828
0.5455892164483233	1.0000029360925371
0.5502391625403197	1.0000029360929172
0.5534122091524641	1.0000029360931688
0.5572315161744992	1.0000029360932707
0.5595143126496761	1.0000029362229359
0.5620121835999377	1.0000029363175515
0.5645298355182505	1.0000029363794813
0.5728571663749351	1.0000029363885212
0.5751465227139263	1.0000029363959266
0.5778685885892265	1.0000029364026861
0.5825256686632228	1.0000029364130540
0.5826914129651771	1.0000029364193479
0.5845657989378983	1.0000029364201615
0.6012342249111392	1.0000029364237628
0.6048037487122675	1.0000029364242886
0.6067799893346499	1.0000029364250658
0.6080672973977852	1.0000029364255265
0.6125174143326970	1.0000029364261325
0.6139596445856187	1.0000029364262109
0.6320363705226364	1.0000029364262322
0.6391962721838655	1.0000029364263903
0.6409015136091246	1.0000029364264338
0.6496061886764674	1.0000029364264564
0.6531693455458724	1.0000029364264640
0.6602110942877590	1.0000029364264680
0.6652872695028561	1.0000029364264693
0.6673861224494494	1.0040099969342975
0.6677538471199201	1.0005850406167602
0.6727400724164938	1.0001547321742696
0.7247459141618739	0.9999956873693402
0.7247459141619740	0.9999213566267022
0.7264833895902201	0.9999661652583083
0.7290766150515318	0.9999720798206144
1.0340049443898101	0.9999962753902679
1.7623718237123955	0.9999973561814789
2.1888910920628941	0.9999992852997962
2.2106964750485787	0.9999993175274102
2.2543090308591780	0.9999993180658174
2.2979161461902549	0.9999993180748132
2.3415506135536028	0.9999993180749635
2.3846296232653508	0.9999993180749661
5.4365424835873384	0.9999998638508302
5.4378520071921095	1.0036426382284573
5.4382748667227254	1.0008819989738458
5.4525819419953931	1.0001559288119706
5.4640670796672692	1.0000598790561717
5.4764748712741245	1.0000336367151472
5.4796146664189767	1.0000301485387557
5.4838461914669274	0.9999573915344457
5.5319153172994922	0.9999477383453682
5.5502571479219132	0.9998704779189522
5.6188782762863729	0.9999380762969282
5.6188837502208679	0.9999471651116204
5.6528216979474797	0.9999520755049517
5.6867267120706284	0.9999910101976793
5.6877239756750013	0.9999960420082591
5.7095396435150674	0.9999974264983801
5.7211096260178653	0.9999976054444810
5.7435423573813678	0.9999976546924267
5.7551067828793068	0.9999976610582358
5.7775340205905730	0.9999976628101814
5.7890975440294223	0.9999976630366390
5.8115213703618016	0.9999976630989672
5.8230843009059159	0.9999976631070238
5.8455093971361913	0.9999976631092411
5.8570672344346617	0.9999976631095275
5.8794541438262948	0.9999976631096066
5.8910272611793264	0.9999976631096168
5.9128907638977468	0.9999976631096197
5.9265389160558906	0.9999976631096198
5.9389186694297713	0.9999976631096199
5.9393086547291531	0.9999976631096201
5.9396449026489471	1.0035460487574310
5.9400006398576419	1.0067563537293849
5.9400128091172464	1.0009870892933013
5.9423689729534130	1.0001468971304215
5.9526879605001950	1.0000359330376791
5.9742364392482017	1.0000040328581756
6.0264822951641985	0.9999993557948212
6.0284426070798016	0.9999987500233505
6.0604226021036434	0.9999985833653027
6.0694959120010781	0.9999985618161622
6.0913611078650085	0.9999985558857868
6.0964934740825241	0.9999985551191927
6.1240641868854997	0.9999985549082061
6.1314179660017123	0.9999985548809343
6.1557842953153123	0.9999985548734281
6.1618883806372562	0.9999985548724580
6.1880649470079661	0.9999985548721910
6.1947986459951752	0.9999985548721564
6.2200732286889879	0.9999985548721468
6.2254439735225828	0.9999985548721460
6.2303825944384137	0.9999985548721457
6.2357570117201844	0.9960700703771190
6.2361301770917370	0.9995879435115944
6.2408421094481197	1.0000451630811633
6.2615879251945845	0.9999645703032436
6.3202685152638862	0.9999647856685686
6.3280485229154886	1.0000036518977100
6.6054940882082809	1.0000937249594684
6.6067185703914868	1.0001053582743384
6.6171628414834958	1.0000107347240412
6.6709185495579097	1.0000488058824202
6.8166863213925399	0.9999828784515284
6.8750161566367609	0.9999781882779887
7.1046353701766725	0.9999961578446368
8.0966111502455860	0.9999984804473833
8.1217072565648252	0.9999988192749224
8.1679934189559482	0.9999988249309737
8.2408776575379576	0.9999988250254627
8.3456149962856081	0.9999988250270415
8.3823192871733987	0.9999990116269869
8.3873106809333251	0.9999990388643305
8.4339075067452676	0.9999990393193736
8.5071900615798590	0.9999990393269764
8.6123589326351677	0.9999990393271033
8.7418457411201462	0.9999990393271057
8.8237707346435617	0.9999990393271055
8.9375344404341028	1.0035962505074016
8.9396377459340517	1.0010255616446937
8.9416456265440107	1.0003389959524480
8.9496943851017488	1.0001057903570223
8.9539077949651045	1.0000483915508744
8.9649093873928756	1.0000272135187573
8.9691461227083078	1.0000225086251160
8.9815193387852386	1.0000207083407340
8.9882598366520110	1.0000203101198228
8.9970658284275853	1.0000201545756764
9.0032480165637825	1.0000201235662092
9.0118703513236653	1.0000201137408953
9.0288713651527654	1.0000201112015490
9.0300202392103621	1.0000201109530864
9.0561657849129737	1.0000201108628350
9.0625312589668638	1.0000181664761032
9.0662902792252318	1.0000028037862192
9.0667392286512865	1.0000008178477902
9.0802620769732840	1.0000004170173558
9.1179706556010043	1.0000003932612758
9.1584616132030963	0.9852689229425851
9.1584616138561596	0.9940371680697154
9.1595964818033657	0.9989970550362107
9.1627544207082039	0.9995940633100429
9.1801276708177291	0.9999290031302838
9.1863889557493934	0.9999719704866611
9.2013094963473101	0.9999947614429121
9.2073705897845048	0.9999977058503805
9.2215653722951476	0.9999992667490434
9.2275665767683410	0.9999994685035293
9.2416065192141765	0.9999995757956949
9.2475907476634092	0.9999995896642435
9.2616275685013196	0.9999995970381350
9.2676130140524791	0.9999995979912840
9.2816421982639543	0.9999995984980529
9.2876278777401051	0.9999995985635578
9.3016543036971679	0.9999995985983851
9.3076399336682734	0.9999995986028870
9.3216654531795804	0.9999995986052806
9.3276519900383192	0.9999995986055898
9.3416851066207123	0.9999995986057543
9.3476392796307639	0.9999995986057755
9.3616255460386490	0.9999995986057869
9.3676027815936109	0.9999995986057882
9.3807544663835447	0.9999995986057891
9.3828593927441908	0.9999995986057892
9.3881529631407332	1.0023177499114748
9.3886420888179583	1.0040384122455921
9.3907008196754038	1.0006802083092496
9.3956740474074696	1.0002445924207597
9.4140525958811008	1.0000526965904752
9.4191077604561304	1.0000277655167757
9.4258559330991076	1.0000145294065090
9.4303503387301291	1.0000128180983539
9.4388617503042500	1.0000119067006941
9.4435332547013111	1.0000117888986706
9.4488693670398423	0.9995752936976607
9.4559195886976006	0.9998939937510888
9.4647861083442706	0.9999317136593997
9.4823648944916687	0.9999365298350651
9.5029843934228584	0.9998274223864498
9.5042198789245642	0.9999538743031924
9.5209342308858176	0.9999777169340711
9.5222162996995117	0.9999807967354779
9.5441630474605805	0.9999811925669614
9.5661890002524874	0.9999812436379789
9.5881652918273410	0.9999812502201266
9.6100500951740671	0.9999812510706310
9.6318619876166061	0.9999812511805686
