0.0000000000000000	0.0000000000000000
0.2309280729062245	0.0000300000000000
0.2311184427709597	0.0000083602346325
0.2326322746767960	0.0000304978282253
0.2326768946517938	0.0000321841024827
0.2329484344905981	0.0000286892183363
0.2330903451168504	0.0000379229409196
0.2334042581261384	0.0000328927327171
0.2337130284752924	0.0000426715181041
0.2337408568749630	0.0000398277806342
0.2340771132905621	0.0000594781958582
0.2342584479898277	0.0000503134739161
0.2342981980817989	0.0000517938723172
0.2347556303162142	0.0000617938723172
0.2350146059037379	0.0000708742426754
0.2352888470178175	0.0000808742426754
0.2355543592310150	0.0000908742426754
0.2357858943377712	0.0001023099003856
0.2360177900768168	0.0001123099003856
0.2361849768808134	0.0001223099003856
0.2363422991042441	0.0001323099003856
0.2364862869041242	0.0001423099003856
0.2366207727087092	0.0001523099003856
0.2367464391559710	0.0001623099003856
0.2368637236740440	0.0001723099003856
0.2369746998662210	0.0001823099003856
0.2370804460657687	0.0001923099003856
0.2371794027548726	0.0002023099003856
0.2372737303312555	0.0002123099003856
0.2373631221029651	0.0002223099003856
0.2374485714833733	0.0002323099003856
0.2375300759137275	0.0002423099003856
0.2376077992095364	0.0002523099003856
0.2376825924722484	0.0002623099003856
0.2377538528558758	0.0002723099003856
0.2378231690045280	0.0002823099003856
0.2378892391905855	0.0002923099003856
0.2379538086884329	0.0003023099003856
0.2380153057731413	0.0003123099003856
0.2380757189296610	0.0003223099003856
0.2381332904451173	0.0003323099003856
0.2381900412622855	0.0003423099003856
0.2382440669445571	0.0003523099003856
0.2382975856203690	0.0003623099003856
0.2383485689004997	0.0003723099003856
0.2383992003127075	0.0003823099003856
0.2384474061221623	0.0003923099003856
0.2384954198872638	0.0004023099003856
0.2385411833175011	0.0004123099003856
0.2385866371415256	0.0004223099003856
0.2386302475354995	0.0004323099003856
0.2386735579235796	0.0004423099003856
0.2387152542076514	0.0004523099003856
0.2387565330543386	0.0004623099003856
0.2387964801532243	0.0004723099003856
0.2388359776410474	0.0004823099003856
0.2388743111399653	0.0004923099003856
0.2389121001496540	0.0005023099003856
0.2389489521370966	0.0005123099003856
0.2389852518756782	0.0005223099003856
0.2390207238292868	0.0005323099003856
0.2390555709296359	0.0005423099003856
0.2390897449428579	0.0005523099003856
0.2391232231079801	0.0005623099003856
0.2391561492435986	0.0005723099003856
0.2391884269922804	0.0005823099003856
0.2392203128815291	0.0005923099003856
0.2392514436924480	0.0006023099003856
0.2392822047582167	0.0006123099003856
0.2393123406875876	0.0006223099003856
0.2393421279779355	0.0006323099003856
0.2393712283633632	0.0006423099003857
0.2394001840255470	0.0006523099003857
0.2394283011821683	0.0006623099003857
0.2394564304228586	0.0006723099003857
0.2394836690836950	0.0006823099003857
0.2395109835042086	0.0006923099003857
0.2395374138789159	0.0007023099003857
0.2395638954146448	0.0007123099003857
0.2395896528062040	0.0007223099003857
0.2396153176731038	0.0007323099003857
0.2396404868863116	0.0007423099003857
0.2396653733377996	0.0007523099003857
0.2396898354597164	0.0007623099003857
0.2397141771052423	0.0007723099003857
0.2397379480610594	0.0007823099003857
0.2397615868328688	0.0007923099003857
0.2397848910545565	0.0008023099003857
0.2398079098753045	0.0008123099003857
0.2398305698758264	0.0008223099003857
0.2398530236470024	0.0008323099003857
0.2398752258138858	0.0008423099003857
0.2398971746659611	0.0008523099003857
0.2399187881489272	0.0008623099003857
0.2399401406377045	0.0008723099003857
0.2399613163600001	0.0008823099003857
0.2399822074738647	0.0008923099003857
0.2400029486058092	0.0009023099003857
0.2400233769789590	0.0009123099003857
0.2400436857629676	0.0009223099003857
0.2400636059167052	0.0009323099003857
0.2400834396306533	0.0009423099003857
0.2401029366520168	0.0009523099003857
0.2401223766033034	0.0009623099003857
0.2401414696982419	0.0009723099003857
0.2401605252034827	0.0009823099003857
0.2401792189602542	0.0009923099003857
0.2401978844992734	0.0010023099003857
0.2402162199940281	0.0010123329993895
0.2402345426951231	0.0010224563293834
0.2402527583932269	0.0010326808926773
0.2402710760678582	0.0010430077016040
0.2402893191437080	0.0010534377786201
0.2403076169321060	0.0010639721564063
0.2403258928814300	0.0010746118779703
0.2403441759653276	0.0010853579967500
0.2403624897156108	0.0010962115767175
0.2403807470959092	0.0011071736924847
0.2403991036569278	0.0011182454294095
0.2404173393977277	0.0011294278837036
0.2404356676081935	0.0011407221625407
0.2404539503249057	0.0011521293841661
0.2404722479746405	0.0011636506780077
0.2404905882311607	0.0011752871847878
0.2405088506201442	0.0011870400566357
0.2405271883573894	0.0011989104572021
0.2405454828720109	0.0012108995617741
0.2405637809704429	0.0012230085573918
0.2405821420560416	0.0012352386429657
0.2406004081271243	0.0012475910293954
0.2406187269542737	0.0012600669396893
0.2406370725794457	0.0012726676090862
0.2406553519408980	0.0012853942851771
0.2406736794461068	0.0012982482280289
0.2406920212678575	0.0013112307103092
0.2407103082828094	0.0013243430174122
0.2407286359429549	0.0013375864475864
0.2407469890786934	0.0013509623120622
0.2407652760243825	0.0013644719351829
0.2407835974045602	0.0013781166545347
0.2408019481791199	0.0013918978210800
0.2408202579550803	0.0014058167992908
0.2408385691452050	0.0014198749672838
0.2408569045299807	0.0014340737169566
0.2408752601527414	0.0014484144541262
0.2408935588054374	0.0014628985986674
0.2409118776791489	0.0014775275846541
0.2409302160408880	0.0014923028605006
0.2409485688950496	0.0015072258891056
0.2409668791292335	0.0015222981479967
0.2409851985386263	0.0015375211294766
0.2410035300912810	0.0015528963407714
0.2410218744344409	0.0015684253041791
0.2410402242371231	0.0015841095572209
0.2410585370327966	0.0015999506527931
0.2410768610614235	0.0016159501593210
0.2410951922671820	0.0016321096609142
0.2411135313678310	0.0016484307575234
0.2411318751015145	0.0016649150650986
0.2411502239606632	0.0016815642157496
0.2411685483895446	0.0016983798579071
0.2411868748018626	0.0017153636564862
0.2412052062037019	0.0017325172930510
0.2412235406989041	0.0017498424659815
0.2412418783517132	0.0017673408906413
0.2412602178115780	0.0017850142995477
0.2412785589923561	0.0018028644425432
0.2412969010385736	0.0018208930869687
0.2413152437090747	0.0018391020178384
0.2413335866134786	0.0018574930380167
0.2413519293977201	0.0018760679683969
0.2413702720580805	0.0018948286480809
0.2413886122641017	0.0019137769345617
0.2414069515978091	0.0019329147039073
0.2414252924614919	0.0019522438509464
0.2414436339262511	0.0019717662894559
0.2414619753283863	0.0019914839523504
0.2414803160188240	0.0020113987918739
0.2414986569336690	0.0020315127797927
0.2415169971596830	0.0020518279075906
0.2415353378711101	0.0020723461866665
0.2415536776822258	0.0020930696485332
0.2415720171300386	0.0021140003450185
0.2415903567547726	0.0021351403484687
0.2416086964879478	0.0021564917519534
0.2416270362033778	0.0021780566694729
0.2416453765287319	0.0021998372361677
0.2416637165528714	0.0022218356085293
0.2416820571594367	0.0022440539646146
0.2417003978098257	0.0022664945042608
0.2417187386879921	0.0022891594493034
0.2417370802392602	0.0023120510437964
0.2417554217146236	0.0023351715542344
0.2417737637460566	0.0023585232697768
0.2417921061315433	0.0023821085024745
0.2418104487265981	0.0024059295874993
0.2418287920525882	0.0024299888833743
0.2418471355670038	0.0024542887722080
0.2418654794413241	0.0024788316599301
0.2418838241082992	0.0025036199765294
0.2419021689490168	0.0025286561762947
0.2419205141988121	0.0025539427380577
0.2419388602202591	0.0025794821654382
0.2419572065455122	0.0026052769870926
0.2419755532556164	0.0026313297569635
0.2419939006579727	0.0026576430545331
0.2420122486287369	0.0026842194850785
0.2420305969061536	0.0027110616799293
0.2420489457543559	0.0027381722967285
0.2420672953993173	0.0027655540196958
0.2420856453996219	0.0027932095598928
0.2421039958221860	0.0028211416554917
0.2421223468622106	0.0028493530720466
0.2421406986791423	0.0028778466027671
0.2421590509089942	0.0029066250687947
0.2421774035704085	0.0029356913194827
0.2421957568100379	0.0029650482326775
0.2422141107410743	0.0029946987150043
0.2422324653951231	0.0030246457021544
0.2422508204342188	0.0030548921591759
0.2422691759648729	0.0030854410807677
0.2422875320834548	0.0031162954915754
0.2423058888553344	0.0031474584464911
0.2423242463427357	0.0031789330309560
0.2423426044650120	0.0032107223612656
0.2423609630573162	0.0032428295848783
0.2423793221896935	0.0032752578807270
0.2423976819027949	0.0033080104595343
0.2424160422435991	0.0033410905641297
0.2424344032305588	0.0033745014697710
0.2424527648937299	0.0034082464844687
0.2424711272360460	0.0034423289493134
0.2424894902727963	0.0034767522388066
0.2425078539797099	0.0035115197611947
0.2425262182632847	0.0035466349588066
0.2425445831533072	0.0035821013083947
0.2425629486626702	0.0036179223214786
0.2425813148120281	0.0036541015446934
0.2425996816102208	0.0036906425601403
0.2426180490730353	0.0037275489857417
0.2426364172079396	0.0037648244755991
0.2426547860218890	0.0038024727203551
0.2426731555116243	0.0038404974475587
0.2426915256788028	0.0038789024220343
0.2427098965241119	0.0039176914462546
0.2427282680494026	0.0039568683607172
0.2427466402595807	0.0039964370443244
0.2427650131568601	0.0040364014147676
0.2427833867505501	0.0040767654289153
0.2428017610419462	0.0041175330832044
0.2428201360429384	0.0041587084140365
0.2428385117561509	0.0042002954981768
0.2428568881913399	0.0042422984531586
0.2428752653563988	0.0042847214376902
0.2428936432589773	0.0043275686520671
0.2429120219122861	0.0043708443385878
0.2429304013210973	0.0044145527819737
0.2429487814850601	0.0044586983097934
0.2429671624011476	0.0045032852928914
0.2429855440668595	0.0045483181458203
0.2430039264860201	0.0045938013272785
0.2430223096542563	0.0046397393405513
0.2430406935727644	0.0046861367339568
0.2430590782453127	0.0047329981012963
0.2430774636706107	0.0047803280823093
0.2430958498525964	0.0048281313631324
0.2431142367960584	0.0048764126767637
0.2431326245023929	0.0049251768035314
0.2431510129775106	0.0049744285715667
0.2431694022286849	0.0050241728572824
0.2431877922592920	0.0050744145858552
0.2432061830766828	0.0051251587317137
0.2432245746914939	0.0051764103190308
0.2432429671090139	0.0052281744222211
0.2432613603374747	0.0052804561664433
0.2432797543878832	0.0053332607281078
0.2432981492708304	0.0053865933353888
0.2433165442287693	0.0054404592687427
0.2433349377609955	0.0054948638614301
0.2433533322111319	0.0055498125000444
0.2433717275863883	0.0056053106250449
0.2433901238922864	0.0056613637312953
0.2434085211366875	0.0057179773686083
0.2434269193292380	0.0057751571422943
0.2434453184812430	0.0058329087137172
0.2434637186013464	0.0058912378008544
0.2434821196990734	0.0059501501788630
0.2435005217856768	0.0060096516806517
0.2435189248736723	0.0060697481974582
0.2435373289768666	0.0061304456794328
0.2435557341093140	0.0061917501362270
0.2435741402834645	0.0062536676375894
0.2435925475131119	0.0063162043139653
0.2436109558129465	0.0063793663571049
0.2436293651980989	0.0064431600206760
0.2436477756829136	0.0065075916208827
0.2436661872811871	0.0065726675370915
0.2436846000061394	0.0066383942124624
0.2437030138706291	0.0067047781545871
0.2437214288861886	0.0067718259361330
0.2437398450639931	0.0068395441954943
0.2437582624154523	0.0069079396374493
0.2437766809522106	0.0069770190338237
0.2437951006862668	0.0070467892241620
0.2438135216300056	0.0071172571164036
0.2438319437509995	0.0071884296875677
0.2438503668091770	0.0072603139844434
0.2438687908378291	0.0073329171242878
0.2438872158692916	0.0074062462955307
0.2439056419350063	0.0074803087584861
0.2439240690656241	0.0075551118460709
0.2439424972910499	0.0076306629645316
0.2439609266405897	0.0077069695941769
0.2439793571429751	0.0077840392901187
0.2439977888265618	0.0078618796830199
0.2440162217193211	0.0079404984798501
0.2440346558490421	0.0080199034646487
0.2440530912322131	0.0081001024992952
0.2440715278722536	0.0081811035242881
0.2440899657753669	0.0082629145595309
0.2441084049503399	0.0083455437051262
0.2441268454084601	0.0084289991421774
0.2441452871620096	0.0085132891335993
0.2441637302236853	0.0085984220249352
0.2441821746066691	0.0086844062451845
0.2442006203246666	0.0087712503076364
0.2442190673920244	0.0088589628107128
0.2442375158237075	0.0089475524388199
0.2442559656354079	0.0090370279632081
0.2442744168436298	0.0091273982428403
0.2442928694657030	0.0092186722252686
0.2443113235199028	0.0093108589475214
0.2443297790255267	0.0094039675369966
0.2443482360029322	0.0094980072123665
0.2443666944736412	0.0095929872844901
0.2443851544603934	0.0096889171573350
0.2444036159870018	0.0097858063289084
0.2444220790783106	0.0098836643921975
0.2444405437601715	0.0099825010361195
0.2444590100593729	0.0100823260464807
0.2444774780036729	0.0101831493069455
0.2444959476218376	0.0102849808000150
0.2445144189434364	0.0103878306080151
0.2445328919966613	0.0104917089140952
0.2445513668087708	0.0105966260032362
0.2445698434064920	0.0107025922632685
0.2445883218163479	0.0108096181859012
0.2446068020648597	0.0109177143677602
0.2446252841786889	0.0110268915114379
0.2446437681847809	0.0111371604265522
0.2446622541104950	0.0112485320308177
0.2446807419837214	0.0113610173511258
0.2446992318330420	0.0114746275246372
0.2447177236878926	0.0115893737998835
0.2447362175542866	0.0117052675378823
0.2447547134298722	0.0118223202132612
0.2447732113172642	0.0119405434153938
0.2447917112238012	0.0120599488495477
0.2448102131611366	0.0121805483380431
0.2448287171449015	0.0123023538214236
0.2448472231943780	0.0124253773596379
0.2448657313294356	0.0125496311332344
0.2448842415708043	0.0126751274445667
0.2449027539403158	0.0128018787190124
0.2449212684611341	0.0129298975062025
0.2449397851579831	0.0130591964812644
0.2449583040573652	0.0131897884460770
0.2449768251876633	0.0133216863305378
0.2449953485791166	0.0134549031938432
0.2450138742638214	0.0135894522257816
0.2450324022757581	0.0137253467480393
0.2450509326508440	0.0138626002155197
0.2450694649679030	0.0140012262176748
0.2450879991601659	0.0141412384798516
0.2451065353016983	0.0142826508646502
0.2451250734687115	0.0144254773732966
0.2451436137354986	0.0145697321470295
0.2451621561730344	0.0147154294684999
0.2451807008495416	0.0148625837631849
0.2451992478310405	0.0150112096008168
0.2452177971818867	0.0151613216968249
0.2452363489652881	0.0153129349137932
0.2452549032069017	0.0154660642629311
0.2452734599246413	0.0156207249055604
0.2452920191414231	0.0157769321546160
0.2453105808851118	0.0159347014761623
0.2453291451882122	0.0160940484909240
0.2453477120876173	0.0162549889758333
0.2453662816244175	0.0164175388655917
0.2453848538437630	0.0165817142542476
0.2454034287922397	0.0167475313967900
0.2454220065166793	0.0169150067107579
0.2454405870647416	0.0170841567778655
0.2454591704854560	0.0172549983456442
0.2454777568294071	0.0174275483291007
0.2454963461489259	0.0176018238123917
0.2455149384983094	0.0177778420505155
0.2455335339340678	0.0179556204710206
0.2455521325151898	0.0181351766757307
0.2455707262189864	0.0183165284424880
0.2455893207982904	0.0184996937269127
0.2456079188650163	0.0186846906641819
0.2456265204709939	0.0188715375708238
0.2456451256675608	0.0190602529465319
0.2456637344717816	0.0192508554759973
0.2456823468799659	0.0194433640307572
0.2457009628957608	0.0196377976710647
0.2457195825301326	0.0198341756477753
0.2457382058013785	0.0200325174042532
0.2457568327350802	0.0202328425782956
0.2457754633637805	0.0204351710040785
0.2457940977267629	0.0206395227141193
0.2458127357923373	0.0208459179412606
0.2458313767942357	0.0210543771206732
0.2458500208446844	0.0212649208918800
0.2458686680524832	0.0214775701007989
0.2458873185242236	0.0216923458018069
0.2459059723652426	0.0219092692598249
0.2459246296802584	0.0221283619524231
0.2459432905740102	0.0223496455719472
0.2459619551519082	0.0225731420276667
0.2459806235206964	0.0227988734479434
0.2459992957869600	0.0230268621824228
0.2460179719846230	0.0232571308042469
0.2460366521585688	0.0234897021122895
0.2460553363599523	0.0237245991334125
0.2460740246444816	0.0239618451247467
0.2460927170728844	0.0242014635759941
0.2461114137113943	0.0244434782117541
0.2461301146322261	0.0246879129938715
0.2461488199137579	0.0249347921238102
0.2461675296405430	0.0251841400450485
0.2461862435513408	0.0254359814454990
0.2462049604946637	0.0256903412599542
0.2462236821463899	0.0259472446725536
0.2462424086051553	0.0262067171192793
0.2462611399718093	0.0264687842904721
0.2462798763500623	0.0267334721333768
0.2462986177603488	0.0270008068547104
0.2463173642359087	0.0272708149232576
0.2463361158230964	0.0275435230724901
0.2463548717631821	0.0278189583032148
0.2463736318194176	0.0280971478862468
0.2463923961360709	0.0283781193651095
0.2464111648570247	0.0286619005587607
0.2464299381268963	0.0289485195643484
0.2464487160921369	0.0292380047599920
0.2464674989021214	0.0295303848075922
0.2464862867101513	0.0298256886556680
0.2465050796738704	0.0301239455422246
0.2465238779557643	0.0304251849976467
0.2465426817169941	0.0307294368476230
0.2465614862595157	0.0310367312160990
0.2465802831012401	0.0313470985282602
0.2465990859392130	0.0316605695135426
0.2466178948300586	0.0319771752086781
0.2466367098439307	0.0322969469607649
0.2466555310644199	0.0326199164303727
0.2466743585886084	0.0329461155946765
0.2466931925272687	0.0332755767506234
0.2467120329959586	0.0336083325181296
0.2467308801163323	0.0339444158433107
0.2467497340170606	0.0342838600017439
0.2467685948348098	0.0346266986017615
0.2467874617570313	0.0349729655877792
0.2468063343254889	0.0353226952436570
0.2468252126775149	0.0356759221960934
0.2468440969658807	0.0360326814180544
0.2468629873533946	0.0363930082322347
0.2468818840086240	0.0367569383145568
0.2469007871072370	0.0371245076977023
0.2469196968333726	0.0374957527746796
0.2469386133808056	0.0378707103024265
0.2469575369534474	0.0382494174054509
0.2469764677617992	0.0386319115795055
0.2469954060177988	0.0390182306953006
0.2470143518140424	0.0394084130022536
0.2470333052523077	0.0398024971322762
0.2470522664539332	0.0402005221035990
0.2470712355597717	0.0406025273246350
0.2470902127303816	0.0410085525978814
0.2471091981387794	0.0414186381238600
0.2471281913539659	0.0418328245050984
0.2471471913257510	0.0422511527501496
0.2471661983690985	0.0426736642776514
0.2471852128022640	0.0431004009204277
0.2472042348773423	0.0435314049296320
0.2472232520438785	0.0439667189789284
0.2472422643499979	0.0444063861687178
0.2472612852267535	0.0448504500304048
0.2472803148546096	0.0452989545307088
0.2472993534297679	0.0457519440760158
0.2473184011655283	0.0462094635167759
0.2473374582938082	0.0466715581519438
0.2473565250659543	0.0471382737334635
0.2473756017404422	0.0476096564707982
0.2473946884546511	0.0480857530355060
0.2474137853328395	0.0485666105658610
0.2474328925283411	0.0490522766715197
0.2474520062134258	0.0495427994382348
0.2474711265035607	0.0500382274326170
0.2474902556970247	0.0505386097069428
0.2475093941513159	0.0510439958040126
0.2475285422309730	0.0515544357620528
0.2475477003110583	0.0520699801196734
0.2475668686342786	0.0525906799208702
0.2475860474257080	0.0531165867200792
0.2476052369424047	0.0536477525872804
0.2476244374599936	0.0541842301131533
0.2476436492755923	0.0547260724142851
0.2476628727097643	0.0552733331384282
0.2476821081080711	0.0558260664698127
0.2477013544410596	0.0563843271345106
0.2477205863586464	0.0569481704058557
0.2477398201485168	0.0575176521099141
0.2477590650066442	0.0580928286310131
0.2477783212540585	0.0586737569173234
0.2477975892398423	0.0592604944864968
0.2478168693382188	0.0598530994313617
0.2478361619351903	0.0604516304256757
0.2478554674519016	0.0610561467299328
0.2478747862498499	0.0616667081972317
0.2478941185661809	0.0622833752792044
0.2479134646842910	0.0629062090319969
0.2479328249347976	0.0635352711223169
0.2479521978306803	0.0641706238335405
0.2479715826637839	0.0648123300718760
0.2479909800140798	0.0654604533725945
0.2480103904799291	0.0661150579063201
0.2480298144683284	0.0667762084853836
0.2480492523849128	0.0674439705702379
0.2480687046681135	0.0681184102759406
0.2480881717898217	0.0687995943787005
0.2481076500719642	0.0694875903224871
0.2481271040858767	0.0701824662257118
0.2481465749664643	0.0708842908879690
0.2481660630396578	0.0715931337968490
0.2481855652187864	0.0723090651348179
0.2482050792947811	0.0730321557861657
0.2482246050283318	0.0737624773440274
0.2482441464530241	0.0745001021174672
0.2482637042074509	0.0752451031386417
0.2482832789517349	0.0759975541700285
0.2483028711262317	0.0767575297117287
0.2483224811745029	0.0775251050088459
0.2483421096042243	0.0783003560589349
0.2483617557323769	0.0790833596195243
0.2483814175633581	0.0798741932157190
0.2484010959487021	0.0806729351478762
0.2484207916699587	0.0814796644993553
0.2484405053122398	0.0822944611443489
0.2484601872224794	0.0831174057557919
0.2484798867447225	0.0839485798133498
0.2484996066252013	0.0847880656114835
0.2485193475472037	0.0856359462675982
0.2485391102385481	0.0864923057302747
0.2485588929397341	0.0873572287875776
0.2485786942244078	0.0882308010754533
0.2485985148940320	0.0891131090862082
0.2486183557981138	0.0900042401770701
0.2486382178417330	0.0909042825788407
0.2486581019771598	0.0918133254046289
0.2486780088270406	0.0927314586586754
0.2486979390909133	0.0936587732452617
0.2487178919146935	0.0945953609777142
0.2487378451350340	0.0955413145874914
0.2487577719779960	0.0964967277333658
0.2487777202866675	0.0974616950106989
0.2487976922658747	0.0984363119608060
0.2488176886774555	0.0994206750804135
0.2488377103702548	0.1004148818312170
0.2488577582877282	0.1014190306495286
0.2488778334571539	0.1024332209560239
0.2488979323349343	0.1034575531655838
0.2489180550658328	0.1044921286972402
0.2489382027087751	0.1055370499842125
0.2489583764182783	0.1065924204840539
0.2489785774410668	0.1076583446888940
0.2489987698203170	0.1087349281357831
0.2490189555185785	0.1098222774171416
0.2490391722310261	0.1109205001913133
0.2490594165531259	0.1120297051932269
0.2490796881330560	0.1131500022451587
0.2490999884014756	0.1142815022676105
0.2491203188567760	0.1154243172902871
0.2491406805930512	0.1165785604631900
0.2491610747762513	0.1177443460678223
0.2491814962603243	0.1189217895285008
0.2492019403077747	0.1201110074237859
0.2492224073494563	0.1213121174980231
0.2492428317875170	0.1225252386730036
0.2492632897116582	0.1237504910597338
0.2492837824489925	0.1249879959703308
0.2493043114814669	0.1262378759300341
0.2493248784027385	0.1275002546893353
0.2493454780407265	0.1287752572362286
0.2493661114745207	0.1300630098085912
0.2493867803924917	0.1313636399066772
0.2494074866344526	0.1326772763057441
0.2494282321558138	0.1340040490688014
0.2494489359901040	0.1353440895594886
0.2494696683362984	0.1366975304550831
0.2494904372461000	0.1380645057596332
0.2495112446944394	0.1394451508172290
0.2495320907388360	0.1408396023254015
0.2495529671107694	0.1422479983486562
0.2495738876463411	0.1436704783321433
0.2495948507899403	0.1451071831154638
0.2496158536732308	0.1465582549466181
0.2496368486543425	0.1480238374960847
0.2496578338552631	0.1495040758710451
0.2496788658736639	0.1509991166297562
0.2496999466978209	0.1525091077960539
0.2497210776213210	0.1540341988740146
0.2497422525306868	0.1555745408627553
0.2497634743573402	0.1571302862713828
0.2497847453970750	0.1587015891340968
0.2498060682078943	0.1602886050254374
0.2498273332746889	0.1618914910756912
0.2498486334949062	0.1635104059864485
0.2498699776615162	0.1651455100463135
0.2498913738954368	0.1667969651467763
0.2499128249534869	0.1684649347982435
0.2499343338907638	0.1701495841462249
0.2499559015393383	0.1718510799876868
0.2499775220885018	0.1735695907875640
0.2499990709662939	0.1753052866954388
0.2500206780881395	0.1770583395623954
0.2500423474523792	0.1788289229580176
0.2500640825221227	0.1806172121875988
0.2500858798715308	0.1824233843094771
0.2501077327499466	0.1842476181525735
0.2501296322530328	0.1860900943340979
0.2501515099386023	0.1879509952774390
0.2501734012782825	0.1898305052302154
0.2501953659450896	0.1917288102825169
0.2502173953846366	0.1936460983853441
0.2502394938471568	0.1955825593691995
0.2502616659324830	0.1975383849628905
0.2502839153857002	0.1995137688125193
0.2503061195804340	0.2015089065006457
0.2503283587790430	0.2035239955656543
0.2503506661703605	0.2055592355213097
0.2503730362464339	0.2076148278765215
0.2503954908129441	0.2096909761552881
0.2504180252707615	0.2117878859168405
0.2504405964740558	0.2139057647760069
0.2504631218445341	0.2160448224237650
0.2504857360692720	0.2182052706480044
0.2505084436638991	0.2203873233544820
0.2505312396851428	0.2225911965880270
0.2505541235092600	0.2248171085539099
0.2505770550111935	0.2270652796394487
0.2505999086915032	0.2293359324358451
0.2506228657386464	0.2316292917602047
0.2506459187590232	0.2339455846778052
0.2506690696851964	0.2362850405245852
0.2506923255943477	0.2386478909298318
0.2507156097863285	0.2410343698391304
0.2507388775583225	0.2434447135375192
0.2507622485210472	0.2458791606728940
0.2507856973504077	0.2483379522796257
0.2508092618499312	0.2508213318024193
0.2508329436395604	0.2533295451204406
0.2508565414371625	0.2558628405716466
0.2508802323750785	0.2584214689773624
0.2509040484610669	0.2610056836671357
0.2509279976037534	0.2636157405038065
0.2509520639268070	0.2662518979088430
0.2509760677694378	0.2689144168879299
0.2510001179189769	0.2716035610568077
0.2510243106862661	0.2743195966673728
0.2510486448532864	0.2770627926340454
0.2510731153522029	0.2798334205603887
0.2510975586070370	0.2826317547659957
0.2511220617177964	0.2854580723136576
0.2511466835674288	0.2883126530367923
0.2511714483943932	0.2911957795671627
0.2511963707295310	0.2941077373628322
0.2512212035781745	0.2970488147364601
0.2512461776137275	0.3000193028838260
0.2512713158510530	0.3030194959126661
0.2512966053859345	0.3060496908717948
0.2513219491439712	0.3091101877805139
0.2513472621821412	0.3122012896583209
0.2513727590842149	0.3153233025549033
0.2513984424148800	0.3184765355804528
0.2514243259279922	0.3216613009362581
0.2514500869518522	0.3248779139456184
0.2514759792256673	0.3281266930850759
0.2515020747008950	0.3314079600159238
0.2515283893702255	0.3347220396160860
0.2515546834487449	0.3380692600122442
0.2515810801769642	0.3414499526123667
0.2516076564329652	0.3448644521384923
0.2516344518196866	0.3483130966598793
0.2516612653116442	0.3517962276264792
0.2516881575236120	0.3553141899027406
0.2517152965102707	0.3588673318017677
0.2517426717053954	0.3624560051197849
0.2517700102593506	0.3660805651709811
0.2517974572444579	0.3697413708226889
0.2518251791815771	0.3734387845309151
0.2518532005971826	0.3771731723762227
0.2518811088029240	0.3809449040999885
0.2519091785039172	0.3847543531409922
0.2519375563504774	0.3886018966723994
0.2519662214060368	0.3924879156391256
0.2519947722407246	0.3964127947955157
0.2520235538603317	0.4003769227434744
0.2520526778677104	0.4043806919709059
0.2520819073974349	0.4084244988906146
0.2521112323718371	0.4125087438795226
0.2521408528229224	0.4166338313183176
0.2521708274184342	0.4208001696315037
0.2522006366613057	0.4250081713278177
0.2522308442868810	0.4292582530410995
0.2522614009354159	0.4335508355715121
0.2522919857465021	0.4378863439272250
0.2523227692882601	0.4422652073664971
0.2523539905750160	0.4466878594401609
0.2523854253462739	0.4511547380345636
0.2524168128365456	0.4556662854149081
0.2524487098345655	0.4602229482690552
0.2524810860709400	0.4648251777517470
0.2525131523137349	0.4694734295292636
0.2525457907956205	0.4741681638245521
0.2525789812345379	0.4789098454627966
0.2526119801497730	0.4836989439174206
0.2526454174727045	0.4885359333565958
0.2526794975890109	0.4934212926901636
0.2527134869226678	0.4983555056170657
0.2527478363972831	0.5033390606732355
0.2527829028086093	0.5083724512799715
0.2528179160293546	0.5134561757927735
0.2528532977291927	0.5185907375506971
0.2528894541441066	0.5237766449262052
0.2529255309112243	0.5290144113754657
0.2529620971037367	0.5343045554892230
0.2529994975043861	0.5396476010441185
0.2530366809957886	0.5450440770545576
0.2530745958654271	0.5504945178251004
0.2531132544239752	0.5559994630033537
0.2531517671258725	0.5615594576333884
0.2531911795544782	0.5671750522097238
0.2532311699261052	0.5728468027318177
0.2532712231513136	0.5785752707591393
0.2533123764388562	0.5843610234667272
0.2533537187339429	0.5902046337013935
0.2533956289584693	0.5961066800384089
0.2534388282242433	0.6020677468387889
0.2534815339465721	0.6080884243071774
0.2535256711763282	0.6141693085502481
0.2535704213454033	0.6203110016357510
0.2536154363096724	0.6265141116521065
0.2536620424698589	0.6327792527686298
0.2537085016481077	0.6391070452963168
0.2537563486436991	0.6454981157492780
0.2538050828684469	0.6519530969067676
0.2538542511764972	0.6584726278758326
0.2539049952321359	0.6650573541545894
0.2539561711874272	0.6717079276961341
0.2540084557097319	0.6784250069730935
0.2540624870384400	0.6852092570428230
0.2541166088499375	0.6920613496132534
0.2541733153644215	0.6989819631093845
0.2542297155954811	0.7059717827404774
0.2542887229226868	0.7130315005678859
0.2543486982085901	0.7201618155735620
0.2544098905759286	0.7273634337292989
0.2544739862202906	0.7346370680665888
0.2545379223341043	0.7419834387472557
0.2546057051600834	0.7494032731347287
0.2546735338374355	0.7568973058660754
0.2547448661519494	0.7644662789247360
0.2548182532855321	0.7721109417139819
0.2548933788121487	0.7798320511311206
0.2549729814297444	0.7876303716424310
0.2550530562817635	0.7955066753588563
0.2551393232076714	0.8034617421124438
0.2552255658723614	0.8114963595335681
0.2553187191066287	0.8196113231289057
0.2554131221538979	0.8278074363601923
0.2555151726502049	0.8360855107237947
0.2556209728038866	0.8444463658310327
0.2557317577965917	0.8528908294893444
0.2558502307193070	0.8614197377842383
0.2559746911526918	0.8700339351620795
0.2561111984354891	0.8787342745137000
0.2562499926265805	0.8875216172588359
0.2564079681544927	0.8971948159765841
0.2565898277860345	0.9061667641363497
0.2567687579538279	0.9152284317777146
0.2569799975929514	0.9246375162050542
0.2572188601929474	0.9337810272030840
0.2574756047581516	0.9431188374751144
0.2577362515288059	0.9599405040194930
0.2577745710562063	0.9510378092431337
0.2579968044287888	0.9575856514283140
0.2583341815202747	0.9659093351161628
0.2588492678853719	0.9741998876728403
0.2589314888937492	0.9765524862624897
0.2589823745024508	0.9823580380948981
0.2592584223804915	0.9737501356690439
0.2596426710488032	0.9870290363771771
0.2600004816636826	0.9911991185904901
0.2603889087012576	0.9921130545121848
0.2608927097182573	0.9907179871048655
0.2609867265576931	0.9861305782217726
0.2616197973154317	0.9950359763608222
0.2622625743240535	0.9975223282861269
0.2668564615791023	0.9991010905036679
0.2684716553835705	0.9996699870806210
0.2738884143413907	0.9999203260466112
0.2798856435501821	0.9999728369310813
0.2876972834048770	0.9999926828533504
0.2915738733560169	0.9999968562752337
0.2979573044537665	0.9999991101979139
0.3009028195606149	0.9999995980062589
0.3071301195019215	0.9999998832673328
0.3094505975266170	0.9999999469663705
0.3160995861226157	0.9999999844332745
0.3186274669924167	0.9999999928423976
0.3251885979239518	0.9999999978633525
0.3274039252449016	0.9999999990153394
0.3340516867618181	0.9999999997040863
0.3364090695576618	0.9999999998639260
0.3431806484989970	0.9999999999590783
0.3457845943887449	0.9999999999812267
0.3525730431192379	0.9999999999943628
0.3553518054358575	0.9999999999974181
0.3621132022440439	0.9999999999992263
0.3649799598922494	0.9999999999996457
0.3717008546865505	0.9999999999998941
0.3745622677300295	0.9999999999999515
0.3804615449866315	0.9999999999999871
0.3835462743680749	0.9999999999999953
0.3905498160619048	1.0000000000000004
0.3931819999699507	1.0000000000000020
0.3966190926800037	1.0000000000000031
0.4011655882825784	1.0000000000000033
0.4071048510428331	1.0002279687809785
0.4071048510428433	1.0002573932012366
0.4634881407910431	0.9997563749518288
0.4969088182779001	0.9999445799370942
0.5018257289069284	0.9999987131413696
0.5135475381755602	0.9999672860194880
0.5771698344427089	0.9999942655002285
0.6056007697625152	0.9999946646803205
0.6128461687457604	0.9999980078412982
0.6485854937241518	0.9999981834908586
0.6513316773929152	0.9999999367929528
0.6754199038463072	0.9994168254657830
0.6782185060706569	0.9999265173848035
0.6937676707697812	0.9999875789687359
0.7225894816253754	0.9999974042586409
0.7415713573007322	0.9999988407220393
0.9701417892954668	1.0000002964098600
1.6247807859814556	1.0002752512746651
1.6357052189529770	1.0003103429336568
1.6707595950238159	0.9997057440512205
1.6983871796126158	0.9999322027582463
1.7023162555787352	0.9999775772193278
1.7141171716808101	0.9999578088504136
1.7563653924942781	0.9999825860671494
1.7659365131095419	0.9999926983608639
1.7983247021272617	0.9999982853796419
1.8255147147723361	0.9999986818800299
1.8449809908991439	0.9994717097105524
1.8470812215161936	0.9998631443836494
1.8608326164896483	0.9999646245134981
1.8795365352213456	0.9999916549642169
1.8900976190278402	0.9999970325994174
1.8975440836587363	0.9999977275088372
1.9114974405576968	0.9999986137961193
1.9209338716648356	0.9999988291413768
1.9381203894746393	0.9999988884092438
1.9484566405583990	0.9999989001293320
1.9640313718440372	0.9999989033550323
1.9730068241483349	0.9999989039931103
1.9794152525419833	0.9999994768432545
1.9794183916155512	0.9999995508895932
2.0010444323475944	0.9999995605432692
2.0011061868302908	0.9999995632002322
2.0012062636363281	0.9999995743626564
2.0019654453385876	0.9999995870061168
2.0022502394495327	0.9999995886404079
2.0025442282502737	0.9999998855788788
2.0025597389629604	0.9999999239610187
2.0173235767685562	0.9999999584345937
2.0182327022001672	0.9999999637198969
2.0294692768795071	0.9999999675284102
2.0323529820042814	0.9999999681204194
2.0410000350485795	0.9999999685565909
2.0444129635593482	0.9999999686241401
2.0539691644259319	0.9999999686716349
2.0573579090854497	0.9999999686790485
2.0663941308450324	0.9999999686843658
2.0698664727629126	0.9999999686851933
2.0791966542067017	0.9999999686857708
2.0826782816912894	0.9999999686858612
2.0853806973123703	0.9999999686864159
2.0858401504573862	0.9999999686864877
2.0958008833847455	0.9999999686865086
2.0978310877478910	0.9999999686865143
2.1045194519865844	0.9999999686865270
2.1054350304010265	0.9999999686865287
2.1066238373866826	0.9999999686866011
2.1066878895458854	0.9999999686866106
2.1084939905868123	0.9999999686866892
2.1089053935305224	0.9999999686866987
2.1156652347579232	0.9999999686867423
2.1159039512218998	0.9999999686867485
2.1176901799183794	0.9999999686867755
2.1183735805351218	0.9999999686867792
2.1346874899326869	0.9999999686867866
2.1347454063666005	0.9999999686867875
2.1383364375305147	0.9999999686867876
2.1468831999487148	0.9999999686867899
2.1497376176979404	0.9999999686867902
