0.0000000000000000	0.0000000000000000
0.2585418361610508	0.0000300000000000
0.2587722405662766	0.0000095179796606
0.2601466522578432	0.0000159602199352
0.2602033794543406	0.0000263929709809
0.2603992080867149	0.0000246951115478
0.2609419806849414	0.0000271637693872
0.2613294806297610	0.0000309495638218
0.2617051041387078	0.0000411078557326
0.2621185546037785	0.0000587353548626
0.2621538799168930	0.0000500296161389
0.2624324676130723	0.0000587095574497
0.2627690663618962	0.0000689198504367
0.2630826358855108	0.0000789198504367
0.2632866574767629	0.0000885817043507
0.2635151732255805	0.0000985817043507
0.2637421322425562	0.0001085817043507
0.2639271459798093	0.0001185817043507
0.2640942806578337	0.0001285817043507
0.2642444455688167	0.0001385817043507
0.2643840809826077	0.0001485817043507
0.2645137358247993	0.0001585817043507
0.2646358589472344	0.0001685817043507
0.2647495215750859	0.0001785817043507
0.2648570907449628	0.0001885817043507
0.2649569874135177	0.0001985817043507
0.2650554092585836	0.0002085817043507
0.2651454007794384	0.0002185817043507
0.2652332689752362	0.0002285817043507
0.2653153351733641	0.0002385817043507
0.2653951379124832	0.0002485817043507
0.2654705867588961	0.0002585817043507
0.2655436506131807	0.0002685817043507
0.2656134739673150	0.0002785817043507
0.2656808057100177	0.0002885817043507
0.2657457171112653	0.0002985817043507
0.2658083393126157	0.0003085817043507
0.2658690919215160	0.0003185817043507
0.2659275816007202	0.0003285817043507
0.2659846736246205	0.0003385817043507
0.2660395822688146	0.0003485817043507
0.2660934219786419	0.0003585817043507
0.2661452119843198	0.0003685817043507
0.2661961399918107	0.0003785817043507
0.2662450904947501	0.0003885817043507
0.2662934107299174	0.0003985817043507
0.2663398427720345	0.0004085817043507
0.2663858017224474	0.0004185817043507
0.2664299451047624	0.0004285817043507
0.2664737550161030	0.0004385817043507
0.2665157530252542	0.0004485817043507
0.2665575976381985	0.0004585817043507
0.2665977300121913	0.0004685817043507
0.2666377335458750	0.0004785817043507
0.2666762187148601	0.0004885817043507
0.2667145306779400	0.0004985817043507
0.2667515214955435	0.0005085817043507
0.2667882478130988	0.0005185817043507
0.2668238517872252	0.0005285817043507
0.2668591396243841	0.0005385817043507
0.2668934512718525	0.0005485817043507
0.2669273980146394	0.0005585817043507
0.2669604417412795	0.0005685817043507
0.2669930771995915	0.0005785817043507
0.2670250242104109	0.0005885817043507
0.2670565748808982	0.0005985817043507
0.2670874435592206	0.0006085817043507
0.2671178533148485	0.0006185817043507
0.2671478299899031	0.0006285817043507
0.2671771977803509	0.0006385817043507
0.2672062012692762	0.0006485817043507
0.2672347133155095	0.0006585817043507
0.2672628152857000	0.0006685817043507
0.2672904537048619	0.0006785817043507
0.2673177333620020	0.0006885817043507
0.2673445469796453	0.0006985817043507
0.2673710839536561	0.0007085817043507
0.2673970689492720	0.0007185817043507
0.2674229457009462	0.0007285817043507
0.2674481580573475	0.0007385817043507
0.2674733401816400	0.0007485817043507
0.2674979014060432	0.0007585817043507
0.2675223560904459	0.0007685817043507
0.2675463129986553	0.0007785817043507
0.2675701860460469	0.0007885817043507
0.2675934425631954	0.0007985817043507
0.2676166935792094	0.0008085817043507
0.2676394863412233	0.0008185817043507
0.2676621282652908	0.0008285817043507
0.2676843026089357	0.0008385817043507
0.2677063929222568	0.0008485817043507
0.2677281173570729	0.0008585817043507
0.2677497158954503	0.0008685817043507
0.2677709478985915	0.0008785817043507
0.2677919657072024	0.0008885817043507
0.2678127027740544	0.0008985817043507
0.2678332635803370	0.0009085817043507
0.2678535795767968	0.0009185817043507
0.2678736987087160	0.0009285817043507
0.2678936006298937	0.0009385817043508
0.2679132806891818	0.0009485817043507
0.2679327777484901	0.0009585817043507
0.2679520353273127	0.0009685817043507
0.2679711382382854	0.0009785817043508
0.2679899832534463	0.0009885817043507
0.2680086922592694	0.0009985817043508
0.2680271396149076	0.0010085817043507
0.2680454924145049	0.0010186675213943
0.2680637278091429	0.0010288541966082
0.2680820752996826	0.0010391427385743
0.2681003054836239	0.0010495341659600
0.2681186666933994	0.0010600295076196
0.2681368986730889	0.0010706298026958
0.2681552394091884	0.0010813361007228
0.2681735071514418	0.0010921494617300
0.2681918237403974	0.0011030709563473
0.2682101332242696	0.0011141016659108
0.2682284219917899	0.0011252426825699
0.2682467799560755	0.0011364951093956
0.2682650412298792	0.0011478600604895
0.2682833916511112	0.0011593386610944
0.2683016826344642	0.0011709320477053
0.2683199983199506	0.0011826413681824
0.2683383524560354	0.0011944677818642
0.2683566302229333	0.0012064124596829
0.2683749799289852	0.0012184765842797
0.2683932952505650	0.0012306613501225
0.2684116026840725	0.0012429679636237
0.2684299707693543	0.0012553976432599
0.2684482646060212	0.0012679516196926
0.2684665875482526	0.0012806311358895
0.2684849616348242	0.0012934374472484
0.2685032505702032	0.0013063718217209
0.2685215785586840	0.0013194355399381
0.2685399497043680	0.0013326298953374
0.2685582494586490	0.0013459561942908
0.2685765746452081	0.0013594157562337
0.2685949358627021	0.0013730099137961
0.2686132612680541	0.0013867400129340
0.2686315784372187	0.0014006074130633
0.2686499256111833	0.0014146134871940
0.2686682905396957	0.0014287596220659
0.2686865963970207	0.0014430472182866
0.2687049274256963	0.0014574776904694
0.2687232780952719	0.0014720524673741
0.2687416378400881	0.0014867729920479
0.2687599521457330	0.0015016407219684
0.2687782833290443	0.0015166571291881
0.2687966302579403	0.0015318237004799
0.2688149894829603	0.0015471419374847
0.2688333254505506	0.0015626133568596
0.2688516520272723	0.0015782394904281
0.2688699894794808	0.0015940218853324
0.2688883363639979	0.0016099621041858
0.2689066908528693	0.0016260617252276
0.2689250474757053	0.0016423223424799
0.2689433750124375	0.0016587455659047
0.2689617097603137	0.0016753330215637
0.2689800500709373	0.0016920863517794
0.2689983953597439	0.0017090072152972
0.2690167439451444	0.0017260972874502
0.2690350957270468	0.0017433582603247
0.2690534489180643	0.0017607918429279
0.2690718029385432	0.0017783997613572
0.2690901410876632	0.0017961837589708
0.2691084813606650	0.0018141455965605
0.2691268244320208	0.0018322870525261
0.2691451684270956	0.0018506099230514
0.2691635144524077	0.0018691160222819
0.2691818606883914	0.0018878071825047
0.2692002084908326	0.0019066852543297
0.2692185559972042	0.0019257521068730
0.2692369046941503	0.0019450096279418
0.2692552528780933	0.0019644597242212
0.2692736010180907	0.0019841043214634
0.2692919481185881	0.0020039453646780
0.2693102952136230	0.0020239848183248
0.2693286416128959	0.0020442246665081
0.2693469878855056	0.0020646669131732
0.2693653338472572	0.0020853135823049
0.2693836795975955	0.0021061667181279
0.2694020254543651	0.0021272283853092
0.2694203708950330	0.0021485006691623
0.2694387168970909	0.0021699856758539
0.2694570623054690	0.0021916855326125
0.2694754080428522	0.0022136023879386
0.2694937536798260	0.0022357384118179
0.2695120993806659	0.0022580957959361
0.2695304455642735	0.0022806767538955
0.2695487914875241	0.0023034835214344
0.2695671378950060	0.0023265183566488
0.2695854843715197	0.0023497835402153
0.2696038309653589	0.0023732813756175
0.2696221782853959	0.0023970141893737
0.2696405254139656	0.0024209843312674
0.2696588728778962	0.0024451941745801
0.2696772209327641	0.0024696461163259
0.2696955689402628	0.0024943425774891
0.2697139173769607	0.0025192860032640
0.2697322663762114	0.0025444788632966
0.2697506154103876	0.0025699236519296
0.2697689648817875	0.0025956228884489
0.2697873150299629	0.0026215791173334
0.2698056652150167	0.0026477949085068
0.2698240157812695	0.0026742728575919
0.2698423670090059	0.0027010155861677
0.2698607184986528	0.0027280257420294
0.2698790702718303	0.0027553059994497
0.2698974225650946	0.0027828590594443
0.2699157755664404	0.0028106876500387
0.2699341287240344	0.0028387945265391
0.2699524822437573	0.0028671824718045
0.2699708363148742	0.0028958542965225
0.2699891910705505	0.0029248128394877
0.2700075460971816	0.0029540609678826
0.2700259014916891	0.0029836015775615
0.2700442573746987	0.0030134375933371
0.2700626138674842	0.0030435719692704
0.2700809710164727	0.0030740076889631
0.2700993284643203	0.0031047477658527
0.2701176863277850	0.0031357952435112
0.2701360446799791	0.0031671531959464
0.2701544035976928	0.0031988247279058
0.2701727631235996	0.0032308129751849
0.2701911233034526	0.0032631211049367
0.2702094839016483	0.0032957523159861
0.2702278449442719	0.0033287098391460
0.2702462064850367	0.0033619969375374
0.2702645685576056	0.0033956169069128
0.2702829311951253	0.0034295730759819
0.2703012944168914	0.0034638688067418
0.2703196582409931	0.0034985074948092
0.2703380226771134	0.0035334925697573
0.2703563877327599	0.0035688274954549
0.2703747534119752	0.0036045157704095
0.2703931197158289	0.0036405609281135
0.2704114866458331	0.0036769665373946
0.2704298541818927	0.0037137362027685
0.2704482223203075	0.0037508735647962
0.2704665910807165	0.0037883823004442
0.2704849604734764	0.0038262661234486
0.2705033305026090	0.0038645287846830
0.2705217011662404	0.0039031740725299
0.2705400724718636	0.0039422058132552
0.2705584444184148	0.0039816278713878
0.2705768170164158	0.0040214441501016
0.2705951902632400	0.0040616585916026
0.2706135641619226	0.0041022751775187
0.2706319387209043	0.0041432979292939
0.2706503139471373	0.0041847309085868
0.2706686898457382	0.0042265782176727
0.2706870664273151	0.0042688439998494
0.2707054436932843	0.0043115324398478
0.2707238216533652	0.0043546477642463
0.2707422003118455	0.0043981942418888
0.2707605796747502	0.0044421761843077
0.2707789597523050	0.0044865979461508
0.2707973405475322	0.0045314639256123
0.2708157220697023	0.0045767785648684
0.2708341043262256	0.0046225463505171
0.2708524873233190	0.0046687718140223
0.2708708710723324	0.0047154595321626
0.2708892555794567	0.0047626141274842
0.2709076408527136	0.0048102402687591
0.2709260269043439	0.0048583426714466
0.2709444137407033	0.0049069260981611
0.2709628013706261	0.0049559953591428
0.2709811898065281	0.0050055553127343
0.2709995790564277	0.0050556108658617
0.2710179691189215	0.0051061669745204
0.2710363599918237	0.0051572286442656
0.2710547516735218	0.0052088009307082
0.2710731441616067	0.0052608889400153
0.2710915374578352	0.0053134978294154
0.2711099315675443	0.0053666328077095
0.2711283264931711	0.0054202991357867
0.2711467222391732	0.0054745021271445
0.2711651188131369	0.0055292471484159
0.2711835162252856	0.0055845396199000
0.2712019144834190	0.0056403850160990
0.2712203135966322	0.0056967888662600
0.2712387135763772	0.0057537567549227
0.2712571144359543	0.0058112943224720
0.2712755161895932	0.0058694072656967
0.2712939188488810	0.0059281013383536
0.2713123224270430	0.0059873823517370
0.2713307269387489	0.0060472561752544
0.2713491323984565	0.0061077287370069
0.2713675388204526	0.0061688060243769
0.2713859462176631	0.0062304940846207
0.2714043546010625	0.0062927990254669
0.2714227639821052	0.0063557270157217
0.2714411743725468	0.0064192842858789
0.2714595857846038	0.0064834771287376
0.2714779982307747	0.0065483119000249
0.2714964117240438	0.0066137950190252
0.2715148262777085	0.0066799329692156
0.2715332419055865	0.0067467322989078
0.2715516586216514	0.0068141996218968
0.2715700764393649	0.0068823416181156
0.2715884953728597	0.0069511650342968
0.2716069154367567	0.0070206766846397
0.2716253366462338	0.0070908834514862
0.2716437590169161	0.0071617922860009
0.2716621825649581	0.0072334102088610
0.2716806073069869	0.0073057443109497
0.2716990332601309	0.0073788017540592
0.2717174604419611	0.0074525897715997
0.2717358888705765	0.0075271156693157
0.2717543185646306	0.0076023868260088
0.2717727495433779	0.0076784106942688
0.2717911818267394	0.0077551948012114
0.2718096154352588	0.0078327467492235
0.2718280503900835	0.0079110742167158
0.2718464867112478	0.0079901849588830
0.2718649244178092	0.0080700868084719
0.2718833635279883	0.0081507876765566
0.2719018040594509	0.0082322955533221
0.2719202460294866	0.0083146185088553
0.2719386894551897	0.0083977646939439
0.2719571343536822	0.0084817423408834
0.2719755804069791	0.0085665597642921
0.2719940276302701	0.0086522253619350
0.2720124760434738	0.0087387476155542
0.2720309256604428	0.0088261350917097
0.2720493764968342	0.0089143964426266
0.2720678285700101	0.0090035404070530
0.2720862818990634	0.0090935758111235
0.2721047365046646	0.0091845115692348
0.2721231924088702	0.0092763566849273
0.2721416496350633	0.0093691202517766
0.2721601082078804	0.0094628114542944
0.2721785681531251	0.0095574395688372
0.2721970294977823	0.0096530139645255
0.2722154922700093	0.0097495441041709
0.2722339564990870	0.0098470395452127
0.2722524222154575	0.0099455099406649
0.2722708894494733	0.0100449650400716
0.2722893582304642	0.0101454146904722
0.2723078285871470	0.0102468688373770
0.2723263005478173	0.0103493375257509
0.2723447739495993	0.0104528309010082
0.2723632484384714	0.0105573592100183
0.2723817246081356	0.0106629328021184
0.2724002024871723	0.0107695621301395
0.2724186821045061	0.0108772577514408
0.2724371634895905	0.0109860303289550
0.2724556466725865	0.0110958906322447
0.2724741316845282	0.0112068495385670
0.2724926185574361	0.0113189180339526
0.2725111073242627	0.0114321072142922
0.2725295980188732	0.0115464282864350
0.2725480906760546	0.0116618925692992
0.2725665853315543	0.0117785114949922
0.2725850820221306	0.0118962966099421
0.2726035807832859	0.0120152595760415
0.2726220816492291	0.0121354121718018
0.2726405846416789	0.0122567662935198
0.2726590897580284	0.0123793339564550
0.2726775969994262	0.0125031272960196
0.2726961063707944	0.0126281585689799
0.2727146178806448	0.0127544401546697
0.2727331315409149	0.0128819845562165
0.2727516473668277	0.0130108044017788
0.2727701653767917	0.0131409124457967
0.2727886855923353	0.0132723215702546
0.2728072080380696	0.0134050447859573
0.2728257327416799	0.0135390952338169
0.2728442585558158	0.0136744861861551
0.2728627800425780	0.0138112310480168
0.2728813040173238	0.0139493433584969
0.2728998305051984	0.0140888367920819
0.2729183595320747	0.0142297251600025
0.2729368911242165	0.0143720224116025
0.2729554253086268	0.0145157426357184
0.2729739621133899	0.0146609000620757
0.2729925015679912	0.0148075090626967
0.2730110437036159	0.0149555841533236
0.2730295885534351	0.0151051399948567
0.2730481361526768	0.0152561913948051
0.2730666862482664	0.0154087533087532
0.2730852385256493	0.0155628408418405
0.2731037930669458	0.0157184692502591
0.2731223499532828	0.0158756539427619
0.2731409092651485	0.0160344104821894
0.2731594710494901	0.0161947545870114
0.2731780353375652	0.0163567021328816
0.2731966021635678	0.0165202691542102
0.2732151715636520	0.0166854718457525
0.2732337435762089	0.0168523265642102
0.2732523182419743	0.0170208498298525
0.2732708956041628	0.0171910583281509
0.2732894757086308	0.0173629689114324
0.2733080586040661	0.0175365986005466
0.2733266443421900	0.0177119645865520
0.2733452329779580	0.0178890842324176
0.2733638245695247	0.0180679750747420
0.2733824191781570	0.0182486548254893
0.2734010168680009	0.0184311413737444
0.2734196177018873	0.0186154527874817
0.2734382217420996	0.0188016073153566
0.2734568290510887	0.0189896233885101
0.2734754396921463	0.0191795196223951
0.2734940537299131	0.0193713148186188
0.2735126712306250	0.0195650279668050
0.2735312922570754	0.0197606782464728
0.2735499168162884	0.0199582850289373
0.2735685449246113	0.0201578678792266
0.2735871766073589	0.0203594465580186
0.2736058118985436	0.0205630410235988
0.2736244508372634	0.0207686714338348
0.2736430934660189	0.0209763581481732
0.2736617398309736	0.0211861217296549
0.2736803899822390	0.0213979829469514
0.2736990439741903	0.0216119627764211
0.2737177018658096	0.0218280824041854
0.2737363637210337	0.0220463632282272
0.2737550289682854	0.0222668268605094
0.2737736974012234	0.0224894951291142
0.2737923691536183	0.0227143900804052
0.2738110443592591	0.0229415339812090
0.2738297231472635	0.0231709493210213
0.2738484056434438	0.0234026588142319
0.2738670919701280	0.0236366854023739
0.2738857821738933	0.0238730522563978
0.2739044763092950	0.0241117827789621
0.2739231744386519	0.0243529006067520
0.2739418766319531	0.0245964296128193
0.2739605829668553	0.0248423939089474
0.2739792935287411	0.0250908178480365
0.2739980084079496	0.0253417260265172
0.2740167276965662	0.0255951432867821
0.2740354514890629	0.0258510947196500
0.2740541798829889	0.0261096056668463
0.2740729129796581	0.0263707017235145
0.2740916388000822	0.0266344087407498
0.2741103662169082	0.0269007528281571
0.2741290988712670	0.0271697603564387
0.2741478368582449	0.0274414579600031
0.2741665802348944	0.0277158725396029
0.2741853290184565	0.0279930312649989
0.2742040832364241	0.0282729615776485
0.2742228429269125	0.0285556911934247
0.2742416081390760	0.0288412481053586
0.2742603789332809	0.0291296605864119
0.2742791544075062	0.0294209571922760
0.2742979343987327	0.0297151667641984
0.2743167190707623	0.0300123184318403
0.2743355085924733	0.0303124416161584
0.2743543031309765	0.0306155660323203
0.2743731028526947	0.0309217216926437
0.2743919079245989	0.0312309389095703
0.2744107185153562	0.0315432482986662
0.2744295347293458	0.0318586807816527
0.2744483566412486	0.0321772675894696
0.2744671843414118	0.0324990402653640
0.2744860179355089	0.0328240306680175
0.2745048575358402	0.0331522709746979
0.2745237032616946	0.0334837936844444
0.2745425552403380	0.0338186316212889
0.2745614136080470	0.0341568179375016
0.2745802785108816	0.0344983861168761
0.2745991480306881	0.0348433699780452
0.2746180237341638	0.0351918036778252
0.2746369063949043	0.0355437217146039
0.2746557960688725	0.0358991589317504
0.2746746919395519	0.0362581505210675
0.2746935934961526	0.0366207320262778
0.2747125009277666	0.0369869393465404
0.2747314144331486	0.0373568087400054
0.2747503342213621	0.0377303768274052
0.2747692605101941	0.0381076805956793
0.2747881935188694	0.0384887574016364
0.2748071334702167	0.0388736449756527
0.2748260785838801	0.0392623814254091
0.2748450098010087	0.0396550052396637
0.2748639489194742	0.0400515552920600
0.2748828960087609	0.0404520708449810
0.2749018511648195	0.0408565915534308
0.2749208145048658	0.0412651574689650
0.2749397861604059	0.0416778090436543
0.2749587662782256	0.0420945871340905
0.2749777550215237	0.0425155330054320
0.2749967525711160	0.0429406883354861
0.2750157590703062	0.0433700952188405
0.2750347727765792	0.0438037961710283
0.2750537940289702	0.0442418341327385
0.2750728230588316	0.0446842524740655
0.2750918600610091	0.0451310949988067
0.2751109052484500	0.0455824059487948
0.2751299588532901	0.0460382300082834
0.2751490211271860	0.0464986123083664
0.2751680923342233	0.0469635984314506
0.2751871727466929	0.0474332344157647
0.2752062626480251	0.0479075667599222
0.2752253623087985	0.0483866424275211
0.2752444718510990	0.0488705088517960
0.2752635914469358	0.0493592139403146
0.2752827212937923	0.0498528060797170
0.2753018616087626	0.0503513341405143
0.2753210103362172	0.0508548474819196
0.2753401678526859	0.0513633959567387
0.2753593345598558	0.0518770299163066
0.2753784892260173	0.0523958002154696
0.2753976447111157	0.0529197582176240
0.2754168108237980	0.0534489557998010
0.2754359877611637	0.0539834453577991
0.2754551757484153	0.0545232798113776
0.2754743750398369	0.0550685126094907
0.2754935859200344	0.0556191977355864
0.2755128087031392	0.0561753897129415
0.2755320437185217	0.0567371436100717
0.2755512913136240	0.0573045150461716
0.2755705516773582	0.0578775601966338
0.2755898211670979	0.0584563357985994
0.2756090977700826	0.0590408991565846
0.2756283854393546	0.0596313081481510
0.2756476846020136	0.0602276212296325
0.2756669957011703	0.0608298974419283
0.2756863191995436	0.0614381964163470
0.2757056555831333	0.0620525783805102
0.2757250051248419	0.0626731041643153
0.2757443681381626	0.0632998352059589
0.2757637449686964	0.0639328335580178
0.2757831359968585	0.0645721618935981
0.2758025166880318	0.0652178835125343
0.2758218952298395	0.0658700623476605
0.2758412865715854	0.0665287629711365
0.2758606913130759	0.0671940506008481
0.2758801099327441	0.0678659911068575
0.2758995428097280	0.0685446510179254
0.2759189903654566	0.0692300975281051
0.2759384530668257	0.0699223985033868
0.2759579314201194	0.0706216224884197
0.2759774259566759	0.0713278387133045
0.2759969371274298	0.0720411171004368
0.2760164652560838	0.0727615282714410
0.2760360074984373	0.0734891435541558
0.2760555642269855	0.0742240349896970
0.2760751360993305	0.0749662753395944
0.2760947237978175	0.0757159380929914
0.2761143280356200	0.0764730974739218
0.2761339493609795	0.0772378284486616
0.2761535720969007	0.0780102067331489
0.2761731793689055	0.0787903088004794
0.2761928058425404	0.0795782118884851
0.2762124520406466	0.0803739940073692
0.2762321166532500	0.0811777339474425
0.2762517946736475	0.0819895112869166
0.2762714868149492	0.0828094063997849
0.2762911972286829	0.0836375004637831
0.2763109265597135	0.0844738754684210
0.2763306755091199	0.0853186142231041
0.2763504448400229	0.0861718003653355
0.2763702353612392	0.0870335183689898
0.2763900475892124	0.0879038535526805
0.2764098787315010	0.0887828920882081
0.2764297286302642	0.0896707210090889
0.2764495982045289	0.0905674282191801
0.2764694372125648	0.0914731025013717
0.2764892912819061	0.0923878335263864
0.2765091681829419	0.0933117118616505
0.2765290685292611	0.0942448289802679
0.2765489930009171	0.0951872772700709
0.2765689423766815	0.0961391500427718
0.2765889136844482	0.0971005415431984
0.2766089067961328	0.0980715469586299
0.2766289228679628	0.0990522624282153
0.2766489627441379	0.1000427850524987
0.2766690273702241	0.1010432129030233
0.2766891177713424	0.1020536450320545
0.2767092350441507	0.1030741814823756
0.2767293432173910	0.1041049232971979
0.2767494373830647	0.1051459725301704
0.2767695537463251	0.1061974322554707
0.2767896958668626	0.1072594065780269
0.2768098649026773	0.1083320006438058
0.2768300620875535	0.1094153206502449
0.2768502886448812	0.1105094738567474
0.2768705454767781	0.1116145685953141
0.2768908315942408	0.1127307142812668
0.2769111442428488	0.1138580214240808
0.2769314849404859	0.1149966016383217
0.2769518552936330	0.1161465676547059
0.2769722083139977	0.1173080333312537
0.2769925623560922	0.1184811136645673
0.2770129501674802	0.1196659248012129
0.2770333730248103	0.1208625840492255
0.2770538267297938	0.1220712098897170
0.2770743118033485	0.1232919219886143
0.2770948296598125	0.1245248412084988
0.2771153817742425	0.1257700896205828
0.2771359685431037	0.1270277905167889
0.2771565813554746	0.1282980684219573
0.2771772281665705	0.1295810491061765
0.2771978217053022	0.1308768595972391
0.2772184501455760	0.1321856281932131
0.2772391154599667	0.1335074844751442
0.2772598194482729	0.1348425593198939
0.2772805640320404	0.1361909849130940
0.2773013506404157	0.1375528947622267
0.2773221744190422	0.1389284237098484
0.2773430360434808	0.1403177079469470
0.2773639377892324	0.1417208850264181
0.2773848490830818	0.1431380938766809
0.2774057344910737	0.1445694748154470
0.2774266662232731	0.1460151695635997
0.2774476436116198	0.1474753212592348
0.2774686625484525	0.1489500744718261
0.2774897105721764	0.1504395752165427
0.2775108040926241	0.1519439709687074
0.2775319459246030	0.1534634106783959
0.2775531381155280	0.1549980447851793
0.2775743173309457	0.1565480252330308
0.2775954897436000	0.1581135054853616
0.2776167111245455	0.1596946405402167
0.2776379838147587	0.1612915869456173
0.2776593104143660	0.1629045028150727
0.2776806933792780	0.1645335478432234
0.2777021254040334	0.1661788833216569
0.2777236093260438	0.1678406721548737
0.2777451054583991	0.1695190788764206
0.2777665684999977	0.1712142696651856
0.2777880796252764	0.1729264123618370
0.2778096516316117	0.1746556764854542
0.2778312786927390	0.1764022332503097
0.2778529640800754	0.1781662555828126
0.2778747113841822	0.1799479181386424
0.2778965240473840	0.1817473973200284
0.2779182854197633	0.1835648712932298
0.2779400860004971	0.1854005200061624
0.2779619495826640	0.1872545252062223
0.2779838801228203	0.1891270704582856
0.2780058816199262	0.1910183411628689
0.2780279437107785	0.1929285245744987
0.2780500592156243	0.1948578098202459
0.2780721330966749	0.1968063879184502
0.2780942388596717	0.1987744517976352
0.2781164217948675	0.2007621963156095
0.2781386856016796	0.2027698182787671
0.2781610218863506	0.2047975164615533
0.2781834339722791	0.2068454916261674
0.2782059066466498	0.2089139465424303
0.2782283126871827	0.2110030860078536
0.2782508053616337	0.2131131168679341
0.2782733550594451	0.2152442480366151
0.2782959879170670	0.2173966905169822
0.2783187096944656	0.2195706574221523
0.2783415252625782	0.2217663639963761
0.2783642620596058	0.2239840276363415
0.2783870743274531	0.2262238679127032
0.2784099793222032	0.2284861065918293
0.2784329833021998	0.2307709676577450
0.2784560918063197	0.2330786773343208
0.2784792663825356	0.2354094641076651
0.2785023379735906	0.2377635587487431
0.2785255130750482	0.2401411943362281
0.2785487985046452	0.2425426062795881
0.2785721961632927	0.2449680323423837
0.2785956977672065	0.2474177126658054
0.2786192227787748	0.2498918897924652
0.2786427337270412	0.2523908086903910
0.2786663513080871	0.2549147167772943
0.2786900680075149	0.2574638639450663
0.2787139026491841	0.2600385025845164
0.2787378401444383	0.2626388876103588
0.2787616923710141	0.2652652764864629
0.2787856824758259	0.2679179292513265
0.2788097982034184	0.2705971085438378
0.2788340494741288	0.2733030796292748
0.2788583948243583	0.2760361104255672
0.2788826329628395	0.2787964715298251
0.2789070130146039	0.2815844362451238
0.2789315373177326	0.2844002806075774
0.2789562173463155	0.2872442834136539
0.2789810000808445	0.2901167262477899
0.2790057149944347	0.2930178935102707
0.2790305382891172	0.2959480724453742
0.2790555283464119	0.2989075531698307
0.2790806937800529	0.3018966287015278
0.2791058645766785	0.3049155949885411
0.2791310686665640	0.3079647509384242
0.2791564544641775	0.3110443984478066
0.2791820016769210	0.3141548424322855
0.2792076851960900	0.3172963908566059
0.2792332548737000	0.3204693547651729
0.2792590223432470	0.3236740483128221
0.2792850024711730	0.3269107887959491
0.2793111799237705	0.3301798966839062
0.2793372563994099	0.3334816956507455
0.2793634486320299	0.3368165126072511
0.2793898736669666	0.3401846777333222
0.2794165158090260	0.3435865245106549
0.2794431570594958	0.3470223897557638
0.2794698730358132	0.3504926136533209
0.2794967937280585	0.3539975397898560
0.2795239525029443	0.3575375151877559
0.2795511173626376	0.3611128903396333
0.2795783873116361	0.3647240192430296
0.2796059319379881	0.3683712594354601
0.2796336699928781	0.3720549720298171
0.2796613654254912	0.3757755217501189
0.2796892395582647	0.3795332769676208
0.2797174237137359	0.3833286097372933
0.2797458687693004	0.3871618958346685
0.2797741039803753	0.3910335147930131
0.2798026639911559	0.3949438499409445
0.2798315594656566	0.3988932884403522
0.2798606076627796	0.4028822213247564
0.2798895838402534	0.4069110435380064
0.2799189228819814	0.4109801539733877
0.2799486251852655	0.4150899555131207
0.2799782488390539	0.4192408550682557
0.2800080961981459	0.4234332636189376
0.2800383273262680	0.4276675962551242
0.2800687196637551	0.4319442722176786
0.2800991750414998	0.4362637149398539
0.2801299952369216	0.4406263520892547
0.2801611875890245	0.4450326156101435
0.2801922437093785	0.4494829417662469
0.2802237695099627	0.4539777711839085
0.2802556867385914	0.4585175488957466
0.2802875285095729	0.4631027243847051
0.2803197529625619	0.4677337516285519
0.2803524768258865	0.4724110891448368
0.2803851879435368	0.4771352000362882
0.2804182023391275	0.4819065520366544
0.2804517951009811	0.4867256175570251
0.2804854376525678	0.4915928737325940
0.2805193160588691	0.4965088024699202
0.2805538380339080	0.5014738904946190
0.2805884933566611	0.5064886293995676
0.2806233281911480	0.5115535156935656
0.2806589120022882	0.5166690508505000
0.2806946189347699	0.5218357413590051
0.2807305391577528	0.5270540987725987
0.2807673135122822	0.5323246397603216
0.2808041148902553	0.5376478861579259
0.2808412866293329	0.5430243650195077
0.2808793741710220	0.5484546086697007
0.2809173167558482	0.5539391547563940
0.2809559224187425	0.5594785463039599
0.2809955102908128	0.5650733317669964
0.2810346721913600	0.5707240650846671
0.2810749512290959	0.5764313057355154
0.2811158479085615	0.5821956187928741
0.2811567173368106	0.5880175749808060
0.2811988856001989	0.5938977507306181
0.2812411303600121	0.5998367282379253
0.2812840563939728	0.6058350955203049
0.2813281839011803	0.6118934464755065
0.2813720963649390	0.6180123809402617
0.2814173315575587	0.6241925047496628
0.2814632549169968	0.6304344297971621
0.2815096256018530	0.6367387740951331
0.2815573652253524	0.6431061618360878
0.2816053696525039	0.6495372234544491
0.2816543589782465	0.6560325956889912
0.2817048263449018	0.6625929216458839
0.2817553793255887	0.6692188508623402
0.2818080172199814	0.6759110393709655
0.2818605911090220	0.6826701497646721
0.2819151048280907	0.6894968512623207
0.2819706677574774	0.6963918197749466
0.2820271311503457	0.7033557379726951
0.2820858506183218	0.7103892953524189
0.2821446280874902	0.7174931883059402
0.2822058722181628	0.7246681201890025
0.2822683542338646	0.7319148013908935
0.2823324795784736	0.7392339494048040
0.2823991391746817	0.7466262888988515
0.2824667564571643	0.7540925517878386
0.2825376310380694	0.7616334773057187
0.2826088943129000	0.7692498120787744
0.2826846355176572	0.7769423101995625
0.2827613594740200	0.7847117333015590
0.2828415568760825	0.7925588506345774
0.2829253143122818	0.8004844391409214
0.2830108199427125	0.8084892835323331
0.2831028477812661	0.8165741763676556
0.2831953188456156	0.8247399181313344
0.2832955685472595	0.8329873173126497
0.2833967776624034	0.8413171904857757
0.2835079847232538	0.8497303623906333
0.2836213134944676	0.8582276660145415
0.2837444737436672	0.8668099426746867
0.2838739842236292	0.8754780421014348
0.2840144915031164	0.8842328225224496
0.2841655738039963	0.8930751507476736
0.2843276643302668	0.9020059022551520
0.2845108582602979	0.9110259612777044
0.2847025283049159	0.9201362208904825
0.2849236547702302	0.9293375830993865
0.2851628316075017	0.9386309589303800
0.2854322492514162	0.9565560093687825
0.2854361776414360	0.9468060103496497
0.2856540169050468	0.9538896458865308
0.2859872323742071	0.9625344168775510
0.2860082070798933	0.9594153820244532
0.2862192042179826	0.9709378701092664
0.2862470696798892	0.9663164060380576
0.2865372773987642	0.9779175481691195
0.2867644610157459	0.9834901045562815
0.2870250139157288	0.9746748615700002
0.2874334788396453	0.9802419021275168
0.2879596983806866	0.9868591910505687
0.2884898962730101	0.9899848545696187
0.2886708805357382	0.9943132435777364
0.2899209192051694	0.9954946076341943
0.2906480068023770	0.9968925071629960
0.2909372159060996	0.9977910399358072
0.2946928131458899	0.9990374713986934
0.2958846710660741	0.9995460694291440
0.3000386468713715	0.9998683341655733
0.3029166238283475	0.9999489465058119
0.3050107921689719	0.9999641092559797
0.3144336141511544	0.9999890184290054
0.3167254928916386	0.9999954198890507
0.3229383757408657	0.9999986936911840
0.3269855139406105	0.9999994207453421
0.3331926080571783	0.9999998319220088
0.3361583289850295	0.9999999239414524
0.3424260198125070	0.9999999777861864
0.3451277956116124	0.9999999898722804
0.3517127507973495	0.9999999970043598
0.3542168075254772	0.9999999986240227
0.3607381943656178	0.9999999995887264
0.3630798942120422	0.9999999998109030
0.3697359797961633	0.9999999999432462
0.3722088716249680	0.9999999999739407
0.3789520048494988	0.9999999999921751
0.3816014668470118	0.9999999999964126
0.3883604819115932	0.9999999999989240
0.3911410668246466	0.9999999999995073
0.3978831752180869	0.9999999999998522
0.4007232788500966	0.9999999999999323
0.4072633529007801	1.0000000000001399
0.4082625712972588	1.0000000000001716
0.4239102827054847	1.0000000000001859
0.4246809249073198	1.0000000000001887
0.4255596728994367	1.0000000000002527
0.4257114275627311	1.0000000000002607
0.4416612122437689	1.0000000000002851
0.4616667637873814	1.0000000000002904
0.4758718921202137	1.0000000000002915
0.4874307106424871	1.0000000000002918
0.4899307106472791	1.0000000000002918
2.0118818114098311	0.9800000000002860
2.0118818114098311	0.9999977227110705
2.0118818331241295	0.9999974530459707
4.5906279735335040	0.9999995776451134
8.3048072301874960	0.9999997411769936
8.7780057799432960	0.9999997623148068
8.8135470105538456	0.9999998696727965
8.8141736153119350	0.9999998835498536
