0.0000000000000000	0.0000000000000000
0.2550166610185511	0.0000300000000000
0.2552406095762659	0.0000105674657427
0.2554326073228319	0.0000172043439042
0.2562078717898202	0.0000161917822957
0.2563922729597536	0.0000252909063540
0.2569759173524092	0.0000193657537479
0.2574946356348071	0.0000339338772111
0.2575246795356871	0.0000298303482149
0.2579998043957430	0.0000442079234956
0.2580132710340746	0.0000382003353497
0.2583434982268527	0.0000466873831239
0.2587537950820971	0.0000566873831239
0.2587609120217263	0.0000541459776635
0.2589778835219693	0.0000623959433188
0.2592503958072156	0.0000723959433188
0.2595312980177906	0.0000822309168930
0.2597744310511362	0.0000922309168930
0.2600106678060459	0.0001022309168930
0.2602052284093853	0.0001122309168930
0.2603864733935305	0.0001222309168930
0.2605423718755120	0.0001322309168930
0.2606870587036030	0.0001422309168930
0.2608213049920745	0.0001522309168930
0.2609489066074254	0.0001622309168930
0.2610658979360684	0.0001722309168930
0.2611768324182064	0.0001822309168930
0.2612807460712088	0.0001922309168930
0.2613800077776029	0.0002022309168930
0.2614733904440155	0.0002122309168930
0.2615620754528156	0.0002222309168930
0.2616469856221026	0.0002322309168930
0.2617276610285400	0.0002422309168930
0.2618053355415522	0.0002522309168930
0.2618790333914066	0.0002622309168930
0.2619508374914216	0.0002722309168930
0.2620189269346328	0.0002822309168930
0.2620856816410952	0.0002922309168930
0.2621488792264614	0.0003022309168930
0.2622112250358777	0.0003122309168930
0.2622701616940828	0.0003222309168930
0.2623286521617753	0.0003322309168930
0.2623838920139004	0.0003422309168930
0.2624388161488284	0.0003522309168930
0.2624909747260735	0.0003622309168930
0.2625427101864632	0.0003722309168930
0.2625921555616330	0.0003822309168930
0.2626410000607003	0.0003922309168930
0.2626879103916588	0.0004022309168930
0.2627341961815526	0.0004122309168930
0.2627789193709391	0.0004222309168930
0.2628229031620216	0.0004322309168930
0.2628656321438574	0.0004422309168930
0.2629075875921085	0.0004522309168930
0.2629484825892415	0.0004622309168930
0.2629885182179422	0.0004722309168930
0.2630277366367667	0.0004822309168930
0.2630660866142376	0.0004922309168930
0.2631037528922783	0.0005022309168930
0.2631404938093356	0.0005122309168930
0.2631767307913017	0.0005222309168930
0.2632120554591842	0.0005322309168930
0.2632469250942643	0.0005422309168930
0.2632807906786063	0.0005522309168930
0.2633143957731987	0.0005622309168930
0.2633470701465155	0.0005722309168930
0.2633795687168953	0.0005822309168930
0.2634110824388604	0.0005922309168930
0.2634424137105576	0.0006022309168930
0.2634728440150647	0.0006122309168930
0.2635032136186349	0.0006222309168930
0.2635326039917003	0.0006322309168930
0.2635619709872262	0.0006422309168930
0.2635905228241925	0.0006522309168930
0.2636189067169149	0.0006622309168930
0.2636466587728373	0.0006722309168930
0.2636741584562201	0.0006822309168930
0.2637011218786350	0.0006922309168930
0.2637278105002274	0.0007022309168930
0.2637540028473487	0.0007122309168930
0.2637799783560247	0.0007222309168930
0.2638054216686546	0.0007322309168930
0.2638306418828369	0.0007422309168930
0.2638554839820318	0.0007522309168930
0.2638799425962643	0.0007622309168930
0.2639041980561395	0.0007722309168930
0.2639280405460221	0.0007822309168930
0.2639516104132126	0.0007922309168930
0.2639748454009245	0.0008022309168930
0.2639979480220907	0.0008122309168930
0.2640205415723487	0.0008222309168930
0.2640430081704050	0.0008322309168930
0.2640650866995993	0.0008422309168930
0.2640870977205373	0.0008522309168930
0.2641086928150220	0.0008622309168930
0.2641301271642795	0.0008722309168931
0.2641511370869094	0.0008822309168931
0.2641721247145369	0.0008922309168931
0.2641926945306580	0.0009022309168931
0.2642132217071307	0.0009122309168931
0.2642333728612982	0.0009222309168930
0.2642534537622760	0.0009322309168930
0.2642731937670234	0.0009422309168930
0.2642928062297585	0.0009522309168930
0.2643121074237093	0.0009622309168930
0.2643312932928952	0.0009722309168930
0.2643502198870966	0.0009822309168930
0.2643690070607549	0.0009922309168930
0.2643875706882118	0.0010022309168930
0.2644059804346437	0.0010122532260620
0.2644242344582343	0.0010223757583226
0.2644424936383551	0.0010325995159058
0.2644607716582111	0.0010429255110649
0.2644790263002195	0.0010533547661755
0.2644973334716707	0.0010638883138373
0.2645155707474570	0.0010745271969757
0.2645339123459847	0.0010852724689454
0.2645521368766683	0.0010961251936349
0.2645704659827613	0.0011070864455712
0.2645887182106442	0.0011181573100269
0.2646070230257099	0.0011293388831272
0.2646253250018510	0.0011406322719585
0.2646435968656516	0.0011520385946781
0.2646619530505754	0.0011635589806249
0.2646801975802970	0.0011751945704311
0.2646985176877593	0.0011869465161354
0.2647168231443817	0.0011988159812967
0.2647351094440426	0.0012108041411097
0.2647534592705523	0.0012229121825208
0.2647717313044705	0.0012351413043460
0.2647900430141229	0.0012474927173895
0.2648083913832766	0.0012599676445634
0.2648266632891699	0.0012725673210090
0.2648449876138010	0.0012852929942191
0.2648633273982794	0.0012981459241613
0.2648816110000100	0.0013111273834029
0.2648999383085852	0.0013242386572369
0.2649182847535752	0.0013374810438093
0.2649365716396387	0.0013508558542473
0.2649548949479062	0.0013643644127898
0.2649732498064290	0.0013780080569177
0.2649915466312184	0.0013917881374869
0.2650098611851823	0.0014057060188618
0.2650282024071210	0.0014197630790504
0.2650465407679610	0.0014339607098409
0.2650648438176818	0.0014483003169393
0.2650831695896745	0.0014627833201087
0.2651015144456501	0.0014774111533097
0.2651198520760466	0.0014921852648428
0.2651381620346855	0.0015071071174913
0.2651564880113474	0.0015221781886662
0.2651748288710518	0.0015373999705529
0.2651931809977517	0.0015527739702584
0.2652115007262451	0.0015683017099610
0.2652298225184848	0.0015839847270606
0.2652481539548717	0.0015998245743312
0.2652664951244816	0.0016158228200745
0.2652848425151278	0.0016319810482753
0.2653031869141564	0.0016483008587580
0.2653215102394321	0.0016647838673456
0.2653398392360906	0.0016814317060191
0.2653581749047076	0.0016982460230793
0.2653765138768195	0.0017152284833101
0.2653948573946616	0.0017323807681432
0.2654132026141861	0.0017497045758246
0.2654315505426463	0.0017672016215829
0.2654498989849007	0.0017848736377987
0.2654682324734470	0.0018027223741767
0.2654865688471624	0.0018207495979185
0.2655049068552225	0.0018389570938976
0.2655232470779518	0.0018573466648366
0.2655415883303498	0.0018759201314850
0.2655599310977956	0.0018946793327998
0.2655782745487478	0.0019136261261278
0.2655966189824635	0.0019327623873891
0.2656149639922434	0.0019520900112630
0.2656333091555215	0.0019716109113756
0.2656516539727171	0.0019913270204894
0.2656699984836944	0.0020112402906943
0.2656883429397827	0.0020313526936013
0.2657066870891441	0.0020516662205373
0.2657250315076998	0.0020721828827427
0.2657433754847552	0.0020929047115701
0.2657617200943993	0.0021138337586858
0.2657800641507038	0.0021349720962727
0.2657984086593679	0.0021563218172354
0.2658167530091113	0.0021778850354077
0.2658350975882975	0.0021996638857618
0.2658534425027610	0.0022216605246194
0.2658717873564323	0.0022438771298656
0.2658901329549472	0.0022663159011643
0.2659084783435159	0.0022889790601759
0.2659268241333070	0.0023118688507776
0.2659451703342098	0.0023349875392854
0.2659635166088962	0.0023583374146783
0.2659818635612455	0.0023819207888251
0.2660002106264022	0.0024057399967133
0.2660185580076686	0.0024297973966804
0.2660369062044599	0.0024540953706472
0.2660552543684507	0.0024786363243537
0.2660736029661704	0.0025034226875972
0.2660919523370537	0.0025284569144732
0.2661103017587658	0.0025537414836180
0.2661286516414750	0.0025792788984541
0.2661470023343803	0.0026050716874386
0.2661653531432034	0.0026311224043130
0.2661837043731732	0.0026574336283561
0.2662020563213552	0.0026840079646397
0.2662204086625910	0.0027108480442861
0.2662387613398950	0.0027379565247290
0.2662571146101625	0.0027653360899763
0.2662754686713198	0.0027929894508760
0.2662938229516822	0.0028209193453847
0.2663121776783340	0.0028491285388386
0.2663305330241503	0.0028776198242270
0.2663488891476994	0.0029063960224693
0.2663672455784197	0.0029354599826940
0.2663856024510182	0.0029648145825209
0.2664039599116954	0.0029944627283461
0.2664223180582249	0.0030244073556296
0.2664406768461779	0.0030546514291858
0.2664590351445706	0.0030851979434777
0.2664773930916943	0.0031160499229124
0.2664957516671007	0.0031472104221415
0.2665141109248481	0.0031786825263629
0.2665324709256022	0.0032104693516266
0.2665508315537073	0.0032425740451429
0.2665691926790064	0.0032749997855943
0.2665875543689366	0.0033077497834503
0.2666059166624050	0.0033408272812848
0.2666242796013041	0.0033742355540977
0.2666426432067963	0.0034079779096387
0.2666610075030337	0.0034420576887350
0.2666793724987515	0.0034764782656224
0.2666977382041643	0.0035112430482786
0.2667161046201230	0.0035463554787614
0.2667344716431993	0.0035818190335491
0.2667528392793549	0.0036176372238846
0.2667712075383451	0.0036538135961234
0.2667895764291546	0.0036903517320847
0.2668079459594174	0.0037272552494055
0.2668263161353841	0.0037645278018995
0.2668446869647788	0.0038021730799185
0.2668630584413909	0.0038401948107177
0.2668814305618188	0.0038785967588249
0.2668998033188953	0.0039173827264131
0.2669181767127897	0.0039565565536772
0.2669365507365691	0.0039961221192140
0.2669549253943955	0.0040360833404062
0.2669733006794704	0.0040764441738103
0.2669916765962580	0.0041172086155484
0.2670100531417008	0.0041583807017038
0.2670284303192719	0.0041999645087208
0.2670468081312843	0.0042419641538081
0.2670651865796557	0.0042843837953462
0.2670835656723502	0.0043272276332997
0.2671019454096150	0.0043704999096326
0.2671203257999452	0.0044142049087290
0.2671387068474507	0.0044583469578163
0.2671570885584496	0.0045029304273945
0.2671754709439459	0.0045479597316684
0.2671938540078267	0.0045934393289852
0.2672122377604526	0.0046393737222750
0.2672306222110757	0.0046857674594978
0.2672490072165774	0.0047326251340928
0.2672673927552285	0.0047799513854337
0.2672857788474003	0.0048277508992880
0.2673041655133551	0.0048760284082809
0.2673225527767237	0.0049247886923638
0.2673409406559341	0.0049740365792874
0.2673593291698252	0.0050237769450802
0.2673777183401033	0.0050740147145310
0.2673961081851384	0.0051247548616763
0.2674144987222218	0.0051760024102931
0.2674328899711605	0.0052277624343960
0.2674512819520668	0.0052800400587399
0.2674696746806894	0.0053328404593273
0.2674880681750874	0.0053861688639206
0.2675064624553967	0.0054400305525599
0.2675248575395093	0.0054944308580855
0.2675432534438619	0.0055493751666664
0.2675616501869371	0.0056048689183331
0.2675800477885398	0.0056609176075164
0.2675984462673786	0.0057175267835915
0.2676168456388996	0.0057747020514274
0.2676352459186801	0.0058324490719417
0.2676536471225502	0.0058907735626612
0.2676720492662478	0.0059496812982878
0.2676904523631151	0.0060091781112707
0.2677088564250781	0.0060692698923835
0.2677272614645004	0.0061299625913074
0.2677456674942474	0.0061912622172205
0.2677640745274795	0.0062531748393927
0.2677824825777159	0.0063157065877866
0.2678008916576503	0.0063788636536645
0.2678193017789063	0.0064426522902012
0.2678377129539023	0.0065070788131033
0.2678561251957399	0.0065721496012342
0.2678745385182073	0.0066378710972465
0.2678929529357106	0.0067042498082189
0.2679113684631637	0.0067712923063012
0.2679297851158903	0.0068390052293642
0.2679482029095517	0.0069073952816577
0.2679666218601322	0.0069764692344743
0.2679850419838959	0.0070462339268191
0.2680034632974302	0.0071166962660873
0.2680218858005282	0.0071878632287481
0.2680403094897642	0.0072597418610355
0.2680587343645580	0.0073323392796459
0.2680771604269448	0.0074056626724424
0.2680955876813446	0.0074797192991668
0.2681140161343217	0.0075545164921585
0.2681324457945620	0.0076300616570802
0.2681508766718551	0.0077063622736508
0.2681693087762398	0.0077834258963874
0.2681877421180889	0.0078612601553512
0.2682061767082234	0.0079398727569047
0.2682246125579199	0.0080192714844737
0.2682430496789881	0.0080994641993185
0.2682614880838026	0.0081804588413117
0.2682799277854139	0.0082622634297247
0.2682983687975253	0.0083448860640219
0.2683168111346351	0.0084283349246620
0.2683352548120515	0.0085126182739086
0.2683536998459744	0.0085977444566476
0.2683721462535826	0.0086837219012141
0.2683905940530229	0.0087705591202263
0.2684090432635268	0.0088582647114287
0.2684274939053763	0.0089468473585430
0.2684459459998064	0.0090363158321286
0.2684643995689973	0.0091266789904497
0.2684828546359753	0.0092179457803542
0.2685013112246206	0.0093101252381576
0.2685197693597031	0.0094032264905393
0.2685382290668178	0.0094972587554448
0.2685566903720260	0.0095922313429991
0.2685751533001613	0.0096881536564290
0.2685936178751534	0.0097850351929933
0.2686120841204093	0.0098828855449233
0.2686305520591605	0.0099817144003725
0.2686490217146809	0.0100815315443763
0.2686674931103671	0.0101823468598201
0.2686859662698626	0.0102841703284184
0.2687044412171797	0.0103870120317024
0.2687229179767685	0.0104908821520195
0.2687413965736700	0.0105957909735397
0.2687598770263063	0.0107017488832751
0.2687783593287683	0.0108087663721080
0.2687968431994684	0.0109168540358291
0.2688153283873789	0.0110260225761873
0.2688338154257506	0.0111362828019492
0.2688523043259118	0.0112476456299686
0.2688707951026298	0.0113601220862683
0.2688892873971848	0.0114737233071308
0.2689077811628297	0.0115884605402020
0.2689262764495153	0.0117043451456039
0.2689447733052094	0.0118213885970598
0.2689632717762179	0.0119396024830305
0.2689817719076035	0.0120589985078608
0.2690002737435799	0.0121795884929394
0.2690187773278844	0.0123013843778687
0.2690372827041231	0.0124243982216474
0.2690557899160844	0.0125486422038639
0.2690742990078134	0.0126741286259024
0.2690928100236958	0.0128008699121613
0.2691113230060713	0.0129288786112830
0.2691298379983815	0.0130581673973960
0.2691483550469104	0.0131887490713699
0.2691668741988074	0.0133206365620837
0.2691853955022386	0.0134538429277046
0.2692039190065458	0.0135883813569815
0.2692224447604560	0.0137242651705513
0.2692409728110401	0.0138615078222567
0.2692595032041313	0.0140001229004793
0.2692780359847374	0.0141401241294840
0.2692965711974322	0.0142815253707791
0.2693151088676820	0.0144243406244869
0.2693336489978758	0.0145685840307316
0.2693521915955882	0.0147142698710390
0.2693707366734740	0.0148614125697496
0.2693892842491854	0.0150100266954469
0.2694078343451076	0.0151601269624012
0.2694263869880660	0.0153117282320254
0.2694449422091021	0.0154648455143457
0.2694635000433130	0.0156194939694891
0.2694820605293645	0.0157756889091839
0.2695006196110817	0.0159334457982758
0.2695191764571498	0.0160927802562584
0.2695377362215086	0.0162537080588210
0.2695562989318320	0.0164162451394090
0.2695748646181850	0.0165804075908029
0.2695934333131088	0.0167462116667109
0.2696120050517503	0.0169136737833779
0.2696305798720162	0.0170828105212118
0.2696491578147385	0.0172536386264240
0.2696677389238559	0.0174261750126884
0.2696863232466126	0.0176004367628151
0.2697049108335507	0.0177764411304434
0.2697235017374384	0.0179542055417480
0.2697420960070963	0.0181337475971656
0.2697606933597589	0.0183150850731374
0.2697792933487935	0.0184982359238690
0.2697978960270691	0.0186832182831079
0.2698165014498801	0.0188700504659388
0.2698351096752816	0.0190587509705981
0.2698537207644308	0.0192493384803038
0.2698723347818307	0.0194418318651071
0.2698909517952790	0.0196362501837582
0.2699095718758882	0.0198326126855958
0.2699281950981717	0.0200309388124516
0.2699468215401823	0.0202312482005764
0.2699654512806178	0.0204335606825824
0.2699840843973835	0.0206378962894079
0.2700027209684773	0.0208442752523023
0.2700213610724641	0.0210527180048254
0.2700400047889840	0.0212632451848738
0.2700586521992725	0.0214758776367226
0.2700773033866760	0.0216906364130895
0.2700959584371675	0.0219075427772204
0.2701146173889630	0.0221266182049926
0.2701332802669447	0.0223478843870422
0.2701519471066456	0.0225713632309124
0.2701706179484885	0.0227970768632217
0.2701892928377158	0.0230250476318538
0.2702079718248145	0.0232552981081723
0.2702266549659528	0.0234878510892540
0.2702453423234071	0.0237227296001464
0.2702640339655158	0.0239599568961481
0.2702827299667113	0.0241995564651093
0.2703014304076335	0.0244415520297605
0.2703201353746766	0.0246859675500583
0.2703388449545491	0.0249328272255590
0.2703575586267877	0.0251821554978148
0.2703762760270593	0.0254339770527931
0.2703949973150880	0.0256883168233209
0.2704137226401223	0.0259451999915542
0.2704324520737797	0.0262046519914702
0.2704511856963209	0.0264666985113849
0.2704699235967659	0.0267313654964984
0.2704886658730534	0.0269986791514633
0.2705074126317373	0.0272686659429783
0.2705261639811273	0.0275413526024084
0.2705449200318926	0.0278167661284325
0.2705636808980280	0.0280949337897172
0.2705824466977872	0.0283758831276144
0.2706012170031823	0.0286596419588908
0.2706199762129938	0.0289462383784799
0.2706387409704236	0.0292357007622644
0.2706575113861784	0.0295280577698874
0.2706762875759580	0.0298233383475865
0.2706950695936338	0.0301215717310619
0.2707138574676855	0.0304227874483724
0.2707326512396521	0.0307270153228561
0.2707514509642132	0.0310342854760847
0.2707702567090985	0.0313446283308458
0.2707890685551325	0.0316580746141538
0.2708078865963771	0.0319746553602954
0.2708267104306202	0.0322944019138987
0.2708455392703152	0.0326173459330380
0.2708643733182725	0.0329435193923688
0.2708832127762270	0.0332729545862928
0.2709020578464171	0.0336056841321557
0.2709209087331352	0.0339417409734774
0.2709397655632172	0.0342811583832122
0.2709586284393138	0.0346239699670449
0.2709774974809614	0.0349702096667153
0.2709963709739572	0.0353199117633825
0.2710152499824147	0.0356731108810167
0.2710341355407939	0.0360298419898265
0.2710530278056854	0.0363901404097250
0.2710719269440600	0.0367540418138219
0.2710908331338165	0.0371215822319604
0.2711097465595444	0.0374927980542802
0.2711286674084680	0.0378677260348233
0.2711475957465980	0.0382464032951710
0.2711665316584262	0.0386288673281229
0.2711854752476562	0.0390151560014042
0.2712044251693628	0.0394053075614180
0.2712233814055572	0.0397993606370320
0.2712423442050785	0.0401973542434022
0.2712613138216940	0.0405993277858359
0.2712802905113955	0.0410053210636943
0.2712992745342567	0.0414153742743312
0.2713182431606374	0.0418295280170741
0.2713372184158968	0.0422478232972449
0.2713562019925201	0.0426703015302169
0.2713751939949158	0.0430970045455187
0.2713941945555832	0.0435279745909739
0.2714132038220855	0.0439632543368842
0.2714322219583228	0.0444028868802534
0.2714512491458703	0.0448469157490561
0.2714702855854108	0.0452953849065469
0.2714893314970488	0.0457483387556120
0.2715083871118775	0.0462058221431682
0.2715274513917352	0.0466678803646005
0.2715465236939417	0.0471345591682461
0.2715656042485702	0.0476059047599287
0.2715846933044901	0.0480819638075276
0.2716037911305052	0.0485627834456026
0.2716228980159855	0.0490484112800587
0.2716420142627802	0.0495388953928596
0.2716611401815988	0.0500342843467886
0.2716802760951774	0.0505346271902569
0.2716994222916445	0.0510399734621593
0.2717185789410683	0.0515503731967814
0.2717377462495802	0.0520658769287492
0.2717569244470934	0.0525865356980366
0.2717761137854597	0.0531124010550173
0.2717953135332293	0.0536435250655679
0.2718145225613289	0.0541799603162242
0.2718337124702163	0.0547217599193867
0.2718529096472829	0.0552689775185805
0.2718721176952282	0.0558216672937656
0.2718913369050309	0.0563798839667035
0.2719105675273509	0.0569436828063711
0.2719298098424365	0.0575131196344353
0.2719490641614857	0.0580882508307802
0.2719683308283997	0.0586691333390882
0.2719876065809496	0.0592558246724799
0.2720068940859049	0.0598483829192055
0.2720261948740548	0.0604468667483970
0.2720455090637526	0.0610513354158802
0.2720648342191909	0.0616618487700385
0.2720841707924031	0.0622784672577383
0.2721035192615825	0.0629012519303150
0.2721228801202528	0.0635302644496181
0.2721422538811300	0.0641655670941144
0.2721616410801558	0.0648072227650550
0.2721810420320870	0.0654552949927063
0.2722004570937924	0.0661098479426328
0.2722198866550887	0.0667709464220597
0.2722393081936197	0.0674386558862811
0.2722587256911329	0.0681130424451435
0.2722781594791062	0.0687941728695946
0.2722976066983491	0.0694821145982897
0.2723170679161024	0.0701769357442736
0.2723365436167050	0.0708787051017169
0.2723560342429271	0.0715874921527345
0.2723755402805216	0.0723033670742612
0.2723950622617295	0.0730264007450045
0.2724146007589694	0.0737566647524549
0.2724341563706960	0.0744942313999793
0.2724537294914660	0.0752391737139800
0.2724733205139301	0.0759915654511197
0.2724929263401814	0.0767514811056315
0.2725125475474131	0.0775189959166873
0.2725321848731905	0.0782941858758537
0.2725518390812757	0.0790771277346112
0.2725715109021618	0.0798678990119576
0.2725911584395737	0.0806665780020777
0.2726108163768203	0.0814732437820976
0.2726304918356170	0.0822879762199183
0.2726501827371186	0.0831108559821171
0.2726698944871561	0.0839419645419391
0.2726896240397561	0.0847813841873582
0.2727093717507009	0.0856291980292317
0.2727291382971640	0.0864854900095232
0.2727489243794030	0.0873503449096185
0.2727687307512859	0.0882238483587153
0.2727885582258193	0.0891060868423034
0.2728084076815693	0.0899971477107268
0.2728282797332265	0.0908971191878344
0.2728481728811631	0.0918060903797130
0.2728680854911968	0.0927241512835099
0.2728879702578304	0.0936513927963463
0.2729078661520008	0.0945879067243095
0.2729277847732515	0.0955337857915526
0.2729477271434899	0.0964891236494693
0.2729676939447772	0.0974540148859629
0.2729876859230581	0.0984285550348235
0.2730077039219516	0.0994128405851721
0.2730277451439971	0.1004069689910227
0.2730478092099848	0.1014110386809339
0.2730678973001803	0.1024251490677441
0.2730880103152629	0.1034494005584227
0.2731081492848078	0.1044838945640056
0.2731283090554796	0.1055287335096455
0.2731484429805549	0.1065840208447405
0.2731685847641829	0.1076498610531867
0.2731887543580462	0.1087263596637172
0.2732089498663096	0.1098136232603545
0.2732291724576969	0.1109117594929589
0.2732494234127446	0.1120208770878894
0.2732697040829363	0.1131410858587692
0.2732900156481548	0.1142724967173562
0.2733103591251043	0.1154152216845293
0.2733307313593033	0.1165693739013751
0.2733511318796493	0.1177350676403874
0.2733715583854636	0.1189124183167913
0.2733919397584785	0.1201015424999577
0.2734123543853147	0.1213025579249579
0.2734328034172401	0.1225155835042084
0.2734532881720903	0.1237407393392517
0.2734738077050167	0.1249781467326439
0.2734943589390648	0.1262279281999697
0.2735149426177077	0.1274902074819709
0.2735355496156532	0.1287651095567915
0.2735561930800570	0.1300527606523602
0.2735768747761494	0.1313532882588842
0.2735975355894883	0.1326668211414730
0.2736182013974295	0.1339934893528872
0.2736389032143023	0.1353334242464156
0.2736596427765363	0.1366867584888811
0.2736804219912638	0.1380536260737691
0.2737012428996108	0.1394341623345063
0.2737221071832328	0.1408285039578514
0.2737430114801281	0.1422367889974313
0.2737639546878888	0.1436591568874038
0.2737849294668928	0.1450957484562791
0.2738058538119323	0.1465467059408428
0.2738268241555993	0.1480121730002502
0.2738478419124891	0.1494922947302521
0.2738688920374825	0.1509872176775561
0.2738899847727672	0.1524970898543318
0.2739111228576984	0.1540220607528751
0.2739323087488986	0.1555622813604054
0.2739535446881136	0.1571179041740084
0.2739747815285165	0.1586890832157491
0.2739960049740971	0.1602759740479047
0.2740172761483282	0.1618787337883818
0.2740385981650330	0.1634975211262668
0.2740599734384228	0.1651324963375302
0.2740814046796162	0.1667838213009047
0.2741028934042396	0.1684516595139141
0.2741244332692994	0.1701361761090537
0.2741459734182767	0.1718375378701432
0.2741674780665796	0.1735559132488431
0.2741890425192376	0.1752914723813322
0.2742106700282775	0.1770443871051465
0.2742323588990775	0.1788148309761991
0.2742541056209454	0.1806029792859606
0.2742759135114687	0.1824090090788214
0.2742977862833335	0.1842330991696091
0.2743195952655518	0.1860754301613061
0.2743414624237946	0.1879361844629181
0.2743633936506988	0.1898155463075474
0.2743853911217798	0.1917137017706214
0.2744074445157871	0.1936308387883262
0.2744295635033154	0.1955671471762082
0.2744517536280081	0.1975228186479682
0.2744738696451168	0.1994980468344466
0.2744960491003843	0.2014930273027891
0.2745183051784996	0.2035079575758194
0.2745406426214918	0.2055430371515763
0.2745630609884889	0.2075984675230904
0.2745855546834494	0.2096744521983228
0.2746080660332560	0.2117711967203040
0.2746305461774683	0.2138889086875062
0.2746530962233795	0.2160277977743793
0.2746757359630850	0.2181880757521240
0.2746984585150860	0.2203699565096444
0.2747212698634154	0.2225736560747382
0.2747441339814111	0.2247993926354871
0.2747669468340047	0.2270473865618419
0.2747898581422822	0.2293178604274611
0.2748128620168441	0.2316110390317344
0.2748359646558516	0.2339271494220500
0.2748591412436555	0.2362664209162717
0.2748823404165173	0.2386290851254369
0.2749055203862745	0.2410153759766900
0.2749288040715968	0.2434255297364555
0.2749521989647913	0.2458597850338214
0.2749757118720838	0.2483183828841583
0.2749993324441444	0.2508015667130020
0.2750228828226628	0.2533095823801307
0.2750464891161830	0.2558426782039329
0.2750702094983637	0.2584011049859746
0.2750940560225986	0.2609851160358369
0.2751180214824920	0.2635949671961965
0.2751419801337679	0.2662309168681564
0.2751659652815369	0.2688932260368394
0.2751900931950730	0.2715821582972099
0.2752143470506284	0.2742979798801835
0.2752387003204821	0.2770409596789840
0.2752630592804958	0.2798113692757765
0.2752874455154632	0.2826094829685329
0.2753119822805842	0.2854355777982173
0.2753366656379783	0.2882899335761988
0.2753615066638415	0.2911728329119574
0.2753862925365024	0.2940845612410768
0.2754111310881966	0.2970254068534908
0.2754361280687277	0.2999956609220224
0.2754612949965360	0.3029956175312439
0.2754866048259889	0.3060255737065564
0.2755118268117911	0.3090858294436239
0.2755372218977889	0.3121766877380634
0.2755627565706155	0.3152984546154425
0.2755884805671908	0.3184514391615991
0.2756141718990903	0.3216359535532143
0.2756399517905104	0.3248523130887486
0.2756659349584248	0.3281008362196343
0.2756921362179753	0.3313818445818313
0.2757183418599919	0.3346956630276486
0.2757445492106712	0.3380426196579264
0.2757709783941148	0.3414230458545029
0.2757976477009750	0.3448372763130476
0.2758244388103165	0.3482856490761788
0.2758511552163192	0.3517685055669382
0.2758780817350808	0.3552861906226105
0.2759052742549917	0.3588390525288367
0.2759325919247328	0.3624274430541263
0.2759598836785860	0.3660517174846676
0.2759874166880867	0.3697122346595160
0.2760151966719477	0.3734093570061075
0.2760430490034576	0.3771434505761693
0.2760709463914660	0.3809148850819321
0.2760991486663326	0.3847240339327496
0.2761276149045796	0.3885712742720802
0.2761560106238249	0.3924569870148004
0.2761845931844630	0.3963815568849475
0.2762135201902177	0.4003453724537983
0.2762427209835499	0.4043488261783358
0.2762717297665006	0.4083923144401171
0.2763010923089015	0.4124762375845222
0.2763308456139041	0.4166009999603712
0.2763606447312267	0.4207670099599756
0.2763905051312827	0.4249746800595772
0.2764207618868822	0.4292244268601745
0.2764513374098189	0.4335166711287789
0.2764818587716561	0.4378518378400696
0.2765126871548022	0.4422303562184695
0.2765439742936042	0.4466526597806568
0.2765751764428878	0.4511191863784611
0.2766067474397439	0.4556303782422491
0.2766386908592921	0.4601866820246756
0.2766707313296254	0.4647885488449250
0.2767030439075591	0.4694364343333736
0.2767357934409585	0.4741307986767072
0.2767687130393308	0.4788721066634779
0.2768017896799727	0.4836608277301093
0.2768354484731127	0.4884974360074105
0.2768692934838350	0.4933824103674855
0.2769032424255625	0.4983162344711609
0.2769378895222173	0.5032993968158748
0.2769727201966545	0.5083323907840325
0.2770076523641217	0.5134157146918757
0.2770433391599313	0.5185498718387941
0.2770792304587886	0.5237353705571834
0.2771152912752697	0.5289727242627551
0.2771521589668139	0.5342624515053807
0.2771891539659596	0.5396050760204331
0.2772265043452672	0.5450011267806353
0.2772647020134637	0.5504511380484390
0.2773028728649902	0.5559556494289194
0.2773416402213592	0.5615152059232073
0.2773813153797335	0.5671303579824372
0.2774207801296165	0.5728016615622645
0.2774611934813430	0.5785296781778857
0.2775023209618789	0.5843149749596624
0.2775434302426509	0.5901581247092602
0.2775856598161469	0.5960597059563554
0.2776282606820869	0.6020203030159212
0.2776714699440841	0.6080405060460784
0.2777156934746144	0.6141209111065354
0.2777600029731985	0.6202621202176017
0.2778053749431727	0.6264647414197777
0.2778517362785958	0.6327293888339720
0.2778982500005892	0.6390566827223144
0.2779462540837790	0.6454472495495380
0.2779946356777702	0.6519017220450301
0.2780439721468235	0.6584207392654789
0.2780948921030704	0.6650049466581345
0.2781456419001612	0.6716549961247170
0.2781987537836443	0.6783715460859632
0.2782518031580754	0.6851552615468213
0.2783065971168537	0.6920068141622908
0.2783627368409300	0.6989268823039172
0.2784196826962013	0.7059161511269547
0.2784790060114973	0.7129753126382260
0.2785382383642860	0.7201050657646090
0.2786002998273759	0.7273061164222535
0.2786632976627773	0.7345791775864788
0.2787282408567806	0.7419249693623465
0.2787955089526597	0.7493442190559682
0.2788635248881757	0.7568376612465254
0.2789356288411478	0.7644060378589936
0.2790075739714279	0.7720500982375853
0.2790840659611638	0.7797705992199637
0.2791619105147994	0.7875683052121660
0.2792431784654318	0.7954439882642906
0.2793284889251243	0.8033984281469334
0.2794151528436253	0.8114324124284000
0.2795084421716603	0.8195467365526846
0.2796029185506714	0.8277422039182141
0.2797057078724302	0.8360196259573958
0.2798082733339408	0.8443798222169691
0.2799223015194071	0.8528236204391402
0.2800385694783135	0.8613518566435332
0.2801615708369435	0.8699653752099706
0.2802957242820542	0.8786650289620693
0.2804358046614769	0.8874516792516920
0.2805937955792401	0.8963261960442082
0.2807562646116269	0.9052894580046494
0.2809436701183524	0.9146875601279545
0.2811632739854397	0.9238344357292330
0.2813753653727178	0.9330727800865247
0.2816511725877920	0.9424035078873890
0.2819381191801125	0.9518275429662623
0.2823260010167434	0.9686106168141999
0.2824302566581451	0.9606476985269474
0.2827028773466770	0.9752641564129999
0.2829042244761718	0.9699240782570558
0.2832699324701490	0.9755500813129743
0.2837293497444867	0.9818185539204602
0.2842678412991970	0.9885602284911670
0.2845261790755712	0.9915915422963397
0.2849030026733524	0.9937530590788568
0.2874500988262584	0.9968058654793620
0.2883543568542881	0.9988914509333358
0.2921745705814408	0.9995696744940445
0.2981600352280325	0.9998291489717104
0.2994043860734890	0.9999288573108653
0.3046878376531889	0.9999798277854689
0.3051669232575536	0.9999914395733130
0.3123063345309849	0.9999968688532701
0.3164301955049132	0.9999985147388791
0.3216065521492541	0.9999995341682553
0.3252443115218250	0.9999997900297960
0.3320888819548052	0.9999999369214876
0.3359212314878489	0.9999999714946249
0.3424429345492706	0.9999999915247577
0.3457815630916145	0.9999999961548867
0.3522713295716972	0.9999999988604978
0.3553686052913023	0.9999999994805734
0.3618800681842384	0.9999999998455933
0.3646942093858456	0.9999999999293439
0.3712138233699939	0.9999999999789101
0.3738492835164713	0.9999999999903337
0.3804436260968714	0.9999999999971069
0.3830556356232376	0.9999999999986737
0.3897168779122026	0.9999999999996028
0.3923839082482963	0.9999999999998178
0.3990804065406402	0.9999999999999453
0.4018157771804959	0.9999999999999750
0.4071175560638643	1.0000000000024667
0.4071592009560859	1.0000000000027887
0.4253896278852054	1.0000000000037577
0.4254093292539321	1.0000000000038836
0.4406240193218872	1.0000000000042040
0.4409898439167443	1.0000000000042479
0.4579740078642985	1.0000000000043223
0.4582585204818336	1.0000000000043330
0.4705169542040946	1.0000000000043501
0.4715266212291051	1.0000000000043525
0.4851235677839242	1.0000000000043561
0.4855735677845650	1.0000000000043565
0.4911807106546898	1.0011750881359576
0.4985702159070658	1.0001932951100512
0.5167150396945636	1.0000673821008983
0.5169437300853369	1.0000669523397818
0.5423332475352625	0.9999584213107109
0.5971895168727027	1.0000098282510970
0.7073449419302047	0.9980829322908727
0.7116254428625466	0.9999387051798464
0.7501282458144437	0.9999982783402472
0.7866209567936060	1.0000003239904738
0.8319514774227488	1.0000015438690306
0.8677526298886247	1.0000016101673790
0.9033247052990212	1.0000016124387157
0.9319901940885448	1.0000161493379498
0.9756640763369600	1.0000163917833458
1.4247489785762519	0.9604157474206551
1.4247489785762519	0.9898162294845526
1.4250613451496759	1.0002987264492273
1.4364828431901893	1.0000042788341696
1.9537594378309118	0.9873638362051625
1.9539238386667783	0.9998136803280522
1.9729502842187994	0.9924604922181349
1.9731119275563229	0.9989961046142106
1.9749275008528195	0.9997615967506425
1.9895274370558040	0.9999605748196515
2.0019112856171617	0.9999859955914714
2.0143470349020345	0.9999892724873073
2.0147457902212635	0.9999929091789261
2.0322647934335958	0.9999985907138527
2.0342982095844011	0.9999993250731865
2.0502850231790117	0.9999996592001511
2.0572799314564727	0.9999997023889399
2.0700888112277136	0.9999997237056760
2.0765366499453783	0.9999997264610723
2.0886116431995099	0.9999997277325704
2.0955081721819266	0.9999997278969237
2.0957240570091238	0.9999998154387819
2.0957293479418322	0.9999998267544190
2.1173038977105842	0.9999998284301320
2.1175024386507171	0.9999998301093893
2.1178934937256755	0.9999998351518320
2.1232426340956940	0.9999998360206781
2.1361807538386075	0.9999998365768515
2.1412779756234328	0.9999998366487425
2.1537790655002014	0.9999998366923831
2.1590217074722036	0.9999998366980244
2.1698024711769248	0.9999998367014983
2.1749690548222187	0.9999998367019475
2.1856640434572596	0.9999998367022245
2.1908247554712785	0.9999998367022602
2.2014351626351103	0.9999998367022825
2.2064814254794758	0.9999998367022855
2.2177747253271263	0.9999998367022873
2.2265745436496758	0.9999998367022874
2.2277652324977670	0.9999998367022874
2.2384827329224795	1.0099998350693102
2.2389056454214065	1.0014480790279001
2.2406487178974670	1.0003607639754459
2.2636047729935158	1.0000587494468354
2.2729959728143894	1.0000196242814363
2.2785847742034515	1.0000040181268950
2.2815740624348799	1.0000019000505160
2.2995781128222470	1.0000010353456217
2.3052048612697584	1.0000009233770739
2.3190402657858331	1.0000008762516255
2.3236542679882302	1.0000008701596448
2.3391903252748940	1.0000008675938750
2.3441859815082333	1.0000008672622229
2.3590929676558168	1.0000008671225360
2.3639487347025847	1.0000008671044802
2.3790866573974476	1.0000008670968752
2.3839925546884029	1.0000008670958924
2.3990458202761173	1.0000008670954783
2.4039186719488099	1.0000008670954248
2.4190200888903979	1.0000008670954024
2.4235131925397102	1.0000008670953993
2.4384706113196546	1.0000008670953977
2.4463522639221758	1.0000008670953979
2.4465787864793214	0.9999996165130631
3.2507730433280893	0.9999994567399371
3.3855939211527750	0.9999583778164334
3.4420629578845952	0.9999533509413292
3.6836808103332741	0.9999929429248333
3.7051947015972782	0.9999937014309296
3.7241064843259268	0.9999937326918032
3.7384682175380521	0.9999937345632757
3.7578643912080207	0.9999937346761359
3.7766041839754929	0.9999937346830906
3.7920761863668924	0.9999937346835905
3.8086842823342733	0.9999937346836272
3.8249339550347154	0.9999937346836300
3.8403952503328567	0.9999937346836303
3.8452091641286330	1.0052929682512268
3.8467298319060590	1.0008468741659697
3.8478342366821492	1.0002774540231796
3.8669652164156263	1.0000482661950920
3.8736369537784521	1.0000186057292939
3.8789145344608498	1.0000031918668408
3.8821726747137331	1.0000011588289757
3.8959668956995763	1.0000000939098277
3.9003336550304528	0.9999999561120926
3.9122901698873451	0.9999998829545468
3.9163203423627380	0.9999998734975356
3.9289024664666674	0.9999998684700996
3.9330303580336730	0.9999998678202510
3.9454457511637666	0.9999998674747459
3.9495450533687846	0.9999998674300863
3.9620111762165644	0.9999998674063419
3.9661184035397947	0.9999998674032727
3.9785678812174923	0.9999998674016405
3.9826697268221172	0.9999998674014298
3.9951284183547444	0.9999998674013174
3.9991797074185960	0.9999998674013029
4.0121660431352755	0.9999998674012955
4.0167996032773843	0.9999998674012941
4.0266257269483630	0.9999998674012939
4.0266257269483630	0.9607841863267392
4.0266257269483630	0.9845616146352768
4.0266257269483630	0.9976120588050833
4.0276004558386820	0.9990181489087954
4.0289236602785001	0.9979918785335553
4.0334795589875139	0.9996405919886219
4.0397239446753588	0.9999457437334178
4.0560364267033284	0.9999898564135584
4.0865646944867509	1.0000001912145779
4.1287660912484707	1.0000003436779199
4.1354460787766296	1.0000007358156928
4.1771522374798753	1.0000007572415690
4.2137686675743913	1.0000007575995467
4.2361976977551379	1.0000007579832029
4.2790893489031925	1.0000007579896135
4.3049466264485980	1.0000007579989825
4.3485113978282088	1.0000007579991392
4.3820645366382172	1.0000007579993646
4.4253525239249978	1.0000007579993679
4.4341153822628154	1.0000007579993770
4.4887019632300200	1.0014226118640261
4.4967073621878262	1.0002644755006129
4.5119903118689928	1.0000411482101270
4.5213488871390100	1.0000083027888236
4.5241355389072941	1.0000040542388369
4.5468312758837000	1.0000006084913362
4.5496819067813936	1.0000001615249252
4.5644931389417769	0.9999999189955333
4.5688484017521738	0.9999998876414241
4.5761629520439806	0.9999998707707207
4.5801472962911394	0.9999998685899829
4.5973024103755717	0.9999998676041655
4.6021727360770281	0.9999998674767390
4.6133441242627251	0.9999998674132281
4.6174865824023712	0.9999998674050188
4.6267142045110861	0.9999998674018731
4.6323958800377545	0.9999998674014664
4.6426223095904220	0.9999998674013229
4.6481168668110069	0.9999998674013042
4.6583348375889777	0.9999998674012952
4.6622135837628482	0.9999998674012945
4.6682103699620923	0.9999998674012943
4.6741403333624376	0.9999991065983809
