0.0000000000000000	0.0000000000000000
0.2704950870519137	0.0000300000000000
0.2707219765332927	0.0000084815309350
0.2720087403782805	0.0000177750926129
0.2720387842791598	0.0000248546011106
0.2723142399150177	0.0000208185400178
0.2725139091392161	0.0000283498088230
0.2728576029703262	0.0000260359714810
0.2733208130305622	0.0000406643329285
0.2734919882654430	0.0000360718188649
0.2739305434394037	0.0000534015391125
0.2740454027612643	0.0000457342978351
0.2741130550393976	0.0000476870741475
0.2745750265070540	0.0000576870741475
0.2748948617687109	0.0000661669810049
0.2751305867467118	0.0000761669810049
0.2754200681007397	0.0000861669810049
0.2756433948834434	0.0000961669810049
0.2758538104287238	0.0001061669810049
0.2760285832686334	0.0001161669810049
0.2761963125223860	0.0001261669810049
0.2763441739459414	0.0001361669810049
0.2764833335030127	0.0001461669810049
0.2766116471314226	0.0001561669810049
0.2767311669560396	0.0001661669810049
0.2768437450337329	0.0001761669810049
0.2769498714268276	0.0001861669810049
0.2770503266895395	0.0001961669810049
0.2771446311723675	0.0002061669810049
0.2772357536652288	0.0002161669810049
0.2773214044264360	0.0002261669810049
0.2774046203822080	0.0002361669810049
0.2774823794715397	0.0002461669810049
0.2775590022609037	0.0002561669810049
0.2776308034621843	0.0002661669810049
0.2777017435673725	0.0002761669810049
0.2777680763445979	0.0002861669810049
0.2778339205770035	0.0002961669810049
0.2778958322821173	0.0003061669810049
0.2779570006307011	0.0003161669810049
0.2780150339491635	0.0003261669810049
0.2780722645208530	0.0003361669810049
0.2781269891308445	0.0003461669810049
0.2781807179319496	0.0003561669810049
0.2782325082724368	0.0003661669810049
0.2782833409208864	0.0003761669810049
0.2783324745135294	0.0003861669810049
0.2783805218676801	0.0003961669810049
0.2784272568777931	0.0004061669810049
0.2784729484040398	0.0004161669810049
0.2785175000472492	0.0004261669810049
0.2785609302351765	0.0004361669810049
0.2786034918158412	0.0004461669810049
0.2786449774332537	0.0004561669810049
0.2786856900248594	0.0004661669810049
0.2787252432558214	0.0004761669810049
0.2787642656361525	0.0004861669810049
0.2788021969303996	0.0004961669810049
0.2788396909920389	0.0005061669810049
0.2788760648553508	0.0005161669810049
0.2789121399177462	0.0005261669810049
0.2789471149154373	0.0005361669810049
0.2789818614856617	0.0005461669810049
0.2790155098734535	0.0005561669810049
0.2790490502651585	0.0005661669810049
0.2790814220870172	0.0005761669810049
0.2791136866881201	0.0005861669810049
0.2791450011663840	0.0005961669810049
0.2791762475541225	0.0006061669810049
0.2792064706605148	0.0006161669810049
0.2792365953594779	0.0006261669810049
0.2792660023534624	0.0006361669810049
0.2792950826869051	0.0006461669810049
0.2793236275394165	0.0006561669810049
0.2793517831099092	0.0006661669810049
0.2793794797775968	0.0006761669810049
0.2794067891288732	0.0006861669810049
0.2794337141654782	0.0006961669810049
0.2794601977460053	0.0007061669810049
0.2794863933318953	0.0007161669810049
0.2795121112486140	0.0007261669810049
0.2795375496513339	0.0007361669810049
0.2795626464260378	0.0007461669810049
0.2795873550427854	0.0007561669810049
0.2796117650805675	0.0007661669810049
0.2796359236189961	0.0007761669810049
0.2796596094591655	0.0007861669810049
0.2796831545150068	0.0007961669810049
0.2797063347246766	0.0008061669810049
0.2797292620492060	0.0008161669810049
0.2797517756453863	0.0008261669810049
0.2797742080352624	0.0008361669810049
0.2797962310178315	0.0008461669810049
0.2798181681334511	0.0008561669810049
0.2798395871664923	0.0008661669810049
0.2798609788422192	0.0008761669810049
0.2798819327986085	0.0008861669810049
0.2799028665246734	0.0008961669810049
0.2799233896681298	0.0009061669810049
0.2799438583960234	0.0009161669810048
0.2799639598153167	0.0009261669810048
0.2799839215445459	0.0009361669810048
0.2800035593593870	0.0009461669810048
0.2800230941689671	0.0009561669810048
0.2800423452779995	0.0009661669810048
0.2800614770735144	0.0009761669810048
0.2800803518844039	0.0009861669810048
0.2800990825190703	0.0009961669810048
0.2801175931773500	0.0010061669810048
0.2801359476993031	0.0010162286508149
0.2801542204729378	0.0010263909373230
0.2801724938712523	0.0010366548466962
0.2801907911551466	0.0010470213951632
0.2802090588679831	0.0010574916091148
0.2802273858523222	0.0010680665252060
0.2802456350045956	0.0010787471904580
0.2802639970015202	0.0010895346623626
0.2802822312899588	0.0011004300089862
0.2803005704165127	0.0011114343090761
0.2803188434674472	0.0011225486521668
0.2803371561497298	0.0011337741386885
0.2803554796721864	0.0011451118800754
0.2803737599027545	0.0011565629988761
0.2803921256528470	0.0011681286288649
0.2804103893057685	0.0011798099151535
0.2804287164905633	0.0011916080143051
0.2804470448217836	0.0012035240944481
0.2804653364996444	0.0012155593353926
0.2804836922792074	0.0012277149287466
0.2805019879118808	0.0012399920780340
0.2805203041445684	0.0012523919988144
0.2805386742359879	0.0012649159188025
0.2805569538804298	0.0012775650779905
0.2805752819409710	0.0012903407287704
0.2805936469222114	0.0013032441360582
0.2806119348415430	0.0013162765774187
0.2806302653647345	0.0013294393431929
0.2806486339177665	0.0013427337366249
0.2806669285505123	0.0013561610739911
0.2806852545996277	0.0013697226847310
0.2807036127116275	0.0013834199115784
0.2807219365640328	0.0013972541106942
0.2807402536899391	0.0014112266518011
0.2807585979806449	0.0014253389183191
0.2807769642900486	0.0014395923075023
0.2807952697059135	0.0014539882305774
0.2808135983428212	0.0014685281128831
0.2808319454239131	0.0014832133940120
0.2808503102368371	0.0014980455279521
0.2808686249639483	0.0015130259832316
0.2808869531538337	0.0015281562430640
0.2809052967162483	0.0015434378054946
0.2809236510800762	0.0015588721835495
0.2809420011960734	0.0015744609053850
0.2809603259290808	0.0015902055144389
0.2809786597402122	0.0016061075695832
0.2809970036396892	0.0016221686452791
0.2810153534342782	0.0016383903317319
0.2810337100443379	0.0016547742350492
0.2810520552188988	0.0016713219773997
0.2810703867989369	0.0016880351971737
0.2810887248204563	0.0017049155491454
0.2811070665812956	0.0017219647046369
0.2811254125397111	0.0017391843516832
0.2811437606762803	0.0017565761952001
0.2811621113548295	0.0017741419571521
0.2811804630197289	0.0017918833767236
0.2811988158108847	0.0018098022104908
0.2812171687416755	0.0018279002325957
0.2812355113740472	0.0018461792349216
0.2812538551878423	0.0018646410272709
0.2812722004945232	0.0018832874375436
0.2812905471525305	0.0019021203119190
0.2813088949615276	0.0019211415150382
0.2813272437160335	0.0019403529301886
0.2813455935079033	0.0019597564594905
0.2813639428699244	0.0019793540240854
0.2813822920617734	0.0019991475643262
0.2814006406595197	0.0020191390399695
0.2814189893802592	0.0020393304303691
0.2814373374541415	0.0020597237346728
0.2814556859820580	0.0020803209720195
0.2814740337972627	0.0021011241817397
0.2814923820085686	0.0021221354235571
0.2815107298023539	0.0021433567777927
0.2815290777998072	0.0021647903455706
0.2815474258423459	0.0021864382490263
0.2815657738417199	0.0022083026315166
0.2815841223810375	0.0022303856578318
0.2816024706223791	0.0022526895144101
0.2816208193638469	0.0022752164095542
0.2816391681123661	0.0022979685736498
0.2816575170421252	0.0023209482593863
0.2816758665952603	0.0023441577419801
0.2816942159967791	0.0023675993194000
0.2817125658697273	0.0023912753125940
0.2817309160752379	0.0024151880657199
0.2817492663909930	0.0024393399463771
0.2817676173233279	0.0024637333458409
0.2817859684344657	0.0024883706792993
0.2818043197743329	0.0025132543860923
0.2818226717566511	0.0025383869299532
0.2818410239072154	0.0025637707992528
0.2818593763136173	0.0025894085072453
0.2818777293207918	0.0026153025923177
0.2818960826309367	0.0026414556182409
0.2819144361626160	0.0026678701744234
0.2819327902034034	0.0026945488761676
0.2819511448168032	0.0027214943649292
0.2819694995719524	0.0027487093085785
0.2819878547152179	0.0027761964016644
0.2820062104762271	0.0028039583656810
0.2820245666356210	0.0028319979493378
0.2820429230414843	0.0028603179288312
0.2820612798991251	0.0028889211081195
0.2820796373507487	0.0029178103192007
0.2820979952944536	0.0029469884223926
0.2821163535206998	0.0029764583066166
0.2821347121587153	0.0030062228896827
0.2821530713383900	0.0030362851185796
0.2821714311422475	0.0030666479697653
0.2821897913975170	0.0030973144494630
0.2822081520110984	0.0031282875939576
0.2822265130671902	0.0031595704698972
0.2822448746480630	0.0031911661745962
0.2822632368059310	0.0032230778363421
0.2822815995903989	0.0032553086147055
0.2822999629171645	0.0032878617008526
0.2823183266611808	0.0033207403178611
0.2823366908791316	0.0033539477210397
0.2823550556108106	0.0033874871982501
0.2823734208911117	0.0034213620702327
0.2823917867442843	0.0034555756909349
0.2824101531897749	0.0034901314478443
0.2824285202410763	0.0035250327623228
0.2824468879061797	0.0035602830899460
0.2824652561918908	0.0035958859208454
0.2824836250991468	0.0036318447800538
0.2825019946313606	0.0036681632278543
0.2825203647853593	0.0037048448601329
0.2825387355358437	0.0037418933087342
0.2825571068976057	0.0037793122418216
0.2825754788817353	0.0038171053642399
0.2825938514929709	0.0038552764178823
0.2826122247260600	0.0038938291820611
0.2826305985861959	0.0039327674738817
0.2826489730686679	0.0039720951486206
0.2826673481808978	0.0040118161001068
0.2826857239192525	0.0040519342611079
0.2827041002873477	0.0040924536037190
0.2827224772859535	0.0041333781397561
0.2827408549198330	0.0041747119211536
0.2827592331922421	0.0042164590403652
0.2827776121127226	0.0042586236307688
0.2827959916824765	0.0043012098670765
0.2828143719109302	0.0043442219657472
0.2828327528024071	0.0043876641854047
0.2828511343637710	0.0044315408272587
0.2828695166053976	0.0044758562355314
0.2828878995311561	0.0045206147978867
0.2829062831516297	0.0045658209458656
0.2829246674745315	0.0046114791553242
0.2829430525072651	0.0046575939468774
0.2829614382628088	0.0047041698863461
0.2829798247478152	0.0047512115852096
0.2829982119719975	0.0047987237010617
0.2830165999497604	0.0048467109380724
0.2830349886882663	0.0048951780474531
0.2830533781986705	0.0049441298279277
0.2830717684961343	0.0049935711262070
0.2830901595897218	0.0050435068374691
0.2831085514911392	0.0050939419058437
0.2831269442153793	0.0051448813249021
0.2831453377743377	0.0051963301381511
0.2831637321794413	0.0052482934395326
0.2831821274449405	0.0053007763739280
0.2832005235866277	0.0053537841376673
0.2832189206152144	0.0054073219790439
0.2832373185439509	0.0054613951988343
0.2832557173879552	0.0055160091508226
0.2832741171629039	0.0055711692423308
0.2832925178794471	0.0056268809347542
0.2833109184235048	0.0056831497441018
0.2833293178184014	0.0057399812415428
0.2833477182485375	0.0057973810539582
0.2833661197198449	0.0058553548644978
0.2833845222375199	0.0059139084131428
0.2834029258080029	0.0059730474972742
0.2834213304242320	0.0060327779722469
0.2834397360782086	0.0060931057519693
0.2834581427642786	0.0061540368094889
0.2834765504761882	0.0062155771775839
0.2834949592103457	0.0062777329493598
0.2835133689654582	0.0063405102788533
0.2835317797423058	0.0064039153816419
0.2835501915434481	0.0064679545354584
0.2835686043731064	0.0065326340808130
0.2835870182369176	0.0065979604216211
0.2836054331418168	0.0066639400258374
0.2836238488295469	0.0067305794260957
0.2836422653523183	0.0067978852203567
0.2836606829363812	0.0068658640725603
0.2836791015929763	0.0069345227132858
0.2836975213344268	0.0070038679404187
0.2837159421742474	0.0070739066198228
0.2837343641269567	0.0071446456860210
0.2837527872081427	0.0072160921428812
0.2837712114341889	0.0072882530643100
0.2837896368222351	0.0073611355949530
0.2838080633900204	0.0074347469509024
0.2838264911559378	0.0075090944204116
0.2838449201382084	0.0075841853646156
0.2838633503540606	0.0076600272182617
0.2838817818199610	0.0077366274904443
0.2839002145518572	0.0078139937653488
0.2839186485654232	0.0078921337030023
0.2839370838762061	0.0079710550400324
0.2839555204998918	0.0080507655904327
0.2839739584523521	0.0081312732463370
0.2839923977498761	0.0082125859788004
0.2840108384092457	0.0082947118385885
0.2840292802908613	0.0083776589569743
0.2840477232298116	0.0084614355465442
0.2840661672661799	0.0085460499020097
0.2840846124389163	0.0086315104010297
0.2841030587859554	0.0087178255050401
0.2841215063443758	0.0088050037600905
0.2841399551506055	0.0088930537976913
0.2841584052404814	0.0089819843356682
0.2841768566494473	0.0090718041790249
0.2841953094127201	0.0091625222208151
0.2842137635653748	0.0092541474430232
0.2842322191425265	0.0093466889174535
0.2842506761794304	0.0094401558066281
0.2842691347112792	0.0095345573646943
0.2842875947605739	0.0096299029383412
0.2843060563314952	0.0097262019677247
0.2843245194298091	0.0098234639874019
0.2843429840629080	0.0099216986272760
0.2843614502398565	0.0100209156135489
0.2843799179713861	0.0101211247696844
0.2843983872699397	0.0102223360173811
0.2844168581497324	0.0103245593775549
0.2844353306268044	0.0104278049713305
0.2844538047190090	0.0105320830210437
0.2844722804460766	0.0106374038512543
0.2844907578295641	0.0107437778897670
0.2845092368927464	0.0108512156686647
0.2845277176604971	0.0109597278253513
0.2845462001592424	0.0110693251036049
0.2845646844169371	0.0111800183546411
0.2845831704630630	0.0112918185381875
0.2846016583286388	0.0114047367235694
0.2846201480462139	0.0115187840908052
0.2846386396479875	0.0116339719317133
0.2846571331653251	0.0117503116510306
0.2846756286292111	0.0118678147675409
0.2846941260704565	0.0119864929152162
0.2847126255198934	0.0121063578443684
0.2847311270085509	0.0122274214228121
0.2847496305678632	0.0123496956370402
0.2847681362298869	0.0124731925934107
0.2847866440275027	0.0125979245193448
0.2848051539946094	0.0127239037645385
0.2848236661663115	0.0128511428021839
0.2848421805790800	0.0129796542302057
0.2848606972706986	0.0131094507725076
0.2848792162571400	0.0132405452802325
0.2848977375395403	0.0133729507330349
0.2849162611247967	0.0135066802403653
0.2849347870248812	0.0136417470427689
0.2849533152536392	0.0137781645131968
0.2849718458270181	0.0139159461583289
0.2849903787632931	0.0140551056199121
0.2850089140832877	0.0141956566761114
0.2850274518105715	0.0143376132428724
0.2850459919713907	0.0144809893753013
0.2850645345946244	0.0146257992690544
0.2850830797117811	0.0147720572617450
0.2851016273570318	0.0149197778343623
0.2851201775463998	0.0150689756127059
0.2851387297043317	0.0152196653688329
0.2851572839121587	0.0153718620225214
0.2851758402509957	0.0155255806427469
0.2851943988019656	0.0156808364491742
0.2852129596438833	0.0158376448136657
0.2852315228524283	0.0159960212618022
0.2852500885008069	0.0161559814744203
0.2852686566603845	0.0163175412891647
0.2852872274012813	0.0164807167020565
0.2853058007929398	0.0166455238690768
0.2853243769046691	0.0168119791077677
0.2853429557869348	0.0169800988988453
0.2853615374577367	0.0171498998878339
0.2853801219415147	0.0173213988867124
0.2853987092687924	0.0174946128755797
0.2854172994758987	0.0176695590043357
0.2854358926047637	0.0178462545943793
0.2854544886997307	0.0180247171403230
0.2854730878065303	0.0182049643117263
0.2854916899728488	0.0183870139548434
0.2855102881197285	0.0185708840943917
0.2855288860734398	0.0187565929353354
0.2855474874045080	0.0189441588646890
0.2855660921532164	0.0191336004533358
0.2855847003637773	0.0193249364578694
0.2856033120845238	0.0195181858224480
0.2856219273681155	0.0197133676806728
0.2856405462715724	0.0199105013574796
0.2856591688561509	0.0201096063710543
0.2856777951824492	0.0203107024347648
0.2856964253111455	0.0205138094591123
0.2857150593037288	0.0207189475537034
0.2857336971666019	0.0209261370292408
0.2857523389049312	0.0211353983995330
0.2857709845329632	0.0213467523835284
0.2857896340737424	0.0215602199073640
0.2858082875587432	0.0217758221064374
0.2858269450275953	0.0219935803275021
0.2858456056433323	0.0222135161307768
0.2858642694564919	0.0224356512920849
0.2858829365795520	0.0226600078050057
0.2859016071228717	0.0228866078830557
0.2859202811959012	0.0231154739618860
0.2859389589078307	0.0233466287015050
0.2859576403682523	0.0235800949885199
0.2859763256878402	0.0238158959384049
0.2859950149790494	0.0240540548977887
0.2860137083567916	0.0242945954467662
0.2860324059387532	0.0245375414012339
0.2860511077966712	0.0247829168152461
0.2860698139737512	0.0250307459833982
0.2860885245194654	0.0252810534432321
0.2861072394899541	0.0255338639776643
0.2861259589484534	0.0257892026174407
0.2861446829657268	0.0260470946436150
0.2861634116201688	0.0263075655900509
0.2861821449977682	0.0265706412459513
0.2862008831921942	0.0268363476584104
0.2862196263031026	0.0271047111349947
0.2862383744313462	0.0273757582463443
0.2862571276802966	0.0276495158288079
0.2862758861566323	0.0279260109870956
0.2862946499710177	0.0282052710969665
0.2863134192004994	0.0284873238079364
0.2863321938750436	0.0287721970460158
0.2863509729432328	0.0290599190164757
0.2863697564069447	0.0293505182066409
0.2863885444039912	0.0296440233887070
0.2864073370757312	0.0299404636225938
0.2864261345654006	0.0302398682588199
0.2864449370191731	0.0305422669414081
0.2864637445872202	0.0308476896108220
0.2864825552095738	0.0311561665069298
0.2865013576846492	0.0314677281719987
0.2865201611633353	0.0317824054537192
0.2865389705857822	0.0321002295082563
0.2865577860967424	0.0324212318033389
0.2865766078380781	0.0327454441213722
0.2865954358506675	0.0330728985625855
0.2866142701904928	0.0334036275482114
0.2866331109288563	0.0337376638236934
0.2866519581521771	0.0340750404619301
0.2866708119619500	0.0344157908665490
0.2866896724748679	0.0347599487752141
0.2867085398135735	0.0351075482629658
0.2867274141079718	0.0354586237455959
0.2867462954961252	0.0358132099830515
0.2867651832472414	0.0361713420828820
0.2867840768186261	0.0365330555037105
0.2868029764707291	0.0368983860587478
0.2868218823411005	0.0372673699193351
0.2868407945813786	0.0376400436185289
0.2868597133534452	0.0380164440547140
0.2868786388273357	0.0383966084952615
0.2868975711824597	0.0387805745802136
0.2869165106089842	0.0391683803260153
0.2869354573088514	0.0395600641292751
0.2869544114962087	0.0399556647705680
0.2869733733890829	0.0403552214182732
0.2869923432091469	0.0407587736324557
0.2870113210491497	0.0411663613687803
0.2870303070187165	0.0415780249824683
0.2870493012495677	0.0419938052322926
0.2870683038953986	0.0424137432846151
0.2870873151295216	0.0428378807174613
0.2871063335324763	0.0432662595246360
0.2871253590644555	0.0436989221198824
0.2871443839283246	0.0441359113410806
0.2871633991278649	0.0445772704544917
0.2871824226352869	0.0450230431590368
0.2872014547434155	0.0454732735906268
0.2872204956120626	0.0459280063265337
0.2872395454065207	0.0463872863897996
0.2872586043096945	0.0468511592536982
0.2872776725220769	0.0473196708462346
0.2872967502629106	0.0477928675546965
0.2873158377715059	0.0482707962302429
0.2873349353087425	0.0487535041925448
0.2873540431458137	0.0492410392344699
0.2873731614793987	0.0497334496268143
0.2873922904194258	0.0502307841230823
0.2874114282699969	0.0507330919643124
0.2874305749161179	0.0512404228839563
0.2874497306925551	0.0517528271127952
0.2874688959554952	0.0522703553839239
0.2874880710685110	0.0527930589377636
0.2875072564046995	0.0533209895271406
0.2875264523499967	0.0538541994224115
0.2875456591636038	0.0543927414166363
0.2875648750938014	0.0549366688308018
0.2875840998234254	0.0554860355191092
0.2876033361530679	0.0560408958743009
0.2876225843941145	0.0566013048330446
0.2876418223973161	0.0571673178813748
0.2876610601467324	0.0577389910601893
0.2876803093086120	0.0583163809707905
0.2876995694965244	0.0588995447804991
0.2877188411129202	0.0594885402283034
0.2877381244661806	0.0600834256305862
0.2877574198935237	0.0606842598868929
0.2877767277638320	0.0612911024857611
0.2877960484787644	0.0619040135106190
0.2878153824645114	0.0625230536457252
0.2878347301643163	0.0631482841821822
0.2878540918779605	0.0637797670240038
0.2878734678719229	0.0644175646942438
0.2878928583112322	0.0650617403411853
0.2879122606385696	0.0657123577445967
0.2879316754152221	0.0663694813220417
0.2879511032167833	0.0670331761352617
0.2879705446388858	0.0677035078966143
0.2879900002103230	0.0683805429755814
0.2880094703157359	0.0690643484053375
0.2880289517221774	0.0697549918893918
0.2880484082779852	0.0704525418082861
0.2880678812277632	0.0711570672263693
0.2880873710161119	0.0718686378986328
0.2881068781338390	0.0725873242776196
0.2881264007542109	0.0733131975203952
0.2881459381494548	0.0740463294956000
0.2881654908300544	0.0747867927905570
0.2881850593468167	0.0755346607184632
0.2882046442953880	0.0762900073256475
0.2882242463191147	0.0770529073989032
0.2882438660927543	0.0778234364728931
0.2882634995578966	0.0786016708376220
0.2882831493919368	0.0793876875459980
0.2883028179848785	0.0801815644214583
0.2883225023658997	0.0809833800656722
0.2883422033689204	0.0817932138663289
0.2883619208620495	0.0826111460049921
0.2883816054911470	0.0834372574650423
0.2884013095517209	0.0842716300396928
0.2884210335530253	0.0851143463400901
0.2884407780845171	0.0859654898034912
0.2884605438005953	0.0868251447015263
0.2884803314088282	0.0876933961485416
0.2885001396865075	0.0885703301100280
0.2885199669266433	0.0894560334111289
0.2885398138622575	0.0903505937452396
0.2885596813073691	0.0912540996826931
0.2885795701259510	0.0921666406795194
0.2885994812407578	0.0930883070863151
0.2886194155518115	0.0940191901571794
0.2886393736936453	0.0949593820587514
0.2886593256706838	0.0959089758793391
0.2886792678570352	0.0968680656381331
0.2886992319168402	0.0978367462945154
0.2887192188933602	0.0988151137574613
0.2887392299016125	0.0998032648950348
0.2887592659320924	0.1008012975439860
0.2887793206546452	0.1018093105194245
0.2887993997727748	0.1028274036246192
0.2888195064631897	0.1038556776608654
0.2888396367429612	0.1048942344374748
0.2888597915010016	0.1059431767818498
0.2888799718040531	0.1070026085496679
0.2889001787456656	0.1080726346351641
0.2889203680789796	0.1091533609815168
0.2889405591264447	0.1102448945913310
0.2889607808448174	0.1113473435372433
0.2889810342454801	0.1124608169726167
0.2890013146461065	0.1135854251423420
0.2890216229570045	0.1147212793937665
0.2890419605512184	0.1158684921877057
0.2890623289124759	0.1170271771095837
0.2890827294293510	0.1181974488806806
0.2891031632024036	0.1193794233694889
0.2891236290589313	0.1205732176031837
0.2891441029961019	0.1217789497792172
0.2891645483223143	0.1229967392770101
0.2891850197111063	0.1242267066697797
0.2892055205278139	0.1254689737364780
0.2892260570050524	0.1267236634738438
0.2892466305760092	0.1279909001085811
0.2892672412079333	0.1292708091096681
0.2892878848640358	0.1305635172007633
0.2893085634933827	0.1318691523727704
0.2893292787147483	0.1331878438964989
0.2893500308143230	0.1345197223354631
0.2893707286600698	0.1358649195588170
0.2893914688771650	0.1372235687544049
0.2894122499444999	0.1385958044419473
0.2894330687981732	0.1399817624863660
0.2894539273531012	0.1413815801112308
0.2894748277138403	0.1427953959123434
0.2894957721373201	0.1442233498714653
0.2895167619325299	0.1456655833701812
0.2895377772639238	0.1471222392038818
0.2895587629431299	0.1485934615959195
0.2895797599551596	0.1500793962118770
0.2896008030215625	0.1515801901739971
0.2896218944919702	0.1530959920757355
0.2896430363096805	0.1546269519964943
0.2896642254228284	0.1561732215164589
0.2896854602537732	0.1577349537316236
0.2897067438258579	0.1593123032689401
0.2897280633304369	0.1609054263016306
0.2897493314628465	0.1625144805646448
0.2897706559017406	0.1641396253702928
0.2897920336992470	0.1657810216239974
0.2898134629412841	0.1674388318402392
0.2898349281533724	0.1691132201586436
0.2898564502063370	0.1708043523602313
0.2898780322197419	0.1725123958838329
0.2898996394879486	0.1742375198426702
0.2899212046538259	0.1759798950410949
0.2899428280240861	0.1777396939915069
0.2899645126088236	0.1795170909314230
0.2899862617091895	0.1813122618407372
0.2900080773851249	0.1831253844591448
0.2900299525466040	0.1849566383037374
0.2900518907318051	0.1868062046867753
0.2900737735401672	0.1886742667336450
0.2900956814903639	0.1905610094009801
0.2901176625522102	0.1924666194949879
0.2901397119534771	0.1943912856899362
0.2901618294477255	0.1963351985468358
0.2901840193141876	0.1982985505323047
0.2902062861763690	0.2002815360376291
0.2902284710631339	0.2022843513980061
0.2902507330239275	0.2043071949119861
0.2902730696473132	0.2063502668611043
0.2902954856576960	0.2084137695297166
0.2903179770991409	0.2104979072250128
0.2903405353525327	0.2126028862972653
0.2903630854751633	0.2147289151602357
0.2903856344107742	0.2168762043118405
0.2904082705760360	0.2190449663549568
0.2904309997928458	0.2212354160185069
0.2904538219536631	0.2234477701786904
0.2904767309902181	0.2256822478804779
0.2904996580543828	0.2279390703592820
0.2905225662844267	0.2302184610628751
0.2905455497109599	0.2325206456735025
0.2905686315465653	0.2348458521302371
0.2905918102087839	0.2371943106515385
0.2906150926254603	0.2395662537580528
0.2906383503093736	0.2419619162956322
0.2906616457341121	0.2443815354585890
0.2906850488363126	0.2468253508131725
0.2907085611481835	0.2492936043213069
0.2907321738733177	0.2517865403645175
0.2907558495551501	0.2543044057681602
0.2907794589753763	0.2568474498258432
0.2908031840392524	0.2594159243241046
0.2908270328068179	0.2620100835673468
0.2908510143773785	0.2646301844030188
0.2908751234156229	0.2672764862470519
0.2908991353552284	0.2699492511095252
0.2909232318996787	0.2726487436206174
0.2909474604726218	0.2753752310568250
0.2909718353425045	0.2781289833673909
0.2909963462353158	0.2809102732010635
0.2910207548692753	0.2837193759330733
0.2910452986304629	0.2865565696924042
0.2910700049767427	0.2894221353893305
0.2910948252158947	0.2923163567432219
0.2911197453610576	0.2952395203106519
0.2911445885341338	0.2981919155137585
0.2911696066704971	0.3011738346688941
0.2911947941792213	0.3041855730155825
0.2912201531488783	0.3072274287457368
0.2912454942265199	0.3102997030331912
0.2912708569905696	0.3134027000635232
0.2912964084949350	0.3165367270641577
0.2913221450295915	0.3197020943348020
0.2913480171874117	0.3228991152781506
0.2913738199370693	0.3261281064309318
0.2913998125397508	0.3293893874952415
0.2914259671676430	0.3326832813701960
0.2914523421365938	0.3360101141838987
0.2914785912794539	0.3393702153257410
0.2915050563059986	0.3427639174789986
0.2915317444453007	0.3461915566537921
0.2915586180505017	0.3496534722203288
0.2915853838557985	0.3531500069425336
0.2916123502581917	0.3566815070119590
0.2916395643988999	0.3602483220820764
0.2916670474341952	0.3638508053028940
0.2916943609572020	0.3674893133559196
0.2917218894121133	0.3711642064894769
0.2917496944501911	0.3748758485543685
0.2917777522269397	0.3786246070399127
0.2918056992056605	0.3824108531103149
0.2918338753433601	0.3862349616414217
0.2918623451947042	0.3900973112578321
0.2918909529754000	0.3939982843704078
0.2919196006278313	0.3979382672141087
0.2919485455478418	0.4019176498862512
0.2919777689766201	0.4059368263851147
0.2920069381489108	0.4099961946489689
0.2920363743330859	0.4140961565954597
0.2920661704637437	0.4182371181614123
0.2920960897545394	0.4224194893430282
0.2921260068568208	0.4266436842364571
0.2921563373379236	0.4309101210788232
0.2921870816772240	0.4352192222896131
0.2922176013445554	0.4395714145125083
0.2922485158323108	0.4439671286576315
0.2922798770850372	0.4484067999442053
0.2923113056878447	0.4528908679436494
0.2923428370175477	0.4574197766230864
0.2923748882508017	0.4619939743893141
0.2924071976473067	0.4666139141332105
0.2924394851385528	0.4712800532745439
0.2924722830082181	0.4759928538072873
0.2925054857627853	0.4807527823453570
0.2925386362470092	0.4855603101688132
0.2925722550857878	0.4904159132704984
0.2926064003865441	0.4953200724032050
0.2926404853899184	0.5002732731272407
0.2926750530714671	0.5052760058585130
0.2927101955482942	0.5103287659171010
0.2927452830205232	0.5154320535762753
0.2927809392005421	0.5205863741120412
0.2928171426390692	0.5257922378531634
0.2928533408284635	0.5310501602316910
0.2928902068164697	0.5363606618340049
0.2929275467530897	0.5417242684523447
0.2929650303981302	0.5471415111368675
0.2930032436246763	0.5526129262482329
0.2930418077047090	0.5581390555107122
0.2930806972447724	0.5637204460658234
0.2931204357366582	0.5693576505264831
0.2931603281293780	0.5750512270317453
0.2932008015545381	0.5808017393020668
0.2932423226071942	0.5866097566950894
0.2932836303888434	0.5924758542620419
0.2933259388789489	0.5984006128046617
0.2933690504197555	0.6043846189327059
0.2934122314366384	0.6104284651220319
0.2934568251543895	0.6165327497732487
0.2935015329425175	0.6226980772709775
0.2935470419872593	0.6289250580436865
0.2935939538481444	0.6352143086241229
0.2936405738544564	0.6415664517103608
0.2936890256744806	0.6479821162274668
0.2937376680828457	0.6544619373897436
0.2937874712957990	0.6610065567636402
0.2938386927458524	0.6676166223312782
0.2938900240385862	0.6742927885545904
0.2939431031984754	0.6810357164401341
0.2939970235100374	0.6878460736045322
0.2940520278772365	0.6947245343405776
0.2941091214658890	0.7016717796839804
0.2941660011305783	0.7086884974808191
0.2942260889477204	0.7157753824556267
0.2942859650507573	0.7229331362801806
0.2943483384099164	0.7301624676429819
0.2944123424407219	0.7374640923194092
0.2944776843258798	0.7448387332426050
0.2945464297060622	0.7522871205750279
0.2946147058740077	0.7598099917807778
0.2946874624860213	0.7674080916985864
0.2947607788899367	0.7750821726155693
0.2948377708160160	0.7828329943417253
0.2949173033047612	0.7906613242851438
0.2949992640178341	0.7985679375279935
0.2950857030836639	0.8065536169032753
0.2951742499420752	0.8146191530723059
0.2952697082631968	0.8227653446030299
0.2953641020029603	0.8309929980490608
0.2954688701369608	0.8393029280295512
0.2955743887764178	0.8476959573098480
0.2956911521612932	0.8561729168829443
0.2958089919934377	0.8647346460517716
0.2959379368352160	0.8733819925122894
0.2960743372636170	0.8821158124374120
0.2962238018040683	0.8909369705617844
0.2963820301848177	0.8998463402674017
0.2965530492842368	0.9088448036700746
0.2967461777286828	0.9179332517067746
0.2969443614016188	0.9268388219103091
0.2971878068112017	0.9361072101294113
0.2974183292196461	0.9437956582714619
0.2976885642171017	0.9532336148541776
0.2980981163154202	0.9627659510027201
0.2985795209421999	0.9723936105127468
0.2987451788449025	0.9702071541513634
0.2990402838190409	0.9795973515406557
0.2990491084180364	0.9767574647615710
0.2994171074168209	0.9862710159818058
0.2998076735767692	0.9901822568348310
0.3000926379375205	0.9910910108039408
0.3005885088949597	0.9926441031279348
0.3019642035697156	0.9938287874560492
0.3025048847847925	0.9971856834944447
0.3066886753249282	0.9993036703793799
0.3077907899360950	0.9995688080770633
0.3139184908169596	0.9998782702739477
0.3144007539670919	0.9999181583386980
0.3179156035854342	0.9999516909175378
0.3196810280010356	0.9999877006976040
0.3207615654461188	0.9999923525561791
0.3309443002484213	0.9999974549481204
0.3329723696975908	0.9999988666626611
0.3397584162643812	0.9999996598378732
0.3439464342794411	0.9999998477966792
0.3504353362419299	0.9999999549735045
0.3539469575288752	0.9999999796402084
0.3602956678493708	0.9999999939936094
0.3633785458729219	0.9999999972691475
0.3698827103726292	0.9999999991913817
0.3727185359062395	0.9999999996301738
0.3792083146786457	0.9999999998898002
0.3817937332156042	0.9999999999494672
0.3883633722942224	0.9999999999848800
0.3909091059407201	0.9999999999930645
0.3975695932827716	0.9999999999979211
0.4001890713759570	0.9999999999990468
0.4068943510045352	0.9999999999997143
0.4096087932020430	0.9999999999998691
0.4163347890414344	0.9999999999999608
0.4191264019049900	0.9999999999999819
0.4257704332720528	0.9999999999999946
0.4285270955699996	0.9999999999999977
0.4353811901712423	0.9999999999999993
0.4385145235045756	0.9999999999999997
0.4402557427326753	1.0000907375543568
0.4402557427326931	1.0001024594892867
0.4620730147066306	1.0001044627550932
0.4818089571876398	1.0001044966644883
0.4904821479837715	1.0001045074324846
0.5314246823929668	0.9605003698138584
0.5314246823930668	0.9899034423712405
0.5317400991021196	1.0002709906630634
0.5434650856790630	1.0000124832454618
0.6142173153639149	1.0001109394638357
0.6343239526189018	1.0000247205086248
0.6478404295123645	1.0000164317047806
0.6619436604867260	1.0000157579280780
0.6662681415806895	1.0000151387666205
0.6894736664575964	1.0000149206613227
0.7121921311414754	1.0000140096947190
0.7397548850812983	1.0000120122229708
0.7664844851827664	1.0000115760337727
0.8160418546858068	0.9999925741620115
0.8363951699549937	0.9868088096727494
0.8363981951355925	0.9939919459058704
0.8365268035424663	0.9994001536381216
0.8394695465930416	1.0000532847741532
0.8527582534635469	0.9999840583234599
1.4467737643797183	0.9999974225696152
2.6087314710053513	1.0053009987336130
2.6088526203321294	0.9986021542026089
2.6146522137294714	0.9998727696404262
2.6351049879172592	0.9999692617449810
2.6879502984862853	0.9999952717669023
2.9959345416485696	0.9999987168837488
3.3529313646855852	0.9999997690342555
3.3554776335522170	0.9999999050316720
3.3579733047504403	0.9999999226105215
3.6561668550725916	0.9999999480186165
3.6567339528373877	0.9999999513028587
3.6592295588938577	0.9999999517273789
3.9266675334330032	0.9999999523409566
