0.0000000000000000	0.0000000000000000
0.2720346984080462	0.0000300000000000
0.2723142399150177	0.0000109051053157
0.2726231711393305	0.0000148500333275
0.2732180175128912	0.0000248500333275
0.2732863453097497	0.0000181704288694
0.2733208130305622	0.0000258330503234
0.2739305434394037	0.0000325050636169
0.2741130550393976	0.0000228689836947
0.2747174841978142	0.0000427858944549
0.2748948617687109	0.0000346147793630
0.2749133128301884	0.0000375003007377
0.2754560854284151	0.0000479437198663
0.2758435853732347	0.0000576530403477
0.2761583793646546	0.0000676530403477
0.2764262544763125	0.0000776530403477
0.2766679846603667	0.0000883880837744
0.2768975723779832	0.0000983880837744
0.2770843640809402	0.0001083880837744
0.2772633192576093	0.0001183880837744
0.2774180701322236	0.0001283880837744
0.2775692032418758	0.0001383880837744
0.2777039468037585	0.0001483880837744
0.2778307914586457	0.0001583880837744
0.2779466611707922	0.0001683880837744
0.2780593239440577	0.0001783880837744
0.2781632219428501	0.0001883880837744
0.2782658661928837	0.0001983880837744
0.2783594096145328	0.0002083880837744
0.2784517221018808	0.0002183880837744
0.2785367936016436	0.0002283880837744
0.2786205910771360	0.0002383880837744
0.2786986008419696	0.0002483880837744
0.2787751090705298	0.0002583880837744
0.2788471452736523	0.0002683880837744
0.2789176085288196	0.0002783880837744
0.2789845350244132	0.0002883880837744
0.2790498436435349	0.0002983880837744
0.2791122375128708	0.0003083880837744
0.2791730454159562	0.0003183880837744
0.2792315373983556	0.0003283880837744
0.2792884882782359	0.0003383880837744
0.2793435751938809	0.0003483880837744
0.2793971488845825	0.0003583880837744
0.2794492012080261	0.0003683880837744
0.2794996929330389	0.0003783880837744
0.2795490306821911	0.0003883880837744
0.2795969458317020	0.0003983880837744
0.2796438309257361	0.0004083880837744
0.2796892597630878	0.0004183880837744
0.2797339285983172	0.0004283880837744
0.2797772085408926	0.0004383880837744
0.2798198575599641	0.0004483880837744
0.2798611111597291	0.0004583880837744
0.2799018707248648	0.0004683880837744
0.2799412698683280	0.0004783880837744
0.2799803530545661	0.0004883880837744
0.2800180841833355	0.0004983880837744
0.2800556188438394	0.0005083880837744
0.2800918340633365	0.0005183880837744
0.2801279278147220	0.0005283880837744
0.2801627367916684	0.0005383880837744
0.2801974222799919	0.0005483880837744
0.2802310051402589	0.0005583880837744
0.2802644184966656	0.0005683880837744
0.2802967639472537	0.0005783880837744
0.2803288899556694	0.0005883880837744
0.2803602283864599	0.0005983880837744
0.2803913158744389	0.0006083880837744
0.2804215563686488	0.0006183880837744
0.2804515607609705	0.0006283880837744
0.2804809491039525	0.0006383880837744
0.2805099229005358	0.0006483880837744
0.2805384893323875	0.0006583880837744
0.2805664980461521	0.0006683880837744
0.2805942270517011	0.0006783880837744
0.2806213942282191	0.0006883880837744
0.2806483442300192	0.0006983880837744
0.2806746953915333	0.0007083880837744
0.2807008635636617	0.0007183880837744
0.2807265246434315	0.0007283880837744
0.2807519348934873	0.0007383880837744
0.2807769749109940	0.0007483880837744
0.2808016555912767	0.0007583880837744
0.2808259482346606	0.0007683880837744
0.2808501560624014	0.0007783880837744
0.2808737257881457	0.0007883880837744
0.2808972441855772	0.0007983880837744
0.2809203193999744	0.0008083880837744
0.2809433133175957	0.0008183880837744
0.2809657157074377	0.0008283880837744
0.2809881181881643	0.0008383880837744
0.2810100529279111	0.0008483880837744
0.2810319560902037	0.0008583880837744
0.2810533872203976	0.0008683880837744
0.2810746957000999	0.0008783880837744
0.2810956293095255	0.0008883880837744
0.2811164692519803	0.0008983880837743
0.2811369772066151	0.0009083880837743
0.2811573698187665	0.0009183880837743
0.2811774580148948	0.0009283880837743
0.2811973979401687	0.0009383880837743
0.2812170748994889	0.0009483880837743
0.2812365456707437	0.0009583880837743
0.2812557867924636	0.0009683880837743
0.2812748455683973	0.0009783880837743
0.2812937129509184	0.0009883880837743
0.2813123850348433	0.0009983880837743
0.2813308904413501	0.0010083880837743
0.2813491821682286	0.0010184719646121
0.2813674919460580	0.0010286566842582
0.2813857531091471	0.0010389432511008
0.2814040867847281	0.0010493326836118
0.2814223360143617	0.0010598260104479
0.2814406989969191	0.0010704242705524
0.2814589363662051	0.0010811285132579
0.2814772880412157	0.0010919397983905
0.2814955519749195	0.0011028591963744
0.2815138790539405	0.0011138877883382
0.2815321881935280	0.0011250266662215
0.2815504861798642	0.0011362769328838
0.2815688451096416	0.0011476397022126
0.2815871143766349	0.0011591160992347
0.2816054665049001	0.0011707072602271
0.2816237660083485	0.0011824143328294
0.2816420824714827	0.0011942384761577
0.2816604457290340	0.0012061808609192
0.2816787264493040	0.0012182426695284
0.2816970717753259	0.0012304250962237
0.2817154025014403	0.0012427293471859
0.2817337088656096	0.0012551566406578
0.2817520690983213	0.0012677082070644
0.2817703838199499	0.0012803852891350
0.2817887034425958	0.0012931891420264
0.2818070674814324	0.0013061210334466
0.2818253819582942	0.0013191822437811
0.2818437051256815	0.0013323740662189
0.2818620651918239	0.0013456978068811
0.2818803943365569	0.0013591547849499
0.2818987143674768	0.0013727463327994
0.2819170647145828	0.0013864737961274
0.2819354225440003	0.0014003385340887
0.2819537346359781	0.0014143419194296
0.2819720719823164	0.0014284853386239
0.2819904339695468	0.0014427701920101
0.2820087731304003	0.0014571978939302
0.2820270955736415	0.0014717698728695
0.2820454391108462	0.0014864875715982
0.2820637979003908	0.0015013524473141
0.2820821461870881	0.0015163659717873
0.2821004717350099	0.0015315296315052
0.2821188100757966	0.0015468449278202
0.2821371618894487	0.0015623133770984
0.2821555226607443	0.0015779365108694
0.2821738651281552	0.0015937158759781
0.2821921969853141	0.0016096530347378
0.2822105369076496	0.0016257495650852
0.2822288850779879	0.0016420070607361
0.2822472386222500	0.0016584271313434
0.2822655974824657	0.0016750114026569
0.2822839473709882	0.0016917615166834
0.2823022834033613	0.0017086791318503
0.2823206245795651	0.0017257659231688
0.2823389693216607	0.0017430235824005
0.2823573172606868	0.0017604538182245
0.2823756673778108	0.0017780583564067
0.2823940192297136	0.0017958389399708
0.2824123722219014	0.0018137973293705
0.2824307257766570	0.0018319353026642
0.2824490797543771	0.0018502546556909
0.2824674335007538	0.0018687572022478
0.2824857872344124	0.0018874447742702
0.2825041402036300	0.0019063192220129
0.2825224900081828	0.0019253824142330
0.2825408408893227	0.0019446362383754
0.2825591925369921	0.0019640826007592
0.2825775443242945	0.0019837234267668
0.2825958951876706	0.0020035606610344
0.2826142462186292	0.0020235962676448
0.2826325963479271	0.0020438322303212
0.2826509468398918	0.0020642705526244
0.2826692965065015	0.0020849132581507
0.2826876460861626	0.0021057623907322
0.2827059952583077	0.0021268200146395
0.2827243444275921	0.0021480882147859
0.2827426934206249	0.0021695690969338
0.2827610428993191	0.0021912647879031
0.2827793919689000	0.0022131774357821
0.2827977414859131	0.0022353092101400
0.2828160909003560	0.0022576623022414
0.2828344404619839	0.0022802389252638
0.2828527905354868	0.0023030413145164
0.2828711404127904	0.0023260717276615
0.2828894907830012	0.0023493324449382
0.2829078413254884	0.0023728257693875
0.2829261919785148	0.0023965540270814
0.2829445433136953	0.0024205195673522
0.2829628946358576	0.0024447247630257
0.2829812462328785	0.0024691720106560
0.2829995985820682	0.0024938637307625
0.2830179508857535	0.0025188023680702
0.2830363035256882	0.0025439903917509
0.2830546569038128	0.0025694302956684
0.2830730103507210	0.0025951245986251
0.2830913641186495	0.0026210758446114
0.2831097185457991	0.0026472866030575
0.2831280732946700	0.0026737594690880
0.2831464282973835	0.0027004970637789
0.2831647838410407	0.0027275020344167
0.2831831400871640	0.0027547770547609
0.2832014964842139	0.0027823248253084
0.2832198532809215	0.0028101480735615
0.2832382106639601	0.0028382495542971
0.2832565687146582	0.0028666320498401
0.2832749270101635	0.0028952983703385
0.2832932857202654	0.0029242513540418
0.2833116449545412	0.0029534938675822
0.2833300047490406	0.0029830288062581
0.2833483648933284	0.0030128590943207
0.2833667253143235	0.0030429876852639
0.2833850861286145	0.0030734175621165
0.2834034474342216	0.0031041517377376
0.2834218093074264	0.0031351932551150
0.2834401717703040	0.0031665451876662
0.2834585345568915	0.0031982106395428
0.2834768977466450	0.0032301927459382
0.2834952613999303	0.0032624946733977
0.2835136255687702	0.0032951196201316
0.2835319902872403	0.0033280708163329
0.2835503555868947	0.0033613515244963
0.2835687214814563	0.0033949650397413
0.2835870879787903	0.0034289146901387
0.2836054549332546	0.0034632038370402
0.2836238213314147	0.0034978358754105
0.2836421874053743	0.0035328142341646
0.2836605540397021	0.0035681423765063
0.2836789212559938	0.0036038238002713
0.2836972890577742	0.0036398620382740
0.2837156574616799	0.0036762606586567
0.2837340264661939	0.0037130232652432
0.2837523960844819	0.0037501534978957
0.2837707663133183	0.0037876550328747
0.2837891371546122	0.0038255315832034
0.2838075086012314	0.0038637868990355
0.2838258806567994	0.0039024247680258
0.2838442533187706	0.0039414490157062
0.2838626265907194	0.0039808635058632
0.2838810004748286	0.0040206721409218
0.2838993749746280	0.0040608788623311
0.2839177500969881	0.0041014876509543
0.2839361258439436	0.0041425025274639
0.2839545022272055	0.0041839275527385
0.2839728792473905	0.0042257668282659
0.2839912569143467	0.0042680244965486
0.2840096352338491	0.0043107047415141
0.2840280142134659	0.0043538117889292
0.2840463938588789	0.0043973499068185
0.2840647741619388	0.0044413234058867
0.2840831551233761	0.0044857366399456
0.2841015367412889	0.0045305940063451
0.2841199190156411	0.0045758999464086
0.2841383019534719	0.0046216589458727
0.2841566855540026	0.0046678755353314
0.2841750698227334	0.0047145542906847
0.2841934547685433	0.0047616998335916
0.2842118403950128	0.0048093168319275
0.2842302267112783	0.0048574100002468
0.2842486137284986	0.0049059841002493
0.2842670014534758	0.0049550439412517
0.2842853898977041	0.0050045943806642
0.2843037790751070	0.0050546403244709
0.2843221689928528	0.0051051867277156
0.2843405596610970	0.0051562385949927
0.2843589510922901	0.0052078009809427
0.2843773432946672	0.0052598789907521
0.2843957362765174	0.0053124777806597
0.2844141300482874	0.0053656025584662
0.2844325246220823	0.0054192585840508
0.2844509200046249	0.0054734511698912
0.2844693162047815	0.0055281856815901
0.2844877132333715	0.0055834675384060
0.2845061111026083	0.0056393022137901
0.2845245098209029	0.0056956952359279
0.2845429093979560	0.0057526521882872
0.2845613098449779	0.0058101787101701
0.2845797111746792	0.0058682804972718
0.2845981134005443	0.0059269633022446
0.2846165165330181	0.0059862329352669
0.2846349205842097	0.0060460952646195
0.2846533255673830	0.0061065562172658
0.2846717314969012	0.0061676217794384
0.2846901383878339	0.0062292979972328
0.2847085462559436	0.0062915909772050
0.2847269551149822	0.0063545068869771
0.2847453649792753	0.0064180519558468
0.2847637758639705	0.0064822324754053
0.2847821877848293	0.0065470548001593
0.2848006007582222	0.0066125253481610
0.2848190148010044	0.0066786506016425
0.2848374299305259	0.0067454371076589
0.2848558461645775	0.0068128914787354
0.2848742635213974	0.0068810203935228
0.2848926820187792	0.0069498305974580
0.2849111016734950	0.0070193289034326
0.2849295225015675	0.0070895221924668
0.2849479445182931	0.0071604174143915
0.2849663677385021	0.0072320215885355
0.2849847921768801	0.0073043418044209
0.2850032178479740	0.0073773852224651
0.2850216447662340	0.0074511590746897
0.2850400729460651	0.0075256706654365
0.2850585024020181	0.0076009273720908
0.2850769331487998	0.0076769366458119
0.2850953652014733	0.0077537060122699
0.2851137985754159	0.0078312430723927
0.2851322332856614	0.0079095555031166
0.2851506693243550	0.0079886510581478
0.2851691066869436	0.0080685375687292
0.2851875453719891	0.0081492229444165
0.2852059853810676	0.0082307151738607
0.2852244267184466	0.0083130223255994
0.2852428693909115	0.0083961525488555
0.2852613134074962	0.0084801140743441
0.2852797587793180	0.0085649152150874
0.2852982055194669	0.0086505643672383
0.2853166536428136	0.0087370700109107
0.2853351031659752	0.0088244407110198
0.2853535541064919	0.0089126851181300
0.2853720064815295	0.0090018119693113
0.2853904603081889	0.0090918300890045
0.2854089156036901	0.0091827483898946
0.2854273723856019	0.0092745758737937
0.2854458306720760	0.0093673216325315
0.2854642904818523	0.0094609948488569
0.2854827518343041	0.0095556047973454
0.2855012147495128	0.0096511608453187
0.2855196789766545	0.0097476724537720
0.2855381444224014	0.0098451491783098
0.2855566111335807	0.0099436006700928
0.2855750791559848	0.0100430366767939
0.2855935485345596	0.0101434670435617
0.2856120193136384	0.0102449017139974
0.2856304915371662	0.0103473507311373
0.2856489652488540	0.0104508242384486
0.2856674404923668	0.0105553324808333
0.2856859173113265	0.0106608858056418
0.2857043957493389	0.0107674946636980
0.2857228758499989	0.0108751696103349
0.2857413576548053	0.0109839213064382
0.2857598412032333	0.0110937605195025
0.2857783265331912	0.0112046981246974
0.2857968136814356	0.0113167451059445
0.2858153026839180	0.0114299125570038
0.2858337935761460	0.0115442116825738
0.2858522863599265	0.0116596537993997
0.2858707810386792	0.0117762503373938
0.2858892776197046	0.0118940128407679
0.2859077761139007	0.0120129529691754
0.2859262765355338	0.0121330824988673
0.2859447789020670	0.0122544133238562
0.2859632832340211	0.0123769574570946
0.2859817895548691	0.0125007270316655
0.2860002978909601	0.0126257343019820
0.2860188082714754	0.0127519916450020
0.2860373207283958	0.0128795115614519
0.2860558352946275	0.0130083066770666
0.2860743520028741	0.0131383897438374
0.2860928708858751	0.0132697736412758
0.2861113919766588	0.0134024713776885
0.2861299153087977	0.0135364960914653
0.2861484409166680	0.0136718610523800
0.2861669688357001	0.0138085796629040
0.2861854991026153	0.0139466654595331
0.2862040317556550	0.0140861321141286
0.2862225668347335	0.0142269934352696
0.2862411043814035	0.0143692633696222
0.2862596444388721	0.0145129560033186
0.2862781870520474	0.0146580855633517
0.2862967322676081	0.0148046664189850
0.2863152801326507	0.0149527130831748
0.2863338306928935	0.0151022402140064
0.2863523839519362	0.0152532626161466
0.2863709399130087	0.0154057952423079
0.2863894985841028	0.0155598531947311
0.2864080599778649	0.0157154517266783
0.2864266241114337	0.0158726062439449
0.2864451910063266	0.0160313323063846
0.2864637606883736	0.0161916456294484
0.2864823244112199	0.0163535620857430
0.2865008905064806	0.0165170977066006
0.2865194591248459	0.0166822686836668
0.2865380301401671	0.0168490913705035
0.2865566036233463	0.0170175822842084
0.2865751796470281	0.0171877581070506
0.2865937582854123	0.0173596356881211
0.2866123396102828	0.0175332320450021
0.2866309236917203	0.0177085643654520
0.2866495105987868	0.0178856500091067
0.2866681004001669	0.0180645065091977
0.2866866931647748	0.0182451515742895
0.2867052889623352	0.0184276030900322
0.2867238878635782	0.0186118791209328
0.2867424899404749	0.0187979979121419
0.2867610952664953	0.0189859778912632
0.2867797038830384	0.0191758376701757
0.2867983158082633	0.0193675960468774
0.2868169310691716	0.0195612720073463
0.2868355496964239	0.0197568847274198
0.2868541717246921	0.0199544535746938
0.2868727971910100	0.0201539981104409
0.2868914261331256	0.0203555380915452
0.2869100585989328	0.0205590934724608
0.2869286946409452	0.0207646844071856
0.2869473343165177	0.0209723312512577
0.2869659776880740	0.0211820545637702
0.2869846248230059	0.0213938751094078
0.2870032757935685	0.0216078138605019
0.2870219306716954	0.0218238919991069
0.2870405895296632	0.0220421309190978
0.2870592524409245	0.0222625522282889
0.2870779194808936	0.0224851777505718
0.2870965907276035	0.0227100295280776
0.2871152662005701	0.0229371298233584
0.2871339459164918	0.0231665011215923
0.2871526295924754	0.0233981661328085
0.2871713166148520	0.0236321477941365
0.2871900070866140	0.0238684692720782
0.2872087011162224	0.0241071539647991
0.2872273988122822	0.0243482255044468
0.2872461002837713	0.0245917077594916
0.2872648056407184	0.0248376248370867
0.2872835149948458	0.0250860010854577
0.2873022284602231	0.0253368610963121
0.2873209461539375	0.0255902297072754
0.2873396681967876	0.0258461320043480
0.2873583944142772	0.0261045933243911
0.2873771235346784	0.0263656392576352
0.2873958573582476	0.0266292956502116
0.2874145959389990	0.0268955886067139
0.2874333393234802	0.0271645444927811
0.2874520875680656	0.0274361899377091
0.2874708407392815	0.0277105518370864
0.2874895989135891	0.0279876573554569
0.2875083621772619	0.0282675339290117
0.2875271306263957	0.0285502092683014
0.2875459043616784	0.0288357113609842
0.2875646759367332	0.0291240684745940
0.2875834434388645	0.0294153091593399
0.2876022167993957	0.0297094622509330
0.2876209961077663	0.0300065568734426
0.2876397814608779	0.0303066224421773
0.2876585720976158	0.0306096886665986
0.2876773676787691	0.0309157855532649
0.2876961683303347	0.0312249434087978
0.2877149741566217	0.0315371928428858
0.2877337852716724	0.0318525647713145
0.2877526017951711	0.0321710904190272
0.2877714238532795	0.0324928013232172
0.2877902515795396	0.0328177293364498
0.2878090851157743	0.0331459066298139
0.2878279246126272	0.0334773656961125
0.2878467702297902	0.0338121393530739
0.2878656221300765	0.0341502607466041
0.2878844804780090	0.0344917633540700
0.2879033454358733	0.0348366809876105
0.2879222170598200	0.0351850477974864
0.2879410954242794	0.0355368982754611
0.2879599806215741	0.0358922672582159
0.2879788727617753	0.0362511899307980
0.2879977719692607	0.0366137018301064
0.2880166783765062	0.0369798388484072
0.2880355919859565	0.0373496372368912
0.2880545114240504	0.0377231336092602
0.2880734369526902	0.0381003649453531
0.2880923688368269	0.0384813685948063
0.2881113073461329	0.0388661822807544
0.2881302526668850	0.0392548441035616
0.2881492049478643	0.0396473925445978
0.2881681643491874	0.0400438664700435
0.2881871310432876	0.0404443051347441
0.2882061052160197	0.0408487481860912
0.2882250870678186	0.0412572356679524
0.2882440768141857	0.0416698080246316
0.2882630578222897	0.0420865061048776
0.2882820389910326	0.0425073711659262
0.2883010290311466	0.0429324448775856
0.2883200281310505	0.0433617693263614
0.2883390363546003	0.0437953870196255
0.2883580537947848	0.0442333408898222
0.2883770805348104	0.0446756742987209
0.2883961147456299	0.0451224310417082
0.2884151567107208	0.0455736553521255
0.2884342067181589	0.0460293919056467
0.2884532650635328	0.0464896858247028
0.2884723320521173	0.0469545826829499
0.2884914080004777	0.0474241285097798
0.2885104931616732	0.0478983697948781
0.2885295877099427	0.0483773534928265
0.2885486918385046	0.0488611270277554
0.2885678057616958	0.0493497382980325
0.2885869297158154	0.0498432356810124
0.2886060607981372	0.0503416680378232
0.2886252014994053	0.0508450847182014
0.2886443530152244	0.0513535355653832
0.2886635144878550	0.0518670709210370
0.2886826849647836	0.0523857416302472
0.2887018647364682	0.0529095990465499
0.2887210541171730	0.0534386950370152
0.2887402534465461	0.0539730819873848
0.2887594630837207	0.0545128128072586
0.2887786581907976	0.0550579409353317
0.2887978567641343	0.0556085203446847
0.2888170670823288	0.0561646055481317
0.2888362895051358	0.0567262516036137
0.2888555242203635	0.0572935141196494
0.2888747714406726	0.0578664492608466
0.2888940314090989	0.0584451137534546
0.2889133043984804	0.0590295648909898
0.2889325889671532	0.0596198605398996
0.2889518844891956	0.0602160591452994
0.2889711914809984	0.0608182197367528
0.2889905104706616	0.0614264019341211
0.2890098417795330	0.0620406659534632
0.2890291857469567	0.0626610726129974
0.2890485427470594	0.0632876833391283
0.2890679131912129	0.0639205601725190
0.2890872975225249	0.0645597657742443
0.2891066962032838	0.0652053634319874
0.2891261096068139	0.0658574170663078
0.2891455371892671	0.0665159912369713
0.2891649770479103	0.0671811511493411
0.2891844061839089	0.0678529626608351
0.2892038316484719	0.0685314922874435
0.2892232713429583	0.0692168072103179
0.2892427257952135	0.0699089752824203
0.2892621955614573	0.0706080650352438
0.2892816811679519	0.0713141456855963
0.2893011829574902	0.0720272871424525
0.2893207013309465	0.0727475600138771
0.2893402361837363	0.0734750356140167
0.2893597826760902	0.0742097859701567
0.2893793434725191	0.0749518838298573
0.2893989193508479	0.0757014026681550
0.2894185109900224	0.0764584166948364
0.2894381189168524	0.0772230008617837
0.2894577437033413	0.0779952308704023
0.2894773859716085	0.0787751831791053
0.2894970463971405	0.0795629350108963
0.2895167242438109	0.0803585643610055
0.2895363705760473	0.0811621500046164
0.2895560373886228	0.0819737715046614
0.2895757223368263	0.0827935092197073
0.2895954247892605	0.0836214443119034
0.2896151454918056	0.0844576587550225
0.2896348852420610	0.0853022353425727
0.2896546448710083	0.0861552576959987
0.2896744250488948	0.0870168102729593
0.2896942263507886	0.0878869783756885
0.2897140494385822	0.0887658481594449
0.2897338944489277	0.0896535066410403
0.2897537581674449	0.0905500417074512
0.2897736416689424	0.0914555421245251
0.2897935458590177	0.0923700975457694
0.2898134715228774	0.0932937985212276
0.2898333590431252	0.0942267365064389
0.2898532698942299	0.0951690038715034
0.2898732052636966	0.0961206939102196
0.2898931599643900	0.0970819008493221
0.2899131368816410	0.0980527198578154
0.2899331355798360	0.0990332470563938
0.2899531570434566	0.1000235795269586
0.2899732023205095	0.1010238153222280
0.2899932725304323	0.1020340534754500
0.2900133688129392	0.1030543940102040
0.2900334919776736	0.1040849379503061
0.2900536429277751	0.1051257873298105
0.2900738180123098	0.1061770452031080
0.2900939510595060	0.1072388156551381
0.2901141083523748	0.1083112038116884
0.2901342930158021	0.1093943158498040
0.2901545061277921	0.1104882590083011
0.2901747487007255	0.1115931415983832
0.2901950218607424	0.1127090730143663
0.2902153268548206	0.1138361637445099
0.2902356587203079	0.1149745253819561
0.2902560189042522	0.1161242706357758
0.2902764086838843	0.1172855133421320
0.2902968294508318	0.1184583684755526
0.2903172476014877	0.1196429521603074
0.2903376406376220	0.1208393816819089
0.2903580692293143	0.1220477754987294
0.2903785310461115	0.1232682532537182
0.2903990241598886	0.1245009357862544
0.2904195501755700	0.1257459451441160
0.2904401108377606	0.1270034045955559
0.2904607077944755	0.1282734386415126
0.2904813423735130	0.1295561730279259
0.2905020131884662	0.1308517347582043
0.2905227175191230	0.1321602521057860
0.2905433730762134	0.1334818546268443
0.2905640601008321	0.1348166731731126
0.2905847865745579	0.1361648399048419
0.2906055540485851	0.1375264883038903
0.2906263642640248	0.1389017531869298
0.2906472138584643	0.1402907707187988
0.2906680973453522	0.1416936784259877
0.2906890115290133	0.1431106152102477
0.2907099681651542	0.1445417213623482
0.2907309208485623	0.1459871385759717
0.2907518629837442	0.1474470099617310
0.2907728526926055	0.1489214800613483
0.2907938846696886	0.1504106948619617
0.2908149610621104	0.1519148018105816
0.2908360842159087	0.1534339498286861
0.2908572567052935	0.1549682893269725
0.2908784807598673	0.1565179722202441
0.2908997497992531	0.1580831519424448
0.2909209775697138	0.1596639834618685
0.2909422295428052	0.1612606232964871
0.2909635338822512	0.1628732295294517
0.2909848776425897	0.1645019618247456
0.2910062764967729	0.1661469814429944
0.2910277253979540	0.1678084512574249
0.2910492268594517	0.1694865357699973
0.2910707843216128	0.1711814011276961
0.2910923017721728	0.1728932151389750
0.2911138487401242	0.1746221472903635
0.2911354583552968	0.1763683687632659
0.2911571240910184	0.1781320524509000
0.2911788497301828	0.1799133729754111
0.2912006386278557	0.1817125067051654
0.2912224940389523	0.1835296317722186
0.2912443563601818	0.1853649280899392
0.2912661768864344	0.1872185773708406
0.2912880617190523	0.1890907631445468
0.2913100147552662	0.1909816707759915
0.2913320395325478	0.1928914874837495
0.2913541374573317	0.1948204023585874
0.2913763018405590	0.1967686063821733
0.2913984846522724	0.1987362924459931
0.2914206384009048	0.2007236553704549
0.2914428707595582	0.2027308919241572
0.2914651861514152	0.2047582008434010
0.2914875593722699	0.2068057828518350
0.2915100001965349	0.2088738406803525
0.2915325231889836	0.2109625790871571
0.2915549896000476	0.2130722048780264
0.2915775146477556	0.2152029269268049
0.2916001219964441	0.2173549561960716
0.2916228151396170	0.2195285057580337
0.2916455992590218	0.2217237908156166
0.2916684800740349	0.2239410287237741
0.2916913254395495	0.2261804390110105
0.2917141713805569	0.2284422434011209
0.2917371121596839	0.2307266658351293
0.2917601537481673	0.2330339324934814
0.2917833007402562	0.2353642718184189
0.2918065430555648	0.2377179145366042
0.2918297202522240	0.2400950936819703
0.2918529683786392	0.2424960446187882
0.2918763298085228	0.2449210050649750
0.2918997926740952	0.2473702151156232
0.2919233394580087	0.2498439172667773
0.2919469359913768	0.2523423564394447
0.2919704935159151	0.2548657800038389
0.2919941784019737	0.2574144378038746
0.2920179812384628	0.2599885821819103
0.2920419064357488	0.2625884680037275
0.2920659531665469	0.2652143526837619
0.2920898764566395	0.2678664962105975
0.2921139180596550	0.2705451611727062
0.2921380892013088	0.2732506127844317
0.2921623996824229	0.2759831189122750
0.2921868493694618	0.2787429501013984
0.2922111913842903	0.2815303796024120
0.2922356753550592	0.2843456833984349
0.2922602942627622	0.2871891402324199
0.2922850425170778	0.2900610316347410
0.2923098868571056	0.2929616419510909
0.2923346681062973	0.2958912583706009
0.2923596102932369	0.2988501709543041
0.2923847261833314	0.3018386726638483
0.2924100169838342	0.3048570593904887
0.2924352562891577	0.3079056299843933
0.2924605371768227	0.3109846862842366
0.2924860062036888	0.3140945331470792
0.2925116699541375	0.3172354784785487
0.2925374673208892	0.3204078332633370
0.2925631803429090	0.3236119115959691
0.2925890550753189	0.3268480307119260
0.2926151289099507	0.3301165110190427
0.2926414035109302	0.3334176761292298
0.2926675778706835	0.3367518528905196
0.2926939361641499	0.3401193714194233
0.2927205241361149	0.3435205651336173
0.2927472739601287	0.3469557707849510
0.2927739656501133	0.3504253284927998
0.2928008158866952	0.3539295817777263
0.2928279256846412	0.3574688775955014
0.2928552805983418	0.3610435663714535
0.2928825001128670	0.3646540020351655
0.2929099015190187	0.3683005420555180
0.2929375856970430	0.3719835474760728
0.2929655434396161	0.3757033829508351
0.2929933672207491	0.3794604167803434
0.2930213916613881	0.3832550209481477
0.2930497225602997	0.3870875711576293
0.2930782515033616	0.3909584468692039
0.2931067293116787	0.3948680313378934
0.2931355154404973	0.3988167116512759
0.2931645771253174	0.4028048787677891
0.2931936667955852	0.4068329275554647
0.2932229159839990	0.4109012568310187
0.2932525456910056	0.4150102693993259
0.2932823811432370	0.4191603720933179
0.2933121031230616	0.4233519758142485
0.2933422351834356	0.4275854955723931
0.2933727856774124	0.4318613505281152
0.2934032191358880	0.4361799640333925
0.2934338983529967	0.4405417636737257
0.2934650489439684	0.4449471813104637
0.2934963889181931	0.4493966531235684
0.2935276869382116	0.4538906196548058
0.2935594757344029	0.4584295258513509
0.2935916882421232	0.4630138211098661
0.2936237462149012	0.4676439593209653
0.2936562543417780	0.4723203989141712
0.2936893388917330	0.4770436029033130
0.2937222402933884	0.4818140389323461
0.2937555604121809	0.4866321793216729
0.2937894920930771	0.4914985011148932
0.2938233351927650	0.4964134861260404
0.2938576224790440	0.5013776209872999
0.2938925160788098	0.5063913971971739
0.2939273452148482	0.5114553111691481
0.2939626664087550	0.5165698642808360
0.2939986539265619	0.5217355629236448
0.2940345331097359	0.5269529185528824
0.2940709970203979	0.5322224477384113
0.2941081928091825	0.5375446722157918
0.2941452459784488	0.5429201189379534
0.2941829795169372	0.5483493201273369
0.2942213837435239	0.5538328133286069
0.2942598558579183	0.5593711414618936
0.2942990265448115	0.5649648528765143
0.2943387393957242	0.5706145014052757
0.2943786965292450	0.5763206464193257
0.2944195999027085	0.5820838528835171
0.2944607405418312	0.5879046914123490
0.2945023922886936	0.5937837383264696
0.2945452747406461	0.5997215757097312
0.2945878977401361	0.6057187914668249
0.2946316328365105	0.6117759793814942
0.2946762169506726	0.6178937391753087
0.2947209247697290	0.6240726765670642
0.2947672050653787	0.6303134033327356
0.2948133525445039	0.6366165373660656
0.2948608020608884	0.6429827027397241
0.2949092946745425	0.6494125297671198
0.2949579863297332	0.6559066550647875
0.2950084212204299	0.6624657216154315
0.2950590858703315	0.6690903788315877
0.2951111563891450	0.6757812826199000
0.2951645998780987	0.6825390954460975
0.2952183032674315	0.6893644864005597
0.2952745196546201	0.6962581312645674
0.2953305677851248	0.7032207125772110
0.2953887786133251	0.7102529197029835
0.2954482214374161	0.7173554489000167
0.2955091189099054	0.7245290033890136
0.2955723419188634	0.7317742934229038
0.2956356122298116	0.7390920363571309
0.2957024851770755	0.7464829567207030
0.2957698503314993	0.7539477862879105
0.2958402905198205	0.7614872641507897
0.2959125448454887	0.7691021367922980
0.2959869338917032	0.7767931581602198
0.2960654742639808	0.7845610897418211
0.2961440137314807	0.7924067006392382
0.2962291237933289	0.8003307676456277
0.2963140546810166	0.8083340753220819
0.2964051742587901	0.8164174160753016
0.2964986411376535	0.8245815902360530
0.2965978219865154	0.8328274061384124
0.2967010262821423	0.8411556801997951
0.2968095349627963	0.8495672370017933
0.2969264267360102	0.8580629093718106
0.2970455773990323	0.8666435384655270
0.2971791896053639	0.8753099738501838
0.2973136052784439	0.8840630735886844
0.2974643612390254	0.8929037043245692
0.2976267166647838	0.9018327413678138
0.2977995429022176	0.9108510687814927
0.2979960063206814	0.9199595794693085
0.2982141658880328	0.9291591752640002
0.2984636458672666	0.9384507670166404
0.2987451788449025	0.9466951101804607
0.2990491084180364	0.9550127020364613
0.2993764338317341	0.9645628290568253
0.2998076735767692	0.9765259026507959
0.2999463539948849	0.9823678243424205
0.3000926379375205	0.9794031833585586
0.3001681216485224	0.9737542459285233
0.3005885088949597	0.9841686279027350
0.3007333089614576	0.9879556945444468
0.3010513821422397	0.9902136248095964
0.3019475835831214	0.9844523077584421
0.3025048847847925	0.9947747431786008
0.3030040010164866	0.9957662870093076
0.3054513206495797	0.9982926264526422
0.3077907899360950	0.9991357736465709
0.3092069178893546	0.9995366861509546
0.3128677686704292	0.9997005690299815
0.3144007539670919	0.9998245333426123
0.3145527516148489	0.9999284985464905
0.3195248969124666	0.9999712839264185
0.3207615654461188	0.9999857091321860
0.3289477188945832	0.9999937440398224
0.3329723696975908	0.9999981204256597
0.3374524804846415	0.9999991764613642
0.3439464342794411	0.9999997591366073
0.3477067128080346	0.9999998917737171
0.3539469575288752	0.9999999682405522
0.3569401245351143	0.9999999856098125
0.3633785458729219	0.9999999957639818
0.3662268559548599	0.9999999980646521
0.3727185359062395	0.9999999994249078
0.3752522986526021	0.9999999997361023
0.3817937332156042	0.9999999999210698
0.3842500722598506	0.9999999999637613
0.3909091059407201	0.9999999999891328
0.3934661158736125	0.9999999999950150
0.4001890713759570	0.9999999999985044
0.4028746676821588	0.9999999999993147
0.4096087932020430	0.9999999999997945
0.4123966066288441	0.9999999999999061
0.4191264019049900	0.9999999999999720
0.4219571395397668	0.9999999999999869
0.4285270955699996	0.9999999999999962
0.4314605946377436	0.9999999999999982
0.4385145235045756	0.9999999999999996
0.4398899881885905	0.9999999999999997
0.4402557427326931	1.0000363565929726
0.4402557427327236	1.0000403861147802
0.4512064934013919	1.0000415757258256
0.4551347542827212	1.0000418166786558
0.4620730147066306	1.0000425698933584
0.4627540436330609	1.0000426750815159
0.4904821479837715	1.0000427084669425
0.4904963047190089	1.0000427129254432
0.5109251539439906	1.0000427137256642
0.5260557734783812	1.0000427137433197
0.6098830328679581	1.0011808359939365
0.6142173153639149	1.0003417432815516
0.6228037782576374	1.0001122649741958
0.6343239526189018	1.0000349600549727
0.6370645834059532	1.0000158493883138
0.6478404295123645	1.0000092604036830
0.6509286752460631	1.0000077044297522
0.6619436604867260	1.0000071732072806
0.6646293138188444	1.0000070485536010
0.6662681415806895	1.0000052537789792
0.6687953075623431	1.0000047918009907
0.6894736664575964	1.0000045776406794
0.6969121419336085	1.0000045499583574
0.7070004131241855	1.0000023595548166
0.7121921311414754	1.0000017535898065
0.7236748867420258	1.0000016752592893
0.7287947915532641	1.0000015027265770
0.7397548850812983	0.9999955613138668
0.7423182218877649	0.9999947932155798
0.7664844851827664	0.9999942091162710
0.7763077513547496	0.9999795817546107
0.8160418546858068	0.9999353024194847
0.8363981951355925	0.9978059286219328
0.8394695465930416	0.9999568746140336
0.8738626938037806	0.9999844164273680
1.0324506120528991	0.9999933068288532
1.0542827389961478	0.9999934805139091
1.0737736302616345	0.9999934835065807
1.0829653504449903	0.9999934844314394
1.0935858869739863	0.9999934845524819
1.0991572882987368	0.9999934845871434
1.1077159723880408	0.9999934845946896
1.1116956840778851	0.9999934845967665
1.1234462282453077	0.9999934845971774
1.1266042252552915	0.9999934845973214
1.1320216338337092	0.9999934845973594
1.1363133880518426	0.9999934845973728
1.1468232609611704	0.9999934845973764
1.1565323756600392	0.9999934845973771
1.1701140031831212	0.9999934845973772
1.1707880137566620	0.9999934845973772
2.6087310859272512	1.0301932878322180
2.6088526203321294	1.0014038727247623
2.6096496549087465	0.9997580816304935
2.6351049879172592	0.9999898609297223
2.6924799905022359	0.9999719792460953
2.7575484144703593	0.9999880332180626
2.9959345416485696	0.9999979612708001
3.0363205659983881	0.9999992497707481
3.2659357508749221	0.9999994458482949
3.3554776335522170	0.9999998674493380
3.3828251496738320	0.9999998736868291
3.6567339528373877	0.9999998838679811
3.6817108652686712	0.9999998840186168
3.9266675334330032	0.9999998842363381
