0.0000000000000000	0.0000000000000000
0.2840448705054969	0.0000300000000000
0.2842688190632116	0.0000105674657427
0.2844608168097789	0.0000172043439042
0.2852360812767664	0.0000161917822957
0.2854204824467003	0.0000252909063540
0.2860041268393564	0.0000193657537479
0.2865228451217543	0.0000339338772111
0.2865528890226336	0.0000298303482149
0.2870280138826900	0.0000442079234956
0.2870414805210219	0.0000382003353497
0.2873717077138000	0.0000466873831239
0.2877820045690445	0.0000566873831239
0.2877891215086738	0.0000541459776635
0.2880060930089167	0.0000623959433188
0.2882786052941631	0.0000723959433188
0.2885595075047381	0.0000822309168930
0.2888026405380838	0.0000922309168930
0.2890388772929935	0.0001022309168930
0.2892334378963329	0.0001122309168930
0.2894146828804782	0.0001222309168930
0.2895705813624597	0.0001322309168930
0.2897152681905507	0.0001422309168930
0.2898495144790222	0.0001522309168930
0.2899771160943732	0.0001622309168930
0.2900941074230162	0.0001722309168930
0.2902050419051542	0.0001822309168930
0.2903089555581565	0.0001922309168930
0.2904082172645506	0.0002022309168930
0.2905015999309632	0.0002122309168930
0.2905902849397634	0.0002222309168930
0.2906751951090504	0.0002322309168930
0.2907558705154877	0.0002422309168930
0.2908335450285000	0.0002522309168930
0.2909072428783543	0.0002622309168930
0.2909790469783693	0.0002722309168930
0.2910471364215805	0.0002822309168930
0.2911138911280430	0.0002922309168930
0.2911770887134091	0.0003022309168930
0.2912394345228255	0.0003122309168930
0.2912983711810305	0.0003222309168930
0.2913568616487230	0.0003322309168930
0.2914121015008481	0.0003422309168930
0.2914670256357761	0.0003522309168930
0.2915191842130212	0.0003622309168930
0.2915709196734109	0.0003722309168930
0.2916203650485807	0.0003822309168929
0.2916692095476480	0.0003922309168929
0.2917161198786066	0.0004022309168930
0.2917624056685003	0.0004122309168930
0.2918071288578868	0.0004222309168930
0.2918511126489693	0.0004322309168930
0.2918938416308052	0.0004422309168930
0.2919357970790562	0.0004522309168930
0.2919766920761893	0.0004622309168930
0.2920167277048899	0.0004722309168930
0.2920559461237144	0.0004822309168930
0.2920942961011853	0.0004922309168930
0.2921319623792260	0.0005022309168930
0.2921687032962833	0.0005122309168930
0.2922049402782494	0.0005222309168930
0.2922402649461320	0.0005322309168930
0.2922751345812121	0.0005422309168930
0.2923090001655540	0.0005522309168930
0.2923426052601464	0.0005622309168930
0.2923752796334632	0.0005722309168930
0.2924077782038431	0.0005822309168930
0.2924392919258081	0.0005922309168930
0.2924706231975053	0.0006022309168930
0.2925010535020124	0.0006122309168930
0.2925314231055826	0.0006222309168930
0.2925608134786481	0.0006322309168930
0.2925901804741740	0.0006422309168930
0.2926187323111403	0.0006522309168930
0.2926471162038627	0.0006622309168930
0.2926748682597851	0.0006722309168930
0.2927023679431679	0.0006822309168930
0.2927293313655828	0.0006922309168930
0.2927560199871752	0.0007022309168930
0.2927822123342965	0.0007122309168930
0.2928081878429725	0.0007222309168930
0.2928336311556023	0.0007322309168930
0.2928588513697847	0.0007422309168930
0.2928836934689796	0.0007522309168930
0.2929081520832121	0.0007622309168930
0.2929324075430872	0.0007722309168930
0.2929562500329699	0.0007822309168930
0.2929798199001604	0.0007922309168930
0.2930030548878723	0.0008022309168930
0.2930261575090385	0.0008122309168930
0.2930487510592965	0.0008222309168930
0.2930712176573528	0.0008322309168930
0.2930932961865471	0.0008422309168930
0.2931153072074851	0.0008522309168930
0.2931369023019698	0.0008622309168930
0.2931583366512273	0.0008722309168930
0.2931793465738572	0.0008822309168930
0.2932003342014847	0.0008922309168930
0.2932209040176058	0.0009022309168930
0.2932414311940785	0.0009122309168930
0.2932615823482461	0.0009222309168930
0.2932816632492238	0.0009322309168930
0.2933014032539712	0.0009422309168930
0.2933210157167064	0.0009522309168930
0.2933403169106572	0.0009622309168930
0.2933595027798431	0.0009722309168930
0.2933784293740445	0.0009822309168930
0.2933972165477027	0.0009922309168930
0.2934157801751597	0.0010022309168930
0.2934341899215915	0.0010122532260620
0.2934524439451822	0.0010223757583226
0.2934707031253029	0.0010325995159058
0.2934889811451589	0.0010429255110649
0.2935072357871673	0.0010533547661755
0.2935255429586185	0.0010638883138373
0.2935437802344048	0.0010745271969757
0.2935621218329326	0.0010852724689454
0.2935803463636162	0.0010961251936349
0.2935986754697092	0.0011070864455712
0.2936169276975921	0.0011181573100269
0.2936352325126578	0.0011293388831272
0.2936535344887989	0.0011406322719585
0.2936718063525995	0.0011520385946781
0.2936901625375232	0.0011635589806248
0.2937084070672448	0.0011751945704311
0.2937267271747072	0.0011869465161354
0.2937450326313296	0.0011988159812967
0.2937633189309904	0.0012108041411097
0.2937816687575002	0.0012229121825208
0.2937999407914183	0.0012351413043460
0.2938182525010707	0.0012474927173895
0.2938366008702245	0.0012599676445634
0.2938548727761178	0.0012725673210090
0.2938731971007489	0.0012852929942191
0.2938915368852272	0.0012981459241613
0.2939098204869579	0.0013111273834029
0.2939281477955331	0.0013242386572369
0.2939464942405231	0.0013374810438093
0.2939647811265866	0.0013508558542474
0.2939831044348541	0.0013643644127899
0.2940014592933769	0.0013780080569178
0.2940197561181663	0.0013917881374870
0.2940380706721302	0.0014057060188618
0.2940564118940689	0.0014197630790504
0.2940747502549089	0.0014339607098409
0.2940930533046296	0.0014483003169393
0.2941113790766224	0.0014627833201087
0.2941297239325980	0.0014774111533098
0.2941480615629945	0.0014921852648429
0.2941663715216334	0.0015071071174913
0.2941846974982953	0.0015221781886662
0.2942030383579997	0.0015373999705529
0.2942213904846996	0.0015527739702584
0.2942397102131930	0.0015683017099610
0.2942580320054327	0.0015839847270606
0.2942763634418196	0.0015998245743312
0.2942947046114295	0.0016158228200745
0.2943130520020757	0.0016319810482753
0.2943313964011043	0.0016483008587581
0.2943497197263800	0.0016647838673457
0.2943680487230385	0.0016814317060191
0.2943863843916555	0.0016982460230793
0.2944047233637674	0.0017152284833101
0.2944230668816095	0.0017323807681432
0.2944414121011340	0.0017497045758247
0.2944597600295942	0.0017672016215829
0.2944781084718486	0.0017848736377987
0.2944964419603949	0.0018027223741767
0.2945147783341103	0.0018207495979185
0.2945331163421704	0.0018389570938977
0.2945514565648997	0.0018573466648366
0.2945697978172977	0.0018759201314850
0.2945881405847435	0.0018946793327998
0.2946064840356957	0.0019136261261278
0.2946248284694114	0.0019327623873891
0.2946431734791913	0.0019520900112630
0.2946615186424694	0.0019716109113757
0.2946798634596650	0.0019913270204894
0.2946982079706423	0.0020112402906943
0.2947165524267306	0.0020313526936013
0.2947348965760920	0.0020516662205373
0.2947532409946477	0.0020721828827427
0.2947715849717031	0.0020929047115701
0.2947899295813472	0.0021138337586858
0.2948082736376517	0.0021349720962727
0.2948266181463158	0.0021563218172354
0.2948449624960592	0.0021778850354078
0.2948633070752454	0.0021996638857618
0.2948816519897089	0.0022216605246194
0.2948999968433802	0.0022438771298657
0.2949183424418951	0.0022663159011643
0.2949366878304638	0.0022889790601759
0.2949550336202549	0.0023118688507777
0.2949733798211577	0.0023349875392854
0.2949917260958441	0.0023583374146783
0.2950100730481934	0.0023819207888251
0.2950284201133501	0.0024057399967133
0.2950467674946165	0.0024297973966805
0.2950651156914078	0.0024540953706473
0.2950834638553986	0.0024786363243538
0.2951018124531183	0.0025034226875973
0.2951201618240016	0.0025284569144733
0.2951385112457137	0.0025537414836180
0.2951568611284229	0.0025792788984541
0.2951752118213282	0.0026050716874387
0.2951935626301513	0.0026311224043130
0.2952119138601211	0.0026574336283562
0.2952302658083031	0.0026840079646397
0.2952486181495389	0.0027108480442861
0.2952669708268429	0.0027379565247290
0.2952853240971104	0.0027653360899763
0.2953036781582677	0.0027929894508760
0.2953220324386301	0.0028209193453848
0.2953403871652819	0.0028491285388386
0.2953587425110982	0.0028776198242270
0.2953770986346473	0.0029063960224693
0.2953954550653676	0.0029354599826940
0.2954138119379661	0.0029648145825210
0.2954321693986433	0.0029944627283462
0.2954505275451728	0.0030244073556296
0.2954688863331258	0.0030546514291859
0.2954872446315185	0.0030851979434777
0.2955056025786422	0.0031160499229124
0.2955239611540486	0.0031472104221415
0.2955423204117960	0.0031786825263630
0.2955606804125501	0.0032104693516266
0.2955790410406552	0.0032425740451429
0.2955974021659543	0.0032749997855944
0.2956157638558845	0.0033077497834503
0.2956341261493529	0.0033408272812849
0.2956524890882520	0.0033742355540977
0.2956708526937442	0.0034079779096387
0.2956892169899816	0.0034420576887351
0.2957075819856994	0.0034764782656224
0.2957259476911122	0.0035112430482787
0.2957443141070709	0.0035463554787615
0.2957626811301472	0.0035818190335491
0.2957810487663028	0.0036176372238846
0.2957994170252930	0.0036538135961234
0.2958177859161025	0.0036903517320847
0.2958361554463653	0.0037272552494056
0.2958545256223320	0.0037645278018996
0.2958728964517267	0.0038021730799185
0.2958912679283388	0.0038401948107178
0.2959096400487667	0.0038785967588249
0.2959280128058432	0.0039173827264132
0.2959463861997376	0.0039565565536773
0.2959647602235170	0.0039961221192141
0.2959831348813434	0.0040360833404062
0.2960015101664183	0.0040764441738104
0.2960198860832059	0.0041172086155484
0.2960382626286487	0.0041583807017038
0.2960566398062198	0.0041999645087208
0.2960750176182322	0.0042419641538081
0.2960933960666036	0.0042843837953462
0.2961117751592981	0.0043272276332997
0.2961301548965629	0.0043704999096327
0.2961485352868931	0.0044142049087290
0.2961669163343986	0.0044583469578163
0.2961852980453974	0.0045029304273945
0.2962036804308938	0.0045479597316685
0.2962220634947746	0.0045934393289852
0.2962404472474005	0.0046393737222751
0.2962588316980236	0.0046857674594979
0.2962772167035253	0.0047326251340928
0.2962956022421764	0.0047799513854338
0.2963139883343482	0.0048277508992881
0.2963323750003030	0.0048760284082809
0.2963507622636716	0.0049247886923638
0.2963691501428820	0.0049740365792875
0.2963875386567731	0.0050237769450803
0.2964059278270512	0.0050740147145311
0.2964243176720863	0.0051247548616764
0.2964427082091697	0.0051760024102931
0.2964610994581084	0.0052277624343960
0.2964794914390147	0.0052800400587400
0.2964978841676373	0.0053328404593273
0.2965162776620353	0.0053861688639207
0.2965346719423446	0.0054400305525599
0.2965530670264572	0.0054944308580856
0.2965714629308098	0.0055493751666665
0.2965898596738850	0.0056048689183331
0.2966082572754877	0.0056609176075164
0.2966266557543265	0.0057175267835915
0.2966450551258475	0.0057747020514274
0.2966634554056280	0.0058324490719417
0.2966818566094981	0.0058907735626612
0.2967002587531957	0.0059496812982879
0.2967186618500630	0.0060091781112708
0.2967370659120260	0.0060692698923836
0.2967554709514483	0.0061299625913074
0.2967738769811953	0.0061912622172206
0.2967922840144274	0.0062531748393927
0.2968106920646638	0.0063157065877867
0.2968291011445982	0.0063788636536646
0.2968475112658542	0.0064426522902013
0.2968659224408502	0.0065070788131033
0.2968843346826878	0.0065721496012343
0.2969027480051552	0.0066378710972466
0.2969211624226585	0.0067042498082190
0.2969395779501116	0.0067712923063013
0.2969579946028382	0.0068390052293642
0.2969764123964996	0.0069073952816578
0.2969948313470801	0.0069764692344743
0.2970132514708438	0.0070462339268191
0.2970316727843781	0.0071166962660873
0.2970500952874761	0.0071878632287481
0.2970685189767121	0.0072597418610356
0.2970869438515059	0.0073323392796460
0.2971053699138927	0.0074056626724424
0.2971237971682925	0.0074797192991668
0.2971422256212696	0.0075545164921586
0.2971606552815099	0.0076300616570802
0.2971790861588030	0.0077063622736509
0.2971975182631877	0.0077834258963874
0.2972159516050368	0.0078612601553513
0.2972343861951713	0.0079398727569048
0.2972528220448677	0.0080192714844738
0.2972712591659360	0.0080994641993186
0.2972896975707505	0.0081804588413117
0.2973081372723618	0.0082622634297247
0.2973265782844732	0.0083448860640220
0.2973450206215830	0.0084283349246621
0.2973634642989994	0.0085126182739087
0.2973819093329223	0.0085977444566477
0.2974003557405305	0.0086837219012142
0.2974188035399708	0.0087705591202264
0.2974372527504747	0.0088582647114287
0.2974557033923242	0.0089468473585431
0.2974741554867543	0.0090363158321286
0.2974926090559452	0.0091266789904498
0.2975110641229232	0.0092179457803543
0.2975295207115685	0.0093101252381577
0.2975479788466510	0.0094032264905394
0.2975664385537657	0.0094972587554449
0.2975848998589739	0.0095922313429992
0.2976033627871092	0.0096881536564291
0.2976218273621013	0.0097850351929934
0.2976402936073572	0.0098828855449234
0.2976587615461084	0.0099817144003725
0.2976772312016288	0.0100815315443764
0.2976957025973150	0.0101823468598202
0.2977141757568105	0.0102841703284185
0.2977326507041276	0.0103870120317025
0.2977511274637164	0.0104908821520196
0.2977696060606179	0.0105957909735398
0.2977880865132542	0.0107017488832752
0.2978065688157162	0.0108087663721081
0.2978250526864163	0.0109168540358292
0.2978435378743268	0.0110260225761874
0.2978620249126985	0.0111362828019493
0.2978805138128597	0.0112476456299686
0.2978990045895777	0.0113601220862684
0.2979174968841327	0.0114737233071309
0.2979359906497775	0.0115884605402021
0.2979544859364632	0.0117043451456039
0.2979729827921573	0.0118213885970599
0.2979914812631658	0.0119396024830306
0.2980099813945514	0.0120589985078609
0.2980284832305278	0.0121795884929395
0.2980469868148323	0.0123013843778688
0.2980654921910710	0.0124243982216475
0.2980839994030323	0.0125486422038640
0.2981025084947613	0.0126741286259025
0.2981210195106437	0.0128008699121615
0.2981395324930192	0.0129288786112831
0.2981580474853294	0.0130581673973961
0.2981765645338583	0.0131887490713701
0.2981950836857553	0.0133206365620838
0.2982136049891865	0.0134538429277047
0.2982321284934937	0.0135883813569816
0.2982506542474039	0.0137242651705514
0.2982691822979880	0.0138615078222568
0.2982877126910792	0.0140001229004794
0.2983062454716853	0.0141401241294841
0.2983247806843801	0.0142815253707792
0.2983433183546299	0.0144243406244870
0.2983618584848237	0.0145685840307317
0.2983804010825361	0.0147142698710392
0.2983989461604219	0.0148614125697497
0.2984174937361333	0.0150100266954471
0.2984360438320555	0.0151601269624013
0.2984545964750139	0.0153117282320255
0.2984731516960500	0.0154648455143459
0.2984917095302609	0.0156194939694893
0.2985102700163124	0.0157756889091840
0.2985288290980296	0.0159334457982759
0.2985473859440977	0.0160927802562585
0.2985659457084565	0.0162537080588211
0.2985845084187799	0.0164162451394091
0.2986030741051329	0.0165804075908030
0.2986216428000567	0.0167462116667111
0.2986402145386982	0.0169136737833780
0.2986587893589641	0.0170828105212120
0.2986773673016864	0.0172536386264242
0.2986959484108038	0.0174261750126886
0.2987145327335605	0.0176004367628152
0.2987331203204986	0.0177764411304436
0.2987517112243863	0.0179542055417481
0.2987703054940442	0.0181337475971657
0.2987889028467068	0.0183150850731375
0.2988075028357414	0.0184982359238692
0.2988261055140170	0.0186832182831080
0.2988447109368280	0.0188700504659389
0.2988633191622295	0.0190587509705982
0.2988819302513787	0.0192493384803040
0.2989005442687786	0.0194418318651072
0.2989191612822269	0.0196362501837584
0.2989377813628361	0.0198326126855959
0.2989564045851196	0.0200309388124518
0.2989750310271302	0.0202312482005766
0.2989936607675657	0.0204335606825825
0.2990122938843314	0.0206378962894081
0.2990309304554251	0.0208442752523018
0.2990495705594119	0.0210527180048250
0.2990682142759318	0.0212632451848733
0.2990868616862203	0.0214758776367221
0.2991055128736238	0.0216906364130890
0.2991241679241153	0.0219075427772200
0.2991428268759108	0.0221266182049921
0.2991614897538926	0.0223478843870417
0.2991801565935935	0.0225713632309119
0.2991988274354363	0.0227970768632212
0.2992175023246636	0.0230250476318533
0.2992361813117624	0.0232552981081718
0.2992548644529006	0.0234878510892535
0.2992735518103550	0.0237227296001459
0.2992922434524637	0.0239599568961476
0.2993109394536592	0.0241995564651087
0.2993296398945813	0.0244415520297599
0.2993483448616244	0.0246859675500577
0.2993670544414969	0.0249328272255585
0.2993857681137356	0.0251821554978142
0.2994044855140072	0.0254339770527925
0.2994232068020359	0.0256883168233203
0.2994419321270702	0.0259451999915537
0.2994606615607275	0.0262046519914696
0.2994793951832688	0.0264666985113843
0.2994981330837138	0.0267313654964978
0.2995168753600013	0.0269986791514627
0.2995356221186852	0.0272686659429777
0.2995543734680751	0.0275413526024078
0.2995731295188405	0.0278167661284319
0.2995918903849759	0.0280949337897166
0.2996106561847351	0.0283758831276137
0.2996294264901301	0.0286596419588901
0.2996481856999416	0.0289462383784793
0.2996669504573714	0.0292357007622637
0.2996857208731263	0.0295280577698868
0.2997044970629058	0.0298233383475858
0.2997232790805816	0.0301215717310613
0.2997420669546333	0.0304227874483717
0.2997608607265999	0.0307270153228554
0.2997796604511610	0.0310342854760840
0.2997984661960464	0.0313446283308451
0.2998172780420803	0.0316580746141531
0.2998360960833249	0.0319746553602947
0.2998549199175680	0.0322944019138979
0.2998737487572630	0.0326173459330372
0.2998925828052204	0.0329435193923681
0.2999114222631748	0.0332729545862921
0.2999302673333650	0.0336056841321550
0.2999491182200831	0.0339417409734767
0.2999679750501650	0.0342811583832115
0.2999868379262616	0.0346239699670441
0.3000057069679092	0.0349702096667146
0.3000245804609050	0.0353199117633818
0.3000434594693625	0.0356731108810159
0.3000623450277417	0.0360298419898258
0.3000812372926332	0.0363901404097242
0.3001001364310078	0.0367540418138211
0.3001190426207643	0.0371215822319596
0.3001379560464922	0.0374927980542794
0.3001568768954159	0.0378677260348225
0.3001758052335458	0.0382464032951702
0.3001947411453741	0.0386288673281221
0.3002136847346040	0.0390151560014034
0.3002326346563106	0.0394053075614172
0.3002515908925050	0.0397993606370312
0.3002705536920264	0.0401973542434013
0.3002895233086418	0.0405993277858351
0.3003084999983434	0.0410053210636935
0.3003274840212046	0.0414153742743303
0.3003464526475852	0.0418295280170733
0.3003654279028446	0.0422478232972440
0.3003844114794680	0.0426703015302160
0.3004034034818637	0.0430970045455178
0.3004224040425310	0.0435279745909730
0.3004414133090333	0.0439632543368832
0.3004604314452707	0.0444028868802525
0.3004794586328182	0.0448469157490552
0.3004984950723587	0.0452953849065460
0.3005175409839966	0.0457483387556111
0.3005365965988254	0.0462058221431673
0.3005556608786830	0.0466678803645995
0.3005747331808895	0.0471345591682451
0.3005938137355180	0.0476059047599278
0.3006129027914380	0.0480819638075266
0.3006320006174530	0.0485627834456016
0.3006511075029333	0.0490484112800577
0.3006702237497280	0.0495388953928586
0.3006893496685467	0.0500342843467876
0.3007084855821252	0.0505346271902559
0.3007276317785923	0.0510399734621582
0.3007467884280162	0.0515503731967803
0.3007659557365280	0.0520658769287481
0.3007851339340413	0.0525865356980355
0.3008043232724075	0.0531124010550162
0.3008235230201771	0.0536435250655667
0.3008427320482768	0.0541799603162230
0.3008619219571641	0.0547217599193855
0.3008811191342308	0.0552689775185794
0.3009003271821760	0.0558216672937644
0.3009195463919788	0.0563798839667024
0.3009387770142988	0.0569436828063699
0.3009580193293844	0.0575131196344341
0.3009772736484335	0.0580882508307790
0.3009965403153475	0.0586691333390870
0.3010158160678975	0.0592558246724787
0.3010351035728528	0.0598483829192042
0.3010544043610026	0.0604468667483957
0.3010737185507005	0.0610513354158790
0.3010930437061388	0.0616618487700372
0.3011123802793509	0.0622784672577371
0.3011317287485303	0.0629012519303137
0.3011510896072007	0.0635302644496168
0.3011704633680778	0.0641655670941131
0.3011898505671037	0.0648072227650536
0.3012092515190349	0.0654552949927050
0.3012286665807402	0.0661098479426315
0.3012480961420365	0.0667709464220583
0.3012675176805675	0.0674386558862797
0.3012869351780807	0.0681130424451421
0.3013063689660541	0.0687941728695931
0.3013258161852970	0.0694821145982883
0.3013452774030502	0.0701769357442722
0.3013647531036528	0.0708787051017155
0.3013842437298749	0.0715874921527331
0.3014037497674695	0.0723033670742597
0.3014232717486774	0.0730264007450030
0.3014428102459172	0.0737566647524534
0.3014623658576438	0.0744942313999778
0.3014819389784139	0.0752391737139785
0.3015015300008780	0.0759915654511182
0.3015211358271292	0.0767514811056300
0.3015407570343609	0.0775189959166857
0.3015603943601384	0.0782941858758521
0.3015800485682235	0.0790771277346096
0.3015997203891096	0.0798678990119560
0.3016193679265215	0.0806665780020761
0.3016390258637681	0.0814732437820959
0.3016587013225648	0.0822879762199167
0.3016783922240664	0.0831108559821155
0.3016981039741039	0.0839419645419374
0.3017178335267039	0.0847813841873565
0.3017375812376487	0.0856291980292300
0.3017573477841118	0.0864854900095215
0.3017771338663508	0.0873503449096168
0.3017969402382338	0.0882238483587135
0.3018167677127671	0.0891060868423016
0.3018366171685172	0.0899971477107251
0.3018564892201743	0.0908971191878326
0.3018763823681109	0.0918060903797112
0.3018962949781447	0.0927241512835081
0.3019161797447782	0.0936513927963444
0.3019360756389486	0.0945879067243077
0.3019559942601994	0.0955337857915507
0.3019759366304378	0.0964891236494674
0.3019959034317251	0.0974540148859611
0.3020158954100059	0.0984285550348216
0.3020359134088995	0.0994128405851702
0.3020559546309450	0.1004069689910208
0.3020760186969326	0.1014110386809320
0.3020961067871281	0.1024251490677421
0.3021162198022107	0.1034494005584207
0.3021363587717557	0.1044838945640036
0.3021565185424275	0.1055287335096435
0.3021766524675027	0.1065840208447385
0.3021967942511308	0.1076498610531846
0.3022169638449941	0.1087263596637151
0.3022371593532575	0.1098136232603523
0.3022573819446447	0.1109117594929568
0.3022776328996924	0.1120208770878872
0.3022979135698842	0.1131410858587670
0.3023182251351026	0.1142724967173540
0.3023385686120522	0.1154152216845271
0.3023589408462511	0.1165693739013728
0.3023793413665972	0.1177350676403852
0.3023997678724115	0.1189124183167891
0.3024201492454264	0.1201015424999555
0.3024405638722625	0.1213025579249556
0.3024610129041880	0.1225155835042061
0.3024814976590381	0.1237407393392494
0.3025020171919645	0.1249781467326416
0.3025225684260127	0.1262279281999674
0.3025431521046555	0.1274902074819686
0.3025637591026011	0.1287651095567891
0.3025844025670048	0.1300527606523578
0.3026050842630972	0.1313532882588818
0.3026257450764362	0.1326668211414706
0.3026464108843774	0.1339934893528847
0.3026671127012501	0.1353334242464131
0.3026878522634841	0.1366867584888786
0.3027086314782116	0.1380536260737666
0.3027294523865586	0.1394341623345038
0.3027503166701807	0.1408285039578488
0.3027712209670760	0.1422367889974287
0.3027921641748366	0.1436591568874012
0.3028131389538407	0.1450957484562764
0.3028340632988802	0.1465467059408402
0.3028550336425471	0.1480121730002475
0.3028760513994369	0.1494922947302494
0.3028971015244303	0.1509872176775534
0.3029181942597151	0.1524970898543291
0.3029393323446463	0.1540220607528723
0.3029605182358464	0.1555622813604026
0.3029817541750614	0.1571179041740056
0.3030029910154644	0.1586890832157463
0.3030242144610449	0.1602759740479018
0.3030454856352760	0.1618787337883789
0.3030668076519809	0.1634975211262639
0.3030881829253706	0.1651324963375273
0.3031096141665640	0.1667838213009017
0.3031311028911874	0.1684516595139111
0.3031526427562473	0.1701361761090507
0.3031741829052246	0.1718375378701402
0.3031956875535274	0.1735559132488400
0.3032172520061855	0.1752914723813291
0.3032388795152253	0.1770443871051434
0.3032605683860253	0.1788148309761960
0.3032823151078932	0.1806029792859575
0.3033041229984165	0.1824090090788183
0.3033259957702813	0.1842330991696059
0.3033478047524997	0.1860754301613030
0.3033696719107425	0.1879361844629149
0.3033916031376467	0.1898155463075442
0.3034136006087276	0.1917137017706182
0.3034356540027349	0.1936308387883228
0.3034577729902633	0.1955671471762048
0.3034799631149560	0.1975228186479648
0.3035020791320647	0.1994980468344432
0.3035242585873321	0.2014930273027856
0.3035465146654474	0.2035079575758159
0.3035688521084396	0.2055430371515729
0.3035912704754368	0.2075984675230869
0.3036137641703973	0.2096744521983193
0.3036362755202039	0.2117711967203005
0.3036587556644161	0.2138889086875026
0.3036813057103273	0.2160277977743756
0.3037039454500329	0.2181880757521204
0.3037266680020339	0.2203699565096407
0.3037494793503633	0.2225736560747345
0.3037723434683590	0.2247993926354834
0.3037951563209525	0.2270473865618381
0.3038180676292300	0.2293178604274573
0.3038410715037919	0.2316110390317307
0.3038641741427994	0.2339271494220461
0.3038873507306033	0.2362664209162678
0.3039105499034651	0.2386290851254330
0.3039337298732223	0.2410153759766860
0.3039570135585446	0.2434255297364514
0.3039804084517391	0.2458597850338173
0.3040039213590316	0.2483183828841543
0.3040275419310922	0.2508015667129980
0.3040510923096106	0.2533095823801267
0.3040746986031308	0.2558426782039286
0.3040984189853115	0.2584011049859704
0.3041222655095465	0.2609851160358326
0.3041462309694398	0.2635949671961923
0.3041701896207157	0.2662309168681521
0.3041941747684847	0.2688932260368351
0.3042183026820208	0.2715821582972057
0.3042425565375762	0.2742979798801791
0.3042669098074299	0.2770409596789797
0.3042912687674436	0.2798113692757720
0.3043156550024111	0.2826094829685285
0.3043401917675320	0.2854355777982128
0.3043648751249262	0.2882899335761944
0.3043897161507893	0.2911728329119532
0.3044145020234503	0.2940845612410721
0.3044393405751444	0.2970254068534862
0.3044643375556756	0.2999956609220178
0.3044895044834839	0.3029956175312394
0.3045148143129368	0.3060255737065516
0.3045400362987390	0.3090858294436193
0.3045654313847367	0.3121766877380588
0.3045909660575634	0.3152984546154378
0.3046166900541387	0.3184514391615945
0.3046423813860381	0.3216359535532095
0.3046681612774582	0.3248523130887438
0.3046941444453727	0.3281008362196296
0.3047203457049232	0.3313818445818268
0.3047465513469397	0.3346956630276435
0.3047727586976191	0.3380426196579215
0.3047991878810626	0.3414230458544982
0.3048258571879229	0.3448372763130430
0.3048526482972643	0.3482856490761739
0.3048793647032670	0.3517685055669332
0.3049062912220287	0.3552861906226056
0.3049334837419395	0.3588390525288320
0.3049608014116806	0.3624274430541214
0.3049880931655338	0.3660517174846628
0.3050156261750346	0.3697122346595110
0.3050434061588955	0.3734093570061026
0.3050712584904054	0.3771434505761641
0.3050991558784139	0.3809148850819271
0.3051273581532804	0.3847240339327447
0.3051558243915274	0.3885712742720751
0.3051842201107728	0.3924569870147951
0.3052128026714109	0.3963815568849424
0.3052417296771656	0.4003453724537933
0.3052709304704977	0.4043488261783303
0.3052999392534484	0.4083923144401119
0.3053293017958493	0.4124762375845093
0.3053590551008519	0.4166009999603504
0.3053888542181745	0.4207670099599550
0.3054187146182304	0.4249746800595560
0.3054489713738300	0.4292244268601535
0.3054795468967666	0.4335166711287581
0.3055100682586038	0.4378518378400490
0.3055408966417499	0.4422303562184481
0.3055721837805519	0.4466526597806356
0.3056033859298355	0.4511191863784401
0.3056349569266917	0.4556303782422275
0.3056669003462398	0.4601866820246461
0.3056989408165731	0.4647885488448958
0.3057312533945068	0.4694364343333446
0.3057640029279062	0.4741307986766774
0.3057969225262784	0.4788721066634404
0.3058299991669203	0.4836608277300720
0.3058636579600603	0.4884974360073723
0.3058975029707826	0.4933824103674480
0.3059314519125101	0.4983162344711237
0.3059660990091649	0.5032993968158378
0.3060009296836022	0.5083323907839951
0.3060358618510693	0.5134157146918387
0.3060715486468789	0.5185498718387576
0.3061074399457362	0.5237353705571460
0.3061435007622173	0.5289727242627180
0.3061803684537615	0.5342624515053443
0.3062173634529072	0.5396050760203959
0.3062547138322148	0.5450011267805988
0.3062929115004113	0.5504511380484021
0.3063310823519378	0.5559556494288825
0.3063698497083068	0.5615152059231712
0.3064095248666811	0.5671303579824005
0.3064489896165641	0.5728016615622283
0.3064894029682906	0.5785296781778504
0.3065305304488265	0.5843149749596263
0.3065716397295985	0.5901581247092250
0.3066138693030945	0.5960597059563199
0.3066564701690345	0.6020203030158859
0.3066996794310317	0.6080405060460443
0.3067439029615621	0.6141209111065015
0.3067882124601461	0.6202621202175678
0.3068335844301203	0.6264647414197434
0.3068799457655434	0.6327293888339378
0.3069264594875368	0.6390566827222802
0.3069744635707266	0.6454472495495055
0.3070228451647179	0.6519017220450037
0.3070721816337711	0.6584207392654545
0.3071231015900181	0.6650049466581082
0.3071738513871088	0.6716549961246926
0.3072269632705920	0.6783715460859396
0.3072800126450230	0.6851552615467966
0.3073348066038014	0.6920068141622671
0.3073909463278777	0.6989268823038925
0.3074478921831489	0.7059161511269306
0.3075072154984450	0.7129753126381976
0.3075664478512336	0.7201050657645780
0.3076285093143236	0.7273061164222256
0.3076915071497249	0.7345791775864483
0.3077564503437281	0.7419249693623106
0.3078237184396073	0.7493442190559331
0.3078917343751232	0.7568376612464914
0.3079638383280953	0.7644060378589584
0.3080357834583755	0.7720500982375469
0.3081122754481112	0.7797705992199203
0.3081901200017468	0.7875683052121191
0.3082713879523791	0.7954439882642392
0.3083566984120716	0.8033984281468803
0.3084433623305726	0.8114324124283491
0.3085366516586076	0.8195467365526315
0.3086311280376187	0.8277422039181574
0.3087339173593773	0.8360196259573395
0.3088364828208879	0.8443798222169148
0.3089505110063542	0.8528236204390851
0.3090667789652606	0.8613518566434755
0.3091897803238904	0.8699653752099089
0.3093239337690011	0.8786650289620065
0.3094640141484238	0.8874516792516278
0.3096220050661869	0.8963261960441449
0.3097844740985737	0.9052894580045876
0.3099718796052988	0.9146875601279079
0.3101914834723865	0.9238344357291857
0.3104035748596645	0.9330727800864783
0.3106793820747386	0.9424035078873426
0.3109663286670589	0.9518275429662154
0.3113542105036891	0.9686106168142316
0.3114584661450939	0.9606476985269456
0.3117310868336265	0.9752641564130204
0.3119324339631214	0.9699240782570773
0.3122981419570998	0.9755500813129931
0.3127575592314371	0.9818185539204772
0.3132960507861480	0.9885602284911673
0.3135543885625195	0.9915915422963382
0.3139312121603000	0.9937530590788556
0.3164783083132022	0.9968058654793637
0.3173825663412389	0.9988914509333365
0.3212027800683961	0.9995696744940449
0.3271882447149887	0.9998291489717108
0.3284325955604319	0.9999288573108652
0.3337160471401230	0.9999798277854690
0.3341951327444903	0.9999914395733129
0.3413345440180131	0.9999968688532699
0.3454584049918679	0.9999985147388792
0.3506347616348972	0.9999995341682554
0.3542725210090882	0.9999997900297956
0.3611170914296448	0.9999999369214878
0.3649494409518478	0.9999999714946249
0.3714711440905789	0.9999999915247577
0.3748097724656510	0.9999999961548864
0.3812995389582447	0.9999999988604974
0.3843968148888018	0.9999999994805731
0.3909082685077644	0.9999999998455933
0.3937224082376755	0.9999999999293439
0.4002420372061644	0.9999999999789101
0.4028774999461336	0.9999999999903337
0.4094718412510613	0.9999999999971069
0.4120834161647730	0.9999999999986741
0.4187477205869637	0.9999999999996028
0.4214122098189662	0.9999999999998179
0.4281095044221135	0.9999999999999453
0.4308579131915622	0.9999999999999749
0.4375244734509807	0.9999999999999926
0.4402240932228439	0.9999999999999968
0.4402557462896367	1.0000000038138921
0.4402557494123411	1.0000000043021624
0.4602742317580233	1.0000000051555205
0.4604128168776359	1.0000000052751168
0.4713494915406254	1.0000000054818674
0.4720932910151904	1.0000000055111957
0.4740604861778991	1.0000000066475458
0.4765180598313704	1.0000000072544160
0.4779544504314395	1.0000000078054747
0.4829162012626689	1.0000000079827402
0.4870253901964633	1.0000000080890525
0.4876131104968157	1.0000000081723721
0.4881320824091870	1.0000000083047558
0.4976396151115008	1.0000000084181879
0.5040001378774176	1.0000000084350968
0.5068116461660853	1.0000000084680059
0.5083647203736716	1.0000000084919669
0.5214144434591932	1.0000000085054466
0.5271913845846350	1.0000000085074463
0.5274547402607737	1.0000000085101450
0.5344897247827273	1.0000000085121830
0.5385697433223989	1.0000000085128224
0.5435001104689290	1.0000000096751551
0.5459963338348207	1.0000000103536999
0.5479972840111942	1.0000000107850726
0.5587319288821740	1.0000000108515894
0.5614552577764698	1.0000000109124212
0.5642705842030155	1.0000000109680727
0.5663017548420071	1.0000000110198668
0.5845463150975765	1.0000000110479652
0.5905242884251654	1.0000000110542309
0.5936761915044992	1.0000000110613119
0.5943703003618860	1.0000000110622276
0.6070058539995450	1.0000000110625427
0.6098830329036340	1.0000058867302672
0.6098830331885746	1.0000066461888881
0.6316863706835045	1.0000067759905829
0.6316878732496531	1.0000068909241613
0.6324666996222998	1.0000070254764823
0.6328394671440231	1.0000071599615683
0.6334892593532634	1.0000071799768528
0.6527731200433061	1.0000071854854806
0.6530779363363131	1.0000071866263707
0.6606940103403134	1.0000071922890210
0.6609651091178698	1.0000071930612360
0.6808442758344059	1.0000071932796444
0.6815451249846609	1.0000071934433763
0.6822981001673007	1.0000071934659593
0.7029554157238416	1.0000071934691073
0.7034130902518583	1.0000071934700137
0.7042733669118501	1.0000071934758792
0.7046197004285252	1.0000071934768620
0.7271007170975675	1.0000071934771633
0.7273234262920886	1.0000071934772023
0.7438026618751106	1.0000071934772148
0.7441375417912894	1.0000071934772161
0.7578137182827441	1.0000071934772168
0.7600318585107968	1.0035556101946577
0.7603875965855996	1.0067658959030217
0.7603997610385740	1.0009899437779246
0.7627588108253414	1.0001487436315550
0.7730673895136534	1.0000376367729293
0.7946377593784408	1.0000056919647193
0.8466898932120582	1.0000010083567232
0.8486498289290901	1.0000004017405633
0.8806299382120402	1.0000002348509134
0.8897036241979777	1.0000002132719781
0.9115689487647511	1.0000002073334291
0.9167010968168975	1.0000002065657838
0.9442720673660677	1.0000002063545095
0.9516259061313717	1.0000002063272002
0.9759918547898293	1.0000002063196840
0.9820971891235537	1.0000002063187123
1.0082833871674790	1.0000002063184454
1.0150992624060171	1.0000002063184106
1.0394310653722365	1.0000002063184010
1.0452666185689152	1.0000002063183995
1.0872105928295173	1.0000002063183995
