0.0000000000000000	0.0000000000000000
0.2831621377660898	0.0000300000000000
0.2834218206198841	0.0000166781710549
0.2842688190632116	0.0000201739645866
0.2844065660224375	0.0000296837581712
0.2844608168097789	0.0000328443102692
0.2849423232158341	0.0000232008582014
0.2854204824467003	0.0000405716421555
0.2855798457740407	0.0000342310613130
0.2860041268393564	0.0000415289139775
0.2863986913481237	0.0000515289139775
0.2864292634873866	0.0000486227490577
0.2866814197246529	0.0000586227490577
0.2870414805210219	0.0000689536931594
0.2873306840340251	0.0000789536931594
0.2875641208736942	0.0000889536931594
0.2877891215086738	0.0001003126430927
0.2880115739695462	0.0001103126430927
0.2881768630806737	0.0001203126430927
0.2883334571686458	0.0001303126430927
0.2884759508216229	0.0001403126430927
0.2886114577247957	0.0001503126430927
0.2887365102787832	0.0001603126430927
0.2888548824784873	0.0001703126430927
0.2889656778514856	0.0001803126430927
0.2890723033343396	0.0001903126430927
0.2891712822052691	0.0002003126430927
0.2892665875493283	0.0002103126430927
0.2893560297750819	0.0002203126430927
0.2894426190852606	0.0002303126430927
0.2895241725350047	0.0002403126430927
0.2896028572901073	0.0002503126430927
0.2896778170489923	0.0002603126430927
0.2897498953035256	0.0002703126430927
0.2898192349271262	0.0002803126430927
0.2898859189836526	0.0002903126430927
0.2899505210878391	0.0003003126430927
0.2900127039790488	0.0003103126430927
0.2900731525696301	0.0003203126430927
0.2901312486973811	0.0003303126430927
0.2901880497794686	0.0003403126430927
0.2902426188440622	0.0003503126430927
0.2902961801616653	0.0003603126430927
0.2903475940293582	0.0003703126430927
0.2903982682144444	0.0003803126430927
0.2904469140240237	0.0003903126430927
0.2904949979221238	0.0004003126430927
0.2905411280214142	0.0004103126430927
0.2905868704386106	0.0004203126430927
0.2906306437654064	0.0004303126430927
0.2906742331739867	0.0004403126430927
0.2907159762267095	0.0004503126430927
0.2907575790699978	0.0004603126430927
0.2907975344631272	0.0004703126430927
0.2908373015285594	0.0004803126430927
0.2908756440573967	0.0004903126430927
0.2909137050888955	0.0005003126430927
0.2909505663446449	0.0005103126430927
0.2909870958899193	0.0005203126430927
0.2910225811551590	0.0005303126430927
0.2910576549818009	0.0005403126430927
0.2910918629824684	0.0005503126430927
0.2911255826865028	0.0005603126430927
0.2911585067285734	0.0005703126430927
0.2911909674219555	0.0005803126430927
0.2912228441951592	0.0005903126430927
0.2912542266594308	0.0006003126430927
0.2912849684493819	0.0006103126430927
0.2913152411734371	0.0006203126430927
0.2913451054930006	0.0006303126430927
0.2913743317135109	0.0006403126430927
0.2914033126248523	0.0006503126430927
0.2914315787373932	0.0006603126430927
0.2914596763327868	0.0006703126430927
0.2914871105651849	0.0006803126430927
0.2915144005468770	0.0006903126430927
0.2915409891943720	0.0007003126430927
0.2915675523800011	0.0007103126430927
0.2915933483400194	0.0007203126430927
0.2916191578118022	0.0007303126430927
0.2916442763983471	0.0007403126430927
0.2916693336864846	0.0007503126430927
0.2916938501758056	0.0007603126430927
0.2917181986966503	0.0007703126430927
0.2917420207409115	0.0007803126430927
0.2917658105487804	0.0007903126430927
0.2917890798907407	0.0008003126430927
0.2918121612959425	0.0008103126430927
0.2918348652911752	0.0008203126430927
0.2918574510982356	0.0008303126430927
0.2918796546987671	0.0008403126430927
0.2919015960083032	0.0008503126430927
0.2919232462193095	0.0008603126430927
0.2919447142455189	0.0008703126430927
0.2919659223482052	0.0008803126430927
0.2919869164102513	0.0008903126430927
0.2920076621164865	0.0009003126430927
0.2920281072843856	0.0009103126430927
0.2920483694003801	0.0009203126430927
0.2920683787770020	0.0009303126430927
0.2920882338768881	0.0009403126430927
0.2921078156662366	0.0009503126430927
0.2921272727145973	0.0009603126430927
0.2921464401646412	0.0009703126430927
0.2921655096960372	0.0009803126430927
0.2921842725385319	0.0009903126430927
0.2922029666160077	0.0010003126430927
0.2922213433971772	0.0010103157695237
0.2922396809598670	0.0010204189272189
0.2922578732038082	0.0010306231164911
0.2922762134046923	0.0010409293476560
0.2922944228390603	0.0010513386411326
0.2923127440515116	0.0010618520275439
0.2923309869630163	0.0010724705478193
0.2923492914618421	0.0010831952532975
0.2923675728843062	0.0010940272058304
0.2923858514684362	0.0011049674778888
0.2924041764456436	0.0011160171526677
0.2924224329876178	0.0011271773241943
0.2924407818899538	0.0011384490974363
0.2924590319015423	0.0011498335884106
0.2924773503355684	0.0011613319242947
0.2924956588145080	0.0011729452435377
0.2925139391561922	0.0011846746959730
0.2925322967991195	0.0011965214429328
0.2925505588375318	0.0012084866573621
0.2925688738826818	0.0012205715239357
0.2925872079971716	0.0012327772391750
0.2926054866747811	0.0012451050115668
0.2926238212475452	0.0012575560616825
0.2926421353112713	0.0012701316222993
0.2926604304134904	0.0012828329385223
0.2926787725069657	0.0012956612679075
0.2926970827375794	0.0013086178805866
0.2927153840728303	0.0013217040593924
0.2927337249450488	0.0013349210999864
0.2927520467099607	0.0013482703109862
0.2927703466750608	0.0013617530140961
0.2927886800056065	0.0013753705442370
0.2928070277774885	0.0013891242496794
0.2928253212957379	0.0014030154921762
0.2928436431109004	0.0014170456470979
0.2928619899176498	0.0014312161035689
0.2928803142684460	0.0014455282646046
0.2928986223347117	0.0014599835472506
0.2929169512353762	0.0014745833827232
0.2929352986210066	0.0014893292165504
0.2929536281177053	0.0015042225087159
0.2929719393127140	0.0015192647338031
0.2929902665246122	0.0015344573811411
0.2930086063325495	0.0015498019549525
0.2930269579713903	0.0015652999745020
0.2930452764627717	0.0015809529742470
0.2930635963024320	0.0015967625039894
0.2930819267564831	0.0016127301290293
0.2931002644132046	0.0016288574303196
0.2931186097108258	0.0016451460046228
0.2931369592430327	0.0016615974646690
0.2931552795302273	0.0016782134393157
0.2931736065548826	0.0016949955737089
0.2931919376217740	0.0017119455294460
0.2932102739240170	0.0017290649847404
0.2932286124297778	0.0017463556345878
0.2932469542517163	0.0017638191909337
0.2932652970127255	0.0017814573828430
0.2932836416396493	0.0017992719566715
0.2933019862879054	0.0018172646762382
0.2933203245328447	0.0018354373230005
0.2933386595423452	0.0018537916962305
0.2933569959251076	0.0018723296131929
0.2933753341878507	0.0018910529093248
0.2933936734301252	0.0019099634384180
0.2934120139781525	0.0019290630728022
0.2934303553569808	0.0019483537035302
0.2934486974926114	0.0019678372405656
0.2934670391835160	0.0019875156129713
0.2934853805164788	0.0020073907691010
0.2935037217020041	0.0020274646767920
0.2935220625459583	0.0020477393235599
0.2935404035730017	0.0020682167167955
0.2935587441386405	0.0020888988839635
0.2935770852574876	0.0021097878728031
0.2935954258268987	0.0021308857515312
0.2936137668683088	0.0021521946090465
0.2936321076589578	0.0021737165551370
0.2936504487205798	0.0021954537206884
0.2936687900323588	0.0022174082578952
0.2936871313199236	0.0022395823404742
0.2937054733914867	0.0022619781638789
0.2937238151860386	0.0022845979455176
0.2937421574427214	0.0023074439249728
0.2937605000227677	0.0023305183642225
0.2937788427522286	0.0023538235478648
0.2937971862381027	0.0023773617833434
0.2938155297386364	0.0024011354011768
0.2938338736449023	0.0024251467551886
0.2938522183013611	0.0024493982227404
0.2938705629797480	0.0024738922049678
0.2938889081904051	0.0024986311270175
0.2939072540743793	0.0025236174382877
0.2939256000971950	0.0025488536126706
0.2939439466828481	0.0025743421487973
0.2939622940059110	0.0026000855702853
0.2939806414980990	0.0026260864259881
0.2939989895146123	0.0026523472902479
0.2940173383484779	0.0026788707631504
0.2940356874427084	0.0027056594707819
0.2940540369744339	0.0027327160654897
0.2940723871960521	0.0027600432261446
0.2940907380726247	0.0027876436584061
0.2941090892683317	0.0028155200949901
0.2941274410053358	0.0028436752959401
0.2941457934615776	0.0028721120488995
0.2941641465613598	0.0029008331693885
0.2941825000421647	0.0029298415010824
0.2942008540619331	0.0029591399160932
0.2942192087601926	0.0029887313152542
0.2942375642359172	0.0030186186284067
0.2942559201758778	0.0030488048146908
0.2942742766032490	0.0030792928628377
0.2942926336108106	0.0031100857914661
0.2943109912878289	0.0031411866493808
0.2943293496867174	0.0031725985158745
0.2943477087716933	0.0032043245010333
0.2943660683402938	0.0032363677460436
0.2943844284494297	0.0032687314235040
0.2944027891629497	0.0033014187377391
0.2944211505105956	0.0033344329251165
0.2944395125326252	0.0033677772543676
0.2944578752412080	0.0034014550269113
0.2944762386576745	0.0034354695771804
0.2944946027822222	0.0034698242729522
0.2945129674711805	0.0035045225156817
0.2945313327543408	0.0035395677408385
0.2945496986487319	0.0035749634182470
0.2945680651763149	0.0036107130524294
0.2945864323473134	0.0036468201829538
0.2946048001763612	0.0036832883847833
0.2946231686693443	0.0037201212686311
0.2946415378245609	0.0037573224813174
0.2946599076377558	0.0037948957061306
0.2946782781020628	0.0038328446631920
0.2946966492073850	0.0038711731098239
0.2947150209455514	0.0039098848409222
0.2947333933121724	0.0039489836893314
0.2947517663017522	0.0039884735262247
0.2947701399154331	0.0040283582614869
0.2947885141486803	0.0040686418441018
0.2948068890081605	0.0041093282625428
0.2948252644901521	0.0041504215451682
0.2948436406014402	0.0041919257606200
0.2948620173437565	0.0042338450182262
0.2948803947233257	0.0042761834684085
0.2948987727480241	0.0043189453030925
0.2949171514225910	0.0043621347561234
0.2949355307599045	0.0044057561036847
0.2949539107641643	0.0044498136647216
0.2949722914458449	0.0044943118013688
0.2949906728157724	0.0045392549193825
0.2950090548818558	0.0045846474685764
0.2950274376579666	0.0046304939432621
0.2950458211527719	0.0046767988826946
0.2950642053771244	0.0047235668715215
0.2950825903467135	0.0047708025402368
0.2951009760693065	0.0048185105656392
0.2951193625565892	0.0048666956712956
0.2951377498225804	0.0049153626280086
0.2951561378737805	0.0049645162542887
0.2951745267201860	0.0050141614168316
0.2951929163746764	0.0050643030309999
0.2952113068432886	0.0051149460613099
0.2952296981349348	0.0051660955219229
0.2952480902612824	0.0052177564771422
0.2952664832309265	0.0052699340419135
0.2952848770521093	0.0053226333823327
0.2953032717357302	0.0053758597161561
0.2953216672946619	0.0054296183133177
0.2953400637364988	0.0054839144964510
0.2953584610712323	0.0055387536414154
0.2953768593106459	0.0055941411778296
0.2953952584681199	0.0056500825896078
0.2954136585527425	0.0057065834155039
0.2954320595751644	0.0057636492496590
0.2954504615476622	0.0058212857421555
0.2954688644836457	0.0058794985995770
0.2954872681755720	0.0059382935855728
0.2955056726399871	0.0059976765214286
0.2955240781013889	0.0060576532866429
0.2955424845742537	0.0061182298195093
0.2955608920739622	0.0061794121177044
0.2955793006151737	0.0062412062388815
0.2955977102117774	0.0063036183012703
0.2956161208788106	0.0063666544842830
0.2956345326321043	0.0064303210291258
0.2956529454882268	0.0064946242394170
0.2956713594642251	0.0065595704818112
0.2956897745776134	0.0066251661866292
0.2957081908460303	0.0066914178484954
0.2957266082859722	0.0067583320269804
0.2957450267749562	0.0068259153472502
0.2957634461891294	0.0068941745007228
0.2957818665603709	0.0069631162457301
0.2958002879188323	0.0070327474081874
0.2958187102931993	0.0071030748822692
0.2958371337109253	0.0071741056310919
0.2958555581984436	0.0072458466874029
0.2958739837693203	0.0073183051542768
0.2958924104277184	0.0073914882058196
0.2959108381795408	0.0074654030878778
0.2959292670323564	0.0075400571187566
0.2959476969954195	0.0076154576899441
0.2959661280794439	0.0076916122668435
0.2959845602965815	0.0077685283895120
0.2960029936602107	0.0078462136734072
0.2960214281849551	0.0079246758101412
0.2960398638865424	0.0080039225682427
0.2960583007818116	0.0080839617939252
0.2960767388886654	0.0081648014118646
0.2960951782260426	0.0082464494259832
0.2961136188139658	0.0083289139202430
0.2961320606734616	0.0084122030594454
0.2961505038266354	0.0084963250900399
0.2961689482966286	0.0085812883409404
0.2961873941076104	0.0086671012243497
0.2962058412835467	0.0087537722365931
0.2962242898474277	0.0088413099589590
0.2962427398215340	0.0089297230585485
0.2962611873328179	0.0090190202891341
0.2962796352231388	0.0091092104920254
0.2962980846665749	0.0092003025969457
0.2963165356775297	0.0092923056229151
0.2963349882708995	0.0093852286791442
0.2963534424622453	0.0094790809659357
0.2963718982678738	0.0095738717755951
0.2963903557049707	0.0096696104933511
0.2964088147917532	0.0097663065982845
0.2964272755475557	0.0098639696642675
0.2964457379927750	0.0099626093609102
0.2964642021488483	0.0100622354545194
0.2964826680382314	0.0101628578090645
0.2965011356843523	0.0102644863871553
0.2965196051116521	0.0103671312510267
0.2965380763456403	0.0104708025635369
0.2965565494129220	0.0105755105891724
0.2965750243412348	0.0106812656950641
0.2965935011576849	0.0107880783520149
0.2966119798884085	0.0108959591355352
0.2966304605285177	0.0110049187268906
0.2966489430737704	0.0111149679141594
0.2966674275231330	0.0112261175933011
0.2966859138786358	0.0113383787692343
0.2967044021452646	0.0114517625569266
0.2967228923308580	0.0115662801824959
0.2967413844460318	0.0116819429843208
0.2967598785041380	0.0117987624141642
0.2967783745212402	0.0119167500383057
0.2967968725161050	0.0120359175386885
0.2968153725102099	0.0121562767140755
0.2968338745276931	0.0122778394812164
0.2968523785951445	0.0124006178760287
0.2968708847414603	0.0125246240547891
0.2968893929977391	0.0126498702953369
0.2969079033968277	0.0127763689982902
0.2969264159707329	0.0129041326882732
0.2969449307510753	0.0130331740151558
0.2969634477695083	0.0131635057553075
0.2969819670581000	0.0132951408128605
0.2970004886496852	0.0134280922209890
0.2970190125780389	0.0135623731431987
0.2970375384340722	0.0136979968746305
0.2970560661459673	0.0138349768433770
0.2970745957857230	0.0139733266118106
0.2970931274239038	0.0141130598779287
0.2971116611299922	0.0142541904767080
0.2971301969727329	0.0143967323814752
0.2971487350204722	0.0145406997052901
0.2971672753202376	0.0146861067023430
0.2971858178952966	0.0148329677693665
0.2972043627742099	0.0149812974470603
0.2972229099872238	0.0151311104215310
0.2972414595660833	0.0152824215257462
0.2972600115442338	0.0154352457410037
0.2972785659570326	0.0155895981984138
0.2972971228419703	0.0157454941803977
0.2973156822389011	0.0159029491222016
0.2973342441902588	0.0160619786134236
0.2973528087411737	0.0162225983995576
0.2973713759393901	0.0163848243835529
0.2973899458352431	0.0165486726273887
0.2974085184816917	0.0167141593536625
0.2974270939343831	0.0168813009471992
0.2974456722502094	0.0170501139566710
0.2974642534850042	0.0172206150962376
0.2974828376942926	0.0173928212472002
0.2975014249338476	0.0175667494596722
0.2975200152600269	0.0177424169542690
0.2975386087301279	0.0179198411238120
0.2975572054027442	0.0180990395350502
0.2975758053272369	0.0182800299304007
0.2975944085084202	0.0184628302297045
0.2976130149595941	0.0186474585320017
0.2976316247022981	0.0188339331173219
0.2976502377657598	0.0190222724484951
0.2976688541855045	0.0192124951729801
0.2976874739994246	0.0194046201247098
0.2977060972481919	0.0195986663259571
0.2977247239756765	0.0197946529892167
0.2977433542293623	0.0199925995191086
0.2977619880607405	0.0201925255142996
0.2977806253331038	0.0203944507694429
0.2977992654379205	0.0205983952771371
0.2978179084911091	0.0208043792299087
0.2978365546059610	0.0210124230222081
0.2978552038939917	0.0212225472524301
0.2978738564721018	0.0214347727249543
0.2978925124532782	0.0216491204522037
0.2979111619885449	0.0218656116567259
0.2979298128857382	0.0220842677732934
0.2979484676547609	0.0223051104510262
0.2979671263170445	0.0225281615555361
0.2979857889002463	0.0227534431710917
0.2980044554404433	0.0229809776028023
0.2980231259820859	0.0232107873788304
0.2980418005780119	0.0234428952526185
0.2980604792892375	0.0236773242051443
0.2980791621846292	0.0239140974471959
0.2980978493349897	0.0241532384216676
0.2981165408134669	0.0243947708058842
0.2981352366963334	0.0246387185139430
0.2981539370637327	0.0248851056990825
0.2981726420002516	0.0251339567560731
0.2981913515951546	0.0253852963236341
0.2982100659426690	0.0256391492868707
0.2982287851423399	0.0258955407797393
0.2982475092475641	0.0261544961875369
0.2982662382831372	0.0264160411494119
0.2982849722827857	0.0266802015609060
0.2983037112895428	0.0269470035765152
0.2983224553557439	0.0272164736122801
0.2983412040368596	0.0274886383484028
0.2983599567586360	0.0277635247318868
0.2983787136692467	0.0280411599792060
0.2983974749209710	0.0283215715789980
0.2984162406705947	0.0286047872947878
0.2984350110744267	0.0288908351677356
0.2984537862871580	0.0291797435194127
0.2984725664632744	0.0294715409546065
0.2984913517584205	0.0297662563641522
0.2985101423204797	0.0300639189277941
0.2985289371612461	0.0303645581170723
0.2985477361050511	0.0306682036982434
0.2985665405179513	0.0309748857352259
0.2985853505004500	0.0312846345925784
0.2986041661587228	0.0315974809385046
0.2986229876058145	0.0319134557478899
0.2986418149624029	0.0322325903053693
0.2986606483572802	0.0325549162084232
0.2986794879279362	0.0328804653705070
0.2986983338212013	0.0332092700242123
0.2987171861881280	0.0335413627244542
0.2987360451562694	0.0338767763516987
0.2987549106956107	0.0342155441152152
0.2987737742488187	0.0345576995563679
0.2987926312000065	0.0349032765519315
0.2988114939938929	0.0352523093174509
0.2988303627741649	0.0356048324106250
0.2988492376961113	0.0359608807347314
0.2988681189272022	0.0363204895420789
0.2988870066449741	0.0366836944375001
0.2989059010296675	0.0370505313818756
0.2989248022660019	0.0374210366956941
0.2989437105449158	0.0377952470626507
0.2989626260650452	0.0381731995332769
0.2989815489537130	0.0385549315286099
0.2990004793012562	0.0389404808438961
0.2990194172198304	0.0393298856523348
0.2990383628339139	0.0397231845088585
0.2990573162817643	0.0401204163539471
0.2990762777164424	0.0405216205174870
0.2990952473063430	0.0409268367226621
0.2991142252358855	0.0413361050898885
0.2991332103733192	0.0417494661407876
0.2991522024272741	0.0421669608021949
0.2991712017180675	0.0425886304102168
0.2991902084289990	0.0430145167143190
0.2992092227480598	0.0434446618814625
0.2992282448807659	0.0438791085002768
0.2992472750509971	0.0443178995852793
0.2992663135012850	0.0447610785811317
0.2992853604808455	0.0452086893669424
0.2993044162475794	0.0456607762606113
0.2993234810701834	0.0461173840232174
0.2993425552133694	0.0465785578634502
0.2993616388060089	0.0470443434420844
0.2993807159851162	0.0475147868765055
0.2993997902089215	0.0479899347452710
0.2994188748358412	0.0484698340927242
0.2994379698125126	0.0489545324336516
0.2994570732999841	0.0494440777579876
0.2994761856344924	0.0499385185355674
0.2994953071662293	0.0504379037209225
0.2995144382606032	0.0509422827581313
0.2995335792861643	0.0514517055857124
0.2995527304408887	0.0519662226415694
0.2995718919405624	0.0524858848679844
0.2995910640291554	0.0530107437166644
0.2996102469792616	0.0535408511538314
0.2996294409448377	0.0540762596653694
0.2996486420841522	0.0546170222620234
0.2996678549712876	0.0551631924846442
0.2996870798798048	0.0557148244094913
0.2997063153658358	0.0562719726535862
0.2997255608461494	0.0568346923801223
0.2997448166985172	0.0574030393039237
0.2997640833207259	0.0579770696969624
0.2997833611260867	0.0585568403939313
0.2998026505466814	0.0591424087978706
0.2998219520358527	0.0597338328858500
0.2998412528674203	0.0603311712147078
0.2998605425444480	0.0609344829268556
0.2998798457452380	0.0615438277561241
0.2998991627226394	0.0621592660336855
0.2999184937678821	0.0627808586940223
0.2999378392119745	0.0634086672809633
0.2999571973210062	0.0640427539537726
0.2999765676443329	0.0646831814933100
0.2999959507681611	0.0653300133082423
0.3000153471140612	0.0659833134413239
0.3000347570445109	0.0666431465757377
0.3000541809747869	0.0673095780414960
0.3000736193741194	0.0679826738219101
0.3000930727351545	0.0686625005601302
0.3001125415779521	0.0693491255657308
0.3001320263244140	0.0700426168213876
0.3001515272974057	0.0707430429896021
0.3001710415499438	0.0714504734194982
0.3001905696687771	0.0721649781536927
0.3002101122846650	0.0728866279352295
0.3002296311918065	0.0736154942145813
0.3002491598116395	0.0743516491567265
0.3002687052206082	0.0750951656482937
0.3002882678992451	0.0758461173047774
0.3003078482610165	0.0766045784778248
0.3003274467699315	0.0773706242626026
0.3003470576194675	0.0781443305052289
0.3003666859935192	0.0789257738102806
0.3003863302457406	0.0797150315483825
0.3004059912430342	0.0805121818638653
0.3004256695524969	0.0813173036825031
0.3004453657947642	0.0821304767193281
0.3004650806473006	0.0829517814865215
0.3004848148485184	0.0837812993013863
0.3005045691704775	0.0846191122943992
0.3005243441914611	0.0854653034173435
0.3005441071490330	0.0863199564515180
0.3005638669981172	0.0871831560160321
0.3005836456850427	0.0880549875761929
0.3006034440234449	0.0889355374519553
0.3006232628806300	0.0898248928264758
0.3006431031658340	0.0907231417547410
0.3006629656027272	0.0916303731722875
0.3006828508354650	0.0925466769040109
0.3007027596016908	0.0934721436730504
0.3007226914298299	0.0944068651097808
0.3007426436084825	0.0953509337608798
0.3007626173192498	0.0963044430984875
0.3007826134689348	0.0972674875294726
0.3008026329474272	0.0982401624047665
0.3008226501760568	0.0992225640288136
0.3008426537079837	0.1002147896691009
0.3008626757768799	0.1012169375657922
0.3008827245263628	0.1022291069414500
0.3009027978806828	0.1032513980108650
0.3009228951887513	0.1042839119909724
0.3009430175470210	0.1053267511108821
0.3009631661270224	0.1063800186219911
0.3009833421871819	0.1074438188082109
0.3010035467393472	0.1085182569962918
0.3010237806897860	0.1096034395662537
0.3010440416558528	0.1106994739619159
0.3010643259120331	0.1118064687015344
0.3010845666333702	0.1129245333885510
0.3011048363881537	0.1140537787224370
0.3011251364936633	0.1151943165096626
0.3011454680148419	0.1163462596747577
0.3011658321361239	0.1175097222715040
0.3011862301714220	0.1186848194942201
0.3012066570136506	0.1198716676891639
0.3012271142061872	0.1210703843660539
0.3012476031066219	0.1222810882097149
0.3012681186294107	0.1235038990918115
0.3012886632366724	0.1247389380827295
0.3013091587772210	0.1259863274635555
0.3013296899388754	0.1272461907381910
0.3013502553451010	0.1285186526455729
0.3013708545732548	0.1298038391720280
0.3013914893345119	0.1311018775637495
0.3014121614889437	0.1324128963393886
0.3014328727950687	0.1337370253027834
0.3014536246968761	0.1350743955558110
0.3014744126799770	0.1364251395113694
0.3014952372162268	0.1377893909064822
0.3015160076353443	0.1391672848155469
0.3015368158614786	0.1405589576637017
0.3015576668931708	0.1419645472403399
0.3015785624296681	0.1433841927127449
0.3015995026408315	0.1448180346398717
0.3016204701434386	0.1462662149862693
0.3016414774117304	0.1477288771361325
0.3016625289861902	0.1492061659074947
0.3016836269753956	0.1506982275665682
0.3017046769275030	0.1522052098422350
0.3017257631641700	0.1537272619406579
0.3017468945472260	0.1552645345600657
0.3017680726053999	0.1568171799056680
0.3017892996939031	0.1583853517047253
0.3018105783844406	0.1599692052217733
0.3018319114964832	0.1615688972739921
0.3018532932938677	0.1631845862467335
0.3018746690415083	0.1648164321092012
0.3018960331135931	0.1664645964302912
0.3019174372398132	0.1681292423945932
0.3019388959382234	0.1698105348185402
0.3019604150837293	0.1715086401667254
0.3019819872902182	0.1732237265683924
0.3020036151004878	0.1749559638340753
0.3020253020203940	0.1767055234724167
0.3020469549287514	0.1784725787071428
0.3020686325790251	0.1802573044942121
0.3020903754522789	0.1820598775391536
0.3021121780558131	0.1838804763145463
0.3021340442798592	0.1857192810776922
0.3021559780768530	0.1875764738884689
0.3021779667890918	0.1894522386273557
0.3021999426911577	0.1913467610136286
0.3022219108297835	0.1932602286237644
0.3022439476567955	0.1951928309100025
0.3022660576608104	0.1971447592191048
0.3022882444266393	0.1991162068112984
0.3023105053364367	0.2011073688794098
0.3023328377356986	0.2031184425682022
0.3023551342824828	0.2051496269938851
0.3023774605120576	0.2072011232638248
0.3023998698730008	0.2092731344964646
0.3024223380497443	0.2113658658414299
0.3024448844998140	0.2134795244998452
0.3024675150018021	0.2156143197448415
0.3024901732887382	0.2177704629422909
0.3025128031271059	0.2199481675717141
0.3025355256747750	0.2221476492474303
0.3025583352249699	0.2243691257399049
0.3025812379415518	0.2266128169973027
0.3026042392044988	0.2288789451672779
0.3026272532070826	0.2311677346189501
0.3026502247726419	0.2334794119651373
0.3026732932415754	0.2358142060847899
0.3026964653699556	0.2381723481456359
0.3027197472135130	0.2405540716270927
0.3027431322932432	0.2429596123433611
0.3027664925576629	0.2453892084667940
0.3027898828341654	0.2478431005514624
0.3028133865690583	0.2503215315569799
0.3028369804381491	0.2528247468725507
0.3028606840648418	0.2553529943412761
0.3028844601946215	0.2579065242846880
0.3029081755022079	0.2604855895275334
0.3029320222160637	0.2630904454228100
0.3029559968589517	0.2657213498770378
0.3029800972666517	0.2683785633758070
0.3030043036903829	0.2710623490095650
0.3030283849232935	0.2737729724996631
0.3030526134137342	0.2765107022246567
0.3030769756783231	0.2792758092469015
0.3031014825898787	0.2820685673393694
0.3031261072703334	0.2848892530127611
0.3031506501107619	0.2877381455428910
0.3031753281963417	0.2906155269983203
0.3032001308460797	0.2935216822683029
0.3032251006896182	0.2964568990909855
0.3032501160400836	0.2994214680818966
0.3032751276144212	0.3024156827627180
0.3033003070599123	0.3054398395903473
0.3033256676985852	0.3084942379862528
0.3033511639930218	0.3115791803661156
0.3033765618411200	0.3146949721697798
0.3034021041096299	0.3178419218914755
0.3034278431452541	0.3210203411103902
0.3034537873765087	0.3242305445214960
0.3034797551817651	0.3274728499667088
0.3035057016618747	0.3307475784663724
0.3035318594873344	0.3340550542510383
0.3035582431743970	0.3373956047935509
0.3035847283374501	0.3407695608414846
0.3036111831353353	0.3441772564498975
0.3036378511508132	0.3476190290143964
0.3036647234923601	0.3510952193045379
0.3036917314874836	0.3546061714975804
0.3037186905971405	0.3581522332125571
0.3037459138238676	0.3617337555446828
0.3037733912750639	0.3653510931001265
0.3038009279791952	0.3690046040311269
0.3038284537051441	0.3726946500714350
0.3038562722416469	0.3764215965721481
0.3038843861088167	0.3801858125378706
0.3039125117057442	0.3839876706632491
0.3039406759294488	0.3878275473698800
0.3039691666931177	0.3917058228435823
0.3039979774876126	0.3956228810720163
0.3040266894814451	0.3995791098827353
0.3040555946656780	0.4035749009815627
0.3040848517332972	0.4076106499913796
0.3041142987191091	0.4116867564912904
0.3041437353295185	0.4158036240562014
0.3041734976260194	0.4199616602967603
0.3042036171567958	0.4241612768997290
0.3042336506967130	0.4284028896687230
0.3042639950496712	0.4326869185654084
0.3042947156017267	0.4370137877510610
0.3043255337107824	0.4413839256285714
0.3043564622863836	0.4457977648848541
0.3043878542546198	0.4502557425337040
0.3044195285466881	0.4547582999590409
0.3044511115103816	0.4593058829586314
0.3044831814541327	0.4638989417882152
0.3045157734961587	0.4685379312060956
0.3045480781462091	0.4732233105181605
0.3045809180280948	0.4779555436233417
0.3046143271853342	0.4827350990595759
0.3046475772130287	0.4875624500501690
0.3046812764407540	0.4924380745506712
0.3047155911554256	0.4973624552961738
0.3047498401824105	0.5023360798491366
0.3047844617713552	0.5073594406476268
0.3048198005588956	0.5124330350541005
0.3048550837330484	0.5175573654046399
0.3048907629243620	0.5227329390586886
0.3049272710534792	0.5279602684492757
0.3049636270921676	0.5332398711337650
0.3050005071789170	0.5385722698451036
0.3050382929959510	0.5439579925435577
0.3050757699177339	0.5493975724689915
0.3051140413341556	0.5548915481936832
0.3051530845288298	0.5604404636756222
0.3051919467569127	0.5660448683123795
0.3052318254571931	0.5717053169955026
0.3052721981384878	0.5774223701654537
0.3053126634550855	0.5831965938671052
0.3053543899316249	0.5890285598057727
0.3053960776550245	0.5949188454038286
0.3054385097335900	0.6008680338578652
0.3054821500603006	0.6068767141964412
0.3055254289554328	0.6129454813384073
0.3055701887298901	0.6190749361517879
0.3056153417463675	0.6252656855133049
0.3056611073954628	0.6315183423684340
0.3057083462053740	0.6378335257921199
0.3057554155979120	0.6442118610500401
0.3058039152772606	0.6506539796605431
0.3058533371115573	0.6571605194571459
0.3059033594769566	0.6637321246517204
0.3059550915161929	0.6703694458982381
0.3060068222144002	0.6770731403572173
0.3060603294428316	0.6838438717607922
0.3061149455765819	0.6906823104784022
0.3061702432707449	0.6975891335831879
0.3062280532120774	0.7045650249190175
0.3062854978420544	0.7116106751682109
0.3063455468920872	0.7187267819198921
0.3064067075838310	0.7259140497390909
0.3064692930253557	0.7331731902364848
0.3065345864825404	0.7405049221388463
0.3066001503125521	0.7479099713602357
0.3066696416817625	0.7553890710738377
0.3067390972361856	0.7629429617845745
0.3068123867405559	0.7705723914024208
0.3068873118530505	0.7782781153164466
0.3069650953295824	0.7860608964696137
0.3070460962534057	0.7939215054343087
0.3071297448054896	0.8018607204886501
0.3072183750397672	0.8098793276935352
0.3073074222073803	0.8179781209704704
0.3074053954137664	0.8261579021801767
0.3075030955687624	0.8344194812019763
0.3076086913391268	0.8427636760139958
0.3077171312401941	0.8511913127741364
0.3078342545566932	0.8597032259018772
0.3079577477469450	0.8683002581608940
0.3080880208509399	0.8769832607425043
0.3082302796142920	0.8857530933499311
0.3083805839482833	0.8946106242834322
0.3085495047890380	0.9035567305262653
0.3087265935271588	0.9125922978315264
0.3089317470841255	0.9217182208098404
0.3091182153955488	0.9301563781367627
0.3093634796455067	0.9394579419181294
0.3096228899850759	0.9475511355107012
0.3099335466418843	0.9570266468658085
0.3099718796052988	0.9540394532927903
0.3102043099292635	0.9635798478257173
0.3107184381856616	0.9732156463039752
0.3113439253890049	0.9816880843734903
0.3113542105036891	0.9871636135286542
0.3117310868336265	0.9893045878953397
0.3121361872232837	0.9883181328671679
0.3122981419570998	0.9830754424037338
0.3128751147892526	0.9927451556158714
0.3132960507861480	0.9949264691304427
0.3160270402453883	0.9965983776624441
0.3165954993529136	0.9987477250841451
0.3173825663412389	0.9994172279488214
0.3236958379901015	0.9998266570303846
0.3271882447149887	0.9999101144627029
0.3318300122800422	0.9999706174223907
0.3337160471401230	0.9999870551571964
0.3379781913503873	0.9999963766860385
0.3413345440180131	0.9999981279304794
0.3487371792090701	0.9999993886573096
0.3506347616348972	0.9999997175035725
0.3575125690563583	0.9999999132154764
0.3611170914296448	0.9999999605998385
0.3679348902830027	0.9999999881627942
0.3714711440905789	0.9999999946241261
0.3780477267462788	0.9999999983984906
0.3812995389582447	0.9999999992712684
0.3878672475197966	0.9999999997833113
0.3909082685077644	0.9999999999010596
0.3974406064432718	0.9999999999705144
0.4002420372061644	0.9999999999865036
0.4067957270543034	0.9999999999959674
0.4094718412510613	0.9999999999981521
0.4160857259965797	0.9999999999994469
0.4187477205869637	0.9999999999997466
0.4254121735402262	0.9999999999999241
0.4281095044221135	0.9999999999999651
0.4348022384013385	0.9999999999999895
0.4375244734509807	0.9999999999999953
0.4402557441900260	1.0000000095179575
0.4402557462896367	1.0000000107482461
0.4602306161084580	1.0000000126867383
0.4602742317580233	1.0000000129620152
0.4705473753979225	1.0000000134310199
0.4713494915406254	1.0000000134977134
0.4740604861778991	1.0000000138737388
0.4763920041773894	1.0000000139309646
0.4779886096320943	1.0000000143527719
0.4829162012626689	1.0000000144305312
0.4878263900928723	1.0000000145523364
0.4881320824091870	1.0000000145950410
0.4921334084482295	1.0000000146005610
0.4973620463600926	1.0000000146164889
0.4976396151115008	1.0000000146530799
0.5022783426215376	1.0000000146586872
0.5043317712208196	1.0000000146648467
0.5069988288384236	1.0000000146768342
0.5088649244224335	1.0000000146855630
0.5150708200990409	1.0000000146877084
0.5209035083135370	1.0000000146881425
0.5214144434591932	1.0000000146924908
0.5244087437407403	1.0000000146931329
0.5274796961207434	1.0000000146948442
0.5344897247827273	1.0000000146955015
0.5390104225176274	1.0000000146959380
0.5435004739962844	1.0000000151193607
0.5459963338348207	1.0000000153382462
0.5479972840111942	1.0000000155127664
0.5568513518387562	1.0000000155396125
0.5591355318158087	1.0000000155643765
0.5618623726699807	1.0000000155870290
0.5646776412604994	1.0000000156077546
0.5667019196274354	1.0000000156270359
0.5845463150975765	1.0000000156361000
0.5912085679096046	1.0000000156401390
0.5936761915044992	1.0000000156424234
0.5977554827284877	1.0000000156432098
0.6070058539995450	1.0000000156433113
0.6098830328840036	1.0000146791235032
0.6098830329036340	1.0000165743434988
0.6316878732496531	1.0000168982502349
0.6316914372440512	1.0000171850195416
0.6324750125988488	1.0000175206452493
0.6328394671440231	1.0000175640264293
0.6524251727433789	1.0000175704828158
0.6527731200433061	1.0000175722597517
0.6602945106044202	1.0000175726277727
0.6605681924258692	1.0000175858176956
0.6606940103403134	1.0000175876443156
0.6804111704745294	1.0000175878934117
0.6808442758344059	1.0000175879638642
0.6809643474531827	1.0000175882412528
0.6815451249846609	1.0000175882940683
0.7042733669118501	1.0000175883105982
0.7214484146892608	1.0000175883109150
0.7271007170975675	1.0000175883110121
0.7377916641884078	1.0000175883110249
0.7438026618751106	1.0000175883110287
0.7551140778121318	1.0000175883110292
0.7564909696938482	1.0000175883110294
0.7578137182827441	1.0000175883110294
0.7600318585107967	1.0100177641941397
0.7603942507108531	1.0024468708312151
0.7616841611618985	1.0003752171180451
0.7627588108253414	1.0000914091146973
0.7921891969694176	1.0000138300419810
0.7957053030220802	1.0000021502218921
0.8466898932120582	1.0000006387235518
0.8690844875982725	1.0000002222394404
0.8806299382120402	1.0000001684035813
0.9000082254013815	1.0000001535833345
0.9115689487647511	1.0000001516676731
0.9327093057121452	1.0000001511404162
0.9442720673660677	1.0000001510722631
0.9644288495256953	1.0000001510535055
0.9759918547898293	1.0000001510510810
0.9967106342928684	1.0000001510504137
1.0082833871674790	1.0000001510503278
1.0281296907569442	1.0000001510503036
1.0394310653722365	1.0000001510503005
1.0619619293158660	1.0000001510502996
1.0872105928295173	1.0000001510502996
5.1227608358569343	0.9607844588522614
5.1227608358571350	0.9856183848571576
5.1229442743024318	0.9951303943267873
5.1229474398610888	1.0001002438217907
5.1371632022673293	0.9999991649521891
