0.0000000000000000	0.0000000000000000
0.3010629078949940	0.0000300000000000
0.3013424494019654	0.0000109051053157
0.3016513806262782	0.0000148500333275
0.3022462269998388	0.0000248500333275
0.3023145547966973	0.0000181704288694
0.3023490225175098	0.0000258330503234
0.3029587529263514	0.0000325050636169
0.3031412645263455	0.0000228689836947
0.3037456936847620	0.0000427858944549
0.3039230712556587	0.0000346147793630
0.3039415223171363	0.0000375003007377
0.3044842949153629	0.0000479437198663
0.3048717948601825	0.0000576530403477
0.3051865888516024	0.0000676530403477
0.3054544639632603	0.0000776530403477
0.3056961941473146	0.0000883880837744
0.3059257818649311	0.0000983880837744
0.3061125735678880	0.0001083880837744
0.3062915287445572	0.0001183880837744
0.3064462796191715	0.0001283880837744
0.3065974127288237	0.0001383880837744
0.3067321562907064	0.0001483880837744
0.3068590009455936	0.0001583880837744
0.3069748706577401	0.0001683880837744
0.3070875334310056	0.0001783880837744
0.3071914314297980	0.0001883880837744
0.3072940756798316	0.0001983880837744
0.3073876191014807	0.0002083880837744
0.3074799315888287	0.0002183880837744
0.3075650030885915	0.0002283880837744
0.3076488005640839	0.0002383880837744
0.3077268103289174	0.0002483880837744
0.3078033185574777	0.0002583880837744
0.3078753547606001	0.0002683880837744
0.3079458180157674	0.0002783880837744
0.3080127445113611	0.0002883880837744
0.3080780531304828	0.0002983880837744
0.3081404469998186	0.0003083880837744
0.3082012549029041	0.0003183880837744
0.3082597468853034	0.0003283880837744
0.3083166977651838	0.0003383880837744
0.3083717846808287	0.0003483880837744
0.3084253583715303	0.0003583880837744
0.3084774106949740	0.0003683880837744
0.3085279024199868	0.0003783880837744
0.3085772401691390	0.0003883880837744
0.3086251553186498	0.0003983880837744
0.3086720404126840	0.0004083880837744
0.3087174692500357	0.0004183880837744
0.3087621380852651	0.0004283880837744
0.3088054180278405	0.0004383880837744
0.3088480670469119	0.0004483880837744
0.3088893206466770	0.0004583880837744
0.3089300802118127	0.0004683880837744
0.3089694793552758	0.0004783880837744
0.3090085625415139	0.0004883880837744
0.3090462936702834	0.0004983880837744
0.3090838283307872	0.0005083880837744
0.3091200435502844	0.0005183880837744
0.3091561373016699	0.0005283880837744
0.3091909462786162	0.0005383880837744
0.3092256317669397	0.0005483880837744
0.3092592146272067	0.0005583880837744
0.3092926279836134	0.0005683880837744
0.3093249734342016	0.0005783880837744
0.3093570994426172	0.0005883880837744
0.3093884378734077	0.0005983880837744
0.3094195253613868	0.0006083880837744
0.3094497658555966	0.0006183880837744
0.3094797702479183	0.0006283880837744
0.3095091585909003	0.0006383880837744
0.3095381323874836	0.0006483880837744
0.3095666988193353	0.0006583880837744
0.3095947075331000	0.0006683880837744
0.3096224365386490	0.0006783880837744
0.3096496037151670	0.0006883880837744
0.3096765537169670	0.0006983880837744
0.3097029048784812	0.0007083880837744
0.3097290730506095	0.0007183880837744
0.3097547341303793	0.0007283880837744
0.3097801443804352	0.0007383880837744
0.3098051843979418	0.0007483880837744
0.3098298650782246	0.0007583880837744
0.3098541577216085	0.0007683880837744
0.3098783655493492	0.0007783880837744
0.3099019352750936	0.0007883880837744
0.3099254536725250	0.0007983880837744
0.3099485288869223	0.0008083880837744
0.3099715228045435	0.0008183880837744
0.3099939251943855	0.0008283880837744
0.3100163276751122	0.0008383880837744
0.3100382624148589	0.0008483880837744
0.3100601655771515	0.0008583880837744
0.3100815967073454	0.0008683880837743
0.3101029051870477	0.0008783880837743
0.3101238387964734	0.0008883880837743
0.3101446787389281	0.0008983880837743
0.3101651866935629	0.0009083880837743
0.3101855793057144	0.0009183880837743
0.3102056675018426	0.0009283880837743
0.3102256074271166	0.0009383880837743
0.3102452843864367	0.0009483880837743
0.3102647551576915	0.0009583880837743
0.3102839962794114	0.0009683880837743
0.3103030550553452	0.0009783880837743
0.3103219224378662	0.0009883880837743
0.3103405945217911	0.0009983880837743
0.3103590999282980	0.0010083880837743
0.3103773916551764	0.0010184719646120
0.3103957014330058	0.0010286566842582
0.3104139625960949	0.0010389432511007
0.3104322962716759	0.0010493326836118
0.3104505455013096	0.0010598260104479
0.3104689084838669	0.0010704242705524
0.3104871458531530	0.0010811285132579
0.3105054975281635	0.0010919397983905
0.3105237614618673	0.0011028591963744
0.3105420885408884	0.0011138877883381
0.3105603976804758	0.0011250266662215
0.3105786956668120	0.0011362769328837
0.3105970545965895	0.0011476397022126
0.3106153238635828	0.0011591160992347
0.3106336759918479	0.0011707072602271
0.3106519754952963	0.0011824143328293
0.3106702919584305	0.0011942384761576
0.3106886552159818	0.0012061808609192
0.3107069359362518	0.0012182426695284
0.3107252812622737	0.0012304250962237
0.3107436119883881	0.0012427293471859
0.3107619183525574	0.0012551566406578
0.3107802785852692	0.0012677082070644
0.3107985933068977	0.0012803852891350
0.3108169129295437	0.0012931891420264
0.3108352769683803	0.0013061210334466
0.3108535914452421	0.0013191822437811
0.3108719146126294	0.0013323740662189
0.3108902746787717	0.0013456978068811
0.3109086038235048	0.0013591547849499
0.3109269238544246	0.0013727463327994
0.3109452742015306	0.0013864737961274
0.3109636320309481	0.0014003385340887
0.3109819441229259	0.0014143419194295
0.3110002814692642	0.0014284853386238
0.3110186434564947	0.0014427701920101
0.3110369826173481	0.0014571978939302
0.3110553050605893	0.0014717698728695
0.3110736485977940	0.0014864875715981
0.3110920073873387	0.0015013524473141
0.3111103556740359	0.0015163659717873
0.3111286812219577	0.0015315296315051
0.3111470195627445	0.0015468449278202
0.3111653713763965	0.0015623133770984
0.3111837321476922	0.0015779365108693
0.3112020746151031	0.0015937158759780
0.3112204064722620	0.0016096530347378
0.3112387463945974	0.0016257495650852
0.3112570945649357	0.0016420070607360
0.3112754481091979	0.0016584271313434
0.3112938069694136	0.0016750114026568
0.3113121568579360	0.0016917615166834
0.3113304928903092	0.0017086791318502
0.3113488340665130	0.0017257659231687
0.3113671788086086	0.0017430235824004
0.3113855267476346	0.0017604538182245
0.3114038768647586	0.0017780583564067
0.3114222287166614	0.0017958389399708
0.3114405817088493	0.0018137973293705
0.3114589352636048	0.0018319353026641
0.3114772892413250	0.0018502546556908
0.3114956429877016	0.0018687572022477
0.3115139967213602	0.0018874447742702
0.3115323496905779	0.0019063192220129
0.3115506994951306	0.0019253824142330
0.3115690503762705	0.0019446362383753
0.3115874020239399	0.0019640826007591
0.3116057538112424	0.0019837234267667
0.3116241046746185	0.0020035606610344
0.3116424557055771	0.0020235962676447
0.3116608058348749	0.0020438322303212
0.3116791563268397	0.0020642705526244
0.3116975059934494	0.0020849132581506
0.3117158555731104	0.0021057623907322
0.3117342047452555	0.0021268200146395
0.3117525539145400	0.0021480882147859
0.3117709029075728	0.0021695690969338
0.3117892523862669	0.0021912647879031
0.3118076014558478	0.0022131774357821
0.3118259509728610	0.0022353092101399
0.3118443003873039	0.0022576623022413
0.3118626499489317	0.0022802389252637
0.3118810000224347	0.0023030413145164
0.3118993498997383	0.0023260717276615
0.3119177002699491	0.0023493324449381
0.3119360508124362	0.0023728257693875
0.3119544014654627	0.0023965540270813
0.3119727528006432	0.0024205195673521
0.3119911041228054	0.0024447247630257
0.3120094557198263	0.0024691720106559
0.3120278080690161	0.0024938637307625
0.3120461603727013	0.0025188023680701
0.3120645130126360	0.0025439903917508
0.3120828663907607	0.0025694302956684
0.3121012198376689	0.0025951245986251
0.3121195736055974	0.0026210758446113
0.3121379280327470	0.0026472866030574
0.3121562827816178	0.0026737594690880
0.3121746377843314	0.0027004970637788
0.3121929933279886	0.0027275020344166
0.3122113495741118	0.0027547770547608
0.3122297059711618	0.0027823248253084
0.3122480627678694	0.0028101480735614
0.3122664201509079	0.0028382495542971
0.3122847782016061	0.0028666320498400
0.3123031364971114	0.0028952983703384
0.3123214952072133	0.0029242513540418
0.3123398544414890	0.0029534938675822
0.3123582142359885	0.0029830288062580
0.3123765743802762	0.0030128590943207
0.3123949348012713	0.0030429876852639
0.3124132956155623	0.0030734175621165
0.3124316569211694	0.0031041517377376
0.3124500187943742	0.0031351932551149
0.3124683812572518	0.0031665451876661
0.3124867440438393	0.0031982106395427
0.3125051072335928	0.0032301927459382
0.3125234708868782	0.0032624946733976
0.3125418350557180	0.0032951196201315
0.3125601997741881	0.0033280708163329
0.3125785650738426	0.0033613515244962
0.3125969309684041	0.0033949650397412
0.3126152974657382	0.0034289146901387
0.3126336644202024	0.0034632038370401
0.3126520308183625	0.0034978358754105
0.3126703968923221	0.0035328142341646
0.3126887635266500	0.0035681423765063
0.3127071307429416	0.0036038238002713
0.3127254985447220	0.0036398620382739
0.3127438669486277	0.0036762606586566
0.3127622359531418	0.0037130232652432
0.3127806055714298	0.0037501534978956
0.3127989758002661	0.0037876550328746
0.3128173466415601	0.0038255315832034
0.3128357180881793	0.0038637868990354
0.3128540901437472	0.0039024247680258
0.3128724628057185	0.0039414490157061
0.3128908360776673	0.0039808635058631
0.3129092099617765	0.0040206721409217
0.3129275844615758	0.0040608788623310
0.3129459595839360	0.0041014876509543
0.3129643353308914	0.0041425025274638
0.3129827117141533	0.0041839275527384
0.3130010887343383	0.0042257668282658
0.3130194664012946	0.0042680244965485
0.3130378447207970	0.0043107047415140
0.3130562237004137	0.0043538117889291
0.3130746033458268	0.0043973499068184
0.3130929836488867	0.0044413234058866
0.3131113646103239	0.0044857366399455
0.3131297462282367	0.0045305940063450
0.3131481285025889	0.0045758999464085
0.3131665114404197	0.0046216589458726
0.3131848950409504	0.0046678755353313
0.3132032793096813	0.0047145542906846
0.3132216642554911	0.0047616998335915
0.3132400498819607	0.0048093168319274
0.3132584361982261	0.0048574100002467
0.3132768232154465	0.0049059841002492
0.3132952109404236	0.0049550439412516
0.3133135993846519	0.0050045943806641
0.3133319885620549	0.0050546403244708
0.3133503784798007	0.0051051867277155
0.3133687691480448	0.0051562385949926
0.3133871605792379	0.0052078009809426
0.3134055527816151	0.0052598789907520
0.3134239457634653	0.0053124777806595
0.3134423395352352	0.0053656025584661
0.3134607341090301	0.0054192585840507
0.3134791294915727	0.0054734511698911
0.3134975256917293	0.0055281856815900
0.3135159227203194	0.0055834675384059
0.3135343205895561	0.0056393022137899
0.3135527193078507	0.0056956952359278
0.3135711188849038	0.0057526521882871
0.3135895193319257	0.0058101787101700
0.3136079206616271	0.0058682804972717
0.3136263228874921	0.0059269633022444
0.3136447260199659	0.0059862329352668
0.3136631300711576	0.0060460952646194
0.3136815350543309	0.0061065562172657
0.3136999409838490	0.0061676217794383
0.3137183478747817	0.0062292979972326
0.3137367557428914	0.0062915909772049
0.3137551646019300	0.0063545068869770
0.3137735744662231	0.0064180519558467
0.3137919853509183	0.0064822324754051
0.3138103972717772	0.0065470548001592
0.3138288102451700	0.0066125253481608
0.3138472242879523	0.0066786506016424
0.3138656394174738	0.0067454371076587
0.3138840556515254	0.0068128914787353
0.3139024730083453	0.0068810203935226
0.3139208915057271	0.0069498305974579
0.3139393111604429	0.0070193289034324
0.3139577319885153	0.0070895221924667
0.3139761540052410	0.0071604174143914
0.3139945772254500	0.0072320215885354
0.3140130016638280	0.0073043418044207
0.3140314273349218	0.0073773852224649
0.3140498542531818	0.0074511590746896
0.3140682824330129	0.0075256706654364
0.3140867118889659	0.0076009273720907
0.3141051426357476	0.0076769366458117
0.3141235746884211	0.0077537060122697
0.3141420080623638	0.0078312430723925
0.3141604427726092	0.0079095555031164
0.3141788788113028	0.0079886510581476
0.3141973161738915	0.0080685375687290
0.3142157548589370	0.0081492229444163
0.3142341948680155	0.0082307151738605
0.3142526362053944	0.0083130223255993
0.3142710788778593	0.0083961525488553
0.3142895228944441	0.0084801140743439
0.3143079682662659	0.0085649152150873
0.3143264150064147	0.0086505643672381
0.3143448631297614	0.0087370700109105
0.3143633126529231	0.0088244407110196
0.3143817635934398	0.0089126851181298
0.3144002159684773	0.0090018119693111
0.3144186697951368	0.0090918300890043
0.3144371250906379	0.0091827483898944
0.3144555818725497	0.0092745758737935
0.3144740401590238	0.0093673216325314
0.3144924999688001	0.0094609948488567
0.3145109613212519	0.0095556047973452
0.3145294242364607	0.0096511608453185
0.3145478884636024	0.0097476724537718
0.3145663539093492	0.0098451491783096
0.3145848206205286	0.0099436006700926
0.3146032886429327	0.0100430366767937
0.3146217580215075	0.0101434670435615
0.3146402288005863	0.0102449017139972
0.3146587010241141	0.0103473507311371
0.3146771747358019	0.0104508242384484
0.3146956499793146	0.0105553324808331
0.3147141267982743	0.0106608858056415
0.3147326052362868	0.0107674946636978
0.3147510853369468	0.0108751696103347
0.3147695671417531	0.0109839213064380
0.3147880506901811	0.0110937605195023
0.3148065360201391	0.0112046981246975
0.3148250231683835	0.0113167451059446
0.3148435121708659	0.0114299125570039
0.3148620030630939	0.0115442116825739
0.3148804958468744	0.0116596537993999
0.3148989905256271	0.0117762503373940
0.3149174871066525	0.0118940128407680
0.3149359856008486	0.0120129529691755
0.3149544860224817	0.0121330824988675
0.3149729883890149	0.0122544133238563
0.3149914927209690	0.0123769574570947
0.3150099990418170	0.0125007270316657
0.3150285073779080	0.0126257343019821
0.3150470177584233	0.0127519916450021
0.3150655302153437	0.0128795115614520
0.3150840447815754	0.0130083066770667
0.3151025614898220	0.0131383897438375
0.3151210803728230	0.0132697736412760
0.3151396014636067	0.0134024713776887
0.3151581247957456	0.0135364960914654
0.3151766504036159	0.0136718610523802
0.3151951783226480	0.0138085796629041
0.3152137085895632	0.0139466654595332
0.3152322412426029	0.0140861321141287
0.3152507763216814	0.0142269934352698
0.3152693138683514	0.0143692633696223
0.3152878539258200	0.0145129560033188
0.3153063965389953	0.0146580855633519
0.3153249417545560	0.0148046664189852
0.3153434896195986	0.0149527130831749
0.3153620401798414	0.0151022402140065
0.3153805934388841	0.0152532626161468
0.3153991493999566	0.0154057952423080
0.3154177080710507	0.0155598531947313
0.3154362694648128	0.0157154517266784
0.3154548335983816	0.0158726062439451
0.3154734004932745	0.0160313323063847
0.3154919701753215	0.0161916456294485
0.3155105338981678	0.0163535620857432
0.3155290999934285	0.0165170977066007
0.3155476686117938	0.0166822686836669
0.3155662396271150	0.0168490913705037
0.3155848131102942	0.0170175822842085
0.3156033891339760	0.0171877581070507
0.3156219677723602	0.0173596356881212
0.3156405490972307	0.0175332320450023
0.3156591331786682	0.0177085643654522
0.3156777200857347	0.0178856500091069
0.3156963098871148	0.0180645065091979
0.3157149026517227	0.0182451515742897
0.3157334984492831	0.0184276030900324
0.3157520973505261	0.0186118791209329
0.3157706994274228	0.0187979979121421
0.3157893047534432	0.0189859778912634
0.3158079133699863	0.0191758376701759
0.3158265252952112	0.0193675960468775
0.3158451405561195	0.0195612720073465
0.3158637591833718	0.0197568847274200
0.3158823812116400	0.0199544535746940
0.3159010066779579	0.0201539981104411
0.3159196356200735	0.0203555380915454
0.3159382680858807	0.0205590934724610
0.3159569041278931	0.0207646844071858
0.3159755438034656	0.0209723312512579
0.3159941871750219	0.0211820545637704
0.3160128343099537	0.0213938751094080
0.3160314852805164	0.0216078138605021
0.3160501401586433	0.0218238919991071
0.3160687990166111	0.0220421309190980
0.3160874619278724	0.0222625522282891
0.3161061289678415	0.0224851777505720
0.3161248002145514	0.0227100295280778
0.3161434756875180	0.0229371298233586
0.3161621554034397	0.0231665011215925
0.3161808390794233	0.0233981661328087
0.3161995261017999	0.0236321477941367
0.3162182165735619	0.0238684692720784
0.3162369106031703	0.0241071539647993
0.3162556082992301	0.0243482255044471
0.3162743097707192	0.0245917077594918
0.3162930151276663	0.0248376248370869
0.3163117244817937	0.0250860010854579
0.3163304379471710	0.0253368610963123
0.3163491556408854	0.0255902297072756
0.3163678776837355	0.0258461320043482
0.3163866039012252	0.0261045933243921
0.3164053330216263	0.0263656392576363
0.3164240668451955	0.0266292956502126
0.3164428054259470	0.0268955886067149
0.3164615488104282	0.0271645444927821
0.3164802970550136	0.0274361899377102
0.3164990502262294	0.0277105518370874
0.3165178084005370	0.0279876573554580
0.3165365716642098	0.0282675339290128
0.3165553401133436	0.0285502092683026
0.3165741138486263	0.0288357113609854
0.3165928854236811	0.0291240684745951
0.3166116529258124	0.0294153091593411
0.3166304262863437	0.0297094622509341
0.3166492055947143	0.0300065568734437
0.3166679909478259	0.0303066224421785
0.3166867815845638	0.0306096886665998
0.3167055771657170	0.0309157855532661
0.3167243778172826	0.0312249434087990
0.3167431836435696	0.0315371928428870
0.3167619947586204	0.0318525647713158
0.3167808112821190	0.0321710904190285
0.3167996333402274	0.0324928013232185
0.3168184610664876	0.0328177293364511
0.3168372946027223	0.0331459066298152
0.3168561340995751	0.0334773656961138
0.3168749797167382	0.0338121393530752
0.3168938316170245	0.0341502607466054
0.3169126899649569	0.0344917633540714
0.3169315549228212	0.0348366809876119
0.3169504265467679	0.0351850477974878
0.3169693049112274	0.0355368982754625
0.3169881901085221	0.0358922672582173
0.3170070822487233	0.0362511899307994
0.3170259814562087	0.0366137018301079
0.3170448878634542	0.0369798388484086
0.3170638014729044	0.0373496372368926
0.3170827209109983	0.0377231336092616
0.3171016464396382	0.0381003649453546
0.3171205783237749	0.0384813685948078
0.3171395168330808	0.0388661822807559
0.3171584621538329	0.0392548441035632
0.3171774144348123	0.0396473925445994
0.3171963738361354	0.0400438664700450
0.3172153405302356	0.0404443051347457
0.3172343147029677	0.0408487481860928
0.3172532965547666	0.0412572356679540
0.3172722863011336	0.0416698080246332
0.3172912673092377	0.0420865061048792
0.3173102484779805	0.0425073711659279
0.3173292385180945	0.0429324448775873
0.3173482376179985	0.0433617693263631
0.3173672458415483	0.0437953870196272
0.3173862632817328	0.0442333408898239
0.3174052900217584	0.0446756742987227
0.3174243242325778	0.0451224310417099
0.3174433661976688	0.0455736553521272
0.3174624162051068	0.0460293919056485
0.3174814745504808	0.0464896858247046
0.3175005415390652	0.0469545826829518
0.3175196174874257	0.0474241285097817
0.3175387026486211	0.0478983697948800
0.3175577971968907	0.0483773534928284
0.3175769013254526	0.0488611270277572
0.3175960152486437	0.0493497382980344
0.3176151392027634	0.0498432356810143
0.3176342702850851	0.0503416680378251
0.3176534109863532	0.0508450847182033
0.3176725625021724	0.0513535355653851
0.3176917239748029	0.0518670709210390
0.3177108944517316	0.0523857416302491
0.3177300742234161	0.0529095990465519
0.3177492636041210	0.0534386950370172
0.3177684629334940	0.0539730819873868
0.3177876725706686	0.0545128128072607
0.3178068676777456	0.0550579409353338
0.3178260662510822	0.0556085203446867
0.3178452765692767	0.0561646055481338
0.3178644989920837	0.0567262516036159
0.3178837337073114	0.0572935141196515
0.3179029809276206	0.0578664492608488
0.3179222408960469	0.0584451137534568
0.3179415138854284	0.0590295648909920
0.3179607984541012	0.0596198605399018
0.3179800939761435	0.0602160591453016
0.3179994009679464	0.0608182197367551
0.3180187199576096	0.0614264019341234
0.3180380512664809	0.0620406659534655
0.3180573952339046	0.0626610726129997
0.3180767522340074	0.0632876833391306
0.3180961226781608	0.0639205601725214
0.3181155070094729	0.0645597657742467
0.3181349056902318	0.0652053634319898
0.3181543190937619	0.0658574170663102
0.3181737466762151	0.0665159912369739
0.3181931865348583	0.0671811511493437
0.3182126156708569	0.0678529626608377
0.3182320411354199	0.0685314922874460
0.3182514808299062	0.0692168072103206
0.3182709352821615	0.0699089752824229
0.3182904050484053	0.0706080650352465
0.3183098906548999	0.0713141456855990
0.3183293924444381	0.0720272871424552
0.3183489108178945	0.0727475600138799
0.3183684456706843	0.0734750356140195
0.3183879921630382	0.0742097859701595
0.3184075529594671	0.0749518838298601
0.3184271288377959	0.0757014026681579
0.3184467204769704	0.0764584166948393
0.3184663284038004	0.0772230008617865
0.3184859531902893	0.0779952308704052
0.3185055954585564	0.0787751831791082
0.3185252558840885	0.0795629350108993
0.3185449337307589	0.0803585643610084
0.3185645800629953	0.0811621500046193
0.3185842468755708	0.0819737715046644
0.3186039318237743	0.0827935092197103
0.3186236342762084	0.0836214443119065
0.3186433549787535	0.0844576587550256
0.3186630947290089	0.0853022353425758
0.3186828543579562	0.0861552576960019
0.3187026345358428	0.0870168102729626
0.3187224358377365	0.0878869783756918
0.3187422589255302	0.0887658481594482
0.3187621039358756	0.0896535066410437
0.3187819676543929	0.0905500417074545
0.3188018511558903	0.0914555421245284
0.3188217553459657	0.0923700975457728
0.3188416810098254	0.0932937985212310
0.3188615685300731	0.0942267365064423
0.3188814793811778	0.0951690038715069
0.3189014147506445	0.0961206939102232
0.3189213694513380	0.0970819008493256
0.3189413463685890	0.0980527198578189
0.3189613450667840	0.0990332470563974
0.3189813665304046	0.1000235795269623
0.3190014118074575	0.1010238153222317
0.3190214820173803	0.1020340534754537
0.3190415782998872	0.1030543940102078
0.3190617014646216	0.1040849379503099
0.3190818524147231	0.1051257873298143
0.3191020274992578	0.1061770452031119
0.3191221605464539	0.1072388156551421
0.3191423178393227	0.1083112038116923
0.3191625025027500	0.1093943158498080
0.3191827156147400	0.1104882590083052
0.3192029581876734	0.1115931415983873
0.3192232313476904	0.1127090730143704
0.3192435363417686	0.1138361637445140
0.3192638682072559	0.1149745253819603
0.3192842283912001	0.1161242706357801
0.3193046181708322	0.1172855133421362
0.3193250389377797	0.1184583684755569
0.3193454570884356	0.1196429521603117
0.3193658501245699	0.1208393816819133
0.3193862787162622	0.1220477754987338
0.3194067405330595	0.1232682532537227
0.3194272336468365	0.1245009357862589
0.3194477596625179	0.1257459451441206
0.3194683203247085	0.1270034045955604
0.3194889172814235	0.1282734386415172
0.3195095518604609	0.1295561730279306
0.3195302226754141	0.1308517347582090
0.3195509270060709	0.1321602521057907
0.3195715825631614	0.1334818546268491
0.3195922695877800	0.1348166731731174
0.3196129960615058	0.1361648399048468
0.3196337635355331	0.1375264883038952
0.3196545737509727	0.1389017531869348
0.3196754233454123	0.1402907707188037
0.3196963068323002	0.1416936784259926
0.3197172210159612	0.1431106152102528
0.3197381776521021	0.1445417213623533
0.3197591303355103	0.1459871385759768
0.3197800724706922	0.1474470099617361
0.3198010621795535	0.1489214800613534
0.3198220941566365	0.1504106948619670
0.3198431705490584	0.1519148018105869
0.3198642937028567	0.1534339498286914
0.3198854661922415	0.1549682893269779
0.3199066902468152	0.1565179722202495
0.3199279592862010	0.1580831519424503
0.3199491870566618	0.1596639834618740
0.3199704390297531	0.1612606232964926
0.3199917433691991	0.1628732295294573
0.3200130871295377	0.1645019618247512
0.3200344859837208	0.1661469814430001
0.3200559348849020	0.1678084512574306
0.3200774363463996	0.1694865357700031
0.3200989938085607	0.1711814011277019
0.3201205112591208	0.1728932151389808
0.3201420582270721	0.1746221472903693
0.3201636678422448	0.1763683687632718
0.3201853335779664	0.1781320524509060
0.3202070592171307	0.1799133729754171
0.3202288481148036	0.1817125067051715
0.3202507035259003	0.1835296317722247
0.3202725658471298	0.1853649280899452
0.3202943863733823	0.1872185773708467
0.3203162712060003	0.1890907631445529
0.3203382242422142	0.1909816707759977
0.3203602490194957	0.1928914874837558
0.3203823469442797	0.1948204023585937
0.3204045113275069	0.1967686063821797
0.3204266941392203	0.1987362924459996
0.3204488478878527	0.2007236553704616
0.3204710802465061	0.2027308919241639
0.3204933956383632	0.2047582008434077
0.3205157688592178	0.2068057828518416
0.3205382096834829	0.2088738406803591
0.3205607326759316	0.2109625790871637
0.3205831990869955	0.2130722048780333
0.3206057241347035	0.2152029269268119
0.3206283314833920	0.2173549561960786
0.3206510246265649	0.2195285057580408
0.3206738087459697	0.2217237908156237
0.3206966895609829	0.2239410287237813
0.3207195349264975	0.2261804390110179
0.3207423808675048	0.2284422434011280
0.3207653216466319	0.2307266658351421
0.3207883632351153	0.2330339324934942
0.3208115102272042	0.2353642718184319
0.3208347525425128	0.2377179145366172
0.3208579297391720	0.2400950936819836
0.3208811778655872	0.2424960446188016
0.3209045392954709	0.2449210050649885
0.3209280021610432	0.2473702151156367
0.3209515489449568	0.2498439172667908
0.3209751454783248	0.2523423564394584
0.3209987030028631	0.2548657800038526
0.3210223878889217	0.2574144378038883
0.3210461907254109	0.2599885821819243
0.3210701159226969	0.2625884680037416
0.3210941626534949	0.2652143526837761
0.3211180859435875	0.2678664962106115
0.3211421275466030	0.2705451611727203
0.3211662986882568	0.2732506127844460
0.3211906091693709	0.2759831189122893
0.3212150588564098	0.2787429501014129
0.3212394008712383	0.2815303796024266
0.3212638848420072	0.2843456833984495
0.3212885037497102	0.2871891402324344
0.3213132520040258	0.2900610316347556
0.3213380963440536	0.2929616419511056
0.3213628775932453	0.2958912583706159
0.3213878197801849	0.2988501709543191
0.3214129356702795	0.3018386726638634
0.3214382264707822	0.3048570593905041
0.3214634657761057	0.3079056299844084
0.3214887466637708	0.3109846862842517
0.3215142156906368	0.3140945331470946
0.3215398794410855	0.3172354784785640
0.3215656768078372	0.3204078332633528
0.3215913898298570	0.3236119115959850
0.3216172645622669	0.3268480307119417
0.3216433383968987	0.3301165110190584
0.3216696129978782	0.3334176761292457
0.3216957873576315	0.3367518528905359
0.3217221456510979	0.3401193714194397
0.3217487336230629	0.3435205651336334
0.3217754834470767	0.3469557707849672
0.3218021751370613	0.3504253284928163
0.3218290253736432	0.3539295817777429
0.3218561351715892	0.3574688775955182
0.3218834900852898	0.3610435663714702
0.3219107095998150	0.3646540020351822
0.3219381110059667	0.3683005420555348
0.3219657951839910	0.3719835474760896
0.3219937529265641	0.3757033829508520
0.3220215767076972	0.3794604167803607
0.3220496011483361	0.3832550209481646
0.3220779320472477	0.3870875711576461
0.3221064609903096	0.3909584468692214
0.3221349387986267	0.3948680313379112
0.3221637249274453	0.3988167116512932
0.3221927866122654	0.4028048787678066
0.3222218762825332	0.4068329275554827
0.3222511254709470	0.4109012568310369
0.3222807551779536	0.4150102693993437
0.3223105906301850	0.4191603720933358
0.3223403126100096	0.4233519758142668
0.3223704446703836	0.4275854955724114
0.3224009951643604	0.4318613505281332
0.3224314286228360	0.4361799640334107
0.3224621078399447	0.4405417636737441
0.3224932584309164	0.4449471813104823
0.3225245984051411	0.4493966531235867
0.3225558964251596	0.4538906196548241
0.3225876852213510	0.4584295258513693
0.3226198977290712	0.4630138211098850
0.3226519557018492	0.4676439593209835
0.3226844638287260	0.4723203989141895
0.3227175483786811	0.4770436029033314
0.3227504497803365	0.4818140389323643
0.3227837698991289	0.4866321793216913
0.3228177015800251	0.4914985011149118
0.3228515446797130	0.4964134861260595
0.3228858319659920	0.5013776209873183
0.3229207255657578	0.5063913971971925
0.3229555547017962	0.5114553111691672
0.3229908758957030	0.5165698642808628
0.3230268634135099	0.5217355629236714
0.3230627425966839	0.5269529185529096
0.3230992065073459	0.5322224477384380
0.3231364022961306	0.5375446722158189
0.3231734554653969	0.5429201189379803
0.3232111890038853	0.5483493201273629
0.3232495932304720	0.5538328133286338
0.3232880653448664	0.5593711414619204
0.3233272360317596	0.5649648528765397
0.3233669488826723	0.5706145014053023
0.3234069060161931	0.5763206464193514
0.3234478093896566	0.5820838528835421
0.3234889500287793	0.5879046914123757
0.3235306017756417	0.5937837383265031
0.3235734842275942	0.5997215757097657
0.3236161072270842	0.6057187914668661
0.3236598423234587	0.6117759793815348
0.3237044264376208	0.6178937391753496
0.3237491342566772	0.6240726765671045
0.3237954145523269	0.6303134033327749
0.3238415620314520	0.6366165373661056
0.3238890115478366	0.6429827027397632
0.3239375041614906	0.6494125297671595
0.3239861958166815	0.6559066550648338
0.3240366307073781	0.6624657216154840
0.3240872953572798	0.6690903788316407
0.3241393658760934	0.6757812826199593
0.3241928093650471	0.6825390954461564
0.3242465127543798	0.6893644864006172
0.3243027291415684	0.6962581312646231
0.3243587772720732	0.7032207125772675
0.3244169881002735	0.7102529197030382
0.3244764309243644	0.7173554489000717
0.3245373283968538	0.7245290033890739
0.3246005514058118	0.7317742934229642
0.3246638217167601	0.7390920363571959
0.3247306946640240	0.7464829567207657
0.3247980598184478	0.7539477862879732
0.3248685000067690	0.7614872641508559
0.3249407543324372	0.7691021367923642
0.3250151433786518	0.7767931581602890
0.3250936837509294	0.7845610897418905
0.3251722232184294	0.7924067006393095
0.3252573332802776	0.8003307676457002
0.3253422641679653	0.8083340753221546
0.3254333837457389	0.8164174160753741
0.3255268506246022	0.8245815902361262
0.3256260314734643	0.8328274061384896
0.3257292357690912	0.8411556801998729
0.3258377444497453	0.8495672370018733
0.3259546362229591	0.8580629093718899
0.3260737868859814	0.8666435384656079
0.3262073990923130	0.8753099738502629
0.3263418147653930	0.8840630735887640
0.3264925707259747	0.8929037043246510
0.3266549261517332	0.9018327413678994
0.3268277523891672	0.9108510687815770
0.3270242158076311	0.9199595794693938
0.3272423753749830	0.9291591752640890
0.3274918553542170	0.9384507670167305
0.3277733883318534	0.9466951101805422
0.3280773179049875	0.9550127020365397
0.3284046433186855	0.9645628290569053
0.3288358830637216	0.9765259026508578
0.3289745634818387	0.9823678243424189
0.3291208474244787	0.9794031833585928
0.3291963311354692	0.9737542459285635
0.3296167183819090	0.9841686279027471
0.3297615184484051	0.9879556945444466
0.3300795916291867	0.9902136248095976
0.3309757930700687	0.9844523077584619
0.3315330942717400	0.9947747431786053
0.3320322105034345	0.9957662870093088
0.3344795301365261	0.9982926264526440
0.3368189994230442	0.9991357736465720
0.3382351273763063	0.9995366861509554
0.3418959781573848	0.9997005690299819
0.3434289634540466	0.9998245333426128
0.3435809611017948	0.9999284985464908
0.3485531063994288	0.9999712839264183
0.3497897749330479	0.9999857091321858
0.3579759283815808	0.9999937440398224
0.3620005791841158	0.9999981204256597
0.3664806899714087	0.9999991764613642
0.3729746437688667	0.9999997591366073
0.3767349222912438	0.9999998917737167
0.3829751669826438	0.9999999682405517
0.3859683339918004	0.9999999856098126
0.3924067553182039	0.9999999957639818
0.3952550653621683	0.9999999980646521
0.4017467454268392	0.9999999994249078
0.4042805088858861	0.9999999997361023
0.4108219423990312	0.9999999999210698
0.4132782820544589	0.9999999999637613
0.4199373085926238	0.9999999999891328
0.4224943094009070	0.9999999999950151
0.4292174085835365	0.9999999999985049
0.4319036464300725	0.9999999999993148
0.4386409094172735	0.9999999999997949
0.4414233785848883	0.9999999999999059
0.4471415781542957	0.9999999999999827
0.4501211742067402	0.9999999999999996
0.4582507906532552	1.0000000000000091
0.4608615690963690	1.0000000000000113
0.4624528590708866	1.0000000000000160
0.4637017286708371	1.0000000000000173
0.4692265376890839	1.0000000000000175
0.4719188453813973	1.0000000000000180
0.4739878108986397	1.0036427732080084
0.4744190889244255	1.0009354281072342
0.4891610266904331	1.0002339029968497
0.4939904078300612	1.0000909286172597
0.5017223865523467	1.0000303720677337
0.5056335933503139	1.0000189281390257
0.5161670731162984	1.0000140434884968
0.5198129154534511	1.0000131280082991
0.5296334350677672	1.0000127374085432
0.5309695784172849	1.0000079076327992
0.5336076972641294	1.0000064909505857
0.5444230959023265	1.0000063078167556
0.5525299035252170	1.0000060719780051
0.5543245635041907	0.9999254363858456
0.5543327540003961	0.9999777478843125
0.5726327630230801	0.9998952408150388
0.5729284920115421	0.9999660392970361
0.6053253708713081	0.9999494751278779
0.6428682432249841	0.9999136221636410
0.6814413885754904	0.9997956276357099
0.7203112192394698	0.9999632762863588
0.7203148264521798	0.9999849610020806
0.7421178909393147	0.9999885372449934
0.7496655509941318	0.9999886901183922
0.7518939445013837	0.9999887399460724
0.7722018427832346	0.9999887472193799
0.8158067537883804	0.9999887473409049
0.8594129150165871	0.9999887473429354
0.9030842470369111	0.9999887473429693
0.9486338758155372	0.9999887473429696
0.9494157048067334	0.9999887473429697
0.9507721543001844	0.9999887473429697
1.2707595651443406	1.0301884075127274
1.2708819503158708	1.0043099600928500
1.2711589432326829	1.0011853362381600
1.2756596205116428	1.0002830862664500
1.2832884257548107	1.0001002967584411
1.2926942033770079	1.0000237505630170
1.2963184726244030	1.0000092324483036
1.3046570784270224	1.0000021943689077
1.3086095305270455	1.0000009239545573
1.3182267580240825	1.0000002963209895
1.3215766649252896	1.0000001843784299
1.3312073425641309	1.0000001288518916
1.3344757708753665	1.0000001189808017
1.3441908448150366	1.0000001140786527
1.3474032393525055	1.0000001132079310
1.3571244061471863	1.0000001127753777
1.3603264971858908	1.0000001126985645
1.3700533064939060	1.0000001126604026
1.3732510382155176	1.0000001126536258
1.3829789847386158	1.0000001126502596
1.3861745513864714	1.0000001126496612
1.3959049179446383	1.0000001126493643
1.3991080780317398	1.0000001126493117
1.4087813188854117	1.0000001126492852
1.4119361157088066	1.0000001126492806
1.4229805250937131	1.0000001126492786
1.4244571096786147	1.0000001126492779
1.4263961025574825	0.9983214545067087
1.4282758309265544	0.9995526149325775
1.4589676848929514	0.9999214647273202
1.4592251759361292	0.9999687439342780
1.4853028058234763	0.9999841966245459
1.4856938349771591	0.9999861934349759
1.5101928991636837	0.9999868772086501
1.5106825129034371	0.9999869655941704
1.5335819786516340	0.9999869969219612
1.5341396438020696	0.9999870009714882
1.5584227250783407	0.9999870023024912
1.5588284911513910	0.9999870024745408
1.5757261285155133	0.9999870025534852
1.5782170345364457	0.9999870025710191
1.5828348472144036	0.9999870025732858
1.5994726722305659	0.9999870025772458
1.6006277912528699	0.9999942662619429
1.6006277934829838	0.9999952051464285
1.6224310522779215	0.9999953651162229
1.6224323250219506	0.9999955071448006
1.6236896854727778	0.9999956717487114
1.6240445265080681	0.9999956930255229
1.6430585815036483	0.9999956979507045
1.6521094647736589	0.9999957046027909
1.6526330730162349	0.9999957055284200
1.6599044632337829	0.9999982551282309
1.6599053270928883	0.9999985847038129
1.6817028642457625	0.9999987716611243
1.6817032623844892	0.9999988020471482
1.6955687557797854	0.9999988176731935
1.6976997429244960	0.9999988203836938
1.7099390601608069	0.9999988217424537
1.7133289861786680	0.9999988219822601
1.7248768608777734	0.9999988221027913
1.7249070454542712	0.9999997116876302
1.7249077577441227	0.9999998266960611
1.7467070814241765	0.9999998611584214
1.7475759310234544	0.9999998989534320
1.7482923840660500	0.9999999247491163
1.7493127769044863	0.9999999280834588
1.7660152179936077	0.9999999289077033
1.7684368541574569	0.9999999299594906
1.7694987420294692	0.9999999301071777
1.7736951125685492	0.9999999310556290
1.7741300629193073	0.9999999311810123
1.7925890946567000	0.9999999312735809
1.7927361904019192	0.9999999312855460
1.8084197681970642	0.9999999312929282
1.8096417020174378	0.9999999312942747
1.8216065305490541	0.9999999312949786
1.8250111087823317	0.9999999312950949
1.8359374811359210	0.9999999312951621
1.8390810921381386	0.9999999312951735
1.8497114749763932	0.9999999312951802
1.8534994871483439	0.9999999312951812
1.8649781049755119	0.9999999312951819
1.8661403342547942	0.9999999312951819
1.8742622768767967	1.0306121740899326
1.8743919473014963	1.0052144225422073
1.8747849536870769	1.0024010127929301
1.8772384547142869	1.0005242666723926
1.8827899585439769	1.0001230391170390
1.8953276375914405	1.0000242310961223
1.9010840743724549	1.0000114026863665
1.9171742965692753	1.0000057228863926
1.9224564420160783	1.0000049885943942
1.9378688928464245	0.9994345123762705
1.9378719386913839	0.9993605054546369
1.9561141942708136	0.9998954700240651
1.9889972706094596	0.9999644997939883
2.0194371517400320	0.9999733330180569
2.0419323100063203	0.9999744652870022
2.0643416973107196	0.9999746104819598
2.0698985509499011	0.9999835054022177
2.0699445669753729	0.9999846551922252
2.1063189896487247	0.9999969870333222
2.1073754642033120	0.9999985809344443
2.1463266932225253	0.9999990194965828
2.1578941816752897	0.9999990761837424
2.1964521508088364	0.9999990917834577
2.2080166951453526	0.9999990937998765
2.2123787103746357	0.9999993352097508
2.2124022497301872	0.9999993664143632
2.2332987786881606	0.9999993712635736
2.2344891939189537	0.9999993759238763
2.2561650310084320	0.9999993765980141
2.2961864512412928	0.9999993767835557
2.3077493616069069	0.9999993768075391
2.3385904727464366	0.9999993815408373
2.3386066004701842	0.9999993821526637
2.3604324552878899	0.9999993823210557
2.3719954179240554	0.9999993823428222
2.4009332747961669	0.9999993823488127
2.4124962853966463	0.9999993823495871
2.4450654841019741	0.9999993823498001
2.4566104512572640	0.9999993823498278
2.4858908456091453	0.9999993824424306
2.4858918243535646	0.9999993824543114
2.5064915232989393	0.9999993824561478
2.5076740282207326	0.9999993824579210
2.5302705502457119	0.9999993824581758
2.5703729460437086	0.9999993824582460
2.5821326340744526	0.9999993824582554
2.6213271720005125	0.9999993824582578
2.6398677394161583	0.9999993824582581
2.6438180475379873	0.9999993824582583
2.6550068105301325	0.9999993824600699
2.8981581066730695	0.9999993824600999
3.1354511716022166	0.9999993824601001
3.2223882083635145	0.9999993824601004
3.2232555722105780	0.9999993824601006
3.2232555722105780	0.9999993824601006
3.2232555722105780	1.0306116084537771
3.2233762815907445	1.0004954883337831
3.2387272419290509	1.0000381522617976
3.2548305270364475	1.0000277569377707
3.2634074830441469	0.9999982272960379
6.1969054173181224	0.9999991978253550
7.6623640759228504	1.0042932146569694
7.6643883029390771	1.0007942342210110
7.6692503806737085	1.0003456107359801
7.6788945064626777	1.0000656376416754
7.6834592077639661	1.0000293944885308
7.6911428319593602	1.0000069919914132
7.6955208113656512	1.0000040558105350
7.6997351284930788	1.0000010252351019
7.7024602199038998	1.0000006332365390
7.7142616148866479	1.0000001613414493
7.7166019055737012	1.0000001003412915
7.7296330292799640	1.0000000222519567
7.7318343737080752	1.0000000121580839
7.7455093028717128	0.9999999989345341
7.7476604770252147	0.9999999972252603
7.7615392944180437	0.9999999949670146
7.7636723765985609	0.9999999946751141
7.7776274214839445	0.9999999942882796
7.7797539674820291	0.9999999942382778
7.7895047508188870	0.9999999725752664
7.7895112554783799	0.9999999697751110
7.8123526187664849	0.9999999614601942
7.8133016778209754	0.9999999603854102
7.8317571243751480	0.9999999581441430
7.8331085662280575	0.9999999578544375
7.8498737852529912	0.9999999573253981
7.8514170290275427	0.9999999572570143
7.8673883424998703	0.9999999571394897
7.8690281723126549	0.9999999571242983
7.8846052818847721	0.9999999570989625
7.8862950999917807	0.9999999570956873
7.9016698430641110	0.9999999570903086
7.9033842807190320	0.9999999570896133
7.9186563447262959	0.9999999570884809
7.9203834721570212	0.9999999570883344
7.9355858186491623	0.9999999570880966
7.9372821953567190	0.9999999570880660
7.9525158712899895	0.9999999570880165
7.9544803611802015	0.9999999570880098
7.9696795761721964	0.9999999570879998
7.9708262731618831	0.9999999570879984
7.9855452934394480	0.9999999570879964
7.9878075979586818	0.9999999570879962
7.9879944765313233	0.9999999570879959
7.9905383018762253	0.9999963818272616
7.9905383018772502	0.9999995544220192
7.9962589877835191	0.9999995262156002
8.0261919304907181	0.9999995255575795
8.0367739547022214	0.9999995255449510
8.0574119725105149	0.9999995255440228
8.0644110163687603	0.9999995255409491
8.0891273277656861	0.9999995255402445
8.1069473860079135	0.9999995255401023
8.1245713742014125	0.9999995255400742
8.1409640848046241	0.9999995255400678
8.1665652645368425	0.9999995255400670
8.1694745377840281	0.9999995255400665
8.1837492866211115	0.9999941988594977
8.4051652692336454	0.9999978092117711
