0.0000000000000000	0.0000000000000000
0.3112284070722153	0.0000300000000000
0.3114572363396895	0.0000154368731273
0.3122727368625239	0.0000254368731273
0.3124500301068319	0.0000318396898956
0.3128824942272032	0.0000289067441464
0.3134347755093854	0.0000470615172634
0.3136323666058036	0.0000402424040458
0.3139705327027819	0.0000470042574417
0.3143605708826190	0.0000570042574417
0.3144204326597869	0.0000544618458163
0.3146080552609886	0.0000627747396159
0.3148958611818228	0.0000727747396159
0.3152013894344362	0.0000827747396159
0.3154574729743345	0.0000938142022176
0.3157018593060579	0.0001038142022176
0.3158783907351527	0.0001138142022176
0.3160543236286708	0.0001238142022176
0.3162046365114989	0.0001338142022176
0.3163521404284485	0.0001438142022176
0.3164810626482473	0.0001538142022176
0.3166069551413976	0.0001638142022176
0.3167200726964935	0.0001738142022176
0.3168310378671537	0.0001838142022176
0.3169309580205894	0.0001938142022176
0.3170304709068176	0.0002038142022176
0.3171216335679860	0.0002138142022176
0.3172109388992456	0.0002238142022176
0.3172930619506142	0.0002338142022176
0.3173741572441248	0.0002438142022176
0.3174498728346950	0.0002538142022176
0.3175240362492752	0.0002638142022176
0.3175942694540645	0.0002738142022176
0.3176627989972236	0.0002838142022176
0.3177282437330446	0.0002938142022176
0.3177918237846368	0.0003038142022176
0.3178530797781597	0.0003138142022176
0.3179124470471570	0.0003238142022176
0.3179699966201179	0.0003338142022176
0.3180256466003251	0.0003438142022176
0.3180799122718146	0.0003538142022176
0.3181323644735684	0.0003638142022176
0.3181836074657872	0.0003738142022176
0.3182330627955646	0.0003838142022176
0.3182816945142750	0.0003938142022176
0.3183286210799298	0.0004038142022175
0.3183748914524556	0.0004138142022176
0.3184194721514876	0.0004238142022176
0.3184635963588669	0.0004338142022175
0.3185061098035693	0.0004438142022175
0.3185482694116421	0.0004538142022175
0.3185888538839842	0.0004638142022175
0.3186292178716883	0.0004738142022175
0.3186680540896171	0.0004838142022175
0.3187067438496630	0.0004938142022175
0.3187439938499448	0.0005038142022175
0.3187810892577047	0.0005138142022175
0.3188168839121928	0.0005238142022175
0.3188524726417727	0.0005338142022175
0.3188869545321756	0.0005438142022175
0.3189211605683108	0.0005538142022175
0.3189544351869262	0.0005638142022175
0.3189874108583503	0.0005738142022175
0.3190196118087480	0.0005838142022175
0.3190513125283120	0.0005938142022175
0.3190823706334629	0.0006038142022175
0.3191131057438672	0.0006138142022175
0.3191431572087761	0.0006238142022175
0.3191727970949124	0.0006338142022175
0.3192020222541418	0.0006438142022175
0.3192306550750183	0.0006538142022175
0.3192590016103982	0.0006638142022175
0.3192867486511161	0.0006738142022175
0.3193142673916337	0.0006838142022175
0.3193411874151339	0.0006938142022175
0.3193679559637118	0.0007038142022175
0.3193940542278031	0.0007138142022175
0.3194200567935644	0.0007238142022175
0.3194454774454538	0.0007338142022175
0.3194707255472185	0.0007438142022175
0.3194955346877972	0.0007538142022175
0.3195200734137180	0.0007638142022175
0.3195441460039082	0.0007738142022175
0.3195681962784852	0.0007838142022175
0.3195915922478126	0.0007938142022175
0.3196149595549509	0.0008038142022175
0.3196378297706728	0.0008138142022175
0.3196606846692233	0.0008238142022175
0.3196829438634041	0.0008338142022175
0.3197051518628042	0.0008438142022175
0.3197269518848880	0.0008538142022175
0.3197486665381353	0.0008638142022175
0.3197700188936593	0.0008738142022175
0.3197911885052596	0.0008838142022175
0.3198119994081409	0.0008938142022175
0.3198326691657755	0.0009038142022175
0.3198530593927927	0.0009138142022175
0.3198732888476964	0.0009238142022175
0.3198932647730490	0.0009338142022175
0.3199130507633919	0.0009438142022175
0.3199326212201589	0.0009538142022175
0.3199519851368089	0.0009638142022175
0.3199711602969174	0.0009738142022175
0.3199901065310812	0.0009838142022175
0.3200088983960201	0.0009938142022175
0.3200274491406698	0.0010038142022175
0.3200458706513830	0.0010138523442397
0.3200641065382755	0.0010239908676821
0.3200824313368064	0.0010342307763589
0.3201006649655256	0.0010445730841225
0.3201190158028934	0.0010550188149638
0.3201372377357634	0.0010655690031134
0.3201555888041210	0.0010762246931445
0.3201738293289755	0.0010869869400760
0.3201921553103559	0.0010978568094768
0.3202104386741838	0.0011088353775715
0.3202287386593592	0.0011199237313472
0.3202470696762186	0.0011311229686607
0.3202653407491606	0.0011424341983473
0.3202837034782425	0.0011538585403308
0.3203019656441526	0.0011653971257341
0.3203202920904683	0.0011770510969914
0.3203386167600745	0.0011888216079613
0.3203569063028561	0.0012007098240409
0.3203752673006391	0.0012127169222813
0.3203935514587046	0.0012248440915041
0.3204118710278724	0.0012370925324192
0.3204302309263963	0.0012494634577434
0.3204485117795181	0.0012619580923208
0.3204668467491935	0.0012745776732440
0.3204851922571691	0.0012873234499764
0.3205034869793512	0.0013001966844762
0.3205218267639032	0.0013131986513210
0.3205401739196253	0.0013263306378342
0.3205584732357837	0.0013395939442125
0.3205768096233653	0.0013529898836546
0.3205951736002429	0.0013665197824912
0.3206134704459265	0.0013801849803161
0.3206317981228899	0.0013939868301192
0.3206501561311411	0.0014079266984204
0.3206684831276347	0.0014220059654046
0.3206867985437657	0.0014362260250586
0.3207051397991616	0.0014505882853092
0.3207234998313472	0.0014650941681623
0.3207418198087025	0.0014797451098439
0.3207601431273317	0.0014945425609424
0.3207784824734545	0.0015094879865518
0.3207968379775369	0.0015245828664173
0.3208151786780293	0.0015398286950815
0.3208334987809772	0.0015552269820323
0.3208518326080468	0.0015707792518526
0.3208701764741553	0.0015864870443712
0.3208885300038384	0.0016023519148149
0.3209068786310251	0.0016183754339630
0.3209252029440405	0.0016345591883026
0.3209435357783143	0.0016509047801857
0.3209618750158301	0.0016674138279875
0.3209802199236198	0.0016840879662674
0.3209985689970136	0.0017009288459301
0.3210169213613291	0.0017179381343894
0.3210352694633699	0.0017351175157333
0.3210536026185380	0.0017524686908906
0.3210719393248465	0.0017699933777996
0.3210902791689549	0.0017876933115776
0.3211086210693364	0.0018055702446934
0.3211269650479385	0.0018236259471403
0.3211453099429273	0.0018418622066118
0.3211636561802874	0.0018602808286779
0.3211820025442548	0.0018788836369647
0.3212003498010410	0.0018976724733343
0.3212186966583083	0.0019166491980677
0.3212370442156695	0.0019358156900484
0.3212553911358329	0.0019551738469488
0.3212737382399120	0.0019747255854183
0.3212920841610236	0.0019944728412725
0.3213104303741545	0.0020144175696853
0.3213287756450299	0.0020345617453821
0.3213471210945534	0.0020549073628360
0.3213654659906957	0.0020754564364643
0.3213838109607488	0.0020962110008289
0.3214021558007155	0.0021171731108372
0.3214205005081217	0.0021383448419456
0.3214388455453740	0.0021597282903650
0.3214571902609965	0.0021813255732687
0.3214755355571188	0.0022031388290013
0.3214938804834458	0.0022251702172913
0.3215122257191002	0.0022474219194642
0.3215305711695323	0.0022698961386589
0.3215489165732359	0.0022925951000455
0.3215672626793384	0.0023155210510460
0.3215856085656465	0.0023386762615564
0.3216039547605942	0.0023620630241720
0.3216223014465902	0.0023856836544137
0.3216406480929037	0.0024095404909579
0.3216589952477768	0.0024336358958675
0.3216773427108165	0.0024579722548261
0.3216956903062690	0.0024825519773743
0.3217140384909544	0.0025073774971481
0.3217323869543802	0.0025324512721196
0.3217507356185382	0.0025577757848407
0.3217690848675290	0.0025833535426892
0.3217874345127436	0.0026091870781161
0.3218057843489857	0.0026352789488972
0.3218241347023714	0.0026616317383862
0.3218424857043965	0.0026882480557700
0.3218608368308012	0.0027151305363277
0.3218791883629459	0.0027422818416910
0.3218975405375167	0.0027697046601079
0.3219158931314886	0.0027974017067089
0.3219342459910604	0.0028253757237760
0.3219525993208465	0.0028536294810138
0.3219709532936813	0.0028821657758239
0.3219893077306435	0.0029109874335822
0.3220076624578116	0.0029400973079180
0.3220260176342277	0.0029694982809972
0.3220443733793220	0.0029991932638071
0.3220627297999802	0.0030291851964452
0.3220810865734223	0.0030594770484097
0.3220994437187005	0.0030900718188937
0.3221178013419186	0.0031209725370826
0.3221361595123316	0.0031521822624535
0.3221545183005344	0.0031837040850780
0.3221728777421204	0.0032155411259288
0.3221912375552851	0.0032476965371881
0.3222095978120553	0.0032801735025600
0.3222279585559646	0.0033129752375856
0.3222463198401381	0.0033461049899615
0.3222646816869318	0.0033795660398611
0.3222830441285434	0.0034133617002597
0.3223014071735876	0.0034474953172624
0.3223197708394233	0.0034819702704349
0.3223381351255708	0.0035167899731393
0.3223564999713299	0.0035519578728707
0.3223748653492156	0.0035874774515995
0.3223932312769615	0.0036233522261154
0.3224115977766472	0.0036595857483766
0.3224299648612310	0.0036961816058604
0.3224483325465884	0.0037331434219189
0.3224667008438346	0.0037704748561381
0.3224850697633552	0.0038081796046995
0.3225034393042199	0.0038462614007464
0.3225218094668943	0.0038847240147539
0.3225401802543535	0.0039235712549014
0.3225585516681581	0.0039628069674504
0.3225769237153180	0.0040024350371249
0.3225952963970197	0.0040424593874962
0.3226136697245721	0.0040828839813711
0.3226320436989736	0.0041237128211848
0.3226504183314580	0.0041649499493967
0.3226687936265793	0.0042065994488906
0.3226871695942318	0.0042486654433795
0.3227055462442420	0.0042911520978132
0.3227239235839563	0.0043340636187914
0.3227423016285451	0.0043774042549793
0.3227606803829948	0.0044211782975290
0.3227790598591435	0.0044653900805042
0.3227974400665535	0.0045100439813092
0.3228158210123940	0.0045551444211224
0.3228342027090133	0.0046006958653335
0.3228525851610781	0.0046467028239869
0.3228709683767058	0.0046931698522268
0.3228893523669481	0.0047401015507491
0.3229077371356325	0.0047875025662566
0.3229261226914587	0.0048353775919192
0.3229445090443694	0.0048837313678385
0.3229628961992081	0.0049325686815169
0.3229812841650608	0.0049818943683321
0.3229996729527690	0.0050317133120155
0.3230180625679146	0.0050820304451356
0.3230364530198229	0.0051328507495869
0.3230548443208546	0.0051841792570828
0.3230732364783142	0.0052360210496535
0.3230916295015960	0.0052883812601501
0.3231100234027643	0.0053412650727516
0.3231284181937076	0.0053946777234791
0.3231468138833137	0.0054486245007138
0.3231652104828712	0.0055031107457209
0.3231836080055514	0.0055581418531781
0.3232020064639498	0.0056137232717098
0.3232204058656925	0.0056698605044269
0.3232388062058161	0.0057265591094712
0.3232572074828400	0.0057838247005658
0.3232756096981618	0.0058416629475715
0.3232940128519979	0.0059000795770473
0.3233124169465660	0.0059590803728177
0.3233308219866178	0.0060186711765459
0.3233492279792672	0.0060788578883114
0.3233676349335239	0.0061396464671946
0.3233860428593670	0.0062010429318665
0.3234044517661280	0.0062630533611852
0.3234228616649382	0.0063256838947970
0.3234412725678124	0.0063889407337450
0.3234596844866964	0.0064528301410824
0.3234780974336454	0.0065173584424933
0.3234965114206353	0.0065825320269182
0.3235149264597382	0.0066483573471874
0.3235333425630070	0.0067148409206592
0.3235517597412195	0.0067819893298659
0.3235701780056623	0.0068498092231646
0.3235885973680773	0.0069183073153963
0.3236070178407732	0.0069874903885503
0.3236254394365733	0.0070573652924358
0.3236438621506714	0.0071279389453602
0.3236622857217574	0.0071992183348138
0.3236807101832063	0.0072712105181619
0.3236991355675919	0.0073439226233434
0.3237175619068196	0.0074173618495769
0.3237359892322018	0.0074915354680727
0.3237544175744963	0.0075664508227533
0.3237728469639711	0.0076421153309809
0.3237912774304313	0.0077185364842907
0.3238097090033297	0.0077957218491336
0.3238281417117664	0.0078736790676248
0.3238465755846600	0.0079524158583011
0.3238650106507164	0.0080319400168841
0.3238834469386077	0.0081122594170530
0.3239018844770004	0.0081933820112235
0.3239203232946725	0.0082753158313356
0.3239387634194582	0.0083580689896489
0.3239572048776589	0.0084416496795453
0.3239756476944776	0.0085260661763409
0.3239940918942228	0.0086113268381043
0.3240125375005176	0.0086974401064853
0.3240309845364550	0.0087844145075500
0.3240494330247268	0.0088722586526254
0.3240678829878374	0.0089609812391516
0.3240863344481997	0.0090505910515431
0.3241047874282972	0.0091410969620586
0.3241232419508638	0.0092325079316791
0.3241416980185524	0.0093248330109959
0.3241601556283749	0.0094180813411060
0.3241786147808891	0.0095122621545170
0.3241970754799746	0.0096073847760622
0.3242155377327283	0.0097034586238227
0.3242340015492443	0.0098004932100610
0.3242524669422867	0.0098984981421615
0.3242709339271012	0.0099974831235832
0.3242894025212640	0.0100974579548191
0.3243078727445121	0.0101984325343674
0.3243263446186334	0.0103004168597112
0.3243448181652123	0.0104034210283083
0.3243632934057025	0.0105074552385915
0.3243817703616663	0.0106125297909774
0.3244002490550612	0.0107186550888872
0.3244187295084979	0.0108258416397760
0.3244372117454196	0.0109341000561739
0.3244556957900805	0.0110434410567355
0.3244741816676092	0.0111538754673030
0.3244926694040864	0.0112654142219760
0.3245111590266250	0.0113780683641958
0.3245296505613897	0.0114918490478377
0.3245481440358668	0.0116067675383162
0.3245666394808886	0.0117228352136996
0.3245851369286861	0.0118400635658366
0.3246036364129961	0.0119584642014950
0.3246221379689668	0.0120780488435099
0.3246406416330667	0.0121988293319448
0.3246591474408852	0.0123208176252644
0.3246776554268206	0.0124440258015169
0.3246961656244944	0.0125684660595320
0.3247146780671473	0.0126941507201273
0.3247331927833498	0.0128210922273284
0.3247517097678505	0.0129493031496018
0.3247702253528433	0.0130787961810980
0.3247887393791440	0.0132095841429091
0.3248072558354613	0.0133416799843381
0.3248257747191670	0.0134750967841815
0.3248442960326747	0.0136098477520235
0.3248628197831460	0.0137459462295436
0.3248813459822518	0.0138834056918390
0.3248998743249155	0.0140222397487573
0.3249184045855003	0.0141624621462448
0.3249369368223959	0.0143040867677074
0.3249554710951870	0.0144471276353846
0.3249740074643347	0.0145915989117387
0.3249925459882244	0.0147375149008561
0.3250110867238213	0.0148848900498645
0.3250296297270494	0.0150337389503629
0.3250481750531644	0.0151840763398665
0.3250667227571259	0.0153359171032652
0.3250852728939694	0.0154892762742978
0.3251038255191781	0.0156441690370409
0.3251223806890337	0.0158006107274113
0.3251409384609496	0.0159586168346854
0.3251594988935666	0.0161182030030321
0.3251780620468050	0.0162793850330626
0.3251966279819702	0.0164421788833930
0.3252151967609732	0.0166066006722270
0.3252337684131068	0.0167726666789494
0.3252523429486360	0.0169403933457389
0.3252709203821653	0.0171097972791961
0.3252894997374621	0.0172808952519878
0.3253080817328551	0.0174537042045075
0.3253266666855653	0.0176282412465525
0.3253452546290952	0.0178045236590178
0.3253638456012732	0.0179825688956079
0.3253824396442506	0.0181623945845642
0.3254010368045433	0.0183440185304100
0.3254196371331131	0.0185274587157141
0.3254382406853608	0.0187127333028710
0.3254568475170311	0.0188998606358994
0.3254754576840944	0.0190888592422586
0.3254940712432678	0.0192797478346811
0.3255126882525392	0.0194725453130278
0.3255313087716890	0.0196672707661582
0.3255499328627843	0.0198639434738200
0.3255685605906083	0.0200625829085580
0.3255871920227309	0.0202632087376438
0.3256058271818522	0.0204658408250203
0.3256244660808084	0.0206704992332702
0.3256431079492893	0.0208772042256027
0.3256617528030085	0.0210859762678588
0.3256804007252641	0.0212968360305376
0.3256990517997009	0.0215098043908432
0.3257177061111147	0.0217249024347516
0.3257363637460777	0.0219421514590992
0.3257550247932450	0.0221615729736905
0.3257736893437085	0.0223831887034273
0.3257923574913746	0.0226070205904618
0.3258110293333695	0.0228330907963668
0.3258297049704765	0.0230614217043301
0.3258483845059177	0.0232920359213734
0.3258670680411989	0.0235249562805868
0.3258857556770543	0.0237602058433926
0.3259044475143650	0.0239978079018266
0.3259231436448886	0.0242377859808451
0.3259418440949592	0.0244801638406533
0.3259605489016641	0.0247249654790598
0.3259792581125623	0.0249722151338507
0.3259979717852526	0.0252219372851893
0.3260166899870836	0.0254741566580413
0.3260354127909591	0.0257288982246218
0.3260541286638898	0.0259861872068683
0.3260728459212047	0.0262460490789370
0.3260915682468146	0.0265085095697265
0.3261102957057035	0.0267735946654237
0.3261290283697174	0.0270413306120778
0.3261477663178727	0.0273117439181983
0.3261665096367250	0.0275848613573800
0.3261852578638184	0.0278607099709536
0.3262040104453834	0.0281393170706627
0.3262227675589346	0.0284207102413696
0.3262415292942021	0.0287049173437830
0.3262602957381567	0.0289919665172207
0.3262790669849839	0.0292818861823927
0.3262978431365774	0.0295747050442168
0.3263166243030629	0.0298704520946585
0.3263354106032944	0.0301691566156051
0.3263542021647751	0.0304708481817607
0.3263729991213202	0.0307755566635782
0.3263918016079331	0.0310833122302143
0.3264106097622706	0.0313941453525167
0.3264294237260605	0.0317080868060417
0.3264482436459751	0.0320251676741017
0.3264670696340201	0.0323454193508425
0.3264859017430583	0.0326688735443510
0.3265047400442424	0.0329955622797941
0.3265235846228956	0.0333255179025920
0.3265424355734505	0.0336587730816177
0.3265612930003757	0.0339953608124334
0.3265801570186735	0.0343353144205578
0.3265990274673607	0.0346786675647632
0.3266179032423122	0.0350254542404111
0.3266367845817776	0.0353757087828155
0.3266556717287386	0.0357294658706438
0.3266745649224616	0.0360867605293508
0.3266934643755378	0.0364476281346444
0.3267123702049423	0.0368121044159907
0.3267312825417115	0.0371802254601503
0.3267502015316006	0.0375520277147522
0.3267691273355160	0.0379275479918993
0.3267880601294647	0.0383068234718180
0.3268069950087187	0.0386898917065362
0.3268259193207348	0.0390767906236020
0.3268448514886798	0.0394675585298384
0.3268637916769747	0.0398622341151371
0.3268827400618060	0.0402608564562883
0.3269016968118232	0.0406634650208513
0.3269206619861749	0.0410700996710601
0.3269396330516275	0.0414808006677708
0.3269586120712525	0.0418956086744488
0.3269775979855818	0.0423145647611936
0.3269965909881727	0.0427377104088051
0.3270155913378868	0.0431650875128926
0.3270345993037370	0.0435967383880218
0.3270536151663270	0.0440327057719025
0.3270726392119861	0.0444730328296215
0.3270916717293572	0.0449177631579174
0.3271107128642803	0.0453669407894967
0.3271297627758292	0.0458206101973922
0.3271488216464091	0.0462788162993656
0.3271678896825311	0.0467416044623590
0.3271869671104889	0.0472090205069822
0.3272060541679060	0.0476811107120526
0.3272251511058639	0.0481579218191729
0.3272442581910603	0.0486395010373648
0.3272633743599945	0.0491258960477377
0.3272824989456580	0.0496171550082151
0.3273016322204038	0.0501133265582970
0.3273207744784563	0.0506144598238802
0.3273399260264138	0.0511206044221187
0.3273590740031106	0.0516318104663400
0.3273782144704234	0.0521481285710033
0.3273973655376207	0.0526696098567136
0.3274165275216098	0.0531963059552805
0.3274357007540816	0.0537282690148333
0.3274548854415307	0.0542655517049816
0.3274740817591084	0.0548082072220313
0.3274932899159277	0.0553562892942514
0.3275125101557025	0.0559098521871942
0.3275317424896050	0.0564689507090661
0.3275509848358191	0.0570336402161567
0.3275702376565718	0.0576039766183175
0.3275895014199414	0.0581800163845012
0.3276087765291613	0.0587618165483461
0.3276280632800073	0.0593494347138304
0.3276473620070084	0.0599429290609692
0.3276666730735437	0.0605423583515793
0.3276859968653139	0.0611477819350944
0.3277053337936756	0.0617592597544451
0.3277246842979498	0.0623768523519895
0.3277440486931968	0.0630006208755093
0.3277634265626206	0.0636306270842649
0.3277828138926051	0.0642669333551078
0.3278021749512699	0.0649096026886586
0.3278215455585607	0.0655586987155449
0.3278409294671664	0.0662142857027011
0.3278603271766643	0.0668764285597279
0.3278797392165943	0.0675451928453258
0.3278991660771947	0.0682206447737794
0.3279186080702107	0.0689028512215166
0.3279380655565857	0.0695918797337318
0.3279575389479410	0.0702877985310684
0.3279770287020896	0.0709906765163785
0.3279965332285180	0.0717005832815426
0.3280160517370907	0.0724175891143581
0.3280355849228055	0.0731417650055011
0.3280551332620234	0.0738731826555562
0.3280746972856229	0.0746119144821127
0.3280942775695692	0.0753580336269337
0.3281138747232716	0.0761116139632027
0.3281334893943674	0.0768727301028357
0.3281530873627189	0.0776414574038639
0.3281726891871914	0.0784178719779024
0.3281923105501581	0.0792020506976816
0.3282119482960822	0.0799940712046587
0.3282316028079398	0.0807940119167059
0.3282512748113640	0.0816019520358737
0.3282709650764589	0.0824179715562325
0.3282906744043359	0.0832421512717959
0.3283104033046054	0.0840745727845139
0.3283301523474059	0.0849153185123597
0.3283499221690482	0.0857644716974839
0.3283697130288939	0.0866221164144576
0.3283895216959720	0.0874883375786011
0.3284093448476920	0.0883632209543880
0.3284291840247398	0.0892468531639329
0.3284490379793141	0.0901393216955727
0.3284688605976752	0.0910407149125276
0.3284887055895515	0.0919511220616539
0.3285085737727400	0.0928706332822705
0.3285284660147403	0.0937993396150926
0.3285483828894205	0.0947373330112432
0.3285683204750575	0.0956847063413547
0.3285882795020310	0.0966415534047693
0.3286082609936651	0.0976079689388163
0.3286282660223387	0.0985840486282055
0.3286482956540532	0.0995698891144875
0.3286683506415889	0.1005655880056314
0.3286884318072619	0.1015712438856882
0.3287085380846175	0.1025869563245454
0.3287286246014440	0.1036128258877908
0.3287487121458408	0.1046489541466693
0.3287688253304091	0.1056954436881368
0.3287889652132365	0.1067523981250185
0.3288091327580659	0.1078199221062684
0.3288293290329464	0.1088981213273322
0.3288495551947107	0.1099871025406047
0.3288698065132123	0.1110869735660104
0.3288900772135412	0.1121978433016716
0.3289103752823087	0.1133198217346889
0.3289307020384694	0.1144530199520361
0.3289510588901964	0.1155975501515559
0.3289713927151250	0.1167535256530725
0.3289917345006239	0.1179210609096019
0.3290121105989165	0.1191002715186980
0.3290325175236929	0.1202912742338852
0.3290529547964369	0.1214941869762249
0.3290734240411649	0.1227091288459863
0.3290939269932776	0.1239362201344461
0.3291144648972541	0.1251755823357896
0.3291350391325051	0.1264273381591478
0.3291556478252458	0.1276916115407407
0.3291762889419018	0.1289685276561481
0.3291968770729242	0.1302582129327104
0.3292175011221223	0.1315607950620359
0.3292381630601313	0.1328764030126573
0.3292588530257224	0.1342051670427835
0.3292795821464192	0.1355472187132104
0.3293003492878906	0.1369026909003440
0.3293211533546491	0.1382717178093486
0.3293419961867627	0.1396544349874436
0.3293628797819801	0.1410509793373171
0.3293837745071126	0.1424614891306895
0.3294046427010769	0.1438861040219980
0.3294255578067883	0.1453249650622186
0.3294465131656560	0.1467782147128409
0.3294675109614771	0.1482459968599687
0.3294885535361761	0.1497284568285684
0.3295096434160737	0.1512257413968550
0.3295307824904126	0.1527379988108224
0.3295519666958861	0.1542653787989287
0.3295731386236950	0.1558080325869191
0.3295942874128020	0.1573661129127888
0.3296154859118593	0.1589397740419183
0.3296367366051122	0.1605291717823362
0.3296580417454321	0.1621344635001587
0.3296793977548181	0.1637558081351591
0.3297008035370017	0.1653933662165087
0.3297222623703306	0.1670472998786719
0.3297437438095555	0.1687177728774593
0.3297651888716025	0.1704049506062323
0.3297866952599264	0.1721090001122962
0.3298082574282268	0.1738300901134189
0.3298298761745370	0.1755683910145519
0.3298515463731971	0.1773240749246960
0.3298732671622496	0.1790973156739446
0.3298950524538012	0.1808882888306862
0.3299168019032369	0.1826971717189921
0.3299385710319181	0.1845241434361811
0.3299604042654825	0.1863693848705447
0.3299823050587876	0.1882330787192523
0.3300042772760822	0.1901154095064467
0.3300263162000059	0.1920165636015096
0.3300484214433905	0.1939367292375256
0.3300705074935206	0.1958760965299005
0.3300926026108210	0.1978348574952017
0.3301147527424834	0.1998132060701560
0.3301369796499933	0.2018113381308587
0.3301592786317709	0.2038294515121662
0.3301816541694910	0.2058677460272904
0.3302041111727596	0.2079264234875636
0.3302264857905184	0.2100056877224367
0.3302489425515253	0.2121057445996602
0.3302714787748410	0.2142268020456573
0.3302940995054240	0.2163690700661112
0.3303168101645513	0.2185327607667743
0.3303395846504933	0.2207180883744394
0.3303623132187991	0.2229252692581862
0.3303850808751833	0.2251545219507673
0.3304079418904519	0.2274060671702753
0.3304309024564343	0.2296801278419791
0.3304539624974300	0.2319769291204007
0.3304771162576512	0.2342966984116075
0.3305002109561294	0.2366396653957260
0.3305233697355973	0.2390060620496818
0.3305466084000814	0.2413961226701789
0.3305699522089831	0.2438100838968788
0.3305934011139110	0.2462481847358452
0.3306169183290942	0.2487106665832054
0.3306403765464667	0.2511977732490373
0.3306639600299037	0.2537097509815297
0.3306876558505476	0.2562468484913427
0.3307114708433906	0.2588093169762541
0.3307353798285322	0.2613974101460192
0.3307592011992886	0.2640113842474773
0.3307831262214796	0.2666514980899507
0.3308071780699794	0.2693180130708482
0.3308313655275380	0.2720111932015543
0.3308556984945031	0.2747313051335667
0.3308799605496918	0.2774786181849004
0.3309042925666471	0.2802534043667504
0.3309287469315309	0.2830559384104164
0.3309533564144378	0.2858864977945206
0.3309781152941388	0.2887453627724692
0.3310027697140029	0.2916328164001956
0.3310275638323336	0.2945491445641946
0.3310525259929855	0.2974946360098363
0.3310776218307767	0.3004695823699343
0.3311027871182155	0.3034742781936308
0.3311279053845504	0.3065090209755701
0.3311532058512720	0.3095741111853264
0.3311786955433846	0.3126698522971800
0.3312043621884135	0.3157965508201545
0.3312299367480655	0.3189545163283534
0.3312556109107586	0.3221440614916338
0.3312814943132885	0.3253655021065530
0.3313075703332762	0.3286191571276217
0.3313336862707834	0.3319053486988955
0.3313598367923992	0.3352244021858848
0.3313861746698964	0.3385766462077425
0.3314127048846300	0.3419624126698164
0.3314393396164694	0.3453820367965134
0.3314659583330759	0.3488358571644768
0.3314928308151353	0.3523242157361190
0.3315199150252101	0.3558474578934809
0.3315470729205983	0.3594059324724183
0.3315742164555806	0.3629999917971399
0.3316016367337143	0.3666299917151135
0.3316293191099499	0.3702962916322643
0.3316570616202852	0.3739992545485870
0.3316847960715730	0.3777392470940747
0.3317128308286356	0.3815166395650167
0.3317411578933970	0.3853318059606647
0.3317694712388938	0.3891851240202706
0.3317979087922779	0.3930769752604714
0.3318266376567603	0.3970077450130737
0.3318556726020481	0.4009778224632064
0.3318845655262189	0.4049876006878399
0.3319138113982893	0.4090374766947150
0.3319433274899612	0.4131278514616591
0.3319729359277772	0.4172591299762723
0.3320026623927306	0.4214317212760331
0.3320327987582532	0.4256460384887955
0.3320631734224280	0.4299024988736814
0.3320934158494770	0.4342015238624209
0.3321241016605442	0.4385435391010427
0.3321552187522306	0.4429289744920557
0.3321862108662531	0.4473582642369767
0.3322174966328164	0.4518318468793431
0.3322492958557602	0.4563501653481344
0.3322811961948254	0.4609136670016122
0.3323131575306017	0.4655228036716278
0.3323456586921521	0.4701780317083425
0.3323784972748974	0.4748798120254243
0.3324112399733107	0.4796286101456817
0.3324445372150768	0.4844248962471401
0.3324782978842812	0.4892691452096120
0.3325119538206481	0.4941618366617069
0.3325461467520353	0.4991034550283228
0.3325808826008386	0.5040944895786049
0.3326155085492058	0.5091354344743950
0.3326507253454866	0.5142267888191380
0.3326864978552245	0.5193690567073271
0.3327221980419357	0.5245627472744014
0.3327585682992133	0.5298083747471450
0.3327954470857570	0.5351064584946155
0.3328323455637104	0.5404575230795645
0.3328699849475186	0.5458620983103624
0.3329080530908869	0.5513207192934649
0.3329462977305001	0.5568339264864022
0.3329853928198664	0.5624022657512647
0.3330247479640298	0.5680262884087801
0.3330645035191258	0.5737065512928704
0.3331052943758291	0.5794436168058001
0.3331459518352436	0.5852380529738597
0.3331874754920249	0.5910904335035978
0.3332299480144960	0.5970013378386335
0.3332722354800595	0.6029713512170163
0.3333158716996730	0.6090010647291904
0.3333598460397665	0.6150910753764862
0.3334043973444010	0.6212419861302549
0.3334504368367741	0.6274544059915595
0.3334960204689557	0.6337289500514762
0.3335433341112017	0.6400662395519922
0.3335911253219081	0.6464669019475154
0.3336396160270397	0.6529315709669883
0.3336897717588319	0.6594608866766604
0.3337398530570505	0.6660554955434292
0.3337914390492638	0.6727160504988661
0.3338442418442607	0.6794432110038525
0.3338975988188545	0.6862376431138937
0.3339533542107994	0.6931000195450362
0.3340084897805979	0.7000310197404856
0.3340665405297288	0.7070313299378934
0.3341249638883149	0.7141016432372739
0.3341852176057294	0.7212426596696473
0.3342475071286530	0.7284550862663455
0.3343102980031901	0.7357396371290121
0.3343765581727876	0.7430970335003013
0.3344426328905699	0.7505280038353048
0.3345124649130601	0.7580332838736606
0.3345833695923797	0.7656136167123956
0.3346569742042262	0.7732697528795178
0.3347340335131588	0.7810024504083124
0.3348117072462660	0.7888124749123971
0.3348953309060242	0.7967005996615233
0.3349790397216639	0.8046676056581388
0.3350685332867687	0.8127142817147182
0.3351595626244898	0.8208414245318634
0.3352568077914791	0.8290498387771800
0.3353565205095965	0.8373403371649527
0.3354632764217715	0.8457137405366005
0.3355758422417382	0.8541708779419668
0.3356937992900488	0.8627125867213857
0.3358210487870579	0.8713397125886000
0.3359543203309276	0.8800531097144867
0.3361031345277554	0.8888536408116321
0.3362578202523961	0.8977421772197485
0.3364362396243861	0.9067195989919441
0.3366126711470118	0.9157867949818621
0.3368133538870939	0.9247829207450149
0.3370425948392755	0.9340307499524645
0.3373092073536917	0.9433710574519895
0.3376255134473206	0.9528047680265082
0.3379930670571480	0.9700839336553810
0.3381464248824964	0.9622271857446208
0.3384408661495688	0.9765387870685011
0.3386510994720233	0.9710823333865504
0.3390082603761332	0.9764281499579543
0.3394311519337189	0.9823339925632555
0.3399817268323403	0.9898047867479747
0.3403721348759505	0.9925233592106733
0.3411643967102239	0.9946688265011573
0.3419033242762012	0.9961020284092666
0.3451565616197174	0.9986735628157114
0.3456237088398659	0.9993626092570189
0.3501257206461595	0.9997700855520877
0.3527240474770401	0.9999019452595238
0.3584861155445046	0.9999623441599125
0.3608582217669693	0.9999818554615284
0.3646417425255985	0.9999945639094899
0.3670064008372035	0.9999975706358583
0.3746369851636425	0.9999992206743444
0.3777653886980671	0.9999996273563031
0.3838378964460558	0.9999998831744819
0.3865407785333666	0.9999999463072650
0.3935589812418805	0.9999999836633016
0.3969630997516472	0.9999999925545756
0.4037550867007916	0.9999999977646772
0.4070759362596565	0.9999999989822141
0.4137191355760692	0.9999999996963630
0.4168954634240244	0.9999999998615381
0.4234908398908103	0.9999999999587327
0.4264688376996080	0.9999999999811375
0.4330290347815398	0.9999999999943696
0.4358240663418127	0.9999999999974225
0.4424081104009676	0.9999999999992293
0.4451139721748107	0.9999999999996471
0.4517475829665607	0.9999999999998941
0.4544315646651342	0.9999999999999516
0.4610864979563982	0.9999999999999856
0.4638309774516665	0.9999999999999936
0.4707365574714350	0.9999999999999982
0.4738183184777243	0.9999999999999991
0.4739878108988715	1.0000145203262987
0.4739878108990731	1.0000163242854379
0.4912004445803438	1.0000166302115290
0.4933642140052513	1.0000167050059137
0.4957961886050492	1.0000170033655156
0.4965708407435612	1.0000173343728209
0.4969264339190559	1.0000173771570675
0.5170728168913993	1.0000173835309585
0.5174230576593115	1.0000173852851908
0.5248207530671898	1.0000173986538334
0.5249897721492170	1.0000174004552025
0.5450741957827702	1.0000174007022291
0.5452155129313130	1.0000174007722871
0.5453000280969067	1.0000174010636500
0.5460877045749377	1.0000174011036269
0.5754881839319532	1.0000174011161718
0.5855588785230378	1.0000174011170115
0.5861925527605258	1.0000174011176541
0.5882266615530047	1.0000174011181089
0.5989908655498456	1.0000174011183545
0.6026985593456307	1.0000174011184104
0.6045186134066518	1.0000174011184584
0.6064718887141448	1.0000174011185028
0.6368271575702538	1.0000174011185445
0.6415952552017650	1.0000174011185532
0.6608463960462042	1.0000174011185550
0.6668592954784981	1.0000174011185556
0.6710583593438325	1.0000174011185559
0.6951996332406136	1.0000174011185559
0.7451585383655774	0.9800170530961847
0.7451585383656775	0.9997569940965330
0.7876051068020985	0.9999212918814314
0.8263692610170332	0.9999868794373494
0.8408425674216532	0.9999966012078862
0.8500461207756370	0.9999993194210599
0.8601488036520855	0.9999996707298965
0.8762014307841335	0.9999998291850934
0.8832571494583991	0.9999998496668735
0.9001452432978578	0.9999998589555806
0.9071625483864246	0.9999998601562359
0.9246828170452186	0.9999998607007974
0.9316995492388820	0.9999998607711871
0.9492941160826427	0.9999998608031129
0.9563106121549827	0.9999998608072397
0.9580036656019357	1.0000000116451522
0.9580037427011546	1.0000000311423975
0.9798027498759024	1.0000000339889654
0.9798058331264751	1.0000000368771143
0.9807660215475308	1.0000000417951358
0.9813067286451336	1.0000000458448985
0.9860279915082171	1.0000000473773922
0.9951614806361591	1.0000000478467370
0.9998633773089146	1.0000000479478477
1.0047524241626002	1.0000000480215845
1.0076476652093829	1.0000000481829996
1.0089350569977877	1.0000000482038642
1.0177378685457987	1.0000000482176727
1.0252633954245149	1.0000000482313420
1.0324117837211459	1.0000000482331088
1.0432963512116304	1.0000000482345150
1.0477044619371290	1.0000000482346967
1.0609810606624164	1.0000000482348046
1.0662251514278938	1.0000000482348186
1.0778216162894301	1.0000000482348275
1.0834434318353001	1.0000000482348284
1.0964598228671236	1.0000000482348292
1.0991121091029421	1.0000000482348292
