0.0000000000000000	0.0000000000000000
0.3079299920072104	0.0000300000000000
0.3081550209880892	0.0000085962033118
0.3096715529483537	0.0000150389791190
0.3097367226988950	0.0000254648691181
0.3100358931043863	0.0000240981002929
0.3105220895626788	0.0000266496409724
0.3109122130043526	0.0000302189810998
0.3112863706123336	0.0000402189810998
0.3114378977318071	0.0000422264648576
0.3118490186845770	0.0000532332490903
0.3122239472418300	0.0000639704110789
0.3125413159541406	0.0000739704110789
0.3128015796363885	0.0000839704110789
0.3130340780044620	0.0000939704110789
0.3132501059045871	0.0001039704110789
0.3134317903563723	0.0001139704110789
0.3136074847693884	0.0001239704110789
0.3137602222634214	0.0001339704110789
0.3139089911993283	0.0001439704110789
0.3140406052091652	0.0001539704110789
0.3141686299860638	0.0001639704110789
0.3142840267089455	0.0001739704110789
0.3143963640742196	0.0001839704110789
0.3144980467312598	0.0001939704110789
0.3145967603630315	0.0002039704110789
0.3146913242077139	0.0002139704110789
0.3147802972048407	0.0002239704110789
0.3148652930627626	0.0002339704110789
0.3149464404531673	0.0002439704110789
0.3150237892664889	0.0002539704110789
0.3150984331267257	0.0002639704110789
0.3151695328761237	0.0002739704110789
0.3152386531848679	0.0002839704110789
0.3153043907959625	0.0002939704110789
0.3153686687091440	0.0003039704110789
0.3154298927931907	0.0003139704110789
0.3154900599932319	0.0003239704110789
0.3155474049212909	0.0003339704110789
0.3156039465563664	0.0003439704110789
0.3156577711278790	0.0003539704110789
0.3157111045058946	0.0003639704110789
0.3157619960003442	0.0003739704110789
0.3158124571583117	0.0003839704110789
0.3158605537849513	0.0003939704110789
0.3159084399620838	0.0004039704110789
0.3159541070855435	0.0004139704110789
0.3159995499302132	0.0004239704110789
0.3160430914309009	0.0004339704110789
0.3160863655395629	0.0004439704110789
0.3161279418041759	0.0004539704110789
0.3161691604120207	0.0004639704110789
0.3162089675436469	0.0004739704110789
0.3162483831484079	0.0004839704110789
0.3162865968878014	0.0004939704110789
0.3163243491128043	0.0005039704110789
0.3163610814041549	0.0005139704110789
0.3163973131933357	0.0005239704110789
0.3164326745647451	0.0005339704110789
0.3164674898835956	0.0005439704110789
0.3165015763813152	0.0005539704110790
0.3165350978848762	0.0005639704110789
0.3165679176885571	0.0005739704110790
0.3166001465676505	0.0005839704110790
0.3166319087061755	0.0005939704110789
0.3166631039975440	0.0006039704110790
0.3166937464836225	0.0006139704110790
0.3167238253976704	0.0006239704110790
0.3167536334014930	0.0006339704110790
0.3167826443713189	0.0006439704110790
0.3168115310376935	0.0006539704110790
0.3168396635290580	0.0006639704110789
0.3168676722168572	0.0006739704110789
0.3168949505174310	0.0006839704110789
0.3169221599675380	0.0006939704110789
0.3169486245371121	0.0007039704110789
0.3169751141184675	0.0007139704110789
0.3170007654520988	0.0007239704110789
0.3170264843501449	0.0007339704110789
0.3170515129901030	0.0007439704110790
0.3170764348075357	0.0007539704110790
0.3171008860794657	0.0007639704110790
0.3171251416039267	0.0007739704110790
0.3171488992887205	0.0007839704110790
0.3171725637951492	0.0007939704110790
0.3171957988744456	0.0008039704110790
0.3172187773239827	0.0008139704110790
0.3172414189635943	0.0008239704110790
0.3172638926083224	0.0008339704110790
0.3172860732174005	0.0008439704110790
0.3173079226058824	0.0008539704110790
0.3173295141357406	0.0008639704110790
0.3173508809728945	0.0008739704110790
0.3173720320969637	0.0008839704110790
0.3173929360144042	0.0008939704110790
0.3174136500572711	0.0009039704110790
0.3174340437632886	0.0009139704110790
0.3174542540728467	0.0009239704110790
0.3174741818580028	0.0009339704110790
0.3174939874686599	0.0009439704110790
0.3175134896594554	0.0009539704110790
0.3175328998221645	0.0009639704110790
0.3175519933634089	0.0009739704110790
0.3175710187193734	0.0009839704110790
0.3175897123480069	0.0009939704110790
0.3176083650700701	0.0010039704110790
0.3176266760583799	0.0010140101151898
0.3176450277809290	0.0010241502163417
0.3176632404949573	0.0010343917185051
0.3176815811587608	0.0010447356356902
0.3176998220081524	0.0010551829920471
0.3177181463164067	0.0010657348219675
0.3177364206346411	0.0010763921701872
0.3177547243572199	0.0010871560918891
0.3177730372755199	0.0010980276528079
0.3177913183899973	0.0011090079293360
0.3178096747729147	0.0011200980086294
0.3178279294994214	0.0011312989887157
0.3178462800628403	0.0011426119786028
0.3178645626965942	0.0011540380983889
0.3178828778867335	0.0011655784793728
0.3179012189410852	0.0011772342641665
0.3179195012880825	0.0011890066068082
0.3179378555216147	0.0012008966728762
0.3179561511110049	0.0012129056396050
0.3179744678663602	0.0012250346960011
0.3179928351525563	0.0012372850429611
0.3180111116883172	0.0012496578933907
0.3180294477002475	0.0012621544723246
0.3180477956679407	0.0012747760170478
0.3180660889228050	0.0012875237772183
0.3180844324979256	0.0013003990149905
0.3181027772047442	0.0013134030051404
0.3181210770953606	0.0013265370351918
0.3181394195138110	0.0013398024055437
0.3181577761828007	0.0013532004295992
0.3181760752568647	0.0013667324338952
0.3181944099349217	0.0013803997582341
0.3182127723493259	0.0013942037558165
0.3182310861796307	0.0014081457933747
0.3182494092166159	0.0014222272513084
0.3182677556525471	0.0014364495238215
0.3182861162141372	0.0014508140190597
0.3183044256729436	0.0014653221592503
0.3183227550691885	0.0014799753808428
0.3183411033677407	0.0014947751346512
0.3183594664469674	0.0015097228859977
0.3183777823293930	0.0015248201148577
0.3183961109408986	0.0015400683160063
0.3184144523687568	0.0015554689991664
0.3184328052377827	0.0015710236891580
0.3184511617450060	0.0015867339260496
0.3184694841144516	0.0016026012653101
0.3184878164659721	0.0016186272779632
0.3185061570777167	0.0016348135507428
0.3185245043586274	0.0016511616862502
0.3185428572858601	0.0016676733031127
0.3185612142516194	0.0016843500361439
0.3185795465305135	0.0017011935365053
0.3185978819990599	0.0017182054718704
0.3186162214190728	0.0017353875265891
0.3186345647930915	0.0017527414018550
0.3186529104210579	0.0017702688158735
0.3186712586589238	0.0017879715040322
0.3186896076972116	0.0018058512190725
0.3187079583583726	0.0018239097312633
0.3187263088619972	0.0018421488285759
0.3187446603079305	0.0018605703168617
0.3187630108273719	0.0018791760200303
0.3187813618942078	0.0018979677802307
0.3187997116708785	0.0019169474580329
0.3188180591497137	0.0019361169326133
0.3188364082456986	0.0019554781019394
0.3188547571937040	0.0019750328829588
0.3188731062413339	0.0019947832117884
0.3188914543988651	0.0020147310439063
0.3189098020573548	0.0020348783543454
0.3189281493044062	0.0020552271378889
0.3189464963293626	0.0020757794092677
0.3189648431686209	0.0020965372033604
0.3189831902022205	0.0021175025753940
0.3190015368931257	0.0021386776011479
0.3190198842281198	0.0021600643771594
0.3190382309898215	0.0021816650209310
0.3190565781409479	0.0022034816711403
0.3190749252649120	0.0022255164878517
0.3190932724704793	0.0022477716527302
0.3191116202320988	0.0022702493692575
0.3191299677707705	0.0022929518629501
0.3191483158132272	0.0023158813815796
0.3191666639930776	0.0023390401953954
0.3191850123202216	0.0023624305973494
0.3192033613933984	0.0023860549033229
0.3192217103431119	0.0024099154523561
0.3192400596521560	0.0024340146068797
0.3192584096247852	0.0024583547529484
0.3192767595702966	0.0024829383004780
0.3192951099659467	0.0025077676834827
0.3193134609995009	0.0025328453603175
0.3193318120896753	0.0025581738139207
0.3193501636340944	0.0025837555520599
0.3193685159338323	0.0026095931075805
0.3193868682955826	0.0026356890386563
0.3194052210520191	0.0026620459290428
0.3194235744999990	0.0026886663883333
0.3194419282888116	0.0027155530522166
0.3194602823477605	0.0027427085827388
0.3194786368486183	0.0027701356685662
0.3194969919896572	0.0027978370252518
0.3195153472479518	0.0028258153955043
0.3195337028091700	0.0028540735494594
0.3195520588461368	0.0028826142849539
0.3195704155250027	0.0029114404278035
0.3195887724858006	0.0029405548320815
0.3196071297513044	0.0029699603804022
0.3196254874756307	0.0029996599842063
0.3196438457569311	0.0030296565840483
0.3196622046965254	0.0030599531498888
0.3196805639466835	0.0030905526813877
0.3196989235716316	0.0031214582082016
0.3197172836710301	0.0031526727902836
0.3197356443072237	0.0031841995181865
0.3197540055432056	0.0032160415133683
0.3197723674142173	0.0032482019285020
0.3197907297656126	0.0032806839477870
0.3198090925580200	0.0033134907872649
0.3198274558386265	0.0033466256951375
0.3198458196523602	0.0033800919520888
0.3198641840286551	0.0034138928716097
0.3198825489948730	0.0034480318003258
0.3199009145677700	0.0034825121183291
0.3199192807609144	0.0035173372395124
0.3199376475828138	0.0035525106119076
0.3199560150385191	0.0035880357180267
0.3199743831318448	0.0036239160752069
0.3199927518620662	0.0036601552359590
0.3200111212313558	0.0036967567883185
0.3200294912369387	0.0037337243562017
0.3200478618811903	0.0037710615997638
0.3200662331596268	0.0038087722157615
0.3200846050760963	0.0038468599379191
0.3201029776262070	0.0038853285372983
0.3201213508165409	0.0039241818226713
0.3201397246420126	0.0039634236408980
0.3201580991097713	0.0040030578773071
0.3201764742170101	0.0040430884560801
0.3201948499692346	0.0040835193406409
0.3202132263682734	0.0041243545340473
0.3202316034179064	0.0041655980793878
0.3202499811250200	0.0042072540601817
0.3202683594913713	0.0042493266007834
0.3202867385274840	0.0042918198667913
0.3203051182349698	0.0043347380654592
0.3203234986218836	0.0043780854461137
0.3203418796963009	0.0044218663005749
0.3203602614633779	0.0044660849635807
0.3203786439350063	0.0045107458132165
0.3203970271137079	0.0045558532713487
0.3204154109945622	0.0046014118040622
0.3204337955778823	0.0046474259221028
0.3204521808582400	0.0046939001813239
0.3204705668367334	0.0047408391831370
0.3204889535165711	0.0047882475749684
0.3205073408975103	0.0048361300507181
0.3205257289846398	0.0048844913512252
0.3205441177846072	0.0049333362647375
0.3205625073006573	0.0049826696273849
0.3205808975404503	0.0050324963236587
0.3205992885148526	0.0050828212868953
0.3206176802293519	0.0051336494997643
0.3206360726932039	0.0051849859947620
0.3206544659190785	0.0052368358547096
0.3206728599173950	0.0052892042132568
0.3206912546982827	0.0053420962553894
0.3207096502749339	0.0053955172179433
0.3207280466626575	0.0054494723901228
0.3207464438734888	0.0055039671140239
0.3207648419202907	0.0055590067851642
0.3207832408177826	0.0056145968530158
0.3208016405818282	0.0056707428215459
0.3208200412259470	0.0057274502497613
0.3208384427611122	0.0057847247522589
0.3208568451990879	0.0058425719997815
0.3208752485521253	0.0059009977197793
0.3208936528329786	0.0059600076969772
0.3209120580536782	0.0060196077739470
0.3209304642239980	0.0060798038516864
0.3209488713546491	0.0061406018902033
0.3209672794571143	0.0062020079091053
0.3209856885436153	0.0062640279881964
0.3210040986270117	0.0063266682680783
0.3210225097207638	0.0063899349507591
0.3210409218383133	0.0064538343002667
0.3210593349921443	0.0065183726432694
0.3210777491954948	0.0065835563697021
0.3210961644622679	0.0066493919333991
0.3211145808069049	0.0067158858527332
0.3211329982443800	0.0067830447112605
0.3211514167900990	0.0068508751583730
0.3211698364599497	0.0069193839099568
0.3211882572702088	0.0069885777490563
0.3212066792376352	0.0070584635265469
0.3212251023793821	0.0071290481618125
0.3212435267131321	0.0072003386434306
0.3212619522570150	0.0072723420298648
0.3212803790297287	0.0073450654501635
0.3212988070504622	0.0074185161046652
0.3213172363390319	0.0074927012657119
0.3213356669142876	0.0075676282783689
0.3213540987941490	0.0076433045611526
0.3213725319957253	0.0077197376067640
0.3213909665355518	0.0077969349828315
0.3214094015008999	0.0078749043326597
0.3214278342373780	0.0079536533759863
0.3214462684389869	0.0080331899097460
0.3214647041148858	0.0081135218088434
0.3214831412555125	0.0081946570269319
0.3215015798486793	0.0082766035972013
0.3215200198854125	0.0083593696331732
0.3215384613597986	0.0084429633295049
0.3215569042688288	0.0085273929627999
0.3215753486123512	0.0086126668924279
0.3215937943928801	0.0086987935613523
0.3216122416154792	0.0087857814969659
0.3216306902875604	0.0088736393119357
0.3216491404186604	0.0089623757050550
0.3216675920203476	0.0090519994621057
0.3216860451060808	0.0091425194567266
0.3217044996910944	0.0092339446512938
0.3217229557923652	0.0093262840978067
0.3217414134285251	0.0094195469387847
0.3217598725422399	0.0095137424081724
0.3217783328373943	0.0096088798322542
0.3217967943608067	0.0097049686305767
0.3218152571567971	0.0098020183168824
0.3218337212677005	0.0099000385000513
0.3218521867342970	0.0099990388850519
0.3218706535959816	0.0100990292739024
0.3218891218910124	0.0102000195666416
0.3219075916567519	0.0103020197623080
0.3219260629298654	0.0104050399599313
0.3219445357465294	0.0105090903595307
0.3219630101426590	0.0106141812631259
0.3219814861541199	0.0107203230757570
0.3219999638168978	0.0108275263065145
0.3220184431672642	0.0109358015695798
0.3220369242419704	0.0110451595852755
0.3220554070782574	0.0111556111811281
0.3220738917138677	0.0112671672929393
0.3220923781870371	0.0113798389658687
0.3221108665365386	0.0114936373555275
0.3221293568013634	0.0116085737290826
0.3221478490185400	0.0117246594663735
0.3221663432046192	0.0118419060610374
0.3221848393606798	0.0119603251216477
0.3222033374907851	0.0120799283728640
0.3222218376020471	0.0122007276565927
0.3222403397046792	0.0123227349331586
0.3222588438119364	0.0124459622824903
0.3222773499399561	0.0125704219053150
0.3222958581076449	0.0126961261243681
0.3223143683366031	0.0128230873856119
0.3223328806510862	0.0129513182594681
0.3223513950779795	0.0130808314420628
0.3223699116467842	0.0132116397564834
0.3223884303896257	0.0133437561540482
0.3224069513412833	0.0134771937155889
0.3224254745390020	0.0136119656527448
0.3224440000201527	0.0137480853092723
0.3224625278215042	0.0138855661623648
0.3224810579796059	0.0140244218239886
0.3224995905311528	0.0141646660422284
0.3225181255133364	0.0143063127026505
0.3225366629641850	0.0144493758296769
0.3225552029228932	0.0145938695879738
0.3225737454301238	0.0147398082838536
0.3225922905280200	0.0148872063666921
0.3226108382602530	0.0150360784303590
0.3226293886721085	0.0151864392146627
0.3226479418106069	0.0153383036068094
0.3226664976839903	0.0154916866428774
0.3226850562981285	0.0156466035093062
0.3227036176651761	0.0158030695443994
0.3227221818002954	0.0159611002398432
0.3227407487219688	0.0161207112422415
0.3227593181698899	0.0162819183546639
0.3227778897977085	0.0164447375382104
0.3227964636743249	0.0166091849135927
0.3228150398688781	0.0167752767627287
0.3228336184510635	0.0169430295303560
0.3228521994914536	0.0171124598256597
0.3228707830618227	0.0172835844239161
0.3228893692354802	0.0174564202681552
0.3229079580873414	0.0176309844708368
0.3229265496939532	0.0178072943155449
0.3229451441322958	0.0179853672587002
0.3229637414770342	0.0181652209312871
0.3229823418013175	0.0183468731406002
0.3230009451775426	0.0185303418720063
0.3230195516780692	0.0187156452907263
0.3230381613757909	0.0189028017436335
0.3230567743444054	0.0190918297610697
0.3230753906177442	0.0192827480586802
0.3230940102147196	0.0194755755392669
0.3231126331622748	0.0196703312946595
0.3231312594951137	0.0198670346076059
0.3231498892554894	0.0200657049536820
0.3231685224896407	0.0202663620032187
0.3231871592464117	0.0204690256232507
0.3232057977221166	0.0206737158794831
0.3232244296979316	0.0208804530382778
0.3232430655589898	0.0210892575686607
0.3232617053463093	0.0213001501443476
0.3232803491060453	0.0215131516457912
0.3232989968897696	0.0217282831622490
0.3233176487545965	0.0219455659938718
0.3233363047630809	0.0221650216538106
0.3233549649831923	0.0223866718703487
0.3233736294830472	0.0226105385890521
0.3233922983315103	0.0228366439749426
0.3234109715867122	0.0230650104146923
0.3234296486993676	0.0232956605188390
0.3234483293014453	0.0235286171240275
0.3234670134684817	0.0237639032952675
0.3234857012816534	0.0240015423282205
0.3235043928277903	0.0242415577515025
0.3235230881994778	0.0244839733290176
0.3235417874952405	0.0247288130623077
0.3235604908188777	0.0249761011929309
0.3235791982740999	0.0252258622048605
0.3235979099654767	0.0254781208269092
0.3236166259991707	0.0257329020351785
0.3236353463610218	0.0259902310555301
0.3236540694250405	0.0262501333660852
0.3236727971463639	0.0265126346997462
0.3236915296451650	0.0267777610467435
0.3237102670163627	0.0270455386572113
0.3237290093012179	0.0273159940437830
0.3237477565490099	0.0275891539842210
0.3237665088169926	0.0278650455240631
0.3237852661709273	0.0281436959793034
0.3238040286856284	0.0284251329390965
0.3238227964449650	0.0287093842684876
0.3238415695419247	0.0289964781111723
0.3238603480787722	0.0292864428922839
0.3238791321643382	0.0295793073212066
0.3238979219098279	0.0298751003944183
0.3239167166523623	0.0301738513983623
0.3239355160080888	0.0304755899123458
0.3239543201793678	0.0307803458114691
0.3239731293434664	0.0310881492695840
0.3239919436002124	0.0313990307622795
0.3240107630617186	0.0317130210699020
0.3240295878525966	0.0320301512806014
0.3240484181069403	0.0323504527934070
0.3240672539627042	0.0326739573213407
0.3240860955628185	0.0330006968945544
0.3241049430563121	0.0333307038634995
0.3241237826392263	0.0336640109021349
0.3241426229042284	0.0340006510111561
0.3241614697855655	0.0343406575212681
0.3241803234294470	0.0346840640964809
0.3241991839866341	0.0350309047374456
0.3242180515287107	0.0353812137848200
0.3242369261059828	0.0357350259226686
0.3242558077859073	0.0360923761818955
0.3242746966532266	0.0364532999437147
0.3242935928098619	0.0368178329431524
0.3243124963749832	0.0371860112725844
0.3243314059671549	0.0375578713853104
0.3243503216651513	0.0379334500991630
0.3243692437125978	0.0383127846001544
0.3243881723544827	0.0386959124461555
0.3244071078388442	0.0390828715706166
0.3244260503779401	0.0394737002863233
0.3244450000962916	0.0398684372891869
0.3244639571402974	0.0402671216620783
0.3244829216715413	0.0406697928786996
0.3245018938622095	0.0410764908074863
0.3245208738963723	0.0414872557155608
0.3245398619713452	0.0419021282727169
0.3245588582990356	0.0423211495554439
0.3245778631063440	0.0427443610509990
0.3245968766244620	0.0431718046615090
0.3246158989647682	0.0436035227081248
0.3246349302372177	0.0440395579352061
0.3246539690706138	0.0444799535145584
0.3246730152617893	0.0449247530497044
0.3246920690919397	0.0453740005802011
0.3247111308572896	0.0458277405860037
0.3247301976142544	0.0462860179918633
0.3247492487906354	0.0467488781717818
0.3247683091070792	0.0472163669534995
0.3247873788332924	0.0476885306230348
0.3248064582189378	0.0481654159292645
0.3248255473976890	0.0486470700885570
0.3248446465365133	0.0491335407894420
0.3248637558274998	0.0496248761973369
0.3248828732731827	0.0501211249593103
0.3249019994606883	0.0506223362089038
0.3249211364468810	0.0511285595709935
0.3249402842038807	0.0516398451667031
0.3249594409166480	0.0521562436183707
0.3249786069987317	0.0526778060545544
0.3249977827179551	0.0532045841151000
0.3250169683633040	0.0537366299562512
0.3250361642463784	0.0542739962558141
0.3250553707031338	0.0548167362183729
0.3250745880948644	0.0553649035805569
0.3250938167930441	0.0559185526163624
0.3251130571823931	0.0564777381425257
0.3251323095102707	0.0570425155239516
0.3251515740031305	0.0576129406791905
0.3251708509287923	0.0581890700859825
0.3251901399645046	0.0587709607868418
0.3252094187420332	0.0593586703947101
0.3252286944261716	0.0599522570986572
0.3252479816963615	0.0605517796696443
0.3252672810200792	0.0611572974663406
0.3252865928859907	0.0617688704410047
0.3253059176086259	0.0623865591454155
0.3253252554983550	0.0630104247368692
0.3253446068961343	0.0636405289842371
0.3253639721763182	0.0642769342740795
0.3253833517497957	0.0649197036168196
0.3254027460633541	0.0655689006529883
0.3254221555141165	0.0662245896595190
0.3254415776762776	0.0668868355561133
0.3254610126049165	0.0675557039116743
0.3254804607908789	0.0682312609507911
0.3254999227625970	0.0689135735602990
0.3255193990856707	0.0696027092959023
0.3255388903434308	0.0702987363888620
0.3255583971104369	0.0710017237527503
0.3255779197448564	0.0717117409902786
0.3255974253395186	0.0724288584001815
0.3256169354040855	0.0731531469841843
0.3256364574403321	0.0738846784540261
0.3256559951308347	0.0746235252385657
0.3256755478501092	0.0753697604909522
0.3256951163233012	0.0761234580958617
0.3257147012092622	0.0768846926768211
0.3257343029939231	0.0776535396035901
0.3257539222193338	0.0784300749996265
0.3257735594710623	0.0792143757496235
0.3257932153835810	0.0800065195071199
0.3258128906447201	0.0808065847021913
0.3258325848393245	0.0816146505492136
0.3258522954541729	0.0824307970547061
0.3258720232055017	0.0832551050252532
0.3258917688558334	0.0840876560755049
0.3259115261957441	0.0849285326362596
0.3259312558710716	0.0857778179626232
0.3259510063048055	0.0866355961422496
0.3259707781283608	0.0875019521036723
0.3259905718643084	0.0883769716247081
0.3260103881165703	0.0892607413409558
0.3260302247683036	0.0901533487543651
0.3260500809228764	0.0910548822419081
0.3260699575832292	0.0919654310643265
0.3260898556149961	0.0928850853749696
0.3261097757570396	0.0938139362287201
0.3261297188362820	0.0947520755910075
0.3261496857511660	0.0956995963469182
0.3261696734661136	0.0966565923103867
0.3261896782806626	0.0976231582334907
0.3262096485459147	0.0985993898158255
0.3262296358618451	0.0995853837139834
0.3262496469482174	0.1005812375511233
0.3262696828064287	0.1015870499266339
0.3262897445021050	0.1026029204259014
0.3263098331298113	0.1036289496301599
0.3263299494390153	0.1046652391264610
0.3263500926521666	0.1057118915177247
0.3263702599448109	0.1067690104329022
0.3263904526356646	0.1078367005372298
0.3264106721155492	0.1089150675426032
0.3264309195063370	0.1100042182180291
0.3264511682772988	0.1111042604002091
0.3264713995120987	0.1122153030042103
0.3264916625284692	0.1133374560342517
0.3265119558969107	0.1144708305945933
0.3265322772744830	0.1156155389005379
0.3265526281142965	0.1167716942895435
0.3265730096510533	0.1179394112324389
0.3265934210688342	0.1191188053447644
0.3266138564948894	0.1203099933982108
0.3266343266277508	0.1215130933321926
0.3266548264536625	0.1227282242655131
0.3266753405257231	0.1239555065081674
0.3266958205225791	0.1251950615732506
0.3267163348652607	0.1264470121889838
0.3267368852060979	0.1277114823108723
0.3267574731102062	0.1289885971339815
0.3267780998638477	0.1302784831053202
0.3267987609368058	0.1315812679363731
0.3268194568029898	0.1328970806157365
0.3268401894610052	0.1342260514218943
0.3268609607466608	0.1355683119361137
0.3268817586879398	0.1369239950554749
0.3269025136856794	0.1382932350060289
0.3269233126810096	0.1396761673560891
0.3269441494675137	0.1410729290296482
0.3269650123438301	0.1424836583199453
0.3269859167006186	0.1439084949031434
0.3270068648785632	0.1453475798521748
0.3270278589877126	0.1468010556506972
0.3270488963008785	0.1482690662072051
0.3270699753565972	0.1497517568692783
0.3270909979185343	0.1512492744379706
0.3271120609377519	0.1527617671823500
0.3271331725356941	0.1542893848541716
0.3271543351882026	0.1558322787027115
0.3271755479600394	0.1573906014897371
0.3271968067942023	0.1589645075046338
0.3272181143543352	0.1605541525796822
0.3272394734955222	0.1621596941054788
0.3272608149281865	0.1637812910465317
0.3272821441700479	0.1654191039569969
0.3273035292830940	0.1670732949965647
0.3273249658176580	0.1687440279465293
0.3273464569039316	0.1704314682259939
0.3273680058515009	0.1721357829082538
0.3273896152466271	0.1738571407373360
0.3274112821062279	0.1755957121447072
0.3274329133274262	0.1773516692661564
0.3274545641912688	0.1791251859588165
0.3274762772287308	0.1809164378184068
0.3274980556312867	0.1827256021965905
0.3275199003622667	0.1845528582185555
0.3275417858006538	0.1863983868007431
0.3275637348187250	0.1882623706687497
0.3275856909789064	0.1901449943754382
0.3276076298618978	0.1920464443191906
0.3276296430330641	0.1939669087623818
0.3276517270740131	0.1959065778500067
0.3276738801870814	0.1978656436285089
0.3276961068423258	0.1998443000647934
0.3277184110932288	0.2018427430654415
0.3277406915774055	0.2038611704960940
0.3277629850162516	0.2058997822010531
0.3277853347286417	0.2079587800230646
0.3278077646486758	0.2100383678232954
0.3278302793281402	0.2121387515015263
0.3278528805191601	0.2142601390165435
0.3278755245549625	0.2164027404067073
0.3278981154384382	0.2185667678107732
0.3279207952114003	0.2207524354888828
0.3279435689903122	0.2229599598437722
0.3279664380159186	0.2251895594422090
0.3279893775197920	0.2274414550366315
0.3280123682752162	0.2297158695870000
0.3280352945310386	0.2320130282828683
0.3280583251173902	0.2343331585656992
0.3280814584235097	0.2366764901513535
0.3281046907209747	0.2390432550528648
0.3281280286286813	0.2414336876033936
0.3281513806209426	0.2438480244794294
0.3281747307892761	0.2462865047242234
0.3281981584672958	0.2487493697714676
0.3282216951055635	0.2512368634691853
0.3282453502118248	0.2537492321038797
0.3282691192426159	0.2562867244249196
0.3282927906342658	0.2588495916691674
0.3283165797570702	0.2614380875858577
0.3283404956849091	0.2640524684617156
0.3283645423796784	0.2666929931463316
0.3283886816546228	0.2693599230777956
0.3284127467568230	0.2720535223085714
0.3284369067733515	0.2747740575316554
0.3284612109787291	0.2775217981069740
0.3284856631981525	0.2802970160880423
0.3285102535799670	0.2830999862489237
0.3285347568589574	0.2859309861114124
0.3285593390241862	0.2887902959725285
0.3285840840743783	0.2916781989322553
0.3286089801593294	0.2945949809215770
0.3286339957237379	0.2975409307307940
0.3286589284021663	0.3005163400381017
0.3286840407619567	0.3035215034384829
0.3287093044508468	0.3065567184728646
0.3287347089894284	0.3096222856575902
0.3287601092265676	0.3127185085141678
0.3287855751778622	0.3158456935993113
0.3288112317477311	0.3190041505353070
0.3288370780294532	0.3221941920406586
0.3288630288200882	0.3254161339610655
0.3288888860736222	0.3286702953006793
0.3289149543421619	0.3319569982536834
0.3289412309501970	0.3352765682362172
0.3289677232249466	0.3386293339185782
0.3289940822331324	0.3420156272577659
0.3290206268019794	0.3454357835303459
0.3290473811231511	0.3488901413656478
0.3290743831795593	0.3523790427793054
0.3291012511625734	0.3559028332070964
0.3291283603110564	0.3594618615391679
0.3291556879773174	0.3630564801545578
0.3291832346357349	0.3666870449561063
0.3292106449251125	0.3703539154056684
0.3292383328132310	0.3740574545597267
0.3292663038479455	0.3777980291053205
0.3292944221817096	0.3815760093963764
0.3293224612595860	0.3853917694903368
0.3293508017553822	0.3892456871852397
0.3293794602486880	0.3931381440570888
0.3294081849531471	0.3970695254976579
0.3294369348273196	0.4010402207526340
0.3294660127039667	0.4050506229601625
0.3294954506254558	0.4091011291897613
0.3295247415977525	0.4131921404816627
0.3295543236195090	0.4173240618864776
0.3295842438444941	0.4214973025053408
0.3296142915105990	0.4257122755303973
0.3296444552385695	0.4299693982857024
0.3296749628055138	0.4342690922685602
0.3297057948746831	0.4386117831912442
0.3297365061578494	0.4429979010231539
0.3297677025520626	0.4474278800333871
0.3297992491365099	0.4519021588337249
0.3298307162224813	0.4564211804220623
0.3298625551079022	0.4609853922262866
0.3298949022318952	0.4655952461485499
0.3299272198583486	0.4702511986100317
0.3299597824529754	0.4749537105961329
0.3299929417291358	0.4797032477020927
0.3300262083167710	0.4845002801791097
0.3300595859509612	0.4893452829809007
0.3300936003635164	0.4942387358107064
0.3301278683955168	0.4991811231688160
0.3301621730288120	0.5041729344005078
0.3301971571289386	0.5092146637445124
0.3302324645226296	0.5143068103819560
0.3302678145168060	0.5194498784857776
0.3303038997509153	0.5246443772706371
0.3303402848966348	0.5298908210433461
0.3303767798732307	0.5351897292537827
0.3304141334468089	0.5405416265463234
0.3304516403894079	0.5459470428117895
0.3304894400202504	0.5514065132399057
0.3305282450746497	0.5569205783723065
0.3305669232417365	0.5624897841560256
0.3306062371698802	0.5681146819975869
0.3306466306543186	0.5737958288175606
0.3306865762327574	0.5795337871057399
0.3307276471706401	0.5853291249768006
0.3307693787618488	0.5911824162265688
0.3308111809612625	0.5970942403888383
0.3308543307620940	0.6030651827927295
0.3308974551179753	0.6090958346206574
0.3309414360292436	0.6151867929668678
0.3309866374186902	0.6213386608965389
0.3310316328185368	0.6275520475055050
0.3310780497334460	0.6338275679805562
0.3311250490336025	0.6401658436603580
0.3311727834308681	0.6465675020969626
0.3312219395387793	0.6530331771179310
0.3312711102603291	0.6595635088891099
0.3313217339090406	0.6661591439780038
0.3313735271501953	0.6728207354177828
0.3314257007667591	0.6795489427719640
0.3314803101438827	0.6863444321996849
0.3315342774066058	0.6932078765216811
0.3315908933800935	0.7001399552868944
0.3316480917190534	0.7071413548397621
0.3317067090175325	0.7142127683881578
0.3317675930754580	0.7213548960720402
0.3318286605960737	0.7285684450327620
0.3318930129561632	0.7358541294830900
0.3319573562162650	0.7432126707779221
0.3320251541987315	0.7506447974857037
0.3320941450087861	0.7581512454605609
0.3321650650862882	0.7657327579151643
0.3322398175968448	0.7733900854943137
0.3323149734929209	0.7811239863492588
0.3323953616291419	0.7889352262127542
0.3324757140049344	0.7968245784748832
0.3325618973197780	0.8047928242596324
0.3326496820024625	0.8128407525022295
0.3327425192203352	0.8209691600272517
0.3328388302126584	0.8291788516275255
0.3329378738718072	0.8374706401438025
0.3330458266442759	0.8458453465452399
0.3331563247738783	0.8543038000106927
0.3332775489226711	0.8628468380107985
0.3334008016603749	0.8714753063909050
0.3335408884685563	0.8801900594548134
0.3336821514283101	0.8889919600493604
0.3338436457122768	0.8985438100125168
0.3340282011394451	0.9075292481126406
0.3342111707431263	0.9166045405937677
0.3344264166776160	0.9258496856036078
0.3346665674945691	0.9348945332257529
0.3349249781198960	0.9442434785580092
0.3351913276627662	0.9607408420079585
0.3352199299447070	0.9522983575533904
0.3354549076655386	0.9590050210866969
0.3358097584260344	0.9669234409904619
0.3358620784543118	0.9644547753966317
0.3361270685348031	0.9717698411683039
0.3361335371773344	0.9697685915592940
0.3364608931292964	0.9807143365476281
0.3367518742842560	0.9853535642778741
0.3370892482826551	0.9785780969688584
0.3375418690956511	0.9899101300151185
0.3378980637365405	0.9926007489183415
0.3388358067693956	0.9947658979171343
0.3396128931966400	0.9961199042377942
0.3396934471382266	0.9969255417524524
0.3438975446680843	0.9990684616245019
0.3447723661515831	0.9993407684845887
0.3480845803007967	0.9997238169374812
0.3494828420966397	0.9998739526732983
0.3509395140512397	0.9999412193949204
0.3542046653916023	0.9999653950762432
0.3592698956569016	0.9999895197864815
0.3619976258150051	0.9999949300550469
0.3699315163153937	0.9999985003507172
0.3716739699748698	0.9999993151299745
0.3794676479838852	0.9999997926035369
0.3820065127608190	0.9999999021096984
0.3885785287987532	0.9999999698684737
0.3907093500509048	0.9999999860455979
0.3976930265203886	0.9999999957522596
0.4005399087182313	0.9999999980517427
0.4074562163686235	0.9999999994125335
0.4105309460958608	0.9999999997315004
0.4173034968660753	0.9999999999195333
0.4203995655294290	0.9999999999632477
0.4270885679201137	0.9999999999890155
0.4301030625000424	0.9999999999949789
0.4367297306588043	0.9999999999984996
0.4396163471066360	0.9999999999993137
0.4462287048448155	0.9999999999997947
0.4490177223553432	0.9999999999999060
0.4556315167575677	0.9999999999999718
0.4583598749665231	0.9999999999999873
0.4650353366532726	0.9999999999999964
0.4678055229886763	0.9999999999999983
0.4739878108986614	1.0000904413050906
0.4739878108987016	1.0001021249910889
0.4958049419920534	1.0001041214640189
0.5152796136395650	1.0001041558837713
0.5248087634922262	1.0001041663132104
0.5693237203569355	0.9605000422062776
0.5693237203569355	0.9899031047227963
0.5696390715913840	1.0002730901280155
0.5813575411008801	1.0000004984572899
0.7448142420496807	0.9881667342045573
0.7449785021209672	0.9981924850590905
0.7475032107006340	0.9997646357894527
0.7549362205652791	0.9999418030468133
0.7939505192943553	0.9999822190093309
0.8124226566415867	0.9999874299408359
0.8257976210614987	0.9999881031319864
0.8285486506088326	0.9999958975280528
0.8328856518326723	0.9999969048321735
0.8372659041142984	0.9999970350283262
0.8411073186206431	0.9999981942498160
0.8414238583319403	0.9999983440903966
0.8610586033654407	0.9999986828694322
0.8649031887553712	0.9999987679410239
0.8711517788320693	0.9999987789373797
0.8841054205612846	0.9999987989786348
0.8897557167262463	0.9999988039759590
0.8972506904001227	0.9999988046219153
0.9081080389370679	0.9999988057969197
0.9143352131470506	0.9999988060898886
0.9218426833123818	0.9999988061277577
0.9326459285180223	0.9999988061966437
0.9388880581318497	0.9999988062138194
0.9463957394412131	0.9999988062160396
0.9572579120799353	0.9999988062200781
0.9580034881510399	0.9999997456344185
0.9580035335922505	0.9999998670634044
0.9798060790467347	0.9999998877530468
0.9798061517759902	0.9999999061230628
0.9805799818764249	0.9999999268741592
0.9808479057181234	0.9999999301343503
0.9977628593079192	0.9999999308454667
1.0065017641811098	0.9999999317837304
1.0072267518540319	0.9999999319136748
1.0243469044688727	0.9999999319672869
1.0247962497918488	0.9999999319782911
1.0358789331328744	0.9999999319823994
1.0410338579770020	0.9999999319831381
1.0506442024526601	0.9999999319834797
1.0546040029615216	0.9999999319835453
1.0659371943490230	0.9999999319835733
1.0712687225580950	0.9999999319835786
1.0835042023908650	0.9999999319835805
1.0898997931707630	0.9999999319835809
