0.0000000000000000	0.0000000000000000
0.3130730799924447	0.0000300000000000
0.3132970285501595	0.0000105674657427
0.3134890262967268	0.0000172043439042
0.3142642907637143	0.0000161917822957
0.3144486919336481	0.0000252909063540
0.3150323363263043	0.0000193657537479
0.3155510546087021	0.0000339338772111
0.3155810985095814	0.0000298303482149
0.3160562233696378	0.0000442079234956
0.3160696900079698	0.0000382003353497
0.3163999172007478	0.0000466873831239
0.3168102140559924	0.0000566873831239
0.3168173309956216	0.0000541459776635
0.3170343024958646	0.0000623959433188
0.3173068147811109	0.0000723959433188
0.3175877169916860	0.0000822309168930
0.3178308500250316	0.0000922309168930
0.3180670867799413	0.0001022309168929
0.3182616473832807	0.0001122309168929
0.3184428923674260	0.0001222309168929
0.3185987908494075	0.0001322309168929
0.3187434776774985	0.0001422309168929
0.3188777239659700	0.0001522309168929
0.3190053255813209	0.0001622309168929
0.3191223169099640	0.0001722309168929
0.3192332513921020	0.0001822309168929
0.3193371650451043	0.0001922309168929
0.3194364267514985	0.0002022309168929
0.3195298094179110	0.0002122309168929
0.3196184944267112	0.0002222309168929
0.3197034045959983	0.0002322309168930
0.3197840800024356	0.0002422309168930
0.3198617545154478	0.0002522309168930
0.3199354523653022	0.0002622309168930
0.3200072564653172	0.0002722309168930
0.3200753459085284	0.0002822309168930
0.3201421006149909	0.0002922309168930
0.3202052982003570	0.0003022309168930
0.3202676440097734	0.0003122309168930
0.3203265806679784	0.0003222309168930
0.3203850711356709	0.0003322309168930
0.3204403109877960	0.0003422309168930
0.3204952351227240	0.0003522309168930
0.3205473936999691	0.0003622309168930
0.3205991291603588	0.0003722309168930
0.3206485745355286	0.0003822309168930
0.3206974190345959	0.0003922309168930
0.3207443293655545	0.0004022309168930
0.3207906151554482	0.0004122309168930
0.3208353383448347	0.0004222309168930
0.3208793221359172	0.0004322309168930
0.3209220511177531	0.0004422309168930
0.3209640065660041	0.0004522309168930
0.3210049015631372	0.0004622309168930
0.3210449371918378	0.0004722309168930
0.3210841556106623	0.0004822309168930
0.3211225055881332	0.0004922309168930
0.3211601718661739	0.0005022309168930
0.3211969127832312	0.0005122309168930
0.3212331497651973	0.0005222309168930
0.3212684744330799	0.0005322309168930
0.3213033440681600	0.0005422309168930
0.3213372096525019	0.0005522309168930
0.3213708147470943	0.0005622309168930
0.3214034891204111	0.0005722309168930
0.3214359876907910	0.0005822309168930
0.3214675014127560	0.0005922309168930
0.3214988326844532	0.0006022309168930
0.3215292629889603	0.0006122309168930
0.3215596325925305	0.0006222309168930
0.3215890229655960	0.0006322309168930
0.3216183899611219	0.0006422309168930
0.3216469417980882	0.0006522309168930
0.3216753256908106	0.0006622309168930
0.3217030777467330	0.0006722309168930
0.3217305774301158	0.0006822309168930
0.3217575408525307	0.0006922309168930
0.3217842294741231	0.0007022309168930
0.3218104218212444	0.0007122309168930
0.3218363973299204	0.0007222309168930
0.3218618406425502	0.0007322309168930
0.3218870608567326	0.0007422309168930
0.3219119029559275	0.0007522309168930
0.3219363615701600	0.0007622309168930
0.3219606170300351	0.0007722309168930
0.3219844595199178	0.0007822309168930
0.3220080293871083	0.0007922309168930
0.3220312643748202	0.0008022309168930
0.3220543669959864	0.0008122309168930
0.3220769605462444	0.0008222309168930
0.3220994271443007	0.0008322309168930
0.3221215056734950	0.0008422309168930
0.3221435166944330	0.0008522309168930
0.3221651117889177	0.0008622309168930
0.3221865461381752	0.0008722309168930
0.3222075560608051	0.0008822309168930
0.3222285436884326	0.0008922309168930
0.3222491135045537	0.0009022309168930
0.3222696406810264	0.0009122309168930
0.3222897918351940	0.0009222309168930
0.3223098727361717	0.0009322309168930
0.3223296127409191	0.0009422309168930
0.3223492252036543	0.0009522309168930
0.3223685263976050	0.0009622309168930
0.3223877122667910	0.0009722309168930
0.3224066388609924	0.0009822309168930
0.3224254260346506	0.0009922309168930
0.3224439896621076	0.0010022309168930
0.3224623994085394	0.0010122532260620
0.3224806534321301	0.0010223757583226
0.3224989126122508	0.0010325995159058
0.3225171906321068	0.0010429255110649
0.3225354452741152	0.0010533547661755
0.3225537524455664	0.0010638883138373
0.3225719897213527	0.0010745271969757
0.3225903313198805	0.0010852724689454
0.3226085558505641	0.0010961251936349
0.3226268849566571	0.0011070864455712
0.3226451371845400	0.0011181573100269
0.3226634419996057	0.0011293388831272
0.3226817439757468	0.0011406322719585
0.3227000158395474	0.0011520385946781
0.3227183720244711	0.0011635589806249
0.3227366165541927	0.0011751945704311
0.3227549366616551	0.0011869465161354
0.3227732421182775	0.0011988159812967
0.3227915284179383	0.0012108041411097
0.3228098782444481	0.0012229121825208
0.3228281502783662	0.0012351413043460
0.3228464619880186	0.0012474927173895
0.3228648103571723	0.0012599676445634
0.3228830822630657	0.0012725673210090
0.3229014065876968	0.0012852929942191
0.3229197463721751	0.0012981459241613
0.3229380299739057	0.0013111273834029
0.3229563572824809	0.0013242386572369
0.3229747037274709	0.0013374810438093
0.3229929906135345	0.0013508558542473
0.3230113139218019	0.0013643644127898
0.3230296687803247	0.0013780080569177
0.3230479656051141	0.0013917881374869
0.3230662801590781	0.0014057060188618
0.3230846213810167	0.0014197630790504
0.3231029597418568	0.0014339607098409
0.3231212627915775	0.0014483003169393
0.3231395885635702	0.0014627833201087
0.3231579334195459	0.0014774111533097
0.3231762710499423	0.0014921852648428
0.3231945810085813	0.0015071071174912
0.3232129069852432	0.0015221781886662
0.3232312478449476	0.0015373999705529
0.3232495999716474	0.0015527739702584
0.3232679197001408	0.0015683017099610
0.3232862414923805	0.0015839847270606
0.3233045729287674	0.0015998245743312
0.3233229140983773	0.0016158228200745
0.3233412614890235	0.0016319810482753
0.3233596058880521	0.0016483008587580
0.3233779292133278	0.0016647838673456
0.3233962582099863	0.0016814317060191
0.3234145938786033	0.0016982460230793
0.3234329328507153	0.0017152284833101
0.3234512763685574	0.0017323807681432
0.3234696215880818	0.0017497045758246
0.3234879695165421	0.0017672016215829
0.3235063179587964	0.0017848736377987
0.3235246514473427	0.0018027223741767
0.3235429878210581	0.0018207495979185
0.3235613258291183	0.0018389570938976
0.3235796660518476	0.0018573466648366
0.3235980073042455	0.0018759201314850
0.3236163500716914	0.0018946793327998
0.3236346935226435	0.0019136261261278
0.3236530379563592	0.0019327623873891
0.3236713829661391	0.0019520900112630
0.3236897281294173	0.0019716109113756
0.3237080729466128	0.0019913270204894
0.3237264174575902	0.0020112402906943
0.3237447619136785	0.0020313526936013
0.3237631060630399	0.0020516662205373
0.3237814504815956	0.0020721828827427
0.3237997944586509	0.0020929047115701
0.3238181390682950	0.0021138337586858
0.3238364831245995	0.0021349720962727
0.3238548276332637	0.0021563218172354
0.3238731719830071	0.0021778850354077
0.3238915165621932	0.0021996638857618
0.3239098614766567	0.0022216605246194
0.3239282063303280	0.0022438771298656
0.3239465519288430	0.0022663159011642
0.3239648973174117	0.0022889790601759
0.3239832431072028	0.0023118688507776
0.3240015893081056	0.0023349875392854
0.3240199355827919	0.0023583374146782
0.3240382825351412	0.0023819207888251
0.3240566296002980	0.0024057399967133
0.3240749769815643	0.0024297973966804
0.3240933251783556	0.0024540953706472
0.3241116733423464	0.0024786363243537
0.3241300219400661	0.0025034226875972
0.3241483713109494	0.0025284569144732
0.3241667207326615	0.0025537414836179
0.3241850706153707	0.0025792788984541
0.3242034213082760	0.0026050716874386
0.3242217721170991	0.0026311224043130
0.3242401233470690	0.0026574336283561
0.3242584752952510	0.0026840079646397
0.3242768276364867	0.0027108480442861
0.3242951803137907	0.0027379565247290
0.3243135335840582	0.0027653360899762
0.3243318876452156	0.0027929894508760
0.3243502419255780	0.0028209193453847
0.3243685966522298	0.0028491285388386
0.3243869519980461	0.0028776198242270
0.3244053081215952	0.0029063960224692
0.3244236645523155	0.0029354599826939
0.3244420214249140	0.0029648145825209
0.3244603788855911	0.0029944627283461
0.3244787370321207	0.0030244073556295
0.3244970958200737	0.0030546514291858
0.3245154541184664	0.0030851979434776
0.3245338120655901	0.0031160499229124
0.3245521706409965	0.0031472104221415
0.3245705298987439	0.0031786825263629
0.3245888898994979	0.0032104693516266
0.3246072505276031	0.0032425740451429
0.3246256116529022	0.0032749997855943
0.3246439733428323	0.0033077497834502
0.3246623356363008	0.0033408272812848
0.3246806985751998	0.0033742355540977
0.3246990621806920	0.0034079779096386
0.3247174264769294	0.0034420576887350
0.3247357914726472	0.0034764782656223
0.3247541571780601	0.0035112430482786
0.3247725235940188	0.0035463554787614
0.3247908906170950	0.0035818190335490
0.3248092582532506	0.0036176372238846
0.3248276265122408	0.0036538135961234
0.3248459954030504	0.0036903517320846
0.3248643649333131	0.0037272552494055
0.3248827351092798	0.0037645278018995
0.3249011059386745	0.0038021730799185
0.3249194774152866	0.0038401948107177
0.3249378495357145	0.0038785967588248
0.3249562222927911	0.0039173827264131
0.3249745956866854	0.0039565565536772
0.3249929697104649	0.0039961221192140
0.3250113443682912	0.0040360833404062
0.3250297196533662	0.0040764441738103
0.3250480955701537	0.0041172086155483
0.3250664721155966	0.0041583807017038
0.3250848492931677	0.0041999645087207
0.3251032271051800	0.0042419641538080
0.3251216055535515	0.0042843837953461
0.3251399846462459	0.0043272276332996
0.3251583643835107	0.0043704999096326
0.3251767447738410	0.0044142049087289
0.3251951258213465	0.0044583469578162
0.3252135075323453	0.0045029304273944
0.3252318899178416	0.0045479597316684
0.3252502729817224	0.0045934393289851
0.3252686567343483	0.0046393737222750
0.3252870411849715	0.0046857674594978
0.3253054261904731	0.0047326251340927
0.3253238117291242	0.0047799513854337
0.3253421978212960	0.0048277508992880
0.3253605844872508	0.0048760284082808
0.3253789717506195	0.0049247886923637
0.3253973596298299	0.0049740365792874
0.3254157481437210	0.0050237769450802
0.3254341373139991	0.0050740147145310
0.3254525271590342	0.0051247548616763
0.3254709176961176	0.0051760024102930
0.3254893089450562	0.0052277624343959
0.3255077009259625	0.0052800400587399
0.3255260936545851	0.0053328404593272
0.3255444871489831	0.0053861688639206
0.3255628814292925	0.0054400305525598
0.3255812765134051	0.0054944308580855
0.3255996724177576	0.0055493751666664
0.3256180691608328	0.0056048689183330
0.3256364667624355	0.0056609176075163
0.3256548652412743	0.0057175267835914
0.3256732646127953	0.0057747020514273
0.3256916648925758	0.0058324490719416
0.3257100660964459	0.0058907735626611
0.3257284682401435	0.0059496812982878
0.3257468713370109	0.0060091781112707
0.3257652753989739	0.0060692698923834
0.3257836804383962	0.0061299625913073
0.3258020864681431	0.0061912622172205
0.3258204935013753	0.0062531748393926
0.3258389015516116	0.0063157065877866
0.3258573106315460	0.0063788636536644
0.3258757207528021	0.0064426522902012
0.3258941319277980	0.0065070788131032
0.3259125441696356	0.0065721496012342
0.3259309574921030	0.0066378710972464
0.3259493719096063	0.0067042498082188
0.3259677874370593	0.0067712923063009
0.3259862040897860	0.0068390052293639
0.3260046218834474	0.0069073952816575
0.3260230408340279	0.0069764692344740
0.3260414609577916	0.0070462339268188
0.3260598822713259	0.0071166962660870
0.3260783047744239	0.0071878632287478
0.3260967284636599	0.0072597418610352
0.3261151533384537	0.0073323392796456
0.3261335794008405	0.0074056626724421
0.3261520066552402	0.0074797192991665
0.3261704351082174	0.0075545164921582
0.3261888647684577	0.0076300616570798
0.3262072956457508	0.0077063622736505
0.3262257277501355	0.0077834258963870
0.3262441610919846	0.0078612601553509
0.3262625956821191	0.0079398727569044
0.3262810315318155	0.0080192714844734
0.3262994686528838	0.0080994641993182
0.3263179070576983	0.0081804588413113
0.3263363467593096	0.0082622634297243
0.3263547877714210	0.0083448860640215
0.3263732301085308	0.0084283349246617
0.3263916737859472	0.0085126182739083
0.3264101188198701	0.0085977444566472
0.3264285652274783	0.0086837219012138
0.3264470130269186	0.0087705591202259
0.3264654622374225	0.0088582647114283
0.3264839128792720	0.0089468473585426
0.3265023649737021	0.0090363158321282
0.3265208185428929	0.0091266789904493
0.3265392736098710	0.0092179457803538
0.3265577301985162	0.0093101252381573
0.3265761883335987	0.0094032264905389
0.3265946480407135	0.0094972587554444
0.3266131093459217	0.0095922313429987
0.3266315722740570	0.0096881536564286
0.3266500368490491	0.0097850351929929
0.3266685030943050	0.0098828855449229
0.3266869710330562	0.0099817144003721
0.3267054406885766	0.0100815315443759
0.3267239120842628	0.0101823468598197
0.3267423852437583	0.0102841703284179
0.3267608601910754	0.0103870120317020
0.3267793369506642	0.0104908821520191
0.3267978155475657	0.0105957909735393
0.3268162960002020	0.0107017488832747
0.3268347783026639	0.0108087663721075
0.3268532621733641	0.0109168540358287
0.3268717473612746	0.0110260225761868
0.3268902343996463	0.0111362828019487
0.3269087232998075	0.0112476456299681
0.3269272140765255	0.0113601220862679
0.3269457063710804	0.0114737233071304
0.3269642001367253	0.0115884605402015
0.3269826954234110	0.0117043451456034
0.3270011922791051	0.0118213885970593
0.3270196907501136	0.0119396024830300
0.3270381908814992	0.0120589985078603
0.3270566927174756	0.0121795884929389
0.3270751963017801	0.0123013843778682
0.3270937016780188	0.0124243982216468
0.3271122088899801	0.0125486422038634
0.3271307179817091	0.0126741286259018
0.3271492289975915	0.0128008699121608
0.3271677419799670	0.0129288786112825
0.3271862569722772	0.0130581673973955
0.3272047740208061	0.0131887490713694
0.3272232931727030	0.0133206365620831
0.3272418144761343	0.0134538429277040
0.3272603379804415	0.0135883813569810
0.3272788637343517	0.0137242651705507
0.3272973917849358	0.0138615078222561
0.3273159221780270	0.0140001229004787
0.3273344549586331	0.0141401241294834
0.3273529901713279	0.0142815253707784
0.3273715278415777	0.0144243406244863
0.3273900679717714	0.0145685840307310
0.3274086105694838	0.0147142698710384
0.3274271556473697	0.0148614125697489
0.3274457032230811	0.0150100266954463
0.3274642533190033	0.0151601269624006
0.3274828059619617	0.0153117282320248
0.3275013611829978	0.0154648455143451
0.3275199190172087	0.0156194939694885
0.3275384795032601	0.0157756889091832
0.3275570385849774	0.0159334457982751
0.3275755954310455	0.0160927802562577
0.3275941551954042	0.0162537080588203
0.3276127179057277	0.0164162451394083
0.3276312835920807	0.0165804075908022
0.3276498522870045	0.0167462116667102
0.3276684240256459	0.0169136737833772
0.3276869988459118	0.0170828105212111
0.3277055767886342	0.0172536386264233
0.3277241578977516	0.0174261750126877
0.3277427422205083	0.0176004367628144
0.3277613298074464	0.0177764411304427
0.3277799207113341	0.0179542055417472
0.3277985149809919	0.0181337475971648
0.3278171123336546	0.0183150850731366
0.3278357123226892	0.0184982359238682
0.3278543150009648	0.0186832182831071
0.3278729204237758	0.0188700504659380
0.3278915286491773	0.0190587509705973
0.3279101397383264	0.0192493384803030
0.3279287537557264	0.0194418318651063
0.3279473707691747	0.0196362501837574
0.3279659908497838	0.0198326126855949
0.3279846140720674	0.0200309388124508
0.3280032405140780	0.0202312482005755
0.3280218702545135	0.0204335606825815
0.3280405033712792	0.0206378962894070
0.3280591399423729	0.0208442752523008
0.3280777800463597	0.0210527180048239
0.3280964237628796	0.0212632451848722
0.3281150711731681	0.0214758776367210
0.3281337223605716	0.0216906364130879
0.3281523774110631	0.0219075427772189
0.3281710363628586	0.0221266182049910
0.3281896992408403	0.0223478843870406
0.3282083660805413	0.0225713632309108
0.3282270369223841	0.0227970768632201
0.3282457118116114	0.0230250476318521
0.3282643907987102	0.0232552981081706
0.3282830739398484	0.0234878510892524
0.3283017612973028	0.0237227296001447
0.3283204529394115	0.0239599568961464
0.3283391489406070	0.0241995564651075
0.3283578493815291	0.0244415520297587
0.3283765543485722	0.0246859675500565
0.3283952639284447	0.0249328272255572
0.3284139776006834	0.0251821554978130
0.3284326950009550	0.0254339770527912
0.3284514162889837	0.0256883168233191
0.3284701416140179	0.0259451999915524
0.3284888710476753	0.0262046519914683
0.3285076046702166	0.0264666985113830
0.3285263425706615	0.0267313654964965
0.3285450848469491	0.0269986791514613
0.3285638316056330	0.0272686659429763
0.3285825829550229	0.0275413526024064
0.3286013390057883	0.0278167661284305
0.3286200998719236	0.0280949337897152
0.3286388656716829	0.0283758831276123
0.3286576359770779	0.0286596419588887
0.3286763951868894	0.0289462383784778
0.3286951599443192	0.0292357007622623
0.3287139303600741	0.0295280577698853
0.3287327065498536	0.0298233383475843
0.3287514885675294	0.0301215717310598
0.3287702764415811	0.0304227874483702
0.3287890702135477	0.0307270153228539
0.3288078699381088	0.0310342854760825
0.3288266756829942	0.0313446283308436
0.3288454875290281	0.0316580746141516
0.3288643055702727	0.0319746553602932
0.3288831294045158	0.0322944019138963
0.3289019582442108	0.0326173459330356
0.3289207922921681	0.0329435193923664
0.3289396317501226	0.0332729545862905
0.3289584768203128	0.0336056841321533
0.3289773277070309	0.0339417409734750
0.3289961845371128	0.0342811583832098
0.3290150474132094	0.0346239699670424
0.3290339164548570	0.0349702096667128
0.3290527899478528	0.0353199117633800
0.3290716689563103	0.0356731108810141
0.3290905545146895	0.0360298419898240
0.3291094467795810	0.0363901404097224
0.3291283459179556	0.0367540418138193
0.3291472521077121	0.0371215822319577
0.3291661655334400	0.0374927980542775
0.3291850863823637	0.0378677260348206
0.3292040147204936	0.0382464032951683
0.3292229506323219	0.0386288673281201
0.3292418942215518	0.0390151560014014
0.3292608441432584	0.0394053075614152
0.3292798003794528	0.0397993606370291
0.3292987631789742	0.0401973542433993
0.3293177327955896	0.0405993277858330
0.3293367094852911	0.0410053210636914
0.3293556935081524	0.0414153742743282
0.3293746621345330	0.0418295280170712
0.3293936373897924	0.0422478232972419
0.3294126209664158	0.0426703015302138
0.3294316129688115	0.0430970045455157
0.3294506135294788	0.0435279745909708
0.3294696227959811	0.0439632543368810
0.3294886409322185	0.0444028868802503
0.3295076681197660	0.0448469157490530
0.3295267045593064	0.0452953849065437
0.3295457504709444	0.0457483387556088
0.3295648060857732	0.0462058221431649
0.3295838703656308	0.0466678803645972
0.3296029426678373	0.0471345591682427
0.3296220232224658	0.0476059047599253
0.3296411122783858	0.0480819638075242
0.3296602101044008	0.0485627834455992
0.3296793169898811	0.0490484112800552
0.3296984332366758	0.0495388953928561
0.3297175591554944	0.0500342843467851
0.3297366950690730	0.0505346271902533
0.3297558412655401	0.0510399734621556
0.3297749979149640	0.0515503731967777
0.3297941652234758	0.0520658769287455
0.3298133434209891	0.0525865356980328
0.3298325327593553	0.0531124010550135
0.3298517325071249	0.0536435250655640
0.3298709415352246	0.0541799603162203
0.3298901314441119	0.0547217599193828
0.3299093286211786	0.0552689775185766
0.3299285366691238	0.0558216672937616
0.3299477558789266	0.0563798839666996
0.3299669865012466	0.0569436828063671
0.3299862288163322	0.0575131196344312
0.3300054831353813	0.0580882508307761
0.3300247498022953	0.0586691333390841
0.3300440255548452	0.0592558246724757
0.3300633130598006	0.0598483829192012
0.3300826138479504	0.0604468667483927
0.3301019280376483	0.0610513354158759
0.3301212531930866	0.0616618487700341
0.3301405897662987	0.0622784672577339
0.3301599382354781	0.0629012519303105
0.3301792990941484	0.0635302644496136
0.3301986728550256	0.0641655670941099
0.3302180600540515	0.0648072227650504
0.3302374610059827	0.0654552949927017
0.3302568760676880	0.0661098479426282
0.3302763056289843	0.0667709464220550
0.3302957271675153	0.0674386558862764
0.3303151446650285	0.0681130424451388
0.3303345784530018	0.0687941728695897
0.3303540256722448	0.0694821145982848
0.3303734868899980	0.0701769357442687
0.3303929625906006	0.0708787051017119
0.3304124532168227	0.0715874921527295
0.3304319592544173	0.0723033670742561
0.3304514812356252	0.0730264007449994
0.3304710197328650	0.0737566647524497
0.3304905753445916	0.0744942313999741
0.3305101484653616	0.0752391737139747
0.3305297394878258	0.0759915654511144
0.3305493453140770	0.0767514811056262
0.3305689665213087	0.0775189959166819
0.3305886038470862	0.0782941858758482
0.3306082580551713	0.0790771277346057
0.3306279298760574	0.0798678990119520
0.3306475774134693	0.0806665780020722
0.3306672353507159	0.0814732437820920
0.3306869108095126	0.0822879762199127
0.3307066017110142	0.0831108559821114
0.3307263134610517	0.0839419645419333
0.3307460430136517	0.0847813841873524
0.3307657907245965	0.0856291980292258
0.3307855572710596	0.0864854900095173
0.3308053433532986	0.0873503449096125
0.3308251497251816	0.0882238483587092
0.3308449771997149	0.0891060868422972
0.3308648266554650	0.0899971477107206
0.3308846987071221	0.0908971191878281
0.3309045918550587	0.0918060903797066
0.3309245044650925	0.0927241512835035
0.3309443892317260	0.0936513927963373
0.3309642851258964	0.0945879067243004
0.3309842037471471	0.0955337857915434
0.3310041461173855	0.0964891236494600
0.3310241129186728	0.0974540148859536
0.3310441048969536	0.0984285550348141
0.3310641228958472	0.0994128405851625
0.3310841641178927	0.1004069689910130
0.3311042281838804	0.1014110386809241
0.3311243162740758	0.1024251490677342
0.3311444292891584	0.1034494005584127
0.3311645682587034	0.1044838945639955
0.3311847280293752	0.1055287335096353
0.3312048619544504	0.1065840208447304
0.3312250037380785	0.1076498610531764
0.3312451733319418	0.1087263596637069
0.3312653688402052	0.1098136232603440
0.3312855914315925	0.1109117594929483
0.3313058423866402	0.1120208770878787
0.3313261230568319	0.1131410858587584
0.3313464346220504	0.1142724967173453
0.3313667780989999	0.1154152216845183
0.3313871503331989	0.1165693739013640
0.3314075508535449	0.1177350676403762
0.3314279773593592	0.1189124183167802
0.3314483587323741	0.1201015424999465
0.3314687733592103	0.1213025579249466
0.3314892223911357	0.1225155835041969
0.3315097071459859	0.1237407393392402
0.3315302266789122	0.1249781467326323
0.3315507779129604	0.1262279281999579
0.3315713615916033	0.1274902074819589
0.3315919685895488	0.1287651095567793
0.3316126120539525	0.1300527606523479
0.3316332937500450	0.1313532882588718
0.3316539545633839	0.1326668211414608
0.3316746203713251	0.1339934893528748
0.3316953221881979	0.1353334242464030
0.3317160617504318	0.1366867584888684
0.3317368409651594	0.1380536260737563
0.3317576618735064	0.1394341623344934
0.3317785261571284	0.1408285039578384
0.3317994304540237	0.1422367889974181
0.3318203736617844	0.1436591568873905
0.3318413484407884	0.1450957484562659
0.3318622727858279	0.1465467059408295
0.3318832431294949	0.1480121730002367
0.3319042608863846	0.1494922947302384
0.3319253110113781	0.1509872176775424
0.3319464037466628	0.1524970898543179
0.3319675418315940	0.1540220607528611
0.3319887277227941	0.1555622813603912
0.3320099636620091	0.1571179041739941
0.3320312005024121	0.1586890832157349
0.3320524239479927	0.1602759740478903
0.3320736951222237	0.1618787337883673
0.3320950171389286	0.1634975211262521
0.3321163924123183	0.1651324963375154
0.3321378236535117	0.1667838213008897
0.3321593123781352	0.1684516595138990
0.3321808522431950	0.1701361761090385
0.3322023923921723	0.1718375378701279
0.3322238970404752	0.1735559132488277
0.3322454614931332	0.1752914723813166
0.3322670890021731	0.1770443871051308
0.3322887778729731	0.1788148309761833
0.3323105245948410	0.1806029792859446
0.3323323324853643	0.1824090090788053
0.3323542052572290	0.1842330991695928
0.3323760142394474	0.1860754301612899
0.3323978813976902	0.1879361844629018
0.3324198126245944	0.1898155463075309
0.3324418100956754	0.1917137017706048
0.3324638634896827	0.1936308387883091
0.3324859824772110	0.1955671471761910
0.3325081726019037	0.1975228186479508
0.3325302886190124	0.1994980468344293
0.3325524680742799	0.2014930273027717
0.3325747241523951	0.2035079575758018
0.3325970615953874	0.2055430371515586
0.3326194799623845	0.2075984675230725
0.3326419736573450	0.2096744521983048
0.3326644850071516	0.2117711967202860
0.3326869651513639	0.2138889086874878
0.3327095151972750	0.2160277977743607
0.3327321549369806	0.2181880757521054
0.3327548774889816	0.2203699565096255
0.3327776888373110	0.2225736560747192
0.3328005529553067	0.2247993926354682
0.3328233658079002	0.2270473865618228
0.3328462771161778	0.2293178604274419
0.3328692809907396	0.2316110390317151
0.3328923836297472	0.2339271494220302
0.3329155602175510	0.2362664209162517
0.3329387593904128	0.2386290851254171
0.3329619393601700	0.2410153759766700
0.3329852230454923	0.2434255297364353
0.3330086179386869	0.2458597850338010
0.3330321308459794	0.2483183828841378
0.3330557514180399	0.2508015667129814
0.3330793017965584	0.2533095823801102
0.3331029080900785	0.2558426782039119
0.3331266284722593	0.2584011049859534
0.3331504749964942	0.2609851160358154
0.3331744404563876	0.2635949671961750
0.3331983991076635	0.2662309168681350
0.3332223842554324	0.2688932260368178
0.3332465121689686	0.2715821582971881
0.3332707660245239	0.2742979798801613
0.3332951192943777	0.2770409596789618
0.3333194782543913	0.2798113692757542
0.3333438644893588	0.2826094829685105
0.3333684012544798	0.2854355777981947
0.3333930846118739	0.2882899335761762
0.3334179256377370	0.2911728329119348
0.3334427115103980	0.2940845612410536
0.3334675500620922	0.2970254068534675
0.3334925470426233	0.2999956609219990
0.3335177139704316	0.3029956175312204
0.3335430237998845	0.3060255737065328
0.3335682457856867	0.3090858294436003
0.3335936408716845	0.3121766877380397
0.3336191755445111	0.3152984546154182
0.3336448995410864	0.3184514391615748
0.3336705908729858	0.3216359535531899
0.3336963707644059	0.3248523130887241
0.3337223539323204	0.3281008362196098
0.3337485551918709	0.3313818445818068
0.3337747608338875	0.3346956630276235
0.3338009681845668	0.3380426196579013
0.3338273973680104	0.3414230458544777
0.3338540666748706	0.3448372763130225
0.3338808577842121	0.3482856490761537
0.3339075741902148	0.3517685055669126
0.3339345007089764	0.3552861906225849
0.3339616932288872	0.3588390525288111
0.3339890108986284	0.3624274430541007
0.3340163026524816	0.3660517174846419
0.3340438356619823	0.3697122346594898
0.3340716156458433	0.3734093570060812
0.3340994679773531	0.3771434505761430
0.3341273653653616	0.3809148850819059
0.3341555676402281	0.3847240339327234
0.3341840338784752	0.3885712742720533
0.3342124295977205	0.3924569870147736
0.3342410121583586	0.3963815568849208
0.3342699391641133	0.4003453724537715
0.3342991399574455	0.4043488261783084
0.3343281487403961	0.4083923144400899
0.3343575112827970	0.4124762375844872
0.3343872645877996	0.4166009999603282
0.3344170637051222	0.4207670099599330
0.3344469241051781	0.4249746800595334
0.3344771808607777	0.4292244268601309
0.3345077563837143	0.4335166711287358
0.3345382777455516	0.4378518378400266
0.3345691061286977	0.4422303562184252
0.3346003932674996	0.4466526597806126
0.3346315954167832	0.4511191863784175
0.3346631664136394	0.4556303782422043
0.3346951098331875	0.4601866820246226
0.3347271503035208	0.4647885488448649
0.3347594628814545	0.4694364343333134
0.3347922124148539	0.4741307986766453
0.3348251320132261	0.4788721066634093
0.3348582086538680	0.4836608277300408
0.3348918674470080	0.4884974360073400
0.3349257124577303	0.4933824103674169
0.3349596613994578	0.4983162344710925
0.3349943084961126	0.5032993968158066
0.3350291391705498	0.5083323907839639
0.3350640713380170	0.5134157146918076
0.3350997581338266	0.5185498718387265
0.3351356494326839	0.5237353705571149
0.3351717102491650	0.5289727242626873
0.3352085779407092	0.5342624515053137
0.3352455729398549	0.5396050760203649
0.3352829233191625	0.5450011267805681
0.3353211209873590	0.5504511380483703
0.3353592918388855	0.5559556494288520
0.3353980591952545	0.5615152059231409
0.3354377343536288	0.5671303579823692
0.3354771991035118	0.5728016615621901
0.3355176124552382	0.5785296781778123
0.3355587399357741	0.5843149749595880
0.3355998492165461	0.5901581247091872
0.3356420787900422	0.5960597059562805
0.3356846796559821	0.6020203030158405
0.3357278889179793	0.6080405060459994
0.3357721124485097	0.6141209111064632
0.3358164219470937	0.6202621202175312
0.3358617939170679	0.6264647414197055
0.3359081552524910	0.6327293888339020
0.3359546689744844	0.6390566827222428
0.3360026730576742	0.6454472495494690
0.3360510546516655	0.6519017220449670
0.3361003911207188	0.6584207392654188
0.3361513110769657	0.6650049466580722
0.3362020608740564	0.6716549961246501
0.3362551727575396	0.6783715460858951
0.3363082221319706	0.6851552615467559
0.3363630160907490	0.6920068141622240
0.3364191558148252	0.6989268823038466
0.3364761016700965	0.7059161511268829
0.3365354249853925	0.7129753126381515
0.3365946573381811	0.7201050657645327
0.3366567188012710	0.7273061164221751
0.3367197166366724	0.7345791775863988
0.3367846598306756	0.7419249693622658
0.3368519279265547	0.7493442190558866
0.3369199438620707	0.7568376612464426
0.3369920478150427	0.7644060378589062
0.3370639929453229	0.7720500982374957
0.3371404849350586	0.7797705992198679
0.3372183294886941	0.7875683052120669
0.3372995974393265	0.7954439882641855
0.3373849078990190	0.8033984281468282
0.3374715718175199	0.8114324124282958
0.3375648611455548	0.8195467365525798
0.3376593375245660	0.8277422039181048
0.3377621268463245	0.8360196259572876
0.3378646923078351	0.8443798222168598
0.3379787204933014	0.8528236204390298
0.3380949884522078	0.8613518566434186
0.3382179898108374	0.8699653752098513
0.3383521432559481	0.8786650289619492
0.3384922236353707	0.8874516792515694
0.3386502145531338	0.8963261960440857
0.3388126835855205	0.9052894580045278
0.3390000890922453	0.9146875601278612
0.3392196929593333	0.9238344357291399
0.3394317843466112	0.9330727800864314
0.3397075915616851	0.9424035078872962
0.3399945381540052	0.9518275429661684
0.3403824199906350	0.9686106168142473
0.3404866756320422	0.9606476985269272
0.3407592963205750	0.9752641564130308
0.3409606434500700	0.9699240782570757
0.3413263514440489	0.9755500813129958
0.3417857687183861	0.9818185539204844
0.3423242602730971	0.9885602284911778
0.3425825980494696	0.9915915422963451
0.3429594216472499	0.9937530590788619
0.3455065178001562	0.9968058654793635
0.3464107758281870	0.9988914509333361
0.3502309895553342	0.9995696744940450
0.3562164542019319	0.9998291489717104
0.3574608050473758	0.9999288573108652
0.3627442566270579	0.9999798277854688
0.3632233422314438	0.9999914395733129
0.3703627535047513	0.9999968688532699
0.3744866144790026	0.9999985147388794
0.3796629711228696	0.9999995341682552
0.3833007304990011	0.9999997900297959
0.3901453009160712	0.9999999369214876
0.3939776504549880	0.9999999714946249
0.4004993535241159	0.9999999915247575
0.4038379820279085	0.9999999961548867
0.4103277483909260	0.9999999988604978
0.4134250242998869	0.9999999994805734
0.4199364865689965	0.9999999998455933
0.4227506308141053	0.9999999999293440
0.4292702540389217	0.9999999999789101
0.4319057032966662	0.9999999999903337
0.4385000523747321	0.9999999999971069
0.4411119351293516	0.9999999999986737
0.4477732057638502	0.9999999999996028
0.4504409634387930	0.9999999999998178
0.4571376856909057	0.9999999999999453
0.4598695285272602	0.9999999999999750
0.4665331833340195	0.9999999999999926
0.4694809322659946	0.9999999999999967
0.4739878109013905	1.0000023210695668
0.4739878109075218	1.0000026210858781
0.4941694476066950	1.0000027575995367
0.4944162202195178	1.0000027810703938
0.4964886525994718	1.0000028307778885
0.4981557570503646	1.0000028920330764
0.4984860936842741	1.0000028999508519
0.5180108708015180	1.0000029034568416
0.5184526457189503	1.0000029040815328
0.5252648333823031	1.0000029064555354
0.5257637508491322	1.0000029067800187
0.5452646956705894	1.0000029069294281
0.5454319097873325	1.0000029069491447
0.5472518551213794	1.0000029070019065
0.5483475205884729	1.0000029070091274
0.5667244021034703	1.0000029070106566
0.5676668375080557	1.0000029070117880
0.5687562778746095	1.0000029070119341
0.5759052155313515	1.0000029070138101
0.5760636748683815	1.0000029070140717
0.5822057434096047	1.0000029070200038
0.5846277195966565	1.0000029070245484
0.5877116660783271	1.0000029070284202
0.5947639481547282	1.0000029070294472
0.5964933099290722	1.0000029070300271
0.5985847278931660	1.0000029070305119
0.6011096775640353	1.0000029070309835
0.6040900033604053	1.0000029070313945
0.6060830320690884	1.0000029070317720
0.6270092769305186	1.0000029070319933
0.6318652836619366	1.0000029070320804
0.6362346352386780	1.0000029070321246
0.6377439020037439	1.0000029070321761
0.6396414163721559	1.0000029070322010
0.6447578341476342	1.0000029070322054
0.6467674768332135	1.0000029070322098
0.6588173706740357	1.0000029070322156
0.6625009148091983	1.0000029070322203
0.6665874421545535	1.0000029070322209
0.6680844382537995	1.0000029070322214
0.6688564125643517	1.0000029070322216
0.6698308157872717	1.0000029070322223
0.6777337463010424	1.0000029070322225
0.6782048766826948	1.0000029070322229
0.6893642767252319	1.0000029070322232
0.7151051597456789	1.0035513037167958
0.7154667852529809	1.0000029070322232
0.7793709578392922	0.9999299429475983
0.8230326771634446	0.9999892390890684
0.8428580812318149	0.9999999501751823
0.8691222298753386	1.0000003860478499
0.8895007319795494	1.0000004114865304
0.9133759759015485	1.0000004129779574
0.9379129639357301	1.0000004130653950
0.9580046993534318	1.0000004372897202
0.9887592461584399	1.0000004395981010
1.0128306834339607	1.0000004397156135
1.0357788445130722	1.0000004397197715
1.0544169384929520	1.0000004397199971
1.0709051754491457	1.0000004397200144
1.0856685985200289	1.0000004397200160
1.1036190450315235	1.0000004397200160
1.3837747180874875	0.9800004309256172
1.3837747180874875	0.9926082543568221
1.3837747180875875	0.9991309978486199
1.3864800455275754	0.9998890211483297
1.4097021934339538	0.9999859904768702
1.4374664029830477	0.9999985094392390
2.1625326851365805	0.9999986782150355
2.5832858887784247	0.9999997475935060
2.5982445069869584	0.9999998858202117
2.6219109250633266	0.9999999059961252
2.6655194238837079	0.9999999063332078
2.7091248576381370	0.9999999063388396
2.7526528294014598	0.9999999063389338
2.7943934939802988	0.9999999063389353
3.9223006504373084	0.9999999268551402
3.9607002183424243	0.9999999343287302
