0.0000000000000000	0.0000000000000000
0.3020841503914715	0.0000300000000000
0.3023145547966973	0.0000095179796606
0.3036889664882639	0.0000159602199352
0.3037456936847620	0.0000263929709809
0.3039415223171363	0.0000246951115478
0.3044842949153629	0.0000271637693872
0.3048717948601825	0.0000309495638218
0.3052474183691291	0.0000411078557326
0.3056608688342000	0.0000587353548626
0.3056961941473146	0.0000500296161389
0.3059747818434939	0.0000587095574497
0.3063113805923177	0.0000689198504367
0.3066249501159324	0.0000789198504367
0.3068289717071845	0.0000885817043507
0.3070574874560021	0.0000985817043507
0.3072844464729779	0.0001085817043507
0.3074694602102310	0.0001185817043507
0.3076365948882554	0.0001285817043507
0.3077867597992383	0.0001385817043507
0.3079263952130293	0.0001485817043507
0.3080560500552210	0.0001585817043507
0.3081781731776561	0.0001685817043507
0.3082918358055076	0.0001785817043507
0.3083994049753846	0.0001885817043507
0.3084993016439395	0.0001985817043507
0.3085977234890054	0.0002085817043507
0.3086877150098601	0.0002185817043507
0.3087755832056580	0.0002285817043507
0.3088576494037859	0.0002385817043507
0.3089374521429050	0.0002485817043507
0.3090129009893178	0.0002585817043507
0.3090859648436025	0.0002685817043507
0.3091557881977368	0.0002785817043507
0.3092231199404395	0.0002885817043507
0.3092880313416871	0.0002985817043507
0.3093506535430375	0.0003085817043507
0.3094114061519378	0.0003185817043507
0.3094698958311420	0.0003285817043507
0.3095269878550423	0.0003385817043507
0.3095818964992365	0.0003485817043507
0.3096357362090638	0.0003585817043507
0.3096875262147416	0.0003685817043507
0.3097384542222325	0.0003785817043507
0.3097874047251719	0.0003885817043507
0.3098357249603392	0.0003985817043507
0.3098821570024564	0.0004085817043507
0.3099281159528692	0.0004185817043507
0.3099722593351842	0.0004285817043507
0.3100160692465248	0.0004385817043507
0.3100580672556760	0.0004485817043507
0.3100999118686203	0.0004585817043507
0.3101400442426132	0.0004685817043507
0.3101800477762968	0.0004785817043507
0.3102185329452820	0.0004885817043507
0.3102568449083619	0.0004985817043507
0.3102938357259653	0.0005085817043507
0.3103305620435207	0.0005185817043507
0.3103661660176470	0.0005285817043507
0.3104014538548059	0.0005385817043507
0.3104357655022744	0.0005485817043507
0.3104697122450613	0.0005585817043507
0.3105027559717014	0.0005685817043507
0.3105353914300134	0.0005785817043507
0.3105673384408327	0.0005885817043507
0.3105988891113201	0.0005985817043507
0.3106297577896425	0.0006085817043507
0.3106601675452704	0.0006185817043507
0.3106901442203249	0.0006285817043507
0.3107195120107727	0.0006385817043507
0.3107485154996981	0.0006485817043507
0.3107770275459313	0.0006585817043507
0.3108051295161218	0.0006685817043507
0.3108327679352838	0.0006785817043507
0.3108600475924239	0.0006885817043508
0.3108868612100672	0.0006985817043508
0.3109133981840779	0.0007085817043508
0.3109393831796939	0.0007185817043508
0.3109652599313680	0.0007285817043508
0.3109904722877693	0.0007385817043508
0.3110156544120619	0.0007485817043507
0.3110402156364651	0.0007585817043507
0.3110646703208678	0.0007685817043508
0.3110886272290772	0.0007785817043507
0.3111125002764688	0.0007885817043508
0.3111357567936173	0.0007985817043508
0.3111590078096313	0.0008085817043508
0.3111818005716452	0.0008185817043508
0.3112044424957127	0.0008285817043508
0.3112266168393576	0.0008385817043508
0.3112487071526787	0.0008485817043508
0.3112704315874947	0.0008585817043508
0.3112920301258722	0.0008685817043508
0.3113132621290133	0.0008785817043508
0.3113342799376243	0.0008885817043508
0.3113550170044763	0.0008985817043508
0.3113755778107589	0.0009085817043508
0.3113958938072187	0.0009185817043508
0.3114160129391378	0.0009285817043508
0.3114359148603156	0.0009385817043508
0.3114555949196037	0.0009485817043508
0.3114750919789119	0.0009585817043508
0.3114943495577345	0.0009685817043508
0.3115134524687073	0.0009785817043508
0.3115322974838682	0.0009885817043508
0.3115510064896913	0.0009985817043508
0.3115694538453295	0.0010085817043508
0.3115878066449267	0.0010186675213943
0.3116060420395648	0.0010288541966082
0.3116243895301045	0.0010391427385743
0.3116426197140458	0.0010495341659601
0.3116609809238213	0.0010600295076197
0.3116792129035108	0.0010706298026958
0.3116975536396103	0.0010813361007228
0.3117158213818637	0.0010921494617300
0.3117341379708193	0.0011030709563473
0.3117524474546914	0.0011141016659108
0.3117707362222118	0.0011252426825699
0.3117890941864974	0.0011364951093956
0.3118073554603010	0.0011478600604895
0.3118257058815331	0.0011593386610944
0.3118439968648861	0.0011709320477054
0.3118623125503724	0.0011826413681824
0.3118806666864573	0.0011944677818642
0.3118989444533552	0.0012064124596829
0.3119172941594071	0.0012184765842797
0.3119356094809869	0.0012306613501225
0.3119539169144944	0.0012429679636237
0.3119722849997761	0.0012553976432600
0.3119905788364430	0.0012679516196926
0.3120089017786745	0.0012806311358895
0.3120272758652460	0.0012934374472484
0.3120455648006251	0.0013063718217209
0.3120638927891059	0.0013194355399381
0.3120822639347899	0.0013326298953375
0.3121005636890709	0.0013459561942908
0.3121188888756300	0.0013594157562338
0.3121372500931240	0.0013730099137961
0.3121555754984759	0.0013867400129341
0.3121738926676406	0.0014006074130634
0.3121922398416052	0.0014146134871940
0.3122106047701175	0.0014287596220660
0.3122289106274426	0.0014430472182866
0.3122472416561182	0.0014574776904695
0.3122655923256937	0.0014720524673742
0.3122839520705100	0.0014867729920479
0.3123022663761549	0.0015016407219684
0.3123205975594662	0.0015166571291881
0.3123389444883621	0.0015318237004800
0.3123573037133822	0.0015471419374848
0.3123756396809724	0.0015626133568596
0.3123939662576942	0.0015782394904282
0.3124123037099027	0.0015940218853325
0.3124306505944198	0.0016099621041858
0.3124490050832912	0.0016260617252277
0.3124673617061272	0.0016423223424799
0.3124856892428594	0.0016587455659048
0.3125040239907356	0.0016753330215638
0.3125223643013592	0.0016920863517794
0.3125407095901658	0.0017090072152972
0.3125590581755663	0.0017260972874502
0.3125774099574686	0.0017433582603247
0.3125957631484861	0.0017607918429280
0.3126141171689650	0.0017783997613573
0.3126324553180850	0.0017961837589708
0.3126507955910868	0.0018141455965605
0.3126691386624427	0.0018322870525261
0.3126874826575175	0.0018506099230514
0.3127058286828296	0.0018691160222819
0.3127241749188133	0.0018878071825048
0.3127425227212545	0.0019066852543298
0.3127608702276261	0.0019257521068731
0.3127792189245722	0.0019450096279418
0.3127975671085151	0.0019644597242212
0.3128159152485125	0.0019841043214635
0.3128342623490100	0.0020039453646781
0.3128526094440449	0.0020239848183249
0.3128709558433178	0.0020442246665082
0.3128893021159275	0.0020646669131732
0.3129076480776791	0.0020853135823050
0.3129259938280174	0.0021061667181280
0.3129443396847870	0.0021272283853093
0.3129626851254548	0.0021485006691624
0.3129810311275127	0.0021699856758540
0.3129993765358909	0.0021916855326125
0.3130177222732741	0.0022136023879386
0.3130360679102479	0.0022357384118180
0.3130544136110878	0.0022580957959362
0.3130727597946953	0.0022806767538956
0.3130911057179460	0.0023034835214345
0.3131094521254279	0.0023265183566489
0.3131277986019416	0.0023497835402154
0.3131461451957808	0.0023732813756176
0.3131644925158177	0.0023970141893738
0.3131828396443875	0.0024209843312675
0.3132011871083181	0.0024451941745801
0.3132195351631860	0.0024696461163259
0.3132378831706847	0.0024943425774892
0.3132562316073825	0.0025192860032641
0.3132745806066333	0.0025444788632967
0.3132929296408095	0.0025699236519297
0.3133112791122094	0.0025956228884490
0.3133296292603848	0.0026215791173335
0.3133479794454386	0.0026477949085069
0.3133663300116913	0.0026742728575919
0.3133846812394278	0.0027010155861678
0.3134030327290747	0.0027280257420295
0.3134213845022522	0.0027553059994498
0.3134397367955165	0.0027828590594443
0.3134580897968623	0.0028106876500388
0.3134764429544563	0.0028387945265392
0.3134947964741792	0.0028671824718046
0.3135131505452960	0.0028958542965226
0.3135315053009723	0.0029248128394878
0.3135498603276035	0.0029540609678827
0.3135682157221110	0.0029836015775616
0.3135865716051206	0.0030134375933372
0.3136049280979061	0.0030435719692705
0.3136232852468946	0.0030740076889632
0.3136416426947422	0.0031047477658528
0.3136600005582069	0.0031357952435113
0.3136783589104010	0.0031671531959465
0.3136967178281147	0.0031988247279059
0.3137150773540214	0.0032308129751850
0.3137334375338744	0.0032631211049368
0.3137517981320702	0.0032957523159862
0.3137701591746938	0.0033287098391461
0.3137885207154586	0.0033619969375375
0.3138068827880274	0.0033956169069129
0.3138252454255472	0.0034295730759820
0.3138436086473133	0.0034638688067419
0.3138619724714150	0.0034985074948093
0.3138803369075353	0.0035334925697574
0.3138987019631818	0.0035688274954550
0.3139170676423971	0.0036045157704096
0.3139354339462507	0.0036405609281136
0.3139538008762550	0.0036769665373947
0.3139721684123146	0.0037137362027686
0.3139905365507293	0.0037508735647963
0.3140089053111384	0.0037883823004443
0.3140272747038983	0.0038262661234487
0.3140456447330309	0.0038645287846833
0.3140640153966623	0.0039031740725301
0.3140823867022856	0.0039422058132554
0.3141007586488367	0.0039816278713880
0.3141191312468378	0.0040214441501019
0.3141375044936619	0.0040616585916029
0.3141558783923445	0.0041022751775189
0.3141742529513262	0.0041432979292941
0.3141926281775593	0.0041847309085870
0.3142110040761601	0.0042265782176729
0.3142293806577370	0.0042688439998496
0.3142477579237062	0.0043115324398481
0.3142661358837872	0.0043546477642466
0.3142845145422674	0.0043981942418891
0.3143028939051721	0.0044421761843080
0.3143212739827269	0.0044865979461511
0.3143396547779542	0.0045314639256125
0.3143580363001243	0.0045767785648687
0.3143764185566475	0.0046225463505174
0.3143948015537409	0.0046687718140226
0.3144131853027543	0.0047154595321628
0.3144315698098786	0.0047626141274845
0.3144499550831355	0.0048102402687594
0.3144683411347658	0.0048583426714469
0.3144867279711253	0.0049069260981614
0.3145051156010480	0.0049559953591431
0.3145235040369500	0.0050055553127346
0.3145418932868496	0.0050556108658620
0.3145602833493434	0.0051061669745207
0.3145786742222457	0.0051572286442659
0.3145970659039438	0.0052088009307085
0.3146154583920286	0.0052608889400156
0.3146338516882571	0.0053134978294157
0.3146522457979662	0.0053666328077099
0.3146706407235930	0.0054202991357870
0.3146890364695952	0.0054745021271448
0.3147074330435589	0.0055292471484163
0.3147258304557076	0.0055845396199003
0.3147442287138409	0.0056403850160993
0.3147626278270542	0.0056967888662604
0.3147810278067991	0.0057537567549230
0.3147994286663763	0.0058112943224723
0.3148178304200151	0.0058694072656971
0.3148362330793029	0.0059281013383539
0.3148546366574649	0.0059873823517374
0.3148730411691708	0.0060472561752548
0.3148914466288784	0.0061077287370073
0.3149098530508745	0.0061688060243773
0.3149282604480850	0.0062304940846211
0.3149466688314844	0.0062927990254673
0.3149650782125272	0.0063557270157220
0.3149834886029687	0.0064192842858793
0.3150019000150257	0.0064834771287380
0.3150203124611967	0.0065483119000253
0.3150387259544657	0.0066137950190256
0.3150571405081304	0.0066799329692160
0.3150755561360084	0.0067467322989082
0.3150939728520733	0.0068141996218972
0.3151123906697869	0.0068823416181161
0.3151308096032816	0.0069511650342972
0.3151492296671786	0.0070206766846401
0.3151676508766557	0.0070908834514866
0.3151860732473380	0.0071617922860014
0.3152044967953800	0.0072334102088615
0.3152229215374088	0.0073057443109501
0.3152413474905528	0.0073788017540596
0.3152597746723830	0.0074525897716002
0.3152782031009985	0.0075271156693162
0.3152966327950525	0.0076023868260092
0.3153150637737998	0.0076784106942693
0.3153334960571614	0.0077551948012119
0.3153519296656808	0.0078327467492240
0.3153703646205054	0.0079110742167163
0.3153888009416697	0.0079901849588835
0.3154072386482312	0.0080700868084723
0.3154256777584102	0.0081507876765571
0.3154441182898728	0.0082322955533226
0.3154625602599085	0.0083146185088558
0.3154810036856116	0.0083977646939444
0.3154994485841042	0.0084817423408839
0.3155178946374010	0.0085665597642926
0.3155363418606920	0.0086522253619355
0.3155547902738957	0.0087387476155547
0.3155732398908647	0.0088261350917102
0.3155916907272562	0.0089143964426272
0.3156101428004320	0.0090035404070535
0.3156285961294853	0.0090935758111241
0.3156470507350865	0.0091845115692354
0.3156655066392922	0.0092763566849278
0.3156839638654853	0.0093691202517771
0.3157024224383023	0.0094628114542950
0.3157208823835470	0.0095574395688378
0.3157393437282042	0.0096530139645261
0.3157578065004312	0.0097495441041715
0.3157762707295090	0.0098470395452133
0.3157947364458794	0.0099455099406655
0.3158132036798952	0.0100449650400721
0.3158316724608861	0.0101454146904728
0.3158501428175689	0.0102468688373776
0.3158686147782392	0.0103493375257515
0.3158870881800213	0.0104528309010089
0.3159055626688934	0.0105573592100190
0.3159240388385575	0.0106629328021190
0.3159425167175942	0.0107695621301401
0.3159609963349281	0.0108772577514414
0.3159794777200124	0.0109860303289557
0.3159979609030084	0.0110958906322453
0.3160164459149501	0.0112068495385677
0.3160349327878580	0.0113189180339533
0.3160534215546846	0.0114321072142929
0.3160719122492951	0.0115464282864356
0.3160904049064766	0.0116618925692998
0.3161088995619762	0.0117785114949929
0.3161273962525525	0.0118962966099428
0.3161458950137079	0.0120152595760422
0.3161643958796510	0.0121354121718025
0.3161828988721008	0.0122567662935206
0.3162014039884503	0.0123793339564557
0.3162199112298482	0.0125031272960203
0.3162384206012164	0.0126281585689807
0.3162569321110668	0.0127544401546704
0.3162754457713368	0.0128819845562173
0.3162939615972496	0.0130108044017796
0.3163124796072136	0.0131409124457975
0.3163309998227572	0.0132723215702553
0.3163495222684916	0.0134050447859581
0.3163680469721019	0.0135390952338177
0.3163865727862377	0.0136744861861559
0.3164050942729999	0.0138112310480176
0.3164236182477457	0.0139493433584977
0.3164421447356204	0.0140888367920827
0.3164606737624966	0.0142297251600033
0.3164792053546385	0.0143720224116033
0.3164977395390487	0.0145157426357192
0.3165162763438118	0.0146609000620766
0.3165348157984131	0.0148075090626975
0.3165533579340378	0.0149555841533244
0.3165719027838571	0.0151051399948576
0.3165904503830987	0.0152561913948060
0.3166090004786883	0.0154087533087541
0.3166275527560712	0.0155628408418414
0.3166461072973678	0.0157184692502600
0.3166646641837048	0.0158756539427628
0.3166832234955704	0.0160344104821903
0.3167017852799121	0.0161947545870123
0.3167203495679871	0.0163567021328825
0.3167389163939897	0.0165202691542112
0.3167574857940739	0.0166854718457535
0.3167760578066308	0.0168523265642111
0.3167946324723963	0.0170208498298535
0.3168132098345848	0.0171910583281519
0.3168317899390527	0.0173629689114334
0.3168503728344880	0.0175365986005476
0.3168689585726119	0.0177119645865531
0.3168875472083799	0.0178890842324187
0.3169061387999467	0.0180679750747431
0.3169247334085790	0.0182486548254903
0.3169433310984229	0.0184311413737454
0.3169619319323092	0.0186154527874828
0.3169805359725215	0.0188016073153577
0.3169991432815106	0.0189896233885112
0.3170177539225683	0.0191795196223962
0.3170363679603351	0.0193713148186199
0.3170549854610469	0.0195650279668061
0.3170736064874973	0.0197606782464740
0.3170922310467104	0.0199582850289384
0.3171108591550332	0.0201578678792278
0.3171294908377809	0.0203594465580198
0.3171481261289655	0.0205630410236000
0.3171667650676853	0.0207686714338360
0.3171854076964409	0.0209763581481744
0.3172040540613955	0.0211861217296562
0.3172227042126610	0.0213979829469527
0.3172413582046122	0.0216119627764223
0.3172600160962315	0.0218280824041867
0.3172786779514556	0.0220463632282285
0.3172973431987073	0.0222668268605108
0.3173160116316453	0.0224894951291155
0.3173346833840402	0.0227143900804065
0.3173533585896811	0.0229415339812104
0.3173720373776854	0.0231709493210226
0.3173907198738657	0.0234026588142332
0.3174094062005499	0.0236366854023752
0.3174280964043152	0.0238730522563992
0.3174467905397170	0.0241117827789635
0.3174654886690738	0.0243529006067534
0.3174841908623751	0.0245964296128207
0.3175028971972773	0.0248423939089488
0.3175216077591630	0.0250908178480380
0.3175403226383716	0.0253417260265187
0.3175590419269881	0.0255951432867836
0.3175777657194848	0.0258510947196515
0.3175964941134108	0.0261096056668478
0.3176152272100801	0.0263707017235160
0.3176339530305042	0.0266344087407513
0.3176526804473301	0.0269007528281587
0.3176714131016889	0.0271697603564402
0.3176901510886668	0.0274414579600047
0.3177088944653164	0.0277158725396045
0.3177276432488784	0.0279930312650005
0.3177463974668460	0.0282729615776501
0.3177651571573344	0.0285556911934263
0.3177839223694979	0.0288412481053602
0.3178026931637029	0.0291296605864136
0.3178214686379282	0.0294209571922777
0.3178402486291547	0.0297151667642001
0.3178590333011842	0.0300123184318420
0.3178778228228952	0.0303124416161601
0.3178966173613984	0.0306155660323221
0.3179154170831167	0.0309217216926455
0.3179342221550208	0.0312309389095721
0.3179530327457781	0.0315432482986680
0.3179718489597677	0.0318586807816545
0.3179906708716705	0.0321772675894715
0.3180094985718337	0.0324990402653658
0.3180283321659308	0.0328240306680194
0.3180471717662621	0.0331522709746997
0.3180660174921165	0.0334837936844464
0.3180848694707599	0.0338186316212909
0.3181037278384689	0.0341568179375035
0.3181225927413035	0.0344983861168781
0.3181414622611101	0.0348433699780472
0.3181603379645857	0.0351918036778272
0.3181792206253262	0.0355437217146059
0.3181981102992944	0.0358991589317524
0.3182170061699738	0.0362581505210696
0.3182359077265745	0.0366207320262799
0.3182548151581885	0.0369869393465425
0.3182737286635706	0.0373568087400075
0.3182926484517840	0.0377303768274073
0.3183115747406161	0.0381076805956815
0.3183305077492913	0.0384887574016386
0.3183494477006386	0.0388736449756549
0.3183683928143021	0.0392623814254113
0.3183873240314307	0.0396550052396659
0.3184062631498961	0.0400515552920622
0.3184252102391828	0.0404520708449832
0.3184441653952414	0.0408565915534330
0.3184631287352878	0.0412651574689673
0.3184821003908279	0.0416778090436566
0.3185010805086476	0.0420945871340929
0.3185200692519456	0.0425155330054344
0.3185390668015379	0.0429406883354885
0.3185580733007281	0.0433700952188429
0.3185770870070011	0.0438037961710307
0.3185961082593922	0.0442418341327410
0.3186151372892535	0.0446842524740680
0.3186341742914310	0.0451310949988092
0.3186532194788719	0.0455824059487974
0.3186722730837120	0.0460382300082859
0.3186913353576080	0.0464986123083690
0.3187104065646453	0.0469635984314532
0.3187294869771148	0.0474332344157673
0.3187485768784470	0.0479075667599249
0.3187676765392204	0.0483866424275239
0.3187867860815209	0.0488705088517987
0.3188059056773577	0.0493592139403174
0.3188250355242142	0.0498528060797198
0.3188441758391845	0.0503513341405171
0.3188633245666391	0.0508548474819225
0.3188824820831078	0.0513633959567416
0.3189016487902777	0.0518770299163096
0.3189208034564392	0.0523958002154724
0.3189399589415376	0.0529197582176269
0.3189591250542199	0.0534489557998024
0.3189783019915856	0.0539834453578005
0.3189974899788372	0.0545232798113790
0.3190166892702588	0.0550685126094922
0.3190359001504562	0.0556191977355879
0.3190551229335611	0.0561753897129430
0.3190743579489436	0.0567371436100731
0.3190936055440459	0.0573045150461731
0.3191128659077800	0.0578775601966353
0.3191321353975198	0.0584563357986010
0.3191514120005045	0.0590408991565861
0.3191706996697765	0.0596313081481526
0.3191899988324354	0.0602276212296342
0.3192093099315922	0.0608298974419300
0.3192286334299655	0.0614381964163487
0.3192479698135552	0.0620525783805119
0.3192673193552638	0.0626731041643170
0.3192866823685845	0.0632998352059607
0.3193060591991183	0.0639328335580196
0.3193254502272804	0.0645721618935998
0.3193448309184537	0.0652178835125360
0.3193642094602614	0.0658700623476623
0.3193836008020072	0.0665287629711382
0.3194030055434978	0.0671940506008499
0.3194224241631660	0.0678659911068593
0.3194418570401499	0.0685446510179272
0.3194613045958785	0.0692300975281069
0.3194807672972476	0.0699223985033887
0.3195002456505412	0.0706216224884216
0.3195197401870978	0.0713278387133063
0.3195392513578517	0.0720411171004387
0.3195587794865057	0.0727615282714429
0.3195783217288591	0.0734891435541578
0.3195978784574073	0.0742240349896990
0.3196174503297524	0.0749662753395964
0.3196370380282394	0.0757159380929935
0.3196566422660419	0.0764730974739238
0.3196762635914014	0.0772378284486636
0.3196958863273225	0.0780102067331509
0.3197154935993273	0.0787903088004814
0.3197351200729622	0.0795782118884871
0.3197547662710685	0.0803739940073712
0.3197744308836719	0.0811777339474446
0.3197941089040694	0.0819895112869187
0.3198138010453710	0.0828094063997870
0.3198335114591048	0.0836375004637852
0.3198532407901354	0.0844738754684232
0.3198729897395418	0.0853186142231063
0.3198927590704447	0.0861718003653377
0.3199125495916610	0.0870335183689920
0.3199323618196342	0.0879038535526827
0.3199521929619228	0.0887828920882103
0.3199720428606861	0.0896707210090912
0.3199919124349507	0.0905674282191825
0.3200117514429867	0.0914731025013740
0.3200316055123280	0.0923878335263887
0.3200514824133637	0.0933117118616529
0.3200713827596830	0.0942448289802703
0.3200913072313389	0.0951872772700733
0.3201112566071034	0.0961391500427742
0.3201312279148700	0.0971005415432009
0.3201512210265546	0.0980715469586325
0.3201712370983846	0.0990522624282179
0.3201912769745598	0.1000427850525013
0.3202113416006460	0.1010432129030259
0.3202314320017643	0.1020536450320572
0.3202515492745726	0.1030741814823782
0.3202716574478129	0.1041049232972034
0.3202917516134867	0.1051459725301759
0.3203118679767470	0.1061974322554763
0.3203320100972845	0.1072594065780326
0.3203521791330992	0.1083320006438115
0.3203723763179754	0.1094153206502507
0.3203926028753031	0.1105094738567532
0.3204128597072001	0.1116145685953200
0.3204331458246627	0.1127307142812728
0.3204534584732707	0.1138580214240870
0.3204737991709078	0.1149966016383279
0.3204941695240549	0.1161465676547122
0.3205145225444196	0.1173080333312597
0.3205348765865141	0.1184811136645734
0.3205552643979021	0.1196659248012191
0.3205756872552322	0.1208625840492318
0.3205961409602157	0.1220712098897234
0.3206166260337704	0.1232919219886208
0.3206371438902345	0.1245248412085054
0.3206576960046644	0.1257700896205896
0.3206782827735257	0.1270277905167957
0.3206988955858965	0.1282980684219642
0.3207195423969924	0.1295810491061835
0.3207401359357241	0.1308768595972457
0.3207607643759979	0.1321856281932198
0.3207814296903886	0.1335074844751509
0.3208021336786948	0.1348425593199008
0.3208228782624624	0.1361909849131010
0.3208436648708377	0.1375528947622338
0.3208644886494642	0.1389284237098556
0.3208853502739027	0.1403177079469543
0.3209062520196543	0.1417208850264255
0.3209271633135037	0.1431380938766880
0.3209480487214956	0.1445694748154542
0.3209689804536950	0.1460151695636071
0.3209899578420418	0.1474753212592423
0.3210109767788745	0.1489500744718337
0.3210320248025983	0.1504395752165505
0.3210531183230461	0.1519439709687152
0.3210742601550249	0.1534634106784039
0.3210954523459499	0.1549980447851876
0.3211166315613677	0.1565480252330386
0.3211378039740220	0.1581135054853695
0.3211590253549674	0.1596946405402247
0.3211802980451806	0.1612915869456255
0.3212016246447880	0.1629045028150810
0.3212230076097000	0.1645335478432318
0.3212444396344554	0.1661788833216654
0.3212659235564657	0.1678406721548824
0.3212874196888211	0.1695190788764331
0.3213088827304197	0.1712142696651984
0.3213303938556983	0.1729264123618499
0.3213519658620337	0.1746556764854673
0.3213735929231610	0.1764022332503230
0.3213952783104974	0.1781662555828261
0.3214170256146042	0.1799479181386561
0.3214388382778060	0.1817473973200423
0.3214605996501853	0.1835648712932430
0.3214824002309191	0.1854005200061758
0.3215042638130859	0.1872545252062360
0.3215261943532423	0.1891270704582996
0.3215481958503482	0.1910183411628831
0.3215702579412005	0.1929285245745132
0.3215923734460462	0.1948578098202606
0.3216144473270969	0.1968063879184641
0.3216365530900937	0.1987744517976494
0.3216587360252894	0.2007621963156239
0.3216809998321016	0.2027698182787818
0.3217033361167725	0.2047975164615684
0.3217257482027011	0.2068454916261828
0.3217482208770718	0.2089139465424447
0.3217706269176047	0.2110030860078683
0.3217931195920557	0.2131131168679492
0.3218156692898670	0.2152442480366305
0.3218383021474890	0.2173966905169979
0.3218610239248876	0.2195706574221684
0.3218838394930002	0.2217663639963924
0.3219065762900278	0.2239840276363567
0.3219293885578751	0.2262238679127188
0.3219522935526252	0.2284861065918453
0.3219752975326218	0.2307709676577615
0.3219984060367417	0.2330786773343376
0.3220215806129575	0.2354094641076823
0.3220446522040126	0.2377635587487590
0.3220678273054702	0.2401411943362445
0.3220911127350672	0.2425426062796049
0.3221145103937147	0.2449680323424011
0.3221380119976285	0.2474177126658233
0.3221615370091968	0.2498918897924816
0.3221850479574632	0.2523908086904078
0.3222086655385091	0.2549147167773116
0.3222323822379369	0.2574638639450842
0.3222562168796060	0.2600385025845349
0.3222801543748604	0.2626388876103817
0.3223040066014361	0.2652652764864865
0.3223279967062480	0.2679179292513508
0.3223521124338404	0.2705971085438629
0.3223763637045509	0.2733030796293005
0.3224007090547804	0.2760361104255910
0.3224249471932615	0.2787964715298494
0.3224493272450259	0.2815844362451491
0.3224738515481547	0.2844002806076034
0.3224985315767375	0.2872442834136806
0.3225233143112666	0.2901167262478143
0.3225480292248566	0.2930178935102894
0.3225728525195392	0.2959480724453936
0.3225978425768339	0.2989075531698508
0.3226230080104749	0.3018966287015487
0.3226481788071005	0.3049155949885666
0.3226733828969860	0.3079647509384506
0.3226987686945996	0.3110443984478338
0.3227243159073431	0.3141548424323135
0.3227499994265121	0.3172963908566382
0.3227755691041221	0.3204693547652063
0.3228013365736691	0.3236740483128565
0.3228273167015951	0.3269107887959842
0.3228534941541926	0.3301798966839423
0.3228795706298320	0.3334816956507793
0.3229057628624520	0.3368165126072858
0.3229321878973887	0.3401846777333578
0.3229588300394481	0.3435865245106914
0.3229854712899179	0.3470223897557979
0.3230121872662353	0.3504926136533560
0.3230391079584806	0.3539975397898921
0.3230662667333664	0.3575375151877929
0.3230934315930597	0.3611128903396680
0.3231207015420582	0.3647240192430654
0.3231482461684101	0.3683712594354974
0.3231759842233002	0.3720549720298553
0.3232036796559133	0.3757755217501547
0.3232315537886868	0.3795332769676575
0.3232597379441580	0.3833286097373312
0.3232881829997225	0.3871618958347076
0.3233164182107974	0.3910335147930575
0.3233449782215781	0.3949438499409899
0.3233738736960788	0.3988932884403989
0.3234029218932018	0.4028822213248004
0.3234318980706756	0.4069110435380521
0.3234612371124036	0.4109801539734345
0.3234909394156877	0.4150899555131689
0.3235205630694761	0.4192408550683008
0.3235504104285680	0.4234332636189843
0.3235806415566901	0.4276675962551724
0.3236110338941772	0.4319442722177236
0.3236414892719219	0.4362637149399003
0.3236723094673438	0.4406263520893027
0.3237035018194467	0.4450326156101964
0.3237345579398007	0.4494829417663013
0.3237660837403849	0.4539777711839643
0.3237980009690136	0.4585175488958045
0.3238298427399951	0.4631027243847591
0.3238620671929841	0.4677337516286074
0.3238947910563087	0.4724110891448944
0.3239275021739590	0.4771352000363420
0.3239605165695496	0.4819065520367020
0.3239941093314032	0.4867256175570656
0.3240277518829900	0.4915928737326400
0.3240616302892912	0.4965088024699674
0.3240961522643301	0.5014738904946676
0.3241308075870832	0.5064886293996135
0.3241656424215702	0.5115535156936126
0.3242012262327103	0.5166690508505490
0.3242369331651920	0.5218357413590511
0.3242728533881749	0.5270540987726379
0.3243096277427043	0.5323246397603618
0.3243464291206773	0.5376478861579631
0.3243836008597550	0.5430243650195464
0.3244216884014441	0.5484546086697411
0.3244596309862704	0.5539391547564394
0.3244982366491647	0.5594785463040073
0.3245378245212350	0.5650733317670462
0.3245769864217821	0.5707240650847129
0.3246172654595181	0.5764313057355632
0.3246581621389836	0.5821956187929185
0.3246990315672327	0.5880175749808438
0.3247411998306209	0.5938977507306492
0.3247834445904342	0.5998367282379536
0.3248263706243948	0.6058350955203354
0.3248704981316023	0.6118934464755389
0.3249144105953611	0.6180123809402979
0.3249596457879808	0.6241925047497024
0.3250055691474189	0.6304344297971971
0.3250519398322751	0.6367387740951707
0.3250996794557744	0.6431061618361200
0.3251476838829260	0.6495372234544845
0.3251966732086686	0.6560325956890294
0.3252471405753239	0.6625929216459171
0.3252976935560108	0.6692188508623755
0.3253503314504035	0.6759110393709958
0.3254029053394441	0.6826701497647053
0.3254574190585128	0.6894968512623552
0.3255129819878995	0.6963918197749761
0.3255694453807678	0.7033557379727280
0.3256281648487439	0.7103892953524549
0.3256869423179123	0.7174931883059776
0.3257481864485849	0.7246681201890371
0.3258106684642868	0.7319148013909292
0.3258747938088958	0.7392339494048412
0.3259414534051039	0.7466262888988893
0.3260090706875866	0.7540925517878807
0.3260799452684915	0.7616334773057596
0.3261512085433222	0.7692498120788142
0.3262269497480793	0.7769423101996022
0.3263036737044422	0.7847117333015965
0.3263838711065047	0.7925588506346154
0.3264676285427041	0.8004844391409598
0.3265531341731347	0.8084892835323714
0.3266451620116884	0.8165741763676948
0.3267376330760379	0.8247399181313742
0.3268378827776816	0.8329873173126857
0.3269390918928257	0.8413171904858102
0.3270502989536759	0.8497303623906689
0.3271636277248899	0.8582276660145755
0.3272867879740894	0.8668099426747222
0.3274162984540516	0.8754780421014686
0.3275568057335386	0.8842328225224855
0.3277078880344189	0.8930751507477105
0.3278699785606893	0.9020059022551884
0.3280531724907207	0.9110259612777388
0.3282448425353385	0.9201362208905166
0.3284659690006527	0.9293375830994222
0.3287051458379247	0.9386309589304166
0.3289745634818387	0.9565560093687876
0.3289784918718581	0.9468060103496739
0.3291963311354692	0.9538896458865506
0.3295295466046296	0.9625344168775628
0.3295505213103156	0.9594153820244689
0.3297615184484051	0.9709378701092759
0.3297893839103117	0.9663164060380700
0.3300795916291867	0.9779175481691295
0.3303067752461686	0.9834901045562917
0.3305673281461520	0.9746748615700145
0.3309757930700687	0.9802419021275304
0.3315020126111101	0.9868591910505810
0.3320322105034345	0.9899848545696310
0.3322131947661620	0.9943132435777413
0.3334632334355992	0.9954946076341984
0.3341903210328009	0.9968925071629986
0.3344795301365261	0.9977910399358083
0.3382351273763063	0.9990374713986938
0.3394269852964947	0.9995460694291445
0.3435809611017948	0.9998683341655737
0.3464589380587636	0.9999489465058120
0.3485531063994288	0.9999641092559797
0.3579759283815808	0.9999890184290054
0.3602678071222402	0.9999954198890509
0.3664806899714087	0.9999986936911840
0.3705278281709526	0.9999994207453422
0.3767349222912438	0.9999998319220084
0.3797006432185026	0.9999999239414522
0.3859683339918004	0.9999999777861869
0.3886701097838230	0.9999999898722807
0.3952550653621683	0.9999999970043600
0.3977591218002177	0.9999999986240226
0.4042805088858861	0.9999999995887262
0.4066222075129511	0.9999999998109028
0.4132782820544589	0.9999999999432462
0.4157511816527839	0.9999999999739407
0.4224943094009070	0.9999999999921754
0.4251436734049550	0.9999999999964129
0.4319036464300725	0.9999999999989240
0.4346839767778757	0.9999999999995073
0.4414233785848883	0.9999999999998522
0.4442743423990144	0.9999999999999324
0.4501211742067402	0.9999999999999842
0.4532019195483553	0.9999999999999958
0.4608615690963690	1.0000000000000027
0.4637017286708371	1.0000000000000062
0.4647905538857368	1.0000000000000064
0.4692265376890839	1.0000000000000071
0.4708932043557505	1.0000000000000071
0.4739878108986391	1.0100000000000071
0.4744190889244255	1.0016140577054422
0.4761886039145559	1.0005696187793891
0.4939904078300612	1.0001308579934769
0.4996369515928096	1.0000543717979040
0.5056335933503139	1.0000189174970993
0.5092463972596557	1.0000128851182402
0.5198129154534511	1.0000100472287814
0.5235055116832993	1.0000095660582882
0.5309695784172849	0.9999945935046518
0.5335083431988150	0.9999926575925667
0.5444230959023265	0.9999920898901183
0.5525299035252170	0.9999913587845409
0.5543327540003961	0.9999813081917471
0.5548028508597717	0.9999801582411281
0.5721386322582551	0.9999613801508231
0.5729284920115421	0.9999572250926918
0.5855807570699760	0.9999566870645862
0.6053253708713081	0.9999058791058337
0.6421969518697581	0.9997801273989273
0.6814413885754904	0.9998975281270646
0.6814682722202806	0.9999137963814760
0.7033068481254708	0.9999164097420467
0.7203148264521798	0.9999836385518490
0.7203354305163422	0.9999923374134453
0.7420914103216577	0.9999934637509768
0.7421178909393147	0.9999947327448826
0.7421191331598306	0.9999952068249893
0.7518939445013837	0.9999953612896683
0.7620494231413941	0.9999953812557499
0.7722018427832346	0.9999953838366142
0.7940042382175223	0.9999953841702147
0.8158067537883804	0.9999953842133366
0.8376091795572533	0.9999953842189107
0.8594129150165871	0.9999953842196311
0.8812140339371271	0.9999953842197242
0.9030842470369111	0.9999953842197362
0.9256454247528209	0.9999953842197377
1.2707595704844503	1.0120965992872926
1.2711589432326829	1.0019638551892733
1.2725431756943968	1.0007152510972239
1.2832884257548107	1.0001553539530164
1.2892741221350157	1.0000577051264652
1.2963184726244030	1.0000127350792032
1.3000146497034655	1.0000050787767161
1.3086095305270455	1.0000011407666298
1.3124160645088223	1.0000004863597975
1.3215766649252896	1.0000001393399713
1.3249587816153305	1.0000000821315029
1.3344757708753665	1.0000000515311365
1.3377938260152635	1.0000000464963097
1.3474032393525055	1.0000000437970715
1.3506831347204660	1.0000000433531728
1.3603264971858908	1.0000000431150515
1.3635992395349195	1.0000000430758968
1.3732510382155176	1.0000000430548897
1.3765209859279548	1.0000000430514357
1.3861745513864714	1.0000000430495821
1.3894444172047373	1.0000000430492775
1.3991080780317398	1.0000000430491143
1.4023651511755126	1.0000000430490872
1.4119361157088066	1.0000000430490728
1.4153552721796538	1.0000000430490705
1.4244571096786147	1.0000000430490692
1.4263961025574821	0.9953918547339525
1.4282758309265544	0.9992099537344825
1.4293977631469115	0.9997090709646204
1.4576853398257705	0.9997912674465284
1.4589059563634013	0.9998134259874587
1.4592251759361292	0.9999611208361383
1.4596486430345901	0.9999801947459429
1.4761046748622428	0.9999854063985738
1.4798581019834622	0.9999868403822636
1.4856938349771591	0.9999930322452936
1.4863466995374559	0.9999938325694936
1.4974326465073000	0.9999941213573272
1.5017743057041597	0.9999942008297292
1.5106825129034371	0.9999944748237471
1.5114999449186384	0.9999945102404360
1.5194937660519301	0.9999945270106030
1.5276304356642254	0.9999945294578768
1.5341396438020696	0.9999945420112071
1.5346890450101833	0.9999945436338656
1.5507470393030078	0.9999945442279493
1.5588284911513910	0.9999945447612945
1.5604837656040285	0.9999945449169512
1.5782170345364457	0.9999945449713061
1.5852592809999020	0.9999945449821771
1.6006277934829838	0.9999974555944350
1.6006278027864664	0.9999978318169297
1.6224305401704580	0.9999978947492169
1.6224310522779215	0.9999979515128312
1.6231919200853235	0.9999980157618619
1.6240445265080681	0.9999980817197041
1.6246363651842548	0.9999980902454275
1.6350048850680192	0.9999980940690608
1.6367862317347983	0.9999980952400398
1.6430585815036483	0.9999980969876893
1.6449468467300161	0.9999980972135906
1.6526330730162349	0.9999981000830248
1.6530322744796200	0.9999981004539291
1.6599053270928883	0.9999991221472579
1.6599054878223547	0.9999992542441101
1.6817032623844892	0.9999993484408169
1.6817051495039637	0.9999993631090628
1.6976997429244960	0.9999993715116021
1.7002976172741469	0.9999993728744729
1.7133289861786680	0.9999993736178714
1.7169429861245995	0.9999993737396775
1.7249077577441227	0.9999997302670592
1.7249088450130134	0.9999997763516605
1.7467051531247486	0.9999997840630480
1.7469105019790572	0.9999997978722948
1.7475759310234544	0.9999998112834314
1.7482767731679532	0.9999998130169522
1.7493127769044863	0.9999998233534163
1.7497854120621457	0.9999998246895049
1.7567430346961246	0.9999998254046946
1.7584850469379334	0.9999998256161017
1.7660152179936077	0.9999998259085755
1.7680522638869682	0.9999998259463806
1.7694987420294692	0.9999998264042138
1.7699297400786691	0.9999998264633931
1.7741300629193073	0.9999998268520810
1.7746146105120342	0.9999998269023223
1.7881787838988064	0.9999998269172979
1.7927361904019192	0.9999998269543902
1.7933806620117261	0.9999998269591850
1.8096417020174378	0.9999998269633593
1.8098009703899669	0.9999998269638989
1.8250111087823317	0.9999998269642598
1.8273896696225675	0.9999998269643205
1.8390810921381386	0.9999998269643562
1.8425680013279901	0.9999998269643621
1.8534994871483439	0.9999998269643654
1.8578952415039387	0.9999998269643661
1.8661403342547942	0.9999998269643665
1.8742622768767963	1.0032256326280478
1.8743581328748793	1.0132578889543284
1.8747849536870769	1.0040619494499969
1.8747945601512639	1.0009881466109083
1.8827899585439769	1.0001579890393508
1.8932770305973308	1.0000500033298105
1.9010840743724549	1.0000103303290730
1.9028363163080715	1.0000044252817080
1.9224564420160783	1.0000021491616127
1.9285190796388856	1.0000018534519610
1.9378719386913839	0.9997731664762962
1.9378743486295138	0.9997435634959659
1.9889972706094596	0.9999579459657426
2.0419323100063203	0.9999614572341443
2.0698985509499011	0.9999890305813983
2.0836203806209137	0.9999930555200707
2.1073754642033120	0.9999979968875295
2.1094477834830263	0.9999986353600047
2.1578941816752897	0.9999988110917102
2.1681495242354116	0.9999988338006587
2.2080166951453526	0.9999988400515516
2.2124022497301872	0.9999989367858692
2.2127576032642478	0.9999989500977378
2.2332987786881606	0.9999989518184266
2.2561650310084320	0.9999989539082523
2.2564306319476981	0.9999989541783837
2.3077493616069069	0.9999989542527317
2.3179889132055118	0.9999989542623419
2.3386066004701842	0.9999989561590017
2.3386208823833687	0.9999989564041643
2.3719954179240554	0.9999989564716399
2.3822350323950880	0.9999989564803619
2.4124962853966463	0.9999989564827625
2.4227302746204145	0.9999989564830726
2.4566104512572640	0.9999989564831582
2.4669799535625745	0.9999989564831689
2.4858918243535646	0.9999989565199988
2.4858924930103550	0.9999989565250716
2.5064915232989393	0.9999989565256918
2.5302705502457119	0.9999989565264825
2.5305245387485829	0.9999989565265848
2.5821326340744526	0.9999989565266129
2.5917240810491462	0.9999989565266169
2.6398677394161583	0.9999989565266176
2.6438180475379873	0.9999989565266175
3.3961935451040568	0.9999991288567287
3.5648041506802408	0.9999992416694058
7.6634562768410017	1.0015233000568504
7.6692503806737085	1.0001224146898466
7.6834592077639661	1.0000104393206961
7.6955208113656512	1.0000013395740486
7.7024602199038998	1.0000001244106862
7.7166019055737012	0.9999999353109162
7.7318343737080752	0.9999999040199303
7.7476604770252147	0.9999998987211819
7.7636723765985609	0.9999998978162910
7.7797539674820291	0.9999998976612845
7.7895112554783799	0.9999998889808045
7.8133016778209754	0.9999998856489747
7.8331085662280575	0.9999998847508876
7.8514170290275427	0.9999998845388985
7.8690281723126549	0.9999998844918059
7.8862950999917807	0.9999998844816538
7.9033842807190320	0.9999998844794984
7.9203834721570212	0.9999998844790446
7.9372821953567190	0.9999998844789491
7.9544803611802015	0.9999998844789294
7.9708262731618831	0.9999998844789252
7.9879944765313233	0.9999998844789244
7.9905383018762253	0.9999987230668703
8.4051652692336454	0.9999991223286115
