0.0000000000000000	0.0000000000000000
0.3360454461492373	0.0000300000000000
0.3363014779266868	0.0000100254519998
0.3363861904715759	0.0000168730722394
0.3371832304750372	0.0000164106991604
0.3374778651880798	0.0000252608925151
0.3380354429543490	0.0000319110200856
0.3381822334839032	0.0000215489641557
0.3387649321858429	0.0000414527995831
0.3389565146672622	0.0000330543235361
0.3390641025913341	0.0000371521086770
0.3395502990496267	0.0000474421195330
0.3399404224913005	0.0000583134006964
0.3403073535246469	0.0000683134006964
0.3405576622732669	0.0000783134006964
0.3408024369749082	0.0000883134006964
0.3410109504034676	0.0000983134006964
0.3412044465872790	0.0001083134006964
0.3413732703804849	0.0001183134006964
0.3415342365112901	0.0001283134006964
0.3416778877349294	0.0001383134006964
0.3418163483002845	0.0001483134006964
0.3419397442243918	0.0001583134006964
0.3420610237441728	0.0001683134006964
0.3421693285487333	0.0001783134006964
0.3422769926526241	0.0001883134006964
0.3423739478319944	0.0001983134006964
0.3424699103222440	0.0002083134006964
0.3425580707828252	0.0002183134006964
0.3426453154858766	0.0002283134006964
0.3427260801681698	0.0002383134006964
0.3428053701658885	0.0002483134006964
0.3428798812481768	0.0002583134006964
0.3429530678851113	0.0002683134006964
0.3430221724760497	0.0002783134006964
0.3430897160562779	0.0002883134006964
0.3431541556461659	0.0002983134006964
0.3432171444316138	0.0003083134006964
0.3432774625836773	0.0003183134006964
0.3433361649905002	0.0003283134006964
0.3433927535019120	0.0003383134006964
0.3434479443375187	0.0003483134006964
0.3435013482490338	0.0003583134006964
0.3435532423207664	0.0003683134006964
0.3436038071928575	0.0003783134006964
0.3436528954485888	0.0003883134006964
0.3437009059643943	0.0003983134006964
0.3437475109625035	0.0004083134006964
0.3437932004976119	0.0004183134006964
0.3438375143412750	0.0004283134006964
0.3438810982604875	0.0004383134006964
0.3439233370128082	0.0004483134006964
0.3439650036058421	0.0004583134006964
0.3440053473466468	0.0004683134006964
0.3440452522521632	0.0004783134006964
0.3440837954851472	0.0004883134006964
0.3441220531193801	0.0004983134006964
0.3441590262807083	0.0005083134006964
0.3441958000462342	0.0005183134006964
0.3442313010588768	0.0005283134006964
0.3442666966266987	0.0005383134006964
0.3443008466179633	0.0005483134006964
0.3443348857875194	0.0005583134006964
0.3443678670995585	0.0005683134006964
0.3444006638903515	0.0005783134006964
0.3444324352266509	0.0005883134006964
0.3444640373459118	0.0005983134006964
0.3444948830512845	0.0006083134006964
0.3445253736616434	0.0006183134006964
0.3445551720228437	0.0006283134006964
0.3445847602696583	0.0006383134006964
0.3446135786189850	0.0006483134006964
0.3446422157962673	0.0006583134006964
0.3446702117447442	0.0006683134006964
0.3446979318679044	0.0006783134006964
0.3447251317000461	0.0006883134006963
0.3447520472489388	0.0006983134006963
0.3447784666845599	0.0007083134006964
0.3448046205564748	0.0007183134006964
0.3448302977179810	0.0007283134006964
0.3448556673874807	0.0007383134006964
0.3448807632108452	0.0007483134006964
0.3449053541017825	0.0007583134006964
0.3449298146081486	0.0007683134006964
0.3449538246118988	0.0007783134006964
0.3449775877524244	0.0007883134006964
0.3450009529002719	0.0007983134006964
0.3450242450623139	0.0008083134006964
0.3450469721841588	0.0008183134006964
0.3450696162494688	0.0008283134006964
0.3450918191954579	0.0008383134006964
0.3451140026678922	0.0008483134006963
0.3451357018723851	0.0008583134006964
0.3451572711322147	0.0008683134006964
0.3451784200511104	0.0008783134006963
0.3451995287978731	0.0008883134006963
0.3452202473032302	0.0008983134006964
0.3452408891350385	0.0009083134006963
0.3452611825803937	0.0009183134006964
0.3452813745447930	0.0009283134006963
0.3453012094954790	0.0009383134006963
0.3453209028163858	0.0009483134006963
0.3453403290992957	0.0009583134006963
0.3453596127978356	0.0009683134006964
0.3453786578709879	0.0009783134006963
0.3453975390207117	0.0009883134006963
0.3454162144094438	0.0009983134006963
0.3454347107958677	0.0010083134006963
0.3454530290392206	0.0010183965347033
0.3454713033597611	0.0010285805000503
0.3454896121009272	0.0010388663050508
0.3455078799081380	0.0010492549681013
0.3455262155431066	0.0010597475177823
0.3455444703452412	0.0010703449929602
0.3455628381424754	0.0010810484428897
0.3455810766866514	0.0010918589273186
0.3455994269698021	0.0011027775165918
0.3456177006868913	0.0011138052917578
0.3456360227939589	0.0011249433446753
0.3456543444783839	0.0011361927781221
0.3456726376345504	0.0011475547059033
0.3456910117144878	0.0011590302529623
0.3457092735473714	0.0011706205554919
0.3457276166470423	0.0011823267610468
0.3457459359727514	0.0011941500286573
0.3457642414077343	0.0012060915289439
0.3457826153410419	0.0012181524442333
0.3458008975086383	0.0012303339686756
0.3458192292141953	0.0012426373083624
0.3458375865652069	0.0012550636814460
0.3458558805492489	0.0012676143182605
0.3458742253472712	0.0012802904614431
0.3458925708833074	0.0012930933660575
0.3459108765889558	0.0013060242997181
0.3459292242049054	0.0013190845427153
0.3459475734777368	0.0013322753881424
0.3459658819455830	0.0013455981420238
0.3459842251659982	0.0013590541234440
0.3460025928701045	0.0013726446646785
0.3460208979362241	0.0013863711113253
0.3460392315372756	0.0014002348224385
0.3460575940311293	0.0014142371706629
0.3460759285006370	0.0014283795423695
0.3460942496516758	0.0014426633377932
0.3461125948254892	0.0014570899711711
0.3461309581360716	0.0014716608708829
0.3461492884313628	0.0014863774795917
0.3461676160466103	0.0015012412543876
0.3461859591462580	0.0015162536669315
0.3462043171724901	0.0015314162036008
0.3462226701421992	0.0015467303656368
0.3462409944165138	0.0015621976692931
0.3462593315333133	0.0015778196459861
0.3462776784287229	0.0015935978424459
0.3462960341965666	0.0016095338208704
0.3463143966304773	0.0016256291590791
0.3463327260029073	0.0016418854506699
0.3463510620354457	0.0016583043051766
0.3463694043921344	0.0016748873482283
0.3463877519130633	0.0016916362217106
0.3464061036402937	0.0017085525839277
0.3464244583774331	0.0017256381097670
0.3464428156312172	0.0017428944908647
0.3464611624720068	0.0017603234357733
0.3464795025882216	0.0017779266701310
0.3464978459538901	0.0017957059368324
0.3465161912163304	0.0018136629962007
0.3465345387316617	0.0018317996261627
0.3465528870687826	0.0018501176224243
0.3465712369728448	0.0018686187986486
0.3465895869932414	0.0018873049866350
0.3466079381665019	0.0019061780365013
0.3466262889894252	0.0019252398168664
0.3466446407964642	0.0019444922150350
0.3466629917697642	0.0019639371371854
0.3466813428762494	0.0019835765085573
0.3466996928020850	0.0020034122736428
0.3467180428059865	0.0020234463963792
0.3467363919810509	0.0020436808603430
0.3467547411575823	0.0020641176689465
0.3467730898927217	0.0020847588456359
0.3467914384984461	0.0021056064340923
0.3468097870851086	0.0021266624984332
0.3468281353787871	0.0021479291234176
0.3468464841083078	0.0021694084146517
0.3468648323326299	0.0021911024987982
0.3468831809807154	0.0022130135237862
0.3469015294239924	0.0022351436590241
0.3469198779924084	0.0022574950956143
0.3469382269385842	0.0022800700465704
0.3469565757217198	0.0023028707470361
0.3469749250335897	0.0023258994545065
0.3469932743271831	0.0023491584490515
0.3470116238189818	0.0023726500335420
0.3470299739867894	0.0023963765338775
0.3470483239806009	0.0024203402992163
0.3470666743787731	0.0024445437022084
0.3470850252935223	0.0024689891392305
0.3471033762160619	0.0024936790306228
0.3471217276322049	0.0025186158209290
0.3471400795506961	0.0025438019791383
0.3471584315556970	0.0025692399989297
0.3471767840580910	0.0025949323989190
0.3471951371880528	0.0026208817229082
0.3472134904058150	0.0026470905401373
0.3472318440577071	0.0026735614455386
0.3472501984009879	0.0027002970599940
0.3472685529759679	0.0027273000305939
0.3472869078783725	0.0027545730308999
0.3473052633305523	0.0027821187612088
0.3473236194589283	0.0028099399488209
0.3473419757818960	0.0028380393483091
0.3473603324966916	0.0028664197417922
0.3473786897819343	0.0028950839392102
0.3473970477701004	0.0029240347786023
0.3474154060156232	0.0029532751263883
0.3474337646474611	0.0029828078776522
0.3474521237895870	0.0030126359564287
0.3474704835477500	0.0030427623159930
0.3474888439510283	0.0030731899391529
0.3475072046787993	0.0031039218385445
0.3475255658329940	0.0031349610569299
0.3475439274951082	0.0031663106674991
0.3475622897284094	0.0031979737741741
0.3475806525840716	0.0032299535119159
0.3475990160963779	0.0032622530470350
0.3476173800333304	0.0032948755775054
0.3476357444313851	0.0033278243332805
0.3476541093326447	0.0033611025766133
0.3476724747776154	0.0033947136023794
0.3476908407896028	0.0034286607384032
0.3477092073945086	0.0034629473457872
0.3477275746007560	0.0034975768192451
0.3477459424244042	0.0035325525874375
0.3477643108648013	0.0035678781133119
0.3477826799319482	0.0036035568944451
0.3478010496166332	0.0036395924633895
0.3478194199152149	0.0036759883880233
0.3478377908085126	0.0037127482719035
0.3478561622701513	0.0037498757546225
0.3478745343122461	0.0037873745121687
0.3478929069312052	0.0038252482572904
0.3479112801270035	0.0038635007398634
0.3479296538915908	0.0039021357472620
0.3479480282219737	0.0039411571047346
0.3479664031171608	0.0039805686757819
0.3479847785789421	0.0040203743625398
0.3480031546102755	0.0040605781061652
0.3480215312183366	0.0041011838872268
0.3480399084058218	0.0041421957260991
0.3480582861851565	0.0041836176833601
0.3480766645577033	0.0042254538601937
0.3480950435343411	0.0042677083987957
0.3481134231222984	0.0043103854827837
0.3481318033301571	0.0043534893376116
0.3481501841711563	0.0043970242309877
0.3481685656514374	0.0044409944732976
0.3481869477839842	0.0044854044180306
0.3482053305775280	0.0045302584622109
0.3482237140403317	0.0045755610468330
0.3482420981857423	0.0046213166573013
0.3482604830185392	0.0046675298238743
0.3482788685478784	0.0047142051221131
0.3482972547855323	0.0047613471733342
0.3483156417366960	0.0048089606450676
0.3483340294111241	0.0048570502515182
0.3483524178203301	0.0049056207540334
0.3483708069705027	0.0049546769615737
0.3483891968718340	0.0050042237311895
0.3484075875374600	0.0050542659685014
0.3484259789741643	0.0051048086281865
0.3484443711921056	0.0051558567144684
0.3484627642043289	0.0052074152816130
0.3484811574025357	0.0052594894344292
0.3484995491029099	0.0053120843287734
0.3485179416796712	0.0053652051720612
0.3485363351425235	0.0054188572237818
0.3485547294964261	0.0054730457960196
0.3485731247486176	0.0055277762539798
0.3485915209084133	0.0055830540165196
0.3486099179870793	0.0056388845566849
0.3486283159927567	0.0056952734022518
0.3486467149343077	0.0057522261362743
0.3486651148225714	0.0058097483976371
0.3486835156697720	0.0058678458816135
0.3487019174895197	0.0059265243404295
0.3487203202924992	0.0059857895838339
0.3487387240905835	0.0060456474796723
0.3487571288971232	0.0061061039544691
0.3487755347264655	0.0061671649940137
0.3487939415938764	0.0062288366439538
0.3488123495152139	0.0062911250103934
0.3488307585050823	0.0063540362604973
0.3488491685772860	0.0064175766231023
0.3488675797450533	0.0064817523893334
0.3488859920212060	0.0065465699132267
0.3489044054181872	0.0066120356123589
0.3489228199482096	0.0066781559684825
0.3489412356233099	0.0067449375281674
0.3489596524554683	0.0068123869034491
0.3489780704567013	0.0068805107724835
0.3489964896391633	0.0069493158802084
0.3490149100152550	0.0070188090390106
0.3490333315976870	0.0070889971294007
0.3490517543996030	0.0071598871006946
0.3490701784232432	0.0072314859717016
0.3490886036616672	0.0073038008314187
0.3491070301106438	0.0073768388397330
0.3491254577685063	0.0074506072281302
0.3491438866358791	0.0075251133004116
0.3491623167156216	0.0076003644334156
0.3491807480125784	0.0076763680777498
0.3491991805335789	0.0077531317585274
0.3492176142872343	0.0078306630761128
0.3492360492839270	0.0079089697068739
0.3492544855356960	0.0079880594039427
0.3492729230561904	0.0080679399979821
0.3492913618606462	0.0081486193979619
0.3493098019657968	0.0082301055919415
0.3493282433898506	0.0083124066478610
0.3493466861508847	0.0083955307143397
0.3493651302665034	0.0084794860214830
0.3493835757540018	0.0085642808816980
0.3494020226304932	0.0086499236905148
0.3494204708486571	0.0087364229274200
0.3494389201301931	0.0088237871566941
0.3494573705161826	0.0089120250282611
0.3494758220462329	0.0090011452785437
0.3494942747586853	0.0090911567313292
0.3495127286909276	0.0091820682986424
0.3495311838796396	0.0092738889816287
0.3495496403609671	0.0093666278714449
0.3495680981707674	0.0094602941501593
0.3495865573447008	0.0095548970916608
0.3496050179182200	0.0096504460625773
0.3496234799266578	0.0097469505232030
0.3496419434053245	0.0098444200284351
0.3496604083895287	0.0099428642287194
0.3496788749146940	0.0100422928710065
0.3496973430164760	0.0101427157997164
0.3497158127308312	0.0102441429577136
0.3497342840938800	0.0103465843872908
0.3497527571398412	0.0104500502311637
0.3497712319015426	0.0105545507334752
0.3497897084108296	0.0106600962408100
0.3498081866987825	0.0107666972032182
0.3498266667813941	0.0108743641752505
0.3498451486572954	0.0109831078170028
0.3498636323284773	0.0110929388951729
0.3498821178001301	0.0112038682841244
0.3499006050805452	0.0113159069669657
0.3499190941810425	0.0114290660366354
0.3499375851159088	0.0115433566970017
0.3499560779023345	0.0116587902639716
0.3499745725603490	0.0117753781666113
0.3499930691127311	0.0118931319482774
0.3500115675847947	0.0120120632677602
0.3500300680042318	0.0121321839004377
0.3500485704009981	0.0122535057394421
0.3500670748072283	0.0123760407968367
0.3500855812543592	0.0124998012048051
0.3501040897734046	0.0126247992168531
0.3501226003953549	0.0127510472090218
0.3501411131515517	0.0128785576811119
0.3501596280740402	0.0130073432579229
0.3501781451957635	0.0131374166905021
0.3501966645506365	0.0132687908574072
0.3502151861736418	0.0134014787659813
0.3502337101009442	0.0135354935536412
0.3502522363700252	0.0136708484891774
0.3502707650198350	0.0138075569740693
0.3502892960909415	0.0139456325438099
0.3503078296256784	0.0140850888692480
0.3503263656682078	0.0142259397579404
0.3503449042633399	0.0143681991555198
0.3503634454171049	0.0145118811470749
0.3503819891325546	0.0146569999585455
0.3504005354164810	0.0148035699581310
0.3504190842794475	0.0149516056577123
0.3504376355033514	0.0151011217142896
0.3504561884318438	0.0152521329314327
0.3504747439832710	0.0154046542607473
0.3504933016847649	0.0155587008033547
0.3505118614596815	0.0157142878113882
0.3505304233782268	0.0158714306895021
0.3505489875112853	0.0160301449963969
0.3505675539305432	0.0161904464463611
0.3505861227086434	0.0163523509108248
0.3506046939193710	0.0165158744199333
0.3506232676357987	0.0166810331641327
0.3506418439287998	0.0168478434957738
0.3506604228678601	0.0170163219307318
0.3506790045215845	0.0171864851500391
0.3506975889581062	0.0173583500015392
0.3507161762455102	0.0175319335015547
0.3507347664522662	0.0177072528365701
0.3507533596476490	0.0178843253649356
0.3507719538869126	0.0180631686185850
0.3507905428989052	0.0182438003047709
0.3508091352298388	0.0184262383078186
0.3508277308824085	0.0186105006908965
0.3508463298684020	0.0187966056978054
0.3508649322077084	0.0189845717547834
0.3508835379236916	0.0191744174723314
0.3509021470435079	0.0193661616470547
0.3509207595984201	0.0195598232635252
0.3509393756241155	0.0197554214961605
0.3509579951610293	0.0199529757111219
0.3509766182542914	0.0201525054682333
0.3509952449537019	0.0203540305229159
0.3510138753137644	0.0205575708281449
0.3510325093937759	0.0207631465364265
0.3510511472579718	0.0209707780017910
0.3510697889711119	0.0211804857818086
0.3510884345985778	0.0213922906396269
0.3511070842068846	0.0216062135460230
0.3511257378642088	0.0218222756814830
0.3511443956307764	0.0220404984382977
0.3511630575099988	0.0222609034226810
0.3511817230196623	0.0224835124569078
0.3512003917822638	0.0227083475814767
0.3512190638832587	0.0229354310572914
0.3512377394136736	0.0231647853678641
0.3512564184699146	0.0233964332215427
0.3512751011508514	0.0236303975537584
0.3512937875551907	0.0238667015292962
0.3513124777824151	0.0241053685445893
0.3513311719336767	0.0243464222300351
0.3513498701126070	0.0245898864523356
0.3513685724256334	0.0248357853168593
0.3513872789823803	0.0250841431700280
0.3514059898961027	0.0253349846017285
0.3514247052841576	0.0255883344477461
0.3514434252622935	0.0258442177922232
0.3514621498881171	0.0261026599701453
0.3514808792002844	0.0263636865698467
0.3514996132466915	0.0266273234355452
0.3515183520845114	0.0268935966699008
0.3515370957803067	0.0271625326365994
0.3515558444102216	0.0274341579629652
0.3515745980601152	0.0277084995425948
0.3515933568252708	0.0279855845380209
0.3516121208031401	0.0282654403834007
0.3516308900943308	0.0285480947872350
0.3516496648036322	0.0288335757351075
0.3516684450410393	0.0291219114924586
0.3516872298551322	0.0294131306073834
0.3517060192013462	0.0297072619134573
0.3517248132598373	0.0300043345325922
0.3517436121329373	0.0303043778779177
0.3517624159352751	0.0306074216566968
0.3517812173694403	0.0309134958732640
0.3518000138530969	0.0312226308319963
0.3518188158835380	0.0315348571403164
0.3518376235685471	0.0318502057117197
0.3518564370240730	0.0321687077688373
0.3518752563747126	0.0324903948465261
0.3518940817543043	0.0328152987949913
0.3519129133065623	0.0331434517829416
0.3519317511785924	0.0334748863007713
0.3519505955198566	0.0338096351637791
0.3519694464498989	0.0341477315154169
0.3519883040159660	0.0344892088305713
0.3520071682831048	0.0348341009188771
0.3520260393342987	0.0351824419280659
0.3520449172701801	0.0355342663473467
0.3520638022061936	0.0358896090108199
0.3520826942653884	0.0362485051009286
0.3521015924968550	0.0366109901519382
0.3521204965581954	0.0369771000534575
0.3521394066950726	0.0373468710539917
0.3521583231565173	0.0377203397645314
0.3521772461960904	0.0380975431621764
0.3521961759828066	0.0384785185937978
0.3522151126542927	0.0388633037797359
0.3522340558807189	0.0392519368175329
0.3522530036783364	0.0396444561857083
0.3522719588117618	0.0400409007475650
0.3522909214690171	0.0404413097550403
0.3523098918524278	0.0408457228525910
0.3523288701749274	0.0412541800811169
0.3523478566543253	0.0416667218819282
0.3523668515150311	0.0420833891007476
0.3523858548525953	0.0425042229917548
0.3524048667784914	0.0429292652216725
0.3524238871085036	0.0433585578738887
0.3524429002116908	0.0437921434526271
0.3524619100848478	0.0442300648871539
0.3524809277532862	0.0446723655360256
0.3524999534746779	0.0451190891913864
0.3525189875139991	0.0455702800833007
0.3525380301457987	0.0460259828841344
0.3525570816564662	0.0464862427129757
0.3525761423224170	0.0469511051401059
0.3525952122872852	0.0474206161915074
0.3526142917187986	0.0478948223534227
0.3526333808045006	0.0483737705769563
0.3526524797535109	0.0488575082827263
0.3526715887965350	0.0493460833655536
0.3526907081704408	0.0498395441992090
0.3527098381455980	0.0503379396412017
0.3527289782253773	0.0508413190376131
0.3527481271329404	0.0513497322279893
0.3527672851447258	0.0518632295502687
0.3527864525466171	0.0523818618457706
0.3528056296490174	0.0529056804642282
0.3528248167878069	0.0534347372688709
0.3528440143106662	0.0539690846415596
0.3528632225786593	0.0545087754879750
0.3528824419687412	0.0550538632428549
0.3529016727981660	0.0556044018752834
0.3529209152817590	0.0561604458940357
0.3529401491152456	0.0567220503529763
0.3529593808376464	0.0572892708565057
0.3529786254840336	0.0578621635650715
0.3529978826725135	0.0584407852007223
0.3530171506006852	0.0590251930527296
0.3530364297419470	0.0596154449832564
0.3530557205908755	0.0602115994330887
0.3530750235777764	0.0608137154274195
0.3530943389954936	0.0614218525816945
0.3531136671708962	0.0620360711075113
0.3531330084665790	0.0626564318185869
0.3531523595381241	0.0632829961367729
0.3531717229764018	0.0639158260981409
0.3531911007406432	0.0645549843591228
0.3532104931404554	0.0652005342027139
0.3532298983213278	0.0658525395447410
0.3532493158268499	0.0665110649401887
0.3532687461708618	0.0671761755895914
0.3532881898941229	0.0678479373454867
0.3533076475580608	0.0685264167189407
0.3533271197490699	0.0692116808861299
0.3533465675856511	0.0699037976949917
0.3533660272990137	0.0706028356719418
0.3533855033058954	0.0713088640286613
0.3534049959777776	0.0720219526689485
0.3534245057305082	0.0727421721956377
0.3534440319690021	0.0734695939175949
0.3534635726926508	0.0742042898567715
0.3534831286495315	0.0749463327553386
0.3535027004414026	0.0756957960828927
0.3535222885698102	0.0764527540437207
0.3535418935834954	0.0772172815841575
0.3535615160821372	0.0779894543999986
0.3535811567177498	0.0787693489439978
0.3536008161716101	0.0795570424334377
0.3536204948630753	0.0803526128577717
0.3536401899542125	0.0811561389863494
0.3536599015622059	0.0819677003762118
0.3536795908486098	0.0827873773799740
0.3536992868056079	0.0836152511537740
0.3537190019612460	0.0844514036653125
0.3537387371049152	0.0852959177019666
0.3537584919520155	0.0861488768789859
0.3537782612384225	0.0870103656477750
0.3537980521865308	0.0878804693042529
0.3538178646528845	0.0887592739972963
0.3538376957263871	0.0896468667372682
0.3538575464416271	0.0905433354046401
0.3538774176675926	0.0914487687586872
0.3538973101563228	0.0923632564462741
0.3539172247079526	0.0932868890107368
0.3539371621892402	0.0942197579008451
0.3539571155254657	0.0951619554798545
0.3539770379008150	0.0961135750346528
0.3539969853203267	0.0970747107850005
0.3540169545340458	0.0980454578928517
0.3540369464737407	0.0990259124717814
0.3540569621363189	0.1000161715965004
0.3540770025933848	0.1010163333124643
0.3540970689735946	0.1020264966455895
0.3541171620387152	0.1030467616120465
0.3541372826433047	0.1040772292281668
0.3541574276832975	0.1051180015204490
0.3541775969437662	0.1061691815356533
0.3541977918275747	0.1072308733510107
0.3542179970683031	0.1083031820845195
0.3542381684146454	0.1093862139053661
0.3542583650170565	0.1104800760444210
0.3542785919401562	0.1115848768048644
0.3542988503590901	0.1127007255729146
0.3543191364238834	0.1138277328286432
0.3543394504468245	0.1149660101569281
0.3543597936343803	0.1161156702584974
0.3543801673073824	0.1172768269610839
0.3544005729131805	0.1184495952306931
0.3544210119316810	0.1196340911830001
0.3544414836625136	0.1208304320948313
0.3544619150336000	0.1220387364157794
0.3544823675393442	0.1232591237799386
0.3545028526561467	0.1244917150177396
0.3545233720426688	0.1257366321679168
0.3545439273953927	0.1269939984895970
0.3545645199493792	0.1282639384744914
0.3545851502654589	0.1295465778592376
0.3546058134338957	0.1308420436378306
0.3546265018980458	0.1321504640742076
0.3546472234838873	0.1334719687149503
0.3546679319962588	0.1348066884021008
0.3546886374593762	0.1361547552861219
0.3547093849175273	0.1375163028389817
0.3547301736356503	0.1388914658673710
0.3547510000046872	0.1402803805260436
0.3547718661459614	0.1416831843313059
0.3547927739279331	0.1431000161746208
0.3548137254183045	0.1445310163363679
0.3548347228671195	0.1459763264997296
0.3548557382805109	0.1474360897647266
0.3548767160015519	0.1489104506623731
0.3548977374861848	0.1503995551689969
0.3549188049444150	0.1519035507206876
0.3549399186869202	0.1534225862278930
0.3549610688782729	0.1549568120901719
0.3549822666538082	0.1565063802110726
0.3550035100351600	0.1580714440131817
0.3550248017947378	0.1596521584533135
0.3550460724532318	0.1612486800378459
0.3550673506189985	0.1628611668382234
0.3550886850621947	0.1644897785066051
0.3551100730289407	0.1661346762916729
0.3551315121510338	0.1677960230545915
0.3551530057150732	0.1694739832851363
0.3551745566985699	0.1711687231179857
0.3551961678589006	0.1728804103491641
0.3552177441071137	0.1746092144526561
0.3552393223082601	0.1763553065971830
0.3552609565797219	0.1781188596631545
0.3552826522790589	0.1799000482597872
0.3553044124190108	0.1816990487423846
0.3553262391856756	0.1835160392298067
0.3553481250970376	0.1853511996221047
0.3553700314550208	0.1872047116183277
0.3553919038339585	0.1890767587345124
0.3554138462741120	0.1909675263218590
0.3554358624810566	0.1928772015850780
0.3554579473336685	0.1948059736009297
0.3554800923264017	0.1967540333369380
0.3555022948070964	0.1987215736703067
0.3555245074445869	0.2007087894070109
0.3555467047077619	0.2027158773010790
0.3555689807018765	0.2047430360740922
0.3555913317937756	0.2067904664348330
0.3556137623706731	0.2088583710991834
0.3556362771857986	0.2109469548101743
0.3556588764874157	0.2130564243582736
0.3556813944259443	0.2151869886018585
0.3557039812765055	0.2173388584878766
0.3557266335716637	0.2195122470727577
0.3557493785052709	0.2217073695434861
0.3557722160737818	0.2239244432389204
0.3557951412041706	0.2261636876713080
0.3558180055779259	0.2284253245480229
0.3558409323115584	0.2307095777935033
0.3558639624704736	0.2330166735714400
0.3558870932322791	0.2353468403071535
0.3559103175020396	0.2377003087102263
0.3559336114496791	0.2400773117973271
0.3559568113346199	0.2424780849153018
0.3559801267627726	0.2449028657644554
0.3560035491238243	0.2473518944220986
0.3560270814167115	0.2498254133663223
0.3560507309091143	0.2523236674999844
0.3560743749007908	0.2548469041749827
0.3560980422148491	0.2573953732167348
0.3561217907584552	0.2599693269489030
0.3561456615994625	0.2625690202183932
0.3561696650910943	0.2651947104205741
0.3561937174555608	0.2678466575247779
0.3562177371549185	0.2705251241000269
0.3562418905404327	0.2732303753410248
0.3562661862410788	0.2759626790944346
0.3562906061338147	0.2787223058853806
0.3563150586014954	0.2815095289442349
0.3563394767919137	0.2843246242336762
0.3563640476672836	0.2871678704760121
0.3563887813027520	0.2900395491807741
0.3564136641141841	0.2929399446725798
0.3564385547710779	0.2958693441193030
0.3564634415116915	0.2988280375604953
0.3564884896508303	0.3018163179361035
0.3565137059753677	0.3048344811154626
0.3565390937338041	0.3078828259266178
0.3565643687086192	0.3109616541858822
0.3565898187348632	0.3140712707277402
0.3566154341970600	0.3172119834350179
0.3566412022582551	0.3203841032693697
0.3566669879653974	0.3235879443020622
0.3566928267466603	0.3268238237450862
0.3567188745144908	0.3300920619825358
0.3567451269452352	0.3333929826023633
0.3567714515924434	0.3367269124283871
0.3567977232987663	0.3400941815526698
0.3568242245949191	0.3434951233681944
0.3568509516568292	0.3469300746018791
0.3568778396924029	0.3503993753479011
0.3569046502333412	0.3539033691013809
0.3569316566619171	0.3574424027923913
0.3569589131290027	0.3610168268203134
0.3569863298502224	0.3646269950885173
0.3570137074660493	0.3682732650394014
0.3570413477367643	0.3719559976897978
0.3570691974267161	0.3756755576666974
0.3570971499944192	0.3794323132433630
0.3571251492288296	0.3832266363757934
0.3571534477437501	0.3870589027395497
0.3571820175333149	0.3909294917669489
0.3572105164121493	0.3948387866846208
0.3572392228039580	0.3987871745514656
0.3572682531544166	0.4027750462969799
0.3572975736471529	0.4068027967599473
0.3573266890013191	0.4108708247275497
0.3573561846640748	0.4149795329748218
0.3573860481922597	0.4191293283045732
0.3574159576880144	0.4233206215876195
0.3574459632482621	0.4275538278034932
0.3574763608713446	0.4318293660815246
0.3575070503157106	0.4361476597423427
0.3575376944181342	0.4405091363397658
0.3575687044530910	0.4449142277031601
0.3576001419769038	0.4493633699801918
0.3576314621315140	0.4538570036799963
0.3576631972084147	0.4583955737167972
0.3576953282671920	0.4629795294539688
0.3577274936702498	0.4676093247485055
0.3577599665824076	0.4722854179959906
0.3577929277448680	0.4770082721759466
0.3578259784867419	0.4817783548977064
0.3578592558740858	0.4865961384466870
0.3578931182101853	0.4914620998311516
0.3579271026739393	0.4963767208294648
0.3579612969817962	0.5013404880377605
0.3579961480483825	0.5063538929181358
0.3580311209924938	0.5114174318473139
0.3580663360022267	0.5165316061657852
0.3581022800970183	0.5216969222274428
0.3581383109371014	0.5269138914497162
0.3581746462128612	0.5321830303642097
0.3582118247639355	0.5375048606678503
0.3582489726495009	0.5428799092745292
0.3582865981996151	0.5483087083672760
0.3583251565518882	0.5537917954509490
0.3583635151803818	0.5593297134054612
0.3584026261895239	0.5649230105395149
0.3584426242379641	0.5705722406449072
0.3584823384452561	0.5762779630513563
0.3585231778152393	0.5820407426818666
0.3585644786288957	0.5878611501086879
0.3586060171859038	0.5937397616097732
0.3586487064086373	0.5996771592258741
0.3586915635231880	0.6056739308181351
0.3587352031212295	0.6117306701263133
0.3587799549034762	0.6178479768275731
0.3588246349095064	0.6240264565958462
0.3588704829525727	0.6302667211618087
0.3589171696331468	0.6365693883734239
0.3589642860223263	0.6429350822571620
0.3590130195171994	0.6493644330797352
0.3590616274153309	0.6558580774105347
0.3591117774355724	0.6624166581846416
0.3591629585334205	0.6690408247664872
0.3592146321066342	0.6757312330141485
0.3592684280531657	0.6824885453442902
0.3593219545809366	0.6893134307977345
0.3593777090153028	0.6962065651057132
0.3594344053582620	0.7031686307567673
0.3594920034478948	0.7102003170643351
0.3595523117116042	0.7173023202349788
0.3596122781290238	0.7244753434373301
0.3596755665437032	0.7317200968717044
0.3597390473724500	0.7390372978404218
0.3598054836017320	0.7464276708188237
0.3598736889576690	0.7538919475270127
0.3599429934521378	0.7614308670022842
0.3600167060224943	0.7690451756723083
0.3600900188561196	0.7767356274290300
0.3601683646063047	0.7845029837033189
0.3602476102095322	0.7923480135403539
0.3603312293448595	0.8002714936757553
0.3604174585562098	0.8082742086125141
0.3605076961379320	0.8163569506986382
0.3606021283862666	0.8245205202056261
0.3606987957426427	0.8327657254076817
0.3608040427509899	0.8410933826617579
0.3609117353071534	0.8495043164883751
0.3610294166083297	0.8579993596532605
0.3611484475735532	0.8665793532497922
0.3612837900990333	0.8752451467822912
0.3614184588140525	0.8839975982501154
0.3615725914702542	0.8928375742326164
0.3617293428463720	0.9017659499749420
0.3618943817111660	0.9111567526568616
0.3621040645347686	0.9202683201834302
0.3623226429712539	0.9294710033852648
0.3625771528224911	0.9384462928790310
0.3628623857059787	0.9557371818201974
0.3628718551992257	0.9465749641416192
0.3630940967457209	0.9539784064425376
0.3634275579370219	0.9629711607264304
0.3634546261645654	0.9597296220192959
0.3636748670685772	0.9706868264638731
0.3636947769815183	0.9664756449014147
0.3639926187107724	0.9786673580371801
0.3642195371497158	0.9841178253505364
0.3644380887006620	0.9816066562509820
0.3644831171524856	0.9760621494989761
0.3649420788698794	0.9811311354354939
0.3654389855043665	0.9852610756569639
0.3654891026162436	0.9888448773708336
0.3662247390149736	0.9918347956752012
0.3665700785825998	0.9955234680974521
0.3687216566251771	0.9977891886509694
0.3691334550278251	0.9985547210692443
0.3729257541550390	0.9994973835947975
0.3775811922554659	0.9998725623549565
0.3785110515835835	0.9999206941436755
0.3799677235381880	0.9999423828385056
0.3866662313019764	0.9999848870829181
0.3882981051438979	0.9999926678524236
0.3975812720715391	0.9999978515742562
0.3989597258025728	0.9999990032462239
0.4061656081893786	0.9999997109612576
0.4084958574736139	0.9999998649842662
0.4157149262630749	0.9999999590633853
0.4176067383016547	0.9999999809210420
0.4243836570879417	0.9999999941901548
0.4267212360792386	0.9999999973213357
0.4336688618742580	0.9999999991894383
0.4364844263095752	0.9999999996284030
0.4433436218919480	0.9999999998882303
0.4463317065769052	0.9999999999488861
0.4530965760736204	0.9999999999846882
0.4561167633181972	0.9999999999930003
0.4628043040365214	0.9999999999979069
0.4657575848981392	0.9999999999990427
0.4723967751188239	0.9999999999997137
0.4752538819630762	0.9999999999998689
0.4786384653717918	1.0000000000000273
0.4816337757126190	1.0000000000000573
0.4929321120220513	1.0000000000000753
0.4947468240276030	1.0000000000000790
0.4961308464020409	1.0000000000001019
0.4965660074116144	1.0000000000001048
0.5029815003693945	1.0000000000001061
0.5041065003693956	1.0000000000001066
0.5098516497772825	1.0000000000001126
0.5102296566501350	1.0000000000001130
0.5122336306753559	1.0000000000001175
0.5125907735324995	1.0036427732081077
0.5130220515582855	1.0009354281073344
0.5277639893242874	1.0002339029969496
0.5326055339294810	1.0000910145783013
0.5403116783943475	1.0000304418023274
0.5442086117907223	1.0000189920086939
0.5547400221493159	1.0000141048291402
0.5583894272281970	1.0000131888414794
0.5682099476102955	1.0000127980239653
0.5684021219173586	1.0000078305721458
0.5710363569751336	1.0000063736820484
0.5818539513107837	1.0000061853500428
0.5899673435046128	1.0000059456587880
0.5917716671974367	0.9999252229790556
0.5917799818948526	0.9999775164006742
0.6087700295531735	0.9998944302644531
0.6090721265820969	0.9999651371278943
0.6406361075362379	0.9999481851649810
0.6773223047088621	0.9999116440803902
0.7149853739202313	0.9997908615571666
0.7529517565908983	0.9999624823737780
0.7529558465568689	0.9999846809806098
0.7747364951658990	0.9999883442582180
0.7822944618951494	0.9999885210982341
0.8259260042289676	0.9999885240518093
1.0196690151630607	0.9999885436184202
1.0212332294885871	0.9999979204991272
1.0212391100647678	0.9999991325080463
1.0365342656717955	0.9999996658203790
1.0429401889671142	0.9999997347524662
1.0518249284823149	0.9999997722994532
1.0569994151563367	0.9999997771525712
1.0687155646409978	0.9999997798521775
1.0737818905956129	0.9999997802011272
1.0863747126914904	0.9999997803942328
1.0876475306954703	0.9999999855235698
1.0888970432709875	1.0000000385499557
1.0965805355999076	1.0000000620449387
1.1021879010288704	1.0000000670828320
1.1098450514179585	1.0000000694003461
1.1141239471907070	1.0000000698987914
1.1204261110365650	1.0000000701655618
1.1244224512878225	1.0000000702208818
1.1318525872165281	1.0000000702509211
1.1354175895686074	1.0000000702571203
1.1431764081050766	1.0000000702604999
1.1465627456804517	1.0000000702611982
1.1479500822097530	1.0000000704067036
1.1504402339165498	1.0000000704818184
1.1524337648769900	1.0000000705417136
1.1613715813110246	1.0000000705509287
1.1635880473404425	1.0000000705594194
1.1663005431220985	1.0000000705671834
1.1690647441937561	1.0000000705742851
1.1705143792715114	1.0000000705836878
1.1828775811758565	1.0000000705885956
1.1895325136072721	1.0000000705907899
1.1906530022321613	1.0000000705917926
1.1947591144397010	1.0000000705925434
1.2070053980251474	1.0000001947171187
1.2070054603804266	1.0000002107615054
1.2288053185771357	1.0000002135041406
1.2288074940051028	1.0000002159325392
1.2295835841698535	1.0000002187757882
1.2295838296276134	1.0000002212936427
1.2303597477736630	1.0000002242419126
1.2309284062464543	1.0000002275152873
1.2314994748604988	1.0000002279940317
1.2503240650869301	1.0000002282529303
1.2507861643097138	1.0000002282962441
1.2584894369854129	1.0000002284301865
1.2590159191563479	1.0000002284487248
1.2769350283733105	1.0000002284633811
1.2773223791250956	1.0000002284656846
1.2910524468501126	1.0000002284670713
1.2917746408631590	1.0000002284673117
1.3026872539883878	1.0000002284674478
1.3038851653185477	1.0000002284674729
1.3106994375486980	1.0000012103052003
1.3131950733736775	1.0000013560134464
1.3135179432165096	1.0000015230081578
1.3149865184154486	1.0000016794904216
1.3362702798623767	1.0000017039877516
1.3375106972803437	1.0000017277329687
1.3541157685283356	1.0000017339455467
1.3648326290829185	1.0000017356886211
1.3744706890106249	1.0000017360836733
1.3843488051918131	1.0000017361910312
1.3922518363325036	1.0000017362113309
1.3991802807300129	1.0000017362216653
1.4053933314802920	1.0000017362233842
1.4141579073080863	1.0000017362242997
1.4189251449089966	1.0000017362244504
1.4301440650197987	1.0000017362245250
1.4345939709714499	1.0000017362245377
1.4364034199547575	1.0000049025328348
1.4388991361695542	1.0000053724006830
1.4516032366711944	1.0000080079983171
1.4520483770025461	1.0000083486558560
1.4809036992860263	1.0000084924943415
1.4875793683194662	1.0000085110856018
1.5057645785747740	1.0000085174421354
1.5140076457258131	1.0000085182637353
1.5344724920893864	1.0000085185171068
1.5436110590664600	1.0000085185498566
1.5683939370148019	1.0000085185588701
1.5786332731513519	1.0000085185600349
1.6023914171029356	1.0000085185603558
1.6126045387673105	1.0000085185603973
1.6246119942015100	1.0000085185604073
1.6357626417315769	1.0000085185604084
1.6547962697733616	1.0000085185604086
1.6570324096369222	1.0000085185604086
1.6827392260098650	1.0100086037460128
1.6830639918475518	1.0001712521545227
1.6947207272195433	1.0000088473182451
2.0026124612277600	0.9606886812125016
2.0026124612278600	0.9900975184044699
2.0029816372157065	1.0001212654313887
2.0320495148407800	0.9998486768594549
2.0842373374860825	0.9999735105059857
2.0842464596736745	0.9999896635922261
2.1120626870100825	0.9999933610043007
2.1132455833490758	0.9999943786194724
2.1229425961333539	0.9999946060383580
2.1267941293903707	0.9999946686304989
2.1377374741780519	0.9999946823447803
2.1414481932411897	0.9999946867448783
2.1517528571895950	0.9999946876423370
2.1570549832133441	0.9999946877408932
2.1674202819890809	0.9999946877618168
2.1784153487893612	0.9999946877678826
2.1825459475613127	0.9999946877700427
2.1929583710659246	0.9999946877706304
2.2017095505543764	0.9999946877707513
2.2130745576515696	0.9999946877707860
2.2168454676414022	0.9999946877707985
2.2270971893351921	0.9999946877708020
2.2351104159731299	0.9999946877708026
2.2374353109668861	0.9999946877708026
2.2588600164850750	1.0099946346485102
2.2592266831420273	1.0024290911579721
2.2605160675234530	1.0003571108384395
2.2614507854833774	1.0000736941086648
2.2848054251155472	1.0000066270800565
2.2941426525693012	0.9999965078625869
2.3149595038460480	0.9999951984170685
2.3377382044429225	0.9999948376712841
2.3492865469559847	0.9999947910399349
2.3684808690196091	0.9999947782030975
2.3800416066336134	0.9999947765437928
2.4012860660429522	0.9999947760870880
2.4128485716436590	0.9999947760280535
2.4329470754007003	0.9999882799472390
2.4329471043214825	0.9999874445075988
3.1410695258028687	0.9999978553880716
4.8872343282410258	0.9999992010464702
9.1826192854707980	0.9999993974619779
9.2262316460074452	0.9999994007433153
9.2698433901140422	0.9999994007981357
9.3134542044508848	0.9999994007990514
9.3566792443221569	0.9999994007990667
9.3872240610456110	0.9999994007990670
9.3890091102129070	0.9999994007990670
