0.0000000000000000	0.0000000000000000
0.3575797155127571	0.0000300000000000
0.3578066049941361	0.0000084815309350
0.3590933688391240	0.0000177750926129
0.3591234127400033	0.0000248546011106
0.3593988683758610	0.0000208185400178
0.3595985376000597	0.0000283498088230
0.3599422314311697	0.0000260359714810
0.3604054414914056	0.0000406643329285
0.3605766167262864	0.0000360718188649
0.3610151719002472	0.0000534015391125
0.3611300312221079	0.0000457342978351
0.3611976835002413	0.0000476870741475
0.3616596549678975	0.0000576870741475
0.3619794902295545	0.0000661669810049
0.3622152152075554	0.0000761669810049
0.3625046965615833	0.0000861669810049
0.3627280233442870	0.0000961669810049
0.3629384388895673	0.0001061669810049
0.3631132117294770	0.0001161669810049
0.3632809409832295	0.0001261669810049
0.3634288024067849	0.0001361669810049
0.3635679619638563	0.0001461669810049
0.3636962755922662	0.0001561669810049
0.3638157954168832	0.0001661669810049
0.3639283734945766	0.0001761669810049
0.3640344998876714	0.0001861669810049
0.3641349551503833	0.0001961669810049
0.3642292596332113	0.0002061669810049
0.3643203821260726	0.0002161669810049
0.3644060328872797	0.0002261669810049
0.3644892488430517	0.0002361669810049
0.3645670079323834	0.0002461669810049
0.3646436307217475	0.0002561669810049
0.3647154319230281	0.0002661669810049
0.3647863720282163	0.0002761669810049
0.3648527048054416	0.0002861669810049
0.3649185490378472	0.0002961669810049
0.3649804607429610	0.0003061669810049
0.3650416290915448	0.0003161669810049
0.3650996624100072	0.0003261669810049
0.3651568929816967	0.0003361669810049
0.3652116175916882	0.0003461669810049
0.3652653463927933	0.0003561669810049
0.3653171367332805	0.0003661669810049
0.3653679693817301	0.0003761669810049
0.3654171029743731	0.0003861669810049
0.3654651503285238	0.0003961669810049
0.3655118853386368	0.0004061669810049
0.3655575768648835	0.0004161669810049
0.3656021285080929	0.0004261669810049
0.3656455586960202	0.0004361669810049
0.3656881202766848	0.0004461669810049
0.3657296058940974	0.0004561669810049
0.3657703184857031	0.0004661669810049
0.3658098717166651	0.0004761669810049
0.3658488940969962	0.0004861669810049
0.3658868253912433	0.0004961669810049
0.3659243194528826	0.0005061669810049
0.3659606933161945	0.0005161669810049
0.3659967683785899	0.0005261669810049
0.3660317433762810	0.0005361669810049
0.3660664899465054	0.0005461669810049
0.3661001383342972	0.0005561669810049
0.3661336787260022	0.0005661669810049
0.3661660505478609	0.0005761669810049
0.3661983151489638	0.0005861669810049
0.3662296296272277	0.0005961669810049
0.3662608760149662	0.0006061669810049
0.3662910991213585	0.0006161669810049
0.3663212238203216	0.0006261669810049
0.3663506308143061	0.0006361669810049
0.3663797111477488	0.0006461669810049
0.3664082560002602	0.0006561669810049
0.3664364115707529	0.0006661669810049
0.3664641082384404	0.0006761669810049
0.3664914175897169	0.0006861669810049
0.3665183426263219	0.0006961669810049
0.3665448262068490	0.0007061669810049
0.3665710217927390	0.0007161669810049
0.3665967397094577	0.0007261669810049
0.3666221781121776	0.0007361669810049
0.3666472748868815	0.0007461669810049
0.3666719835036291	0.0007561669810049
0.3666963935414112	0.0007661669810049
0.3667205520798398	0.0007761669810049
0.3667442379200092	0.0007861669810049
0.3667677829758505	0.0007961669810049
0.3667909631855203	0.0008061669810049
0.3668138905100497	0.0008161669810049
0.3668364041062300	0.0008261669810049
0.3668588364961061	0.0008361669810049
0.3668808594786752	0.0008461669810049
0.3669027965942948	0.0008561669810049
0.3669242156273360	0.0008661669810049
0.3669456073030629	0.0008761669810049
0.3669665612594522	0.0008861669810049
0.3669874949855171	0.0008961669810049
0.3670080181289735	0.0009061669810049
0.3670284868568671	0.0009161669810049
0.3670485882761604	0.0009261669810049
0.3670685500053896	0.0009361669810049
0.3670881878202307	0.0009461669810048
0.3671077226298108	0.0009561669810048
0.3671269737388432	0.0009661669810048
0.3671461055343581	0.0009761669810049
0.3671649803452476	0.0009861669810049
0.3671837109799140	0.0009961669810048
0.3672022216381937	0.0010061669810048
0.3672205761601468	0.0010162286508149
0.3672388489337815	0.0010263909373230
0.3672571223320960	0.0010366548466963
0.3672754196159903	0.0010470213951632
0.3672936873288268	0.0010574916091148
0.3673120143131658	0.0010680665252060
0.3673302634654393	0.0010787471904580
0.3673486254623639	0.0010895346623626
0.3673668597508025	0.0011004300089862
0.3673851988773564	0.0011114343090761
0.3674034719282909	0.0011225486521669
0.3674217846105735	0.0011337741386885
0.3674401081330301	0.0011451118800754
0.3674583883635982	0.0011565629988762
0.3674767541136907	0.0011681286288649
0.3674950177666122	0.0011798099151536
0.3675133449514070	0.0011916080143051
0.3675316732826273	0.0012035240944482
0.3675499649604881	0.0012155593353926
0.3675683207400511	0.0012277149287466
0.3675866163727245	0.0012399920780341
0.3676049326054120	0.0012523919988144
0.3676233026968316	0.0012649159188025
0.3676415823412735	0.0012775650779906
0.3676599104018147	0.0012903407287705
0.3676782753830551	0.0013032441360582
0.3676965633023867	0.0013162765774188
0.3677148938255781	0.0013294393431929
0.3677332623786101	0.0013427337366249
0.3677515570113559	0.0013561610739911
0.3677698830604714	0.0013697226847310
0.3677882411724711	0.0013834199115784
0.3678065650248764	0.0013972541106941
0.3678248821507827	0.0014112266518011
0.3678432264414885	0.0014253389183191
0.3678615927508923	0.0014395923075023
0.3678798981667571	0.0014539882305773
0.3678982268036648	0.0014685281128831
0.3679165738847567	0.0014832133940120
0.3679349386976807	0.0014980455279521
0.3679532534247919	0.0015130259832316
0.3679715816146774	0.0015281562430639
0.3679899251770919	0.0015434378054946
0.3680082795409198	0.0015588721835495
0.3680266296569170	0.0015744609053850
0.3680449543899244	0.0015902055144388
0.3680632882010559	0.0016061075695832
0.3680816321005328	0.0016221686452791
0.3680999818951218	0.0016383903317319
0.3681183385051815	0.0016547742350492
0.3681366836797424	0.0016713219773997
0.3681550152597806	0.0016880351971737
0.3681733532813000	0.0017049155491454
0.3681916950421393	0.0017219647046369
0.3682100410005548	0.0017391843516832
0.3682283891371239	0.0017565761952000
0.3682467398156731	0.0017741419571520
0.3682650914805725	0.0017918833767236
0.3682834442717283	0.0018098022104908
0.3683017972025191	0.0018279002325957
0.3683201398348908	0.0018461792349216
0.3683384836486860	0.0018646410272709
0.3683568289553668	0.0018832874375436
0.3683751756133741	0.0019021203119190
0.3683935234223712	0.0019211415150382
0.3684118721768771	0.0019403529301886
0.3684302219687469	0.0019597564594905
0.3684485713307681	0.0019793540240854
0.3684669205226170	0.0019991475643262
0.3684852691203633	0.0020191390399694
0.3685036178411029	0.0020393304303691
0.3685219659149851	0.0020597237346728
0.3685403144429016	0.0020803209720195
0.3685586622581064	0.0021011241817397
0.3685770104694123	0.0021221354235571
0.3685953582631976	0.0021433567777927
0.3686137062606508	0.0021647903455706
0.3686320543031895	0.0021864382490263
0.3686504023025636	0.0022083026315166
0.3686687508418811	0.0022303856578317
0.3686870990832227	0.0022526895144101
0.3687054478246906	0.0022752164095542
0.3687237965732097	0.0022979685736497
0.3687421455029688	0.0023209482593862
0.3687604950561039	0.0023441577419801
0.3687788444576227	0.0023675993193999
0.3687971943305710	0.0023912753125939
0.3688155445360815	0.0024151880657199
0.3688338948518366	0.0024393399463770
0.3688522457841715	0.0024637333458408
0.3688705968953093	0.0024883706792993
0.3688889482351765	0.0025132543860923
0.3689073002174947	0.0025383869299532
0.3689256523680590	0.0025637707992527
0.3689440047744609	0.0025894085072452
0.3689623577816354	0.0026153025923177
0.3689807110917804	0.0026414556182409
0.3689990646234597	0.0026678701744233
0.3690174186642471	0.0026945488761675
0.3690357732776469	0.0027214943649292
0.3690541280327961	0.0027487093085785
0.3690724831760616	0.0027761964016643
0.3690908389370707	0.0028039583656810
0.3691091950964646	0.0028319979493377
0.3691275515023279	0.0028603179288311
0.3691459083599687	0.0028889211081194
0.3691642658115923	0.0029178103192006
0.3691826237552973	0.0029469884223926
0.3692009819815434	0.0029764583066165
0.3692193406195589	0.0030062228896827
0.3692376997992336	0.0030362851185795
0.3692560596030912	0.0030666479697653
0.3692744198583606	0.0030973144494629
0.3692927804719421	0.0031282875939575
0.3693111415280338	0.0031595704698971
0.3693295031089066	0.0031911661745961
0.3693478652667747	0.0032230778363421
0.3693662280512426	0.0032553086147055
0.3693845913780081	0.0032878617008525
0.3694029551220245	0.0033207403178610
0.3694213193399752	0.0033539477210397
0.3694396840716543	0.0033874871982501
0.3694580493519553	0.0034213620702326
0.3694764152051279	0.0034555756909349
0.3694947816506185	0.0034901314478442
0.3695131487019200	0.0035250327623227
0.3695315163670233	0.0035602830899459
0.3695498846527345	0.0035958859208454
0.3695682535599904	0.0036318447800538
0.3695866230922042	0.0036681632278543
0.3696049932462029	0.0037048448601328
0.3696233639966874	0.0037418933087342
0.3696417353584494	0.0037793122418216
0.3696601073425790	0.0038171053642398
0.3696784799538145	0.0038552764178822
0.3696968531869037	0.0038938291820611
0.3697152270470396	0.0039327674738817
0.3697336015295116	0.0039720951486206
0.3697519766417414	0.0040118161001068
0.3697703523800961	0.0040519342611079
0.3697887287481914	0.0040924536037189
0.3698071057467971	0.0041333781397560
0.3698254833806766	0.0041747119211536
0.3698438616530857	0.0042164590403652
0.3698622405735663	0.0042586236307688
0.3698806201433202	0.0043012098670764
0.3698990003717739	0.0043442219657472
0.3699173812632507	0.0043876641854046
0.3699357628246147	0.0044315408272586
0.3699541450662412	0.0044758562355313
0.3699725279919998	0.0045206147978866
0.3699909116124733	0.0045658209458655
0.3700092959353752	0.0046114791553241
0.3700276809681088	0.0046575939468773
0.3700460667236524	0.0047041698863461
0.3700644532086588	0.0047512115852096
0.3700828404328412	0.0047987237010616
0.3701012284106041	0.0048467109380723
0.3701196171491099	0.0048951780474531
0.3701380066595141	0.0049441298279276
0.3701563969569779	0.0049935711262070
0.3701747880505655	0.0050435068374690
0.3701931799519828	0.0050939419058436
0.3702115726762229	0.0051448813249021
0.3702299662351813	0.0051963301381510
0.3702483606402849	0.0052482934395325
0.3702667559057842	0.0053007763739279
0.3702851520474713	0.0053537841376672
0.3703035490760581	0.0054073219790439
0.3703219470047945	0.0054613951988342
0.3703403458487988	0.0055160091508225
0.3703587456237475	0.0055711692423308
0.3703771463402907	0.0056268809347541
0.3703955468843484	0.0056831497441017
0.3704139462792451	0.0057399812415427
0.3704323467093811	0.0057973810539582
0.3704507481806885	0.0058553548644977
0.3704691506983636	0.0059139084131428
0.3704875542688466	0.0059730474972741
0.3705059588850756	0.0060327779722468
0.3705243645390522	0.0060931057519692
0.3705427712251222	0.0061540368094889
0.3705611789370319	0.0062155771775838
0.3705795876711893	0.0062777329493597
0.3705979974263018	0.0063405102788532
0.3706164082031494	0.0064039153816418
0.3706348200042918	0.0064679545354583
0.3706532328339501	0.0065326340808129
0.3706716466977612	0.0065979604216210
0.3706900616026604	0.0066639400258373
0.3707084772903906	0.0067305794260956
0.3707268938131620	0.0067978852203567
0.3707453113972248	0.0068658640725602
0.3707637300538200	0.0069345227132857
0.3707821497952705	0.0070038679404186
0.3708005706350910	0.0070739066198227
0.3708189925878003	0.0071446456860210
0.3708374156689863	0.0072160921428811
0.3708558398950326	0.0072882530643099
0.3708742652830788	0.0073611355949529
0.3708926918508640	0.0074347469509024
0.3709111196167815	0.0075090944204115
0.3709295485990521	0.0075841853646155
0.3709479788149042	0.0076600272182616
0.3709664102808047	0.0077366274904442
0.3709848430127008	0.0078139937653487
0.3710032770262668	0.0078921337030022
0.3710217123370497	0.0079710550400323
0.3710401489607354	0.0080507655904326
0.3710585869131957	0.0081312732463368
0.3710770262107198	0.0082125859788003
0.3710954668700894	0.0082947118385883
0.3711139087517050	0.0083776589569742
0.3711323516906552	0.0084614355465441
0.3711507957270236	0.0085460499020096
0.3711692408997599	0.0086315104010296
0.3711876872467990	0.0087178255050400
0.3712061348052195	0.0088050037600904
0.3712245836114491	0.0088930537976912
0.3712430337013251	0.0089819843356681
0.3712614851102909	0.0090718041790248
0.3712799378735637	0.0091625222208150
0.3712983920262184	0.0092541474430231
0.3713168476033701	0.0093466889174534
0.3713353046402740	0.0094401558066280
0.3713537631721228	0.0095345573646941
0.3713722232214175	0.0096299029383411
0.3713906847923388	0.0097262019677245
0.3714091478906527	0.0098234639874017
0.3714276125237516	0.0099216986272759
0.3714460787007001	0.0100209156135488
0.3714645464322297	0.0101211247696842
0.3714830157307834	0.0102223360173810
0.3715014866105760	0.0103245593775548
0.3715199590876481	0.0104278049713303
0.3715384331798526	0.0105320830210436
0.3715569089069202	0.0106374038512541
0.3715753862904078	0.0107437778897668
0.3715938653535900	0.0108512156686646
0.3716123461213408	0.0109597278253512
0.3716308286200860	0.0110693251036048
0.3716493128777807	0.0111800183546409
0.3716677989239066	0.0112918185381873
0.3716862867894824	0.0114047367235692
0.3717047765070575	0.0115187840908051
0.3717232681088311	0.0116339719317131
0.3717417616261687	0.0117503116510304
0.3717602570900548	0.0118678147675408
0.3717787545313002	0.0119864929152160
0.3717972539807370	0.0121063578443682
0.3718157554693945	0.0122274214228119
0.3718342590287069	0.0123496956370400
0.3718527646907306	0.0124731925934106
0.3718712724883463	0.0125979245193447
0.3718897824554531	0.0127239037645383
0.3719082946271551	0.0128511428021838
0.3719268090399236	0.0129796542302055
0.3719453257315422	0.0131094507725074
0.3719638447179837	0.0132405452802323
0.3719823660003839	0.0133729507330347
0.3720008895856403	0.0135066802403651
0.3720194154857249	0.0136417470427687
0.3720379437144828	0.0137781645131966
0.3720564742878618	0.0139159461583288
0.3720750072241368	0.0140551056199119
0.3720935425441313	0.0141956566761112
0.3721120802714152	0.0143376132428722
0.3721306204322344	0.0144809893753011
0.3721491630554681	0.0146257992690542
0.3721677081726247	0.0147720572617448
0.3721862558178754	0.0149197778343621
0.3722048060072434	0.0150689756127057
0.3722233581651754	0.0152196653688327
0.3722419123730023	0.0153718620225212
0.3722604687118394	0.0155255806427467
0.3722790272628092	0.0156808364491740
0.3722975881047270	0.0158376448136655
0.3723161513132719	0.0159960212618020
0.3723347169616505	0.0161559814744201
0.3723532851212281	0.0163175412891645
0.3723718558621249	0.0164807167020563
0.3723904292537835	0.0166455238690766
0.3724090053655127	0.0168119791077675
0.3724275842477784	0.0169800988988451
0.3724461659185804	0.0171498998878337
0.3724647504023584	0.0173213988867122
0.3724833377296360	0.0174946128755795
0.3725019279367424	0.0176695590043354
0.3725205210656073	0.0178462545943790
0.3725391171605744	0.0180247171403228
0.3725577162673739	0.0182049643117260
0.3725763184336924	0.0183870139548431
0.3725949165805721	0.0185708840943914
0.3726135145342834	0.0187565929353352
0.3726321158653517	0.0189441588646887
0.3726507206140601	0.0191336004533356
0.3726693288246209	0.0193249364578691
0.3726879405453674	0.0195181858224478
0.3727065558289592	0.0197133676806726
0.3727251747324160	0.0199105013574793
0.3727437973169946	0.0201096063710540
0.3727624236432929	0.0203107024347646
0.3727810537719891	0.0205138094591120
0.3727996877645724	0.0207189475537032
0.3728183256274455	0.0209261370292405
0.3728369673657748	0.0211353983995328
0.3728556129938068	0.0213467523835281
0.3728742625345860	0.0215602199073637
0.3728929160195869	0.0217758221064371
0.3729115734884389	0.0219935803275018
0.3729302341041760	0.0222135161307765
0.3729488979173355	0.0224356512920846
0.3729675650403957	0.0226600078050054
0.3729862355837153	0.0228866078830554
0.3730049096567448	0.0231154739618857
0.3730235873686743	0.0233466287015047
0.3730422688290960	0.0235800949885196
0.3730609541486838	0.0238158959384046
0.3730796434398930	0.0240540548977883
0.3730983368176352	0.0242945954467659
0.3731170343995968	0.0245375414012336
0.3731357362575148	0.0247829168152457
0.3731544424345948	0.0250307459833978
0.3731731529803090	0.0252810534432318
0.3731918679507978	0.0255338639776640
0.3732105874092971	0.0257892026174403
0.3732293114265704	0.0260470946436147
0.3732480400810125	0.0263075655900505
0.3732667734586119	0.0265706412459509
0.3732855116530379	0.0268363476584108
0.3733042547639463	0.0271047111349951
0.3733230028921899	0.0273757582463447
0.3733417561411403	0.0276495158288083
0.3733605146174760	0.0279260109870961
0.3733792784318614	0.0282052710969670
0.3733980476613430	0.0284873238079369
0.3734168223358873	0.0287721970460163
0.3734356014040764	0.0290599190164762
0.3734543848677884	0.0293505182066413
0.3734731728648349	0.0296440233887075
0.3734919655365749	0.0299404636225943
0.3735107630262443	0.0302398682588203
0.3735295654800168	0.0305422669414086
0.3735483730480639	0.0308476896108224
0.3735671836704175	0.0311561665069303
0.3735859861454929	0.0314677281719992
0.3736047896241790	0.0317824054537197
0.3736235990466259	0.0321002295082568
0.3736424145575861	0.0324212318033394
0.3736612362989218	0.0327454441213727
0.3736800643115112	0.0330728985625860
0.3736988986513365	0.0334036275482120
0.3737177393897000	0.0337376638236939
0.3737365866130208	0.0340750404619306
0.3737554404227937	0.0344157908665495
0.3737743009357116	0.0347599487752147
0.3737931682744172	0.0351075482629664
0.3738120425688155	0.0354586237455964
0.3738309239569689	0.0358132099830521
0.3738498117080851	0.0361713420828826
0.3738687052794698	0.0365330555037110
0.3738876049315728	0.0368983860587484
0.3739065108019441	0.0372673699193356
0.3739254230422223	0.0376400436185295
0.3739443418142889	0.0380164440547146
0.3739632672881794	0.0383966084952621
0.3739821996433034	0.0387805745802142
0.3740011390698279	0.0391683803260158
0.3740200857696951	0.0395600641292756
0.3740390399570523	0.0399556647705686
0.3740580018499266	0.0403552214182737
0.3740769716699906	0.0407587736324563
0.3740959495099934	0.0411663613687809
0.3741149354795602	0.0415780249824689
0.3741339297104114	0.0419938052322932
0.3741529323562423	0.0424137432846158
0.3741719435903653	0.0428378807174620
0.3741909619933200	0.0432662595246366
0.3742099875252992	0.0436989221198830
0.3742290123891683	0.0441359113410813
0.3742480275887086	0.0445772704544923
0.3742670510961306	0.0450230431590375
0.3742860832042592	0.0454732735906275
0.3743051240729063	0.0459280063265343
0.3743241738673644	0.0463872863898003
0.3743432327705382	0.0468511592536989
0.3743623009829206	0.0473196708462353
0.3743813787237543	0.0477928675546972
0.3744004662323496	0.0482707962302436
0.3744195637695862	0.0487535041925455
0.3744386716066574	0.0492410392344707
0.3744577899402424	0.0497334496268151
0.3744769188802695	0.0502307841230831
0.3744960567308406	0.0507330919643132
0.3745152033769616	0.0512404228839570
0.3745343591533988	0.0517528271127959
0.3745535244163389	0.0522703553839246
0.3745726995293547	0.0527930589377643
0.3745918848655432	0.0533209895271414
0.3746110808108404	0.0538541994224123
0.3746302876244475	0.0543927414166371
0.3746495035546451	0.0549366688308026
0.3746687282842691	0.0554860355191101
0.3746879646139116	0.0560408958743017
0.3747072128549582	0.0566013048330454
0.3747264508581598	0.0571673178813757
0.3747456886075761	0.0577389910601902
0.3747649377694557	0.0583163809707914
0.3747841979573681	0.0588995447805000
0.3748034695737639	0.0594885402283043
0.3748227529270243	0.0600834256305871
0.3748420483543674	0.0606842598868938
0.3748613562246756	0.0612911024857620
0.3748806769396081	0.0619040135106199
0.3749000109253551	0.0625230536457261
0.3749193586251600	0.0631482841821831
0.3749387203388042	0.0637797670240047
0.3749580963327666	0.0644175646942447
0.3749774867720759	0.0650617403411863
0.3749968890994133	0.0657123577445976
0.3750163038760658	0.0663694813220427
0.3750357316776270	0.0670331761352627
0.3750551730997295	0.0677035078966153
0.3750746286711667	0.0683805429755823
0.3750940987765796	0.0690643484053385
0.3751135801830211	0.0697549918893929
0.3751330367388289	0.0704525418082873
0.3751525096886069	0.0711570672263704
0.3751719994769556	0.0718686378986340
0.3751915065946826	0.0725873242776207
0.3752110292150546	0.0733131975203964
0.3752305666102985	0.0740463294956011
0.3752501192908981	0.0747867927905581
0.3752696878076603	0.0755346607184643
0.3752892727562317	0.0762900073256486
0.3753088747799584	0.0770529073989043
0.3753284945535980	0.0778234364728942
0.3753481280187403	0.0786016708376231
0.3753677778527805	0.0793876875459991
0.3753874464457222	0.0801815644214594
0.3754071308267434	0.0809833800656733
0.3754268318297641	0.0817932138663300
0.3754465493228932	0.0826111460049934
0.3754662339519907	0.0834372574650435
0.3754859380125646	0.0842716300396941
0.3755056620138690	0.0851143463400914
0.3755254065453608	0.0859654898034925
0.3755451722614390	0.0868251447015276
0.3755649598696719	0.0876933961485429
0.3755847681473512	0.0885703301100293
0.3756045953874870	0.0894560334111302
0.3756244423231012	0.0903505937452409
0.3756443097682128	0.0912540996826944
0.3756641985867947	0.0921666406795207
0.3756841097016015	0.0930883070863164
0.3757040440126552	0.0940191901571807
0.3757240021544890	0.0949593820587527
0.3757439541315275	0.0959089758793406
0.3757638963178789	0.0968680656381346
0.3757838603776839	0.0978367462945169
0.3758038473542039	0.0988151137574628
0.3758238583624562	0.0998032648950363
0.3758438943929361	0.1008012975439876
0.3758639491154889	0.1018093105194260
0.3758840282336185	0.1028274036246207
0.3759041349240334	0.1038556776608669
0.3759242652038049	0.1048942344374763
0.3759444199618453	0.1059431767818513
0.3759646002648968	0.1070026085496694
0.3759848072065093	0.1080726346351656
0.3760049965398233	0.1091533609815186
0.3760251875872884	0.1102448945913327
0.3760454093056610	0.1113473435372450
0.3760656627063237	0.1124608169726184
0.3760859431069502	0.1135854251423437
0.3761062514178482	0.1147212793937682
0.3761265890120621	0.1158684921877075
0.3761469573733196	0.1170271771095854
0.3761673578901947	0.1181974488806823
0.3761877916632473	0.1193794233694907
0.3762082575197750	0.1205732176031854
0.3762287314569455	0.1217789497792158
0.3762491767831579	0.1229967392770087
0.3762696481719499	0.1242267066697783
0.3762901489886575	0.1254689737364764
0.3763106854658961	0.1267236634738422
0.3763312590368529	0.1279909001085794
0.3763518696687770	0.1292708091096663
0.3763725133248794	0.1305635172007616
0.3763931919542263	0.1318691523727686
0.3764139071755919	0.1331878438964970
0.3764346592751666	0.1345197223354617
0.3764553571209134	0.1358649195588156
0.3764760973380087	0.1372235687544034
0.3764968784053436	0.1385958044419457
0.3765176972590168	0.1399817624863643
0.3765385558139448	0.1413815801112290
0.3765594561746839	0.1427953959123416
0.3765804005981637	0.1442233498714634
0.3766013903933735	0.1456655833701791
0.3766224057247674	0.1471222392038797
0.3766433914039736	0.1485934615959179
0.3766643884160032	0.1500793962118753
0.3766854314824062	0.1515801901739954
0.3767065229528138	0.1530959920757337
0.3767276647705242	0.1546269519964924
0.3767488538836721	0.1561732215164569
0.3767700887146168	0.1577349537316215
0.3767913722867015	0.1593123032689379
0.3768126917912805	0.1609054263016290
0.3768339599236902	0.1625144805646474
0.3768552843625843	0.1641396253702953
0.3768766621600907	0.1657810216239998
0.3768980914021278	0.1674388318402416
0.3769195566142161	0.1691132201586458
0.3769410786671807	0.1708043523602335
0.3769626606805856	0.1725123958838352
0.3769842679487923	0.1742375198426729
0.3770058331146696	0.1759798950410976
0.3770274564849297	0.1777396939915096
0.3770491410696672	0.1795170909314256
0.3770708901700332	0.1813122618407398
0.3770927058459685	0.1831253844591473
0.3771145810074477	0.1849566383037400
0.3771365191926488	0.1868062046867777
0.3771584020010109	0.1886742667336478
0.3771803099512076	0.1905610094009828
0.3772022910130539	0.1924666194949906
0.3772243404143208	0.1943912856899389
0.3772464579085691	0.1963351985468384
0.3772686477750313	0.1982985505323072
0.3772909146372127	0.2002815360376317
0.3773130995239776	0.2022843513980091
0.3773353614847711	0.2043071949119890
0.3773576981081569	0.2063502668611072
0.3773801141185397	0.2084137695297194
0.3774026055599846	0.2104979072250156
0.3774251638133764	0.2126028862972680
0.3774477139360070	0.2147289151602388
0.3774702628716179	0.2168762043118435
0.3774928990368797	0.2190449663549598
0.3775156282536895	0.2212354160185099
0.3775384504145068	0.2234477701786932
0.3775613594510618	0.2256822478804807
0.3775842865152265	0.2279390703592852
0.3776071947452704	0.2302184610628782
0.3776301781718036	0.2325206456735055
0.3776532600074090	0.2348458521302401
0.3776764386696276	0.2371943106515414
0.3776997210863040	0.2395662537580556
0.3777229787702173	0.2419619162956354
0.3777462741949558	0.2443815354585922
0.3777696772971563	0.2468253508131756
0.3777931896090272	0.2492936043213100
0.3778168023341614	0.2517865403645204
0.3778404780159938	0.2543044057681635
0.3778640874362200	0.2568474498258464
0.3778878125000961	0.2594159243241077
0.3779116612676616	0.2620100835673499
0.3779356428382222	0.2646301844030221
0.3779597518764666	0.2672764862470552
0.3779837638160721	0.2699492511095286
0.3780078603605225	0.2726487436206270
0.3780320889334656	0.2753752310568347
0.3780564638033483	0.2781289833674005
0.3780809746961595	0.2809102732010731
0.3781053833301190	0.2837193759330829
0.3781299270913067	0.2865565696924139
0.3781546334375864	0.2894221353893403
0.3781794536767385	0.2923163567432318
0.3782043738219013	0.2952395203106618
0.3782292169949776	0.2981919155137684
0.3782542351313408	0.3011738346689044
0.3782794226400650	0.3041855730155928
0.3783047816097220	0.3072274287457472
0.3783301226873636	0.3102997030332013
0.3783554854514133	0.3134027000635334
0.3783810369557788	0.3165367270641680
0.3784067734904352	0.3197020943348124
0.3784326456482555	0.3228991152781608
0.3784584483979130	0.3261281064309421
0.3784844410005945	0.3293893874952518
0.3785105956284867	0.3326832813702064
0.3785369705974375	0.3360101141839091
0.3785632197402976	0.3393702153257515
0.3785896847668423	0.3427639174790093
0.3786163729061445	0.3461915566538027
0.3786432465113454	0.3496534722203394
0.3786700123166423	0.3531500069425443
0.3786969787190355	0.3566815070119698
0.3787241928597437	0.3602483220820872
0.3787516758950390	0.3638508053029049
0.3787789894180458	0.3674893133559305
0.3788065178729570	0.3711642064894879
0.3788343229110348	0.3748758485543794
0.3788623806877834	0.3786246070399237
0.3788903276665042	0.3824108531103260
0.3789185038042039	0.3862349616414329
0.3789469736555479	0.3900973112578434
0.3789755814362437	0.3939982843704189
0.3790042290886751	0.3979382672141199
0.3790331740086856	0.4019176498862624
0.3790623974374638	0.4059368263851261
0.3790915666097546	0.4099961946489801
0.3791210027939297	0.4140961565954710
0.3791507989245874	0.4182371181614238
0.3791807182153832	0.4224194893430394
0.3792106353176645	0.4266436842364684
0.3792409657987673	0.4309101210788346
0.3792717101380677	0.4352192222896247
0.3793022298053991	0.4395714145125197
0.3793331442931545	0.4439671286576430
0.3793645055458810	0.4484067999442169
0.3793959341486884	0.4528908679436607
0.3794274654783915	0.4574197766230979
0.3794595167116454	0.4619939743893258
0.3794918261081505	0.4666139141332220
0.3795241135993966	0.4712800532745555
0.3795569114690618	0.4759928538072991
0.3795901142236291	0.4807527823453684
0.3796232647078529	0.4855603101688248
0.3796568835466315	0.4904159132705101
0.3796910288473878	0.4953200724032165
0.3797251138507622	0.5002732731272522
0.3797596815323109	0.5052760058585246
0.3797948240091379	0.5103287659171123
0.3798299114813669	0.5154320535762867
0.3798655676613859	0.5205863741120528
0.3799017710999130	0.5257922378531747
0.3799379692893073	0.5310501602317025
0.3799748352773135	0.5363606618340165
0.3800121752139335	0.5417242684523560
0.3800496588589740	0.5471415111368790
0.3800878720855201	0.5526129262482447
0.3801264361655528	0.5581390555107236
0.3801653257056162	0.5637204460658347
0.3802050641975020	0.5693576505264946
0.3802449565902217	0.5750512270317567
0.3802854300153818	0.5808017393020782
0.3803269510680380	0.5866097566951007
0.3803682588496871	0.5924758542620532
0.3804105673397926	0.5984006128046726
0.3804536788805992	0.6043846189327170
0.3804968598974822	0.6104284651220427
0.3805414536152332	0.6165327497732593
0.3805861614033613	0.6226980772709885
0.3806316704481030	0.6289250580436972
0.3806785823089882	0.6352143086241339
0.3807252023153001	0.6415664517103714
0.3807736541353244	0.6479821162274773
0.3808222965436894	0.6544619373897541
0.3808720997566428	0.6610065567636504
0.3809233212066962	0.6676166223312884
0.3809746524994300	0.6742927885546003
0.3810277316593191	0.6810357164401435
0.3810816519708811	0.6878460736045419
0.3811366563380802	0.6947245343405866
0.3811937499267327	0.7016717796839901
0.3812506295914221	0.7086884974808283
0.3813107174085641	0.7157753824556352
0.3813705935116011	0.7229331362801897
0.3814329668707602	0.7301624676429904
0.3814969709015656	0.7374640923194181
0.3815623127867236	0.7448387332426128
0.3816310581669060	0.7522871205750361
0.3816993343348514	0.7598099917807852
0.3817720909468651	0.7674080916985939
0.3818454073507805	0.7750821726155777
0.3819223992768598	0.7828329943417329
0.3820019317656049	0.7906613242851513
0.3820838924786779	0.7985679375280018
0.3821703315445076	0.8065536169032836
0.3822588784029190	0.8146191530723187
0.3823543367240406	0.8227653446030431
0.3824487304638041	0.8309929980490731
0.3825534985978046	0.8393029280295629
0.3826590172372616	0.8476959573098589
0.3827757806221370	0.8561729168829598
0.3828936204542817	0.8647346460517906
0.3830225652960599	0.8733819925123105
0.3831589657244610	0.8821158124374355
0.3833084302649123	0.8909369705618086
0.3834666586456619	0.8998463402674275
0.3836376777450810	0.9088448036701011
0.3838308061895271	0.9179332517068010
0.3840289898624630	0.9268388219103348
0.3842724352720461	0.9361072101294369
0.3845029576804905	0.9437956582714883
0.3847731926779462	0.9532336148542024
0.3851827447762649	0.9627659510027445
0.3856641494030450	0.9723936105127713
0.3858298073057485	0.9702071541513895
0.3861249122798864	0.9795973515406836
0.3861337368788829	0.9767574647615972
0.3865017358776674	0.9862710159818344
0.3868923020376170	0.9901822568348609
0.3871772663983746	0.9910910108039590
0.3876731373558054	0.9926441031279429
0.3890488320305673	0.9938287874560570
0.3895895132456331	0.9971856834944464
0.3937733037857746	0.9993036703793804
0.3948754183969455	0.9995688080770637
0.4010031192778171	0.9998782702739477
0.4014853824279511	0.9999181583386982
0.4050002320462920	0.9999516909175379
0.4067656564618884	0.9999877006976040
0.4078461939069718	0.9999923525561790
0.4180289287091164	0.9999974549481203
0.4200569981583672	0.9999988666626611
0.4268430447252093	0.9999996598378728
0.4310310627375081	0.9999998477966791
0.4375199646788343	0.9999999549735042
0.4410315859626464	0.9999999796402080
0.4473802962154450	0.9999999939936092
0.4504631742662161	0.9999999972691475
0.4569673384484061	0.9999999991913817
0.4598031643139480	0.9999999996301738
0.4662929424481553	0.9999999998898002
0.4688783635747802	0.9999999999494673
0.4754480103660184	0.9999999999848802
0.4779937538950232	0.9999999999930642
0.4846539659048819	0.9999999999979211
0.4872729530985117	0.9999999999990471
0.4939826530272208	0.9999999999997141
0.4966967304229761	0.9999999999998690
0.5034008119776847	0.9999999999999608
0.5061900441587801	0.9999999999999822
0.5125907797752052	1.0000000016550477
0.5125908199621629	1.0000000018689825
0.5335597695027777	1.0000000022585926
0.5336273445072476	1.0000000023129754
0.5504265468456302	1.0000000023744851
0.5507345766120574	1.0000000023836160
0.5650551773299214	1.0000000023920002
0.5656655165002962	1.0000000023933042
0.5782820473894635	1.0000000023943325
0.5792039016935210	1.0000000023944999
0.5902545976210557	1.0000000023945872
0.5921867000359691	1.0000000023946374
0.5931510773489124	1.0000000023946436
0.6014609423341833	1.0000503029767123
0.6039582647952219	1.0000577626396303
0.6232904811080047	1.0000588695787593
0.6510441679528800	0.9999770137221364
0.7164214985806797	1.0000039151070053
0.7230890718595456	1.0000074700642110
0.8768952642650721	1.0000085689330314
0.9206082250937669	1.0000085872558058
0.9642479021746793	1.0000085875617959
0.9989452013655306	1.0000087319888815
1.0016760563205169	1.0000087741230854
1.0223871494796910	1.0000087802732263
1.0383240759845238	1.0000087817818808
1.0450426539655810	1.0000087821971011
1.0609910700118867	1.0000087822898536
1.3773339203974859	1.0011776026378236
1.3827985414364536	1.0003473507042677
1.3906061365451503	1.0001155800152901
1.4011112827442593	1.0000317821387146
1.4040217959789649	1.0000116214956662
1.4153501153486574	1.0000047125571341
1.4183234239380351	1.0000030881967226
1.4291672025880811	1.0000025341484668
1.4318387852934065	1.0000024042252071
1.4384346179102199	1.0000023289944653
1.4417291115746458	1.0000023117167851
1.4579711095639298	1.0000023058589009
1.4621123440911961	1.0000023046332007
1.4732625782861213	1.0000023042274668
1.4766263673982556	1.0000023041430552
1.4888784153399786	1.0000023041151571
1.4924324741155084	1.0000023041093551
1.5043393597437864	1.0000023041074377
1.5078370493398117	1.0000023041070392
1.5198471346029878	1.0000023041069075
1.5233635769800453	1.0000023041068800
1.5354944118180311	1.0000023041068711
1.5390533820029124	1.0000023041068689
1.5631634963616547	0.9857169693611350
1.5631634963616547	0.9981301785368014
1.5681538439154896	0.9996800337975660
1.5794923742806946	0.9998618042746165
1.6071963803751299	0.9999427555036275
1.6101784516795226	0.9999824374502279
1.6224739330090869	0.9999875459097838
1.6343147208752804	0.9999907335302169
1.6376766209503966	0.9999918019193957
1.6473710556099364	0.9999922293961246
1.6553247722214040	0.9999922917954693
1.6699386644263154	0.9999923125463270
1.6785385551035956	0.9999923152286727
1.6794269805099826	0.9999961663963702
1.6819350985241721	0.9999972997250414
1.6927500359658723	0.9999974462114591
1.7010889415969768	0.9999984569172509
1.7014181405727991	0.9999986813448414
1.7153434766121960	0.9999987431131705
1.7210966674560648	0.9999987785731443
1.7220673067639740	0.9999987831567126
1.7234349414747754	0.9999988014442673
1.7247361404972301	0.9999988257886256
1.7249784648589446	0.9999988289353865
1.7387576535902607	0.9999988303859044
1.7398748310078189	0.9999988307851356
1.7427191630174881	0.9999988314309847
1.7457079392215358	0.9999988320154906
1.7460643748658666	0.9999988320910440
1.7526574332618281	0.9999988330576920
1.7530844880321135	0.9999988331826402
1.7695706569103349	0.9999988332152332
1.7710191371384509	0.9999988332878236
1.7716575048733618	0.9999988332972066
1.7874851063851676	0.9999988333040588
1.7878317990678074	0.9999988333054042
1.8000290291965728	0.9999988333060790
1.8046707744203112	0.9999988333061917
1.8151861668967844	0.9999988333062509
1.8196154028130194	0.9999988333062609
1.8297132091119133	0.9999988333062660
1.8346928093628947	0.9999988333062668
1.8415045989792722	0.9999988333062676
1.8514164460489251	0.9999992326917045
1.8523604620626846	0.9999994825802929
1.8578146021255428	0.9999996008257902
1.8653347920340286	0.9999996192354994
1.8692720857653873	0.9999996337868274
1.8844052407455429	0.9999996392260556
1.8915138470021453	0.9999996403443379
1.8998200847583921	0.9999996408910921
1.9062407101899503	0.9999996409906989
1.9141745365849576	0.9999996410433603
1.9195108673779440	0.9999996410525925
1.9290507465038698	0.9999996410573162
1.9337396353246130	0.9999996410581466
1.9423475988103795	0.9999996410585977
1.9469435294784490	0.9999996410586760
1.9544645538477576	1.0000001336537077
1.9544645543679815	1.0000001973262671
1.9762624156547459	1.0000002078240071
1.9762665360644343	1.0000002174111668
1.9769825460816488	1.0000002290093897
1.9770327130851963	1.0000002390409843
1.9780851840381504	1.0000002516264610
1.9783092557845738	1.0000002535732819
1.9948392952071523	1.0000002540057311
1.9948607971237529	1.0000002543132742
1.9965176094162849	1.0000002543530273
1.9981690307905760	1.0000002546270268
1.9986965649660440	1.0000002546624436
2.0058450144583073	1.0000002551216980
2.0059733443622472	1.0000002551856082
2.0245489898123759	1.0000002552317386
2.0246973132436947	1.0000002552377008
2.0393367824114481	1.0000002552413685
2.0397853869713369	1.0000002552420315
2.0507056474362457	1.0000002552424068
2.0538909989451226	1.0000002552424716
2.0643223487025475	1.0000002552425069
2.0682784088829194	1.0000002552425129
2.0771868608104973	1.0000002552425165
2.0806319631338992	1.0000002552425169
2.0824740999557623	1.0002282239916938
2.0824740999557703	1.0002557063989250
2.0826919995233535	1.0006932337144916
2.0913715682802594	1.0004322437869322
2.1069747228657016	1.0000929200595212
2.1223005773482115	1.0000171969927398
2.1409887163957926	1.0000030797475790
2.1591989263722504	1.0000005960682627
2.1750306585078922	1.0000001189221646
2.1967716761451981	1.0000000272333156
2.2866955517752623	1.0000000032329379
2.3004374795223121	0.9999999989259986
2.4758965411007861	0.9605703079258812
2.4758965411007861	0.9851257743444286
2.4760218235745626	0.9981434982332354
2.4769799466059692	0.9995003829429615
2.4959786596930713	0.9998780157344197
2.5027605018721726	0.9999551729069243
2.5099117480271058	0.9999651063063622
2.5227662133670270	0.9999904506230286
2.5232005788223861	0.9999937260846363
2.5287463032454367	0.9999964264451433
2.5391177196597643	0.9999977220587860
2.5405276554017755	0.9999983052727838
2.5442803783037458	0.9999987826976865
2.5497724735516711	0.9999988220645641
2.5589080077443072	0.9999989918021782
2.5694081797879638	0.9999990165783089
2.5720866286524928	0.9999992937240645
2.5771463404190191	0.9999994548151573
2.5785651793464437	0.9999994783292463
2.5889588663748664	0.9999998146832967
2.5891359132985379	0.9999998581602767
2.6018475140910255	0.9999998776962145
2.6025669267480125	0.9999999120842274
2.6031040543310211	0.9999999219060425
2.6068760087061662	0.9999999615815650
2.6094216493864857	0.9999999769043098
2.6149384712786965	0.9999999825668453
2.6180105352410368	0.9999999856300182
2.6278531398449769	0.9999999868258841
2.6289822623208181	0.9999999884900931
2.6318777073861019	0.9999999889003426
2.6387775050864017	0.9999999890391991
2.6387935928350066	0.9999999893365596
2.6401095822827640	0.9999999893749962
2.6483546866544909	0.9999999894382189
2.6497981744862202	0.9999999895152734
2.6598212320151768	0.9999999895455438
2.6642276023844436	0.9999999895501011
2.6680286274639666	0.9999999895549251
2.6698836648385318	0.9999999895599696
2.6707769023606232	0.9999999898000217
2.6710762806463459	0.9999999898317021
2.6903468861897086	0.9999999898384833
2.6920660361202016	0.9999999898435671
2.6931466866122782	0.9999999898659473
2.6932324265978145	0.9999999898694982
2.6951056579453514	0.9999999898895676
2.6955306095994782	0.9999999898923507
2.6985450189654610	0.9999999899001686
2.6996830859390850	0.9999999899096854
2.7000109944742809	0.9999999899109159
2.7183205955291925	0.9999999899123738
2.7183753184032664	0.9999999899125640
2.7230603286010329	0.9999999899127771
2.7270798056415519	0.9999999899130245
2.7274069960772116	0.9999999899130571
2.7331373368299658	0.9999999899133134
2.7334836916934537	0.9999999899133473
2.7537701733921063	0.9999999899133941
2.7538108027379269	0.9999999899134000
2.7632813121617992	0.9999999899134103
2.7639909526545550	0.9999999899134120
2.7650439156800490	0.9999999899134218
2.7654126534637657	0.9999999899134233
2.7664062219330567	1.0004427535946254
2.7724222407925936	1.0000948094258149
2.7950856263281607	1.0000689493782164
2.8111440422949197	1.0000671546911424
2.8278928145721718	1.0001296424969244
2.8825056625987133	0.9998773277070137
2.9487353957878035	0.9999727997560027
2.9494831848705267	1.0000199595302925
2.9564541978663947	0.9994206545188339
2.9581980544584581	0.9998251563223886
2.9741025775780852	0.9999438815086664
2.9866124651314223	0.9999863624787108
2.9935797931422883	0.9999973216997462
2.9982157676673218	0.9999987377115234
3.0123323750238100	1.0000005437167676
3.0141233201689821	1.0000012960002091
3.0220254877459767	1.0000015030419187
3.0258322689082262	1.0000015876228749
3.0294909829561778	1.0000015985556727
3.0356352477602746	1.0000016209363760
3.0439779801225608	1.0000016265395291
3.0516639755297867	1.0000016297494005
3.0545808242473780	1.0000016304855959
3.0584424267486772	1.0000016305807555
3.0762269990917517	1.0000016307021067
3.0815265132911680	1.0000016308093607
3.0843972092128875	1.0000016308427548
3.0972842612936300	1.0000016308555084
3.1063133506178540	1.0000016308579962
3.1190295492085993	1.0000016308588566
3.1271937180479741	1.0000016308590105
3.1410838775722509	1.0000016308590480
3.1451030250357643	1.0000016308590591
3.1573805212037898	1.0000016308590605
3.1598569884509287	1.0000016308590614
3.1664618533211697	1.0000016308590616
3.1727748559526794	1.0000016308590616
3.1738605263753699	1.0100016471676523
3.1742282542909321	1.0014289424188947
3.1759610535280993	1.0003613376598994
3.1981988989729655	1.0000762460097894
3.2042729611022760	1.0000273195336791
3.2213791823276701	1.0000128073442902
3.2227584066934445	1.0000098688929016
3.2300183708258867	0.9999940358513191
3.2328337046855635	0.9999919886397175
3.2589693318158415	0.9999909138581492
3.5908836175846535	0.9999761202236513
3.6716922013532729	0.9998949143269927
3.7694482968471412	0.9999596740462624
3.7702414505359441	0.9999934414682918
3.7891074945950911	1.0001369138498537
3.8598391238695635	0.9605344943121610
3.8598391238696634	0.9899386114970323
3.8601542570389560	1.0003169601277617
3.8721446421649337	1.0000356744862799
3.9237833807668543	0.9856659542963210
3.9239487309196042	0.9981216594650815
3.9246681659934675	0.9997911309529055
3.9546876176743782	0.9999817659438012
4.0864638643466282	0.9999949779677667
4.1507294041693639	0.9999969044982967
4.1545949980957744	0.9999978481861874
4.1586173129232282	1.0000001549733319
4.1611060369804633	1.0000004531418274
4.1651760484819516	1.0000008333326706
4.1709543012722525	1.0000009311562617
4.1808255164339876	1.0000010370180590
4.1935830265006953	1.0000010695568378
4.2039370996845911	1.0000010743064263
4.2212412700440911	1.0000010756227200
4.2315606288223835	1.0000010758148561
4.2521991320173864	1.0000010758681046
4.2625186231520171	1.0000010758758768
4.2831563143919560	1.0000010758780309
4.2934739432510067	1.0000010758783096
4.3158388178007367	1.0000010758783862
4.3273444242270287	1.0000010758783964
4.3524530114164079	1.0000010758783988
4.3607100952524922	1.0000010758783988
4.7801543763871264	0.9800010543608308
4.7801543763871264	0.9999984651314558
5.5698227666815416	0.9999999209389094
7.0058933421380996	0.9999998999161787
