0.0000000000000000	0.0000000000000000
0.3505595508927112	0.0000300000000000
0.3508155826701607	0.0000100254519998
0.3509002952150497	0.0000168730722394
0.3516973352185111	0.0000164106991604
0.3519919699315537	0.0000252608925151
0.3525495476978229	0.0000319110200856
0.3526963382273772	0.0000215489641557
0.3532790369293168	0.0000414527995831
0.3534706194107362	0.0000330543235361
0.3535782073348081	0.0000371521086770
0.3540644037931007	0.0000474421195330
0.3544545272347744	0.0000583134006964
0.3548214582681208	0.0000683134006964
0.3550717670167408	0.0000783134006964
0.3553165417183821	0.0000883134006964
0.3555250551469415	0.0000983134006964
0.3557185513307529	0.0001083134006964
0.3558873751239588	0.0001183134006964
0.3560483412547640	0.0001283134006964
0.3561919924784033	0.0001383134006964
0.3563304530437584	0.0001483134006964
0.3564538489678657	0.0001583134006964
0.3565751284876468	0.0001683134006964
0.3566834332922073	0.0001783134006964
0.3567910973960980	0.0001883134006964
0.3568880525754684	0.0001983134006964
0.3569840150657180	0.0002083134006964
0.3570721755262992	0.0002183134006964
0.3571594202293505	0.0002283134006964
0.3572401849116438	0.0002383134006964
0.3573194749093625	0.0002483134006964
0.3573939859916508	0.0002583134006964
0.3574671726285853	0.0002683134006964
0.3575362772195237	0.0002783134006964
0.3576038207997519	0.0002883134006964
0.3576682603896399	0.0002983134006964
0.3577312491750878	0.0003083134006964
0.3577915673271512	0.0003183134006964
0.3578502697339742	0.0003283134006964
0.3579068582453860	0.0003383134006964
0.3579620490809927	0.0003483134006964
0.3580154529925078	0.0003583134006964
0.3580673470642404	0.0003683134006964
0.3581179119363316	0.0003783134006964
0.3581670001920629	0.0003883134006964
0.3582150107078683	0.0003983134006964
0.3582616157059775	0.0004083134006964
0.3583073052410859	0.0004183134006964
0.3583516190847490	0.0004283134006964
0.3583952030039615	0.0004383134006964
0.3584374417562822	0.0004483134006964
0.3584791083493161	0.0004583134006964
0.3585194520901208	0.0004683134006964
0.3585593569956372	0.0004783134006964
0.3585979002286212	0.0004883134006964
0.3586361578628541	0.0004983134006964
0.3586731310241824	0.0005083134006964
0.3587099047897083	0.0005183134006964
0.3587454058023509	0.0005283134006964
0.3587808013701727	0.0005383134006964
0.3588149513614374	0.0005483134006964
0.3588489905309934	0.0005583134006964
0.3588819718430325	0.0005683134006964
0.3589147686338255	0.0005783134006964
0.3589465399701249	0.0005883134006964
0.3589781420893858	0.0005983134006964
0.3590089877947585	0.0006083134006964
0.3590394784051175	0.0006183134006964
0.3590692767663178	0.0006283134006964
0.3590988650131323	0.0006383134006964
0.3591276833624590	0.0006483134006964
0.3591563205397413	0.0006583134006964
0.3591843164882181	0.0006683134006964
0.3592120366113783	0.0006783134006964
0.3592392364435201	0.0006883134006964
0.3592661519924127	0.0006983134006964
0.3592925714280338	0.0007083134006964
0.3593187252999488	0.0007183134006964
0.3593444024614549	0.0007283134006964
0.3593697721309547	0.0007383134006964
0.3593948679543192	0.0007483134006964
0.3594194588452564	0.0007583134006964
0.3594439193516226	0.0007683134006964
0.3594679293553728	0.0007783134006964
0.3594916924958984	0.0007883134006964
0.3595150576437459	0.0007983134006964
0.3595383498057879	0.0008083134006964
0.3595610769276327	0.0008183134006964
0.3595837209929428	0.0008283134006964
0.3596059239389319	0.0008383134006964
0.3596281074113661	0.0008483134006964
0.3596498066158590	0.0008583134006964
0.3596713758756887	0.0008683134006964
0.3596925247945844	0.0008783134006964
0.3597136335413471	0.0008883134006964
0.3597343520467042	0.0008983134006964
0.3597549938785125	0.0009083134006964
0.3597752873238677	0.0009183134006964
0.3597954792882669	0.0009283134006964
0.3598153142389530	0.0009383134006964
0.3598350075598598	0.0009483134006964
0.3598544338427697	0.0009583134006964
0.3598737175413095	0.0009683134006964
0.3598927626144618	0.0009783134006964
0.3599116437641857	0.0009883134006964
0.3599303191529177	0.0009983134006963
0.3599488155393417	0.0010083134006963
0.3599671337826946	0.0010183965347033
0.3599854081032350	0.0010285805000503
0.3600037168444011	0.0010388663050508
0.3600219846516119	0.0010492549681013
0.3600403202865806	0.0010597475177824
0.3600585750887151	0.0010703449929602
0.3600769428859494	0.0010810484428898
0.3600951814301254	0.0010918589273187
0.3601135317132761	0.0011027775165918
0.3601318054303653	0.0011138052917578
0.3601501275374329	0.0011249433446753
0.3601684492218579	0.0011361927781221
0.3601867423780243	0.0011475547059033
0.3602051164579618	0.0011590302529623
0.3602233782908453	0.0011706205554919
0.3602417213905162	0.0011823267610468
0.3602600407162254	0.0011941500286573
0.3602783461512083	0.0012060915289439
0.3602967200845159	0.0012181524442333
0.3603150022521123	0.0012303339686756
0.3603333339576693	0.0012426373083624
0.3603516913086809	0.0012550636814460
0.3603699852927229	0.0012676143182605
0.3603883300907452	0.0012802904614431
0.3604066756267814	0.0012930933660575
0.3604249813324297	0.0013060242997181
0.3604433289483793	0.0013190845427153
0.3604616782212108	0.0013322753881425
0.3604799866890571	0.0013455981420239
0.3604983299094722	0.0013590541234441
0.3605166976135785	0.0013726446646785
0.3605350026796982	0.0013863711113253
0.3605533362807496	0.0014002348224386
0.3605716987746034	0.0014142371706630
0.3605900332441110	0.0014283795423696
0.3606083543951499	0.0014426633377933
0.3606266995689633	0.0014570899711712
0.3606450628795457	0.0014716608708829
0.3606633931748368	0.0014863774795918
0.3606817207900844	0.0015012412543877
0.3607000638897320	0.0015162536669315
0.3607184219159641	0.0015314162036008
0.3607367748856732	0.0015467303656368
0.3607550991599878	0.0015621976692932
0.3607734362767873	0.0015778196459861
0.3607917831721970	0.0015935978424460
0.3608101389400407	0.0016095338208705
0.3608285013739513	0.0016256291590791
0.3608468307463813	0.0016418854506700
0.3608651667789198	0.0016583043051767
0.3608835091356085	0.0016748873482284
0.3609018566565373	0.0016916362217107
0.3609202083837678	0.0017085525839278
0.3609385631209071	0.0017256381097671
0.3609569203746912	0.0017428944908648
0.3609752672154808	0.0017603234357734
0.3609936073316956	0.0017779266701311
0.3610119506973641	0.0017957059368325
0.3610302959598045	0.0018136629962008
0.3610486434751357	0.0018317996261628
0.3610669918122566	0.0018501176224244
0.3610853417163188	0.0018686187986486
0.3611036917367155	0.0018873049866351
0.3611220429099759	0.0019061780365014
0.3611403937328992	0.0019252398168664
0.3611587455399383	0.0019444922150351
0.3611770965132383	0.0019639371371855
0.3611954476197234	0.0019835765085574
0.3612137975455590	0.0020034122736429
0.3612321475494605	0.0020234463963793
0.3612504967245250	0.0020436808603431
0.3612688459010563	0.0020641176689466
0.3612871946361957	0.0020847588456360
0.3613055432419202	0.0021056064340924
0.3613238918285826	0.0021266624984333
0.3613422401222611	0.0021479291234177
0.3613605888517818	0.0021694084146518
0.3613789370761040	0.0021911024987983
0.3613972857241894	0.0022130135237863
0.3614156341674664	0.0022351436590242
0.3614339827358824	0.0022574950956144
0.3614523316820582	0.0022800700465705
0.3614706804651939	0.0023028707470363
0.3614890297770637	0.0023258994545066
0.3615073790706572	0.0023491584490516
0.3615257285624558	0.0023726500335421
0.3615440787302634	0.0023963765338776
0.3615624287240750	0.0024203402992164
0.3615807791222472	0.0024445437022085
0.3615991300369963	0.0024689891392306
0.3616174809595359	0.0024936790306229
0.3616358323756789	0.0025186158209291
0.3616541842941701	0.0025438019791385
0.3616725362991710	0.0025692399989298
0.3616908888015651	0.0025949323989191
0.3617092419315269	0.0026208817229084
0.3617275951492891	0.0026470905401375
0.3617459488011812	0.0026735614455388
0.3617643031444620	0.0027002970599942
0.3617826577194420	0.0027273000305941
0.3618010126218466	0.0027545730309001
0.3618193680740264	0.0027821187612090
0.3618377242024024	0.0028099399488212
0.3618560805253700	0.0028380393483094
0.3618744372401657	0.0028664197417924
0.3618927945254083	0.0028950839392104
0.3619111525135745	0.0029240347786025
0.3619295107590973	0.0029532751263886
0.3619478693909352	0.0029828078776524
0.3619662285330611	0.0030126359564289
0.3619845882912241	0.0030427623159932
0.3620029486945024	0.0030731899391531
0.3620213094222733	0.0031039218385447
0.3620396705764681	0.0031349610569301
0.3620580322385823	0.0031663106674994
0.3620763944718834	0.0031979737741744
0.3620947573275457	0.0032299535119161
0.3621131208398520	0.0032622530470353
0.3621314847768045	0.0032948755775056
0.3621498491748592	0.0033278243332807
0.3621682140761188	0.0033611025766135
0.3621865795210895	0.0033947136023797
0.3622049455330769	0.0034286607384034
0.3622233121379826	0.0034629473457874
0.3622416793442301	0.0034975768192453
0.3622600471678783	0.0035325525874378
0.3622784156082754	0.0035678781133122
0.3622967846754223	0.0036035568944453
0.3623151543601073	0.0036395924633897
0.3623335246586890	0.0036759883880236
0.3623518955519867	0.0037127482719038
0.3623702670136253	0.0037498757546228
0.3623886390557202	0.0037873745121690
0.3624070116746793	0.0038252482572907
0.3624253848704776	0.0038635007398637
0.3624437586350649	0.0039021357472623
0.3624621329654478	0.0039411571047349
0.3624805078606349	0.0039805686757822
0.3624988833224162	0.0040203743625401
0.3625172593537496	0.0040605781061655
0.3625356359618107	0.0041011838872271
0.3625540131492959	0.0041421957260994
0.3625723909286306	0.0041836176833604
0.3625907693011774	0.0042254538601940
0.3626091482778152	0.0042677083987960
0.3626275278657725	0.0043103854827840
0.3626459080736312	0.0043534893376119
0.3626642889146304	0.0043970242309880
0.3626826703949115	0.0044409944732980
0.3627010525274583	0.0044854044180309
0.3627194353210021	0.0045302584622113
0.3627378187838058	0.0045755610468333
0.3627562029292164	0.0046213166573017
0.3627745877620133	0.0046675298238747
0.3627929732913525	0.0047142051221134
0.3628113595290064	0.0047613471733346
0.3628297464801701	0.0048089606450680
0.3628481341545982	0.0048570502515186
0.3628665225638041	0.0049056207540337
0.3628849117139767	0.0049546769615741
0.3629033016153081	0.0050042237311899
0.3629216922809341	0.0050542659685018
0.3629400837176384	0.0051048086281869
0.3629584759355797	0.0051558567144688
0.3629768689478030	0.0052074152816134
0.3629952621460098	0.0052594894344296
0.3630136538463840	0.0053120843287738
0.3630320464231453	0.0053652051720616
0.3630504398859976	0.0054188572237822
0.3630688342399002	0.0054730457960200
0.3630872294920917	0.0055277762539803
0.3631056256518874	0.0055830540165200
0.3631240227305534	0.0056388845566853
0.3631424207362308	0.0056952734022522
0.3631608196777817	0.0057522261362747
0.3631792195660455	0.0058097483976375
0.3631976204132460	0.0058678458816139
0.3632160222329938	0.0059265243404300
0.3632344250359733	0.0059857895838343
0.3632528288340576	0.0060456474796727
0.3632712336405973	0.0061061039544695
0.3632896394699396	0.0061671649940142
0.3633080463373505	0.0062288366439543
0.3633264542586880	0.0062911250103939
0.3633448632485564	0.0063540362604978
0.3633632733207601	0.0064175766231028
0.3633816844885274	0.0064817523893339
0.3634000967646801	0.0065465699132272
0.3634185101616613	0.0066120356123594
0.3634369246916836	0.0066781559684830
0.3634553403667840	0.0067449375281679
0.3634737571989424	0.0068123869034496
0.3634921752001754	0.0068805107724840
0.3635105943826374	0.0069493158802089
0.3635290147587291	0.0070188090390111
0.3635474363411610	0.0070889971294012
0.3635658591430771	0.0071598871006952
0.3635842831667173	0.0072314859717022
0.3636027084051413	0.0073038008314193
0.3636211348541179	0.0073768388397335
0.3636395625119804	0.0074506072281308
0.3636579913793532	0.0075251133004122
0.3636764214590957	0.0076003644334162
0.3636948527560525	0.0076763680777504
0.3637132852770530	0.0077531317585280
0.3637317190307084	0.0078306630761134
0.3637501540274011	0.0079089697068745
0.3637685902791701	0.0079880594039433
0.3637870277996645	0.0080679399979827
0.3638054666041203	0.0081486193979625
0.3638239067092708	0.0082301055919421
0.3638423481333247	0.0083124066478616
0.3638607908943588	0.0083955307143403
0.3638792350099775	0.0084794860214837
0.3638976804974759	0.0085642808816986
0.3639161273739673	0.0086499236905155
0.3639345755921312	0.0087364229274206
0.3639530248736672	0.0088237871566947
0.3639714752596567	0.0089120250282618
0.3639899267897070	0.0090011452785444
0.3640083795021594	0.0090911567313299
0.3640268334344017	0.0091820682986431
0.3640452886231137	0.0092738889816294
0.3640637451044412	0.0093666278714456
0.3640822029142415	0.0094602941501600
0.3641006620881749	0.0095548970916615
0.3641191226616941	0.0096504460625780
0.3641375846701319	0.0097469505232038
0.3641560481487985	0.0098444200284358
0.3641745131330028	0.0099428642287202
0.3641929796581681	0.0100422928710073
0.3642114477599501	0.0101427157997172
0.3642299174743053	0.0102441429577143
0.3642483888373541	0.0103465843872916
0.3642668618833153	0.0104500502311645
0.3642853366450167	0.0105545507334760
0.3643038131543037	0.0106600962408108
0.3643222914422566	0.0107666972032190
0.3643407715248682	0.0108743641752513
0.3643592534007695	0.0109831078170037
0.3643777370719514	0.0110929388951737
0.3643962225436042	0.0112038682841253
0.3644147098240192	0.0113159069669665
0.3644331989245166	0.0114290660366362
0.3644516898593829	0.0115433566970025
0.3644701826458085	0.0116587902639725
0.3644886773038231	0.0117753781666122
0.3645071738562052	0.0118931319482783
0.3645256723282688	0.0120120632677611
0.3645441727477058	0.0121321839004386
0.3645626751444722	0.0122535057394430
0.3645811795507024	0.0123760407968372
0.3645996859978333	0.0124998012048057
0.3646181945168787	0.0126247992168537
0.3646367051388290	0.0127510472090224
0.3646552178950257	0.0128785576811125
0.3646737328175143	0.0130073432579239
0.3646922499392375	0.0131374166905031
0.3647107692941106	0.0132687908574082
0.3647292909171159	0.0134014787659823
0.3647478148444183	0.0135354935536422
0.3647663411134993	0.0136708484891785
0.3647848697633091	0.0138075569740704
0.3648034008344156	0.0139456325438110
0.3648219343691525	0.0140850888692491
0.3648404704116819	0.0142259397579414
0.3648590090068140	0.0143681991555209
0.3648775501605790	0.0145118811470760
0.3648960938760287	0.0146569999585466
0.3649146401599551	0.0148035699581322
0.3649331890229215	0.0149516056577134
0.3649517402468255	0.0151011217142908
0.3649702931753179	0.0152521329314339
0.3649888487267451	0.0154046542607484
0.3650074064282390	0.0155587008033559
0.3650259662031556	0.0157142878113894
0.3650445281217009	0.0158714306895033
0.3650630922547594	0.0160301449963982
0.3650816586740173	0.0161904464463624
0.3651002274521175	0.0163523509108261
0.3651187986628451	0.0165158744199345
0.3651373723792728	0.0166810331641340
0.3651559486722739	0.0168478434957751
0.3651745276113342	0.0170163219307326
0.3651931092650585	0.0171864851500399
0.3652116937015802	0.0173583500015400
0.3652302809889842	0.0175319335015555
0.3652488711957402	0.0177072528365709
0.3652674643911231	0.0178843253649364
0.3652860586303866	0.0180631686185858
0.3653046476423792	0.0182438003047717
0.3653232399733128	0.0184262383078194
0.3653418356258825	0.0186105006908974
0.3653604346118760	0.0187966056978063
0.3653790369511824	0.0189845717547842
0.3653976426671656	0.0191744174723322
0.3654162517869819	0.0193661616470556
0.3654348643418942	0.0195598232635261
0.3654534803675896	0.0197554214961614
0.3654720999045033	0.0199529757111228
0.3654907229977654	0.0201525054682342
0.3655093496971760	0.0203540305229168
0.3655279800572384	0.0205575708281458
0.3655466141372500	0.0207631465364275
0.3655652520014458	0.0209707780017919
0.3655838937145859	0.0211804857818096
0.3656025393420518	0.0213922906396279
0.3656211889503586	0.0216062135460240
0.3656398426076828	0.0218222756814840
0.3656585003742504	0.0220404984382987
0.3656771622534728	0.0222609034226820
0.3656958277631364	0.0224835124569089
0.3657144965257378	0.0227083475814777
0.3657331686267328	0.0229354310572924
0.3657518441571477	0.0231647853678651
0.3657705232133887	0.0233964332215438
0.3657892058943255	0.0236303975537595
0.3658078922986647	0.0238667015292972
0.3658265825258891	0.0241053685445904
0.3658452766771508	0.0243464222300362
0.3658639748560810	0.0245898864523367
0.3658826771691074	0.0248357853168604
0.3659013837258543	0.0250841431700291
0.3659200946395767	0.0253349846017297
0.3659388100276317	0.0255883344477473
0.3659575300057675	0.0258442177922244
0.3659762546315911	0.0261026599701465
0.3659949839437585	0.0263636865698479
0.3660137179901656	0.0266273234355464
0.3660324568279855	0.0268935966699020
0.3660512005237807	0.0271625326366006
0.3660699491536957	0.0274341579629665
0.3660887028035892	0.0277084995425961
0.3661074615687448	0.0279855845380222
0.3661262255466142	0.0282654403834020
0.3661449948378048	0.0285480947872363
0.3661637695471063	0.0288335757351089
0.3661825497845134	0.0291219114924599
0.3662013345986063	0.0294131306073848
0.3662201239448202	0.0297072619134587
0.3662389180033113	0.0300043345325936
0.3662577168764113	0.0303043778779191
0.3662765206787492	0.0306074216566982
0.3662953221129144	0.0309134958732653
0.3663141185965709	0.0312226308319977
0.3663329206270120	0.0315348571403178
0.3663517283120211	0.0318502057117211
0.3663705417675471	0.0321687077688387
0.3663893611181867	0.0324903948465275
0.3664081864977783	0.0328152987949928
0.3664270180500364	0.0331434517829431
0.3664458559220664	0.0334748863007728
0.3664647002633307	0.0338096351637806
0.3664835511933729	0.0341477315154184
0.3665024087594401	0.0344892088305729
0.3665212730265788	0.0348341009188787
0.3665401440777727	0.0351824419280675
0.3665590220136541	0.0355342663473483
0.3665779069496676	0.0358896090108216
0.3665967990088624	0.0362485051009302
0.3666156972403291	0.0366109901519398
0.3666346013016694	0.0369771000534591
0.3666535114385466	0.0373468710539934
0.3666724278999913	0.0377203397645331
0.3666913509395645	0.0380975431621781
0.3667102807262806	0.0384785185937996
0.3667292173977668	0.0388633037797377
0.3667481606241929	0.0392519368175347
0.3667671084218104	0.0396444561857102
0.3667860635552358	0.0400409007475669
0.3668050262124911	0.0404413097550422
0.3668239965959018	0.0408457228525929
0.3668429749184014	0.0412541800811188
0.3668619613977993	0.0416667218819302
0.3668809562585051	0.0420833891007496
0.3668999595960693	0.0425042229917568
0.3669189715219654	0.0429292652216745
0.3669379918519776	0.0433585578738907
0.3669570049551649	0.0437921434526291
0.3669760148283219	0.0442300648871559
0.3669950324967602	0.0446723655360276
0.3670140582181520	0.0451190891913884
0.3670330922574732	0.0455702800833028
0.3670521348892727	0.0460259828841365
0.3670711863999402	0.0464862427129778
0.3670902470658911	0.0469511051401080
0.3671093170307593	0.0474206161915096
0.3671283964622726	0.0478948223534249
0.3671474855479747	0.0483737705769585
0.3671665844969850	0.0488575082827285
0.3671856935400090	0.0493460833655559
0.3672048129139149	0.0498395441992113
0.3672239428890721	0.0503379396412040
0.3672430829688513	0.0508413190376154
0.3672622318764144	0.0513497322279916
0.3672813898881998	0.0518632295502710
0.3673005572900911	0.0523818618457730
0.3673197343924914	0.0529056804642306
0.3673389215312809	0.0534347372688734
0.3673581190541402	0.0539690846415621
0.3673773273221333	0.0545087754879775
0.3673965467122152	0.0550538632428574
0.3674157775416401	0.0556044018752860
0.3674350200252330	0.0561604458940382
0.3674542538587196	0.0567220503529787
0.3674734855811205	0.0572892708565082
0.3674927302275076	0.0578621635650741
0.3675119874159875	0.0584407852007249
0.3675312553441592	0.0590251930527322
0.3675505344854210	0.0596154449832590
0.3675698253343496	0.0602115994330913
0.3675891283212504	0.0608137154274222
0.3676084437389676	0.0614218525816973
0.3676277719143702	0.0620360711075141
0.3676471132100531	0.0626564318185897
0.3676664642815981	0.0632829961367758
0.3676858277198758	0.0639158260981438
0.3677052054841172	0.0645549843591257
0.3677245978839295	0.0652005342027169
0.3677440030648019	0.0658525395447440
0.3677634205703239	0.0665110649401918
0.3677828509143358	0.0671761755895944
0.3678022946375969	0.0678479373454898
0.3678217523015348	0.0685264167189438
0.3678412244925440	0.0692116808861332
0.3678606723291251	0.0699037976949947
0.3678801320424878	0.0706028356719448
0.3678996080493694	0.0713088640286644
0.3679191007212517	0.0720219526689516
0.3679386104739822	0.0727421721956410
0.3679581367124761	0.0734695939175981
0.3679776774361248	0.0742042898567748
0.3679972333930055	0.0749463327553419
0.3680168051848767	0.0756957960828960
0.3680363933132842	0.0764527540437241
0.3680559983269694	0.0772172815841609
0.3680756208256112	0.0779894544000021
0.3680952614612238	0.0787693489440014
0.3681149209150841	0.0795570424334413
0.3681345996065493	0.0803526128577753
0.3681542946976865	0.0811561389863530
0.3681740063056799	0.0819677003762155
0.3681936955920839	0.0827873773799774
0.3682133915490819	0.0836152511537775
0.3682331067047200	0.0844514036653160
0.3682528418483892	0.0852959177019702
0.3682725966954896	0.0861488768789896
0.3682923659818966	0.0870103656477788
0.3683121569300048	0.0878804693042567
0.3683319693963585	0.0887592739973002
0.3683518004698612	0.0896468667372722
0.3683716511851011	0.0905433354046441
0.3683915224110666	0.0914487687586913
0.3684114148997968	0.0923632564462783
0.3684313294514266	0.0932868890107410
0.3684512669327142	0.0942197579008494
0.3684712202689397	0.0951619554798584
0.3684911426442891	0.0961135750346568
0.3685110900638007	0.0970747107850045
0.3685310592775198	0.0980454578928558
0.3685510512172147	0.0990259124717856
0.3685710668797929	0.1000161715965046
0.3685911073368588	0.1010163333124686
0.3686111737170686	0.1020264966455938
0.3686312667821892	0.1030467616120509
0.3686513873867788	0.1040772292281713
0.3686715324267715	0.1051180015204536
0.3686917016872402	0.1061691815356579
0.3687118965710487	0.1072308733510154
0.3687321018117772	0.1083031820845268
0.3687522731581194	0.1093862139053706
0.3687724697605305	0.1104800760444256
0.3687926966836302	0.1115848768048691
0.3688129551025641	0.1127007255729193
0.3688332411673574	0.1138277328286480
0.3688535551902986	0.1149660101569330
0.3688738983778543	0.1161156702585024
0.3688942720508565	0.1172768269610889
0.3689146776566545	0.1184495952306982
0.3689351166751550	0.1196340911830053
0.3689555884059876	0.1208304320948366
0.3689760197770741	0.1220387364157842
0.3689964722828182	0.1232591237799436
0.3690169573996207	0.1244917150177447
0.3690374767861428	0.1257366321679219
0.3690580321388667	0.1269939984896022
0.3690786246928532	0.1282639384744967
0.3690992550089329	0.1295465778592430
0.3691199181773697	0.1308420436378362
0.3691406066415199	0.1321504640742134
0.3691613282273614	0.1334719687149561
0.3691820367397329	0.1348066884021062
0.3692027422028502	0.1361547552861274
0.3692234896610014	0.1375163028389873
0.3692442783791243	0.1388914658673767
0.3692651047481612	0.1402803805260494
0.3692859708894354	0.1416831843313118
0.3693068786714070	0.1431000161746230
0.3693278301617785	0.1445310163363701
0.3693488276105935	0.1459763264997319
0.3693698430239849	0.1474360897647284
0.3693908207450258	0.1489104506623751
0.3694118422296587	0.1503995551689990
0.3694329096878889	0.1519035507206897
0.3694540234303941	0.1534225862278953
0.3694751736217469	0.1549568120901742
0.3694963713972821	0.1565063802110750
0.3695176147786340	0.1580714440131842
0.3695389065382118	0.1596521584533160
0.3695601771967058	0.1612486800378480
0.3695814553624724	0.1628611668382255
0.3696027898056686	0.1644897785066073
0.3696241777724147	0.1661346762916752
0.3696456168945078	0.1677960230545939
0.3696671104585472	0.1694739832851388
0.3696886614420439	0.1711687231179883
0.3697102726023746	0.1728804103491667
0.3697318488505876	0.1746092144526583
0.3697534270517340	0.1763553065971854
0.3697750613231959	0.1781188596631569
0.3697967570225328	0.1799000482597898
0.3698185171624848	0.1816990487423873
0.3698403439291496	0.1835160392298094
0.3698622298405115	0.1853511996221075
0.3698841361984948	0.1872047116183301
0.3699060085774325	0.1890767587345149
0.3699279510175860	0.1909675263218615
0.3699499672245306	0.1928772015850806
0.3699720520771425	0.1948059736009324
0.3699941970698757	0.1967540333369409
0.3700163995505704	0.1987215736703097
0.3700386121880608	0.2007087894070134
0.3700608094512359	0.2027158773010816
0.3700830854453505	0.2047430360740949
0.3701054365372496	0.2067904664348358
0.3701278671141471	0.2088583710991863
0.3701503819292726	0.2109469548101773
0.3701729812308897	0.2130564243582767
0.3701954991694183	0.2151869886018611
0.3702180860199795	0.2173388584878793
0.3702407383151377	0.2195122470727605
0.3702634832487449	0.2217073695434891
0.3702863208172558	0.2239244432389235
0.3703092459476446	0.2261636876713112
0.3703321103213998	0.2284253245480256
0.3703550370550324	0.2307095777935061
0.3703780672139476	0.2330166735714430
0.3704011979757530	0.2353468403071566
0.3704244222455135	0.2377003087102297
0.3704477161931531	0.2400773117973299
0.3704709160780938	0.2424780849153047
0.3704942315062466	0.2449028657644586
0.3705176538672983	0.2473518944221019
0.3705411861601855	0.2498254133663257
0.3705648356525882	0.2523236674999880
0.3705884796442648	0.2548469041749857
0.3706121469583231	0.2573953732167380
0.3706358955019292	0.2599693269489066
0.3706597663429365	0.2625690202183969
0.3706837698345683	0.2651947104205781
0.3707078221990348	0.2678466575247812
0.3707318418983925	0.2705251241000304
0.3707559952839067	0.2732303753410285
0.3707802909845527	0.2759626790944385
0.3708047108772887	0.2787223058853849
0.3708291633449693	0.2815095289442384
0.3708535815353877	0.2843246242336798
0.3708781524107576	0.2871678704760159
0.3709028860462260	0.2900395491807783
0.3709277688576581	0.2929399446725842
0.3709526595145519	0.2958693441193130
0.3709775462551655	0.2988280375605059
0.3710025943943043	0.3018163179361144
0.3710278107188417	0.3048344811154738
0.3710531984772781	0.3078828259266293
0.3710784734520932	0.3109616541858926
0.3711039234783373	0.3140712707277509
0.3711295389405340	0.3172119834350292
0.3711553070017291	0.3203841032693813
0.3711810927088715	0.3235879443020728
0.3712069314901343	0.3268238237450899
0.3712329792579648	0.3300920619825398
0.3712592316887092	0.3333929826023676
0.3712855563359174	0.3367269124283906
0.3713118280422403	0.3400941815526737
0.3713383293383931	0.3434951233681985
0.3713650564003032	0.3469300746018835
0.3713919444358769	0.3503993753479045
0.3714187549768152	0.3539033691013847
0.3714457614053911	0.3574424027923954
0.3714730178724767	0.3610168268203178
0.3715004345936964	0.3646269950885206
0.3715278122095232	0.3682732650394051
0.3715554524802383	0.3719559976898021
0.3715833021701901	0.3756755576667021
0.3716112547378932	0.3794323132433666
0.3716392539723036	0.3832266363757973
0.3716675524872241	0.3870589027395540
0.3716961222767888	0.3909294917669459
0.3717246211556233	0.3948387866846169
0.3717533275474319	0.3987871745514620
0.3717823578978905	0.4027750462969766
0.3718116783906268	0.4068027967599434
0.3718407937447930	0.4108708247275460
0.3718702894075487	0.4149795329748184
0.3719001529357336	0.4191293283045703
0.3719300624314883	0.4233206215876155
0.3719600679917360	0.4275538278034898
0.3719904656148185	0.4318293660815216
0.3720211550591845	0.4361476597423385
0.3720517991616081	0.4405091363397622
0.3720828091965649	0.4449142277031571
0.3721142467203777	0.4493633699801892
0.3721455668749879	0.4538570036799925
0.3721773019518886	0.4583955737167941
0.3722094330106659	0.4629795294539660
0.3722415984137237	0.4676093247485016
0.3722740713258815	0.4722854179959871
0.3723070324883419	0.4770082721759441
0.3723400832302158	0.4817783548977025
0.3723733606175597	0.4865961384466755
0.3724072229536591	0.4914620998311405
0.3724412074174132	0.4963767208294525
0.3724754017252701	0.5013404880377488
0.3725102527918563	0.5063538929181246
0.3725452257359677	0.5114174318473098
0.3725804407457006	0.5165316061657816
0.3726163848404922	0.5216969222274400
0.3726524156805753	0.5269138914497119
0.3726887509563351	0.5321830303642060
0.3727259295074095	0.5375048606678475
0.3727630773929748	0.5428799092745250
0.3728007029430890	0.5483087083672726
0.3728392612953621	0.5537917954509469
0.3728776199238557	0.5593297134054569
0.3729167309329978	0.5649230105395118
0.3729567289814381	0.5705722406449101
0.3729964431887301	0.5762779630513604
0.3730372825587133	0.5820407426818722
0.3730785833723697	0.5878611501086908
0.3731201219293778	0.5937397616097776
0.3731628111521113	0.5996771592258721
0.3732056682666620	0.6056739308181304
0.3732493078647035	0.6117306701263104
0.3732940596469502	0.6178479768275751
0.3733387396529804	0.6240264565958500
0.3733845876960467	0.6302667211618069
0.3734312743766208	0.6365693883734265
0.3734783907658002	0.6429350822571592
0.3735271242606733	0.6493644330797342
0.3735757321588049	0.6558580774105309
0.3736258821790463	0.6624166581846396
0.3736770632768944	0.6690408247664824
0.3737287368501082	0.6757312330141455
0.3737825327966396	0.6824885453442896
0.3738360593244106	0.6893134307977303
0.3738918137587767	0.6962065651057043
0.3739485101017359	0.7031686307567623
0.3740061081913688	0.7102003170643333
0.3740664164550782	0.7173023202349792
0.3741263828724977	0.7244753434373271
0.3741896712871771	0.7317200968716973
0.3742531521159239	0.7390372978404173
0.3743195883452059	0.7464276708188231
0.3743877937011429	0.7538919475270132
0.3744570981956117	0.7614308670022827
0.3745308107659682	0.7690451756723026
0.3746041235995936	0.7767356274290274
0.3746824693497786	0.7845029837033147
0.3747617149530061	0.7923480135403490
0.3748453340883334	0.8002714936757500
0.3749315632996837	0.8082742086125099
0.3750218008814060	0.8163569506986370
0.3751162331297406	0.8245205202056243
0.3752129004861166	0.8327657254076786
0.3753181474944638	0.8410933826617540
0.3754258400506273	0.8495043164883699
0.3755435213518036	0.8579993596532535
0.3756625523170271	0.8665793532497842
0.3757978948425071	0.8752451467822803
0.3759325635575263	0.8839975982501033
0.3760866962137278	0.8928375742326040
0.3762434475898458	0.9017659499749305
0.3764084864546393	0.9111567526568435
0.3766181692782419	0.9202683201834132
0.3768367477147274	0.9294710033852471
0.3770912575659646	0.9384462928790117
0.3773764904494521	0.9557371818201781
0.3773859599426989	0.9465749641415918
0.3776082014891937	0.9539784064425124
0.3779416626804947	0.9629711607264124
0.3779687309080385	0.9597296220192689
0.3781889718120498	0.9706868264638630
0.3782088817249915	0.9664756449013896
0.3785067234542454	0.9786673580371743
0.3787336418931889	0.9841178253505447
0.3789521934441326	0.9816066562509871
0.3789972218959614	0.9760621494989805
0.3794561836133553	0.9811311354354999
0.3799530902478425	0.9852610756569721
0.3800032073597193	0.9888448773708359
0.3807388437584522	0.9918347956752078
0.3810841833260726	0.9955234680974510
0.3832357613686477	0.9977891886509695
0.3836475597713011	0.9985547210692436
0.3874398588985072	0.9994973835947973
0.3920952969989445	0.9998725623549563
0.3930251563270589	0.9999206941436756
0.3944818282816595	0.9999423828385053
0.4011803360454407	0.9999848870829181
0.4028122098872863	0.9999926678524234
0.4120953768148313	0.9999978515742560
0.4134738305454865	0.9999990032462241
0.4206797129350508	0.9999997109612574
0.4230099622172450	0.9999998649842659
0.4302290309747656	0.9999999590633851
0.4321208430224759	0.9999999809210418
0.4388977617752746	0.9999999941901544
0.4412353405146888	0.9999999973213355
0.4481829654039159	0.9999999991894384
0.4509985304549884	0.9999999996284030
0.4578577258673391	0.9999999998882301
0.4608458130390728	0.9999999999488861
0.4676106653513711	0.9999999999846885
0.4706309684062364	0.9999999999930006
0.4773189792090018	0.9999999999979067
0.4802717022380331	0.9999999999990427
0.4869086740616663	0.9999999999997137
0.4897708012990846	0.9999999999998689
0.4963917425046368	0.9999999999999606
0.4991824258871346	0.9999999999999819
0.5056638076343111	0.9999999999999948
0.5085851059891354	0.9999999999999973
0.5125907735437885	1.0000004006871859
0.5125907735651992	1.0000004524797572
0.5329920119081927	1.0000005013385196
0.5330655053279929	1.0000005076539786
0.5487987323017735	1.0000005124309679
0.5489168122136477	1.0000005130484393
0.5623791069108417	1.0000005134971464
0.5625400667298702	1.0000005135551462
0.5748364784187845	1.0000005135952379
0.5759724453695906	1.0000005136022556
0.5865299594673598	1.0000005136062926
0.5888628172844592	1.0000005136069514
0.5986186417429732	1.0000005136073646
0.6005351190018356	1.0000005136074352
0.6014609446717699	1.0000005952250342
0.6039565531859044	1.0000006057748698
0.6042744488339939	1.0000006209443721
0.6046043289512066	1.0000006487764848
0.6122619057918716	1.0000006551304976
0.6159640245558812	1.0000006603428513
0.6243349557577913	1.0000006656588178
0.6300546602442848	1.0000006669303025
0.6346459836083174	1.0000006680100715
0.6473410596406908	1.0000006684000584
0.6546251051788282	1.0000006684504679
0.6639154134369005	1.0000006684739653
0.6661535272046574	1.0000006684916904
0.6688534201797083	1.0000006684939817
0.6733035772583849	1.0000006684980669
0.6815222028337028	1.0000006685012952
0.6899340768777229	1.0000006685021272
0.7003534403118462	1.0000006685023635
0.7066419078424323	1.0000006685024594
0.7117939950731978	1.0000006685024923
0.7208219480843011	1.0000006685024967
0.7303096518724732	1.0000006685024987
0.7324935759071781	1.0000006685024989
0.7334729891009450	1.0000006685024989
1.1479376285382978	0.9800006551324489
1.1479376285382978	0.9999991059701784
1.5983914840012674	0.9998273274192152
1.6077787406546034	0.9999568197666689
1.7832583070109855	0.9999920187781096
1.9409381843528881	1.0014146196055485
1.9482170062240003	1.0000710322029591
1.9544645536010687	1.0000864682535169
1.9748697882938917	1.0000178967821740
1.9850203887004974	1.0000132347522175
2.0026607925299138	1.0000129144468390
2.0192526539905993	1.0000128924427047
2.0362266650466103	1.0000128909306036
2.0530900552912534	1.0000128908266894
2.0699861487961324	1.0000128908195483
2.0984970858113652	1.0000471662178168
2.1172148320853221	1.0000057215761091
2.1308012406483097	1.0000022839408291
2.1455654270231208	1.0000019820795016
2.1640105610703930	1.0000019563040472
2.1787546842888634	1.0000019530751163
2.1983617435715965	1.0000003559783812
2.3826763940137399	0.9983214030909413
2.3827369212167722	0.9995616994049430
2.4200229494477927	0.9998916955292331
2.4215492001549412	0.9999549154837839
2.4289735743818919	0.9999630586461282
2.4417018186683239	0.9999902751125507
2.4472503094267504	0.9999963109207387
2.4598304810058660	0.9999984958893114
2.4659596500896477	0.9999989084233696
2.4766601703933890	0.9999991074905901
2.4828007551316356	0.9999991467816035
2.4953957611744908	0.9999991586701569
2.5046620169265870	0.9999991596177386
2.5079292066263195	0.9999991612769397
2.5095386897010852	0.9999991614914081
2.5193425798251452	0.9999991618686157
2.5194318667628237	0.9999995305012452
2.5219465443984337	0.9999995851133849
2.5409928717583461	0.9999996005636131
2.5521721075567396	0.9999996025607072
2.5654923634743105	0.9999996034810520
2.5761514872784335	0.9999996036000156
2.5887571895270489	0.9999997998003360
2.5904228705501384	0.9999998857011493
2.5976911103606031	0.9999999100759108
2.6056420101242246	0.9999999191512100
2.6116531341902567	0.9999999214102122
2.6177862360847319	0.9999999226171993
2.6213791373934465	0.9999999229168649
2.6279798561092789	0.9999999230786006
2.6329609622645855	0.9999999231142415
2.6387677213698462	0.9999999231368263
2.6408920627671808	0.9999999231428397
2.6471068916715321	0.9999999231465834
2.6504322800734883	0.9999999231474967
2.6557304215861501	0.9999999231481755
2.6587174540291372	0.9999999231483555
2.6638695088285749	0.9999999231485029
2.6656490426775452	0.9999999231485218
2.6707602165414235	0.9999999811100266
2.6707602175966616	0.9999999886021115
2.6925619535081164	0.9999999895705722
2.6925620460423372	0.9999999898612868
2.6925626085212517	0.9999999909924713
2.6934812243910078	0.9999999938895409
2.6934865910474972	0.9999999944526667
2.6945709051769922	0.9999999962106786
2.6957101226234639	0.9999999978727150
2.6961383959711900	0.9999999980875491
2.7152294623831934	0.9999999981830476
2.7157079140491902	0.9999999982001753
2.7169612860524039	0.9999999982318359
2.7196276909026760	0.9999999982692087
2.7200182106747444	0.9999999982740396
2.7317699583766495	0.9999999983297805
2.7319145128553179	0.9999999983370920
2.7531583538128475	0.9999999983412138
2.7532762631471837	0.9999999983418894
2.7563246504931045	0.9999999983433001
2.7577822002810013	0.9999999983435005
2.7630277463661290	0.9999999983457043
2.7632926286425574	0.9999999983459938
2.7664062230672317	1.0000007167741887
2.7689018496720128	1.0000008096365258
2.7692449446391412	1.0000010496826766
2.7799927973867673	1.0000010861128430
2.7805669446760111	1.0000011236646484
2.7896873924018379	1.0000011501251413
2.8006632432811078	1.0000011562418523
2.8105220502037724	1.0000011590611639
2.8194815572032468	1.0000011596771623
2.8278167172346294	1.0000018558643895
2.8303149856801242	1.0000020590780150
2.8412153959758339	1.0000020912270882
2.8542464888958974	1.0000020999666632
2.8691256098214706	1.0000021013736380
2.8696174941991566	1.0000021015555023
2.8936804099693858	1.0000021017966350
2.9141875461716786	1.0000021018326992
2.9300809845645839	1.0000021018428942
2.9496863480586066	1.0000021018444218
2.9615567466816817	1.0000021018448524
2.9807890954947331	1.0000021018449179
2.9852007593892491	1.0002807619874923
2.9852007593904188	1.0003167172226706
3.0317424388786405	1.0000543990514401
3.0529444583135175	1.0000490819136905
3.0705378845118312	1.0000489442455149
3.0886320231377677	1.0000489403374602
3.1010400498805457	1.0000143357805340
3.1035353954359040	1.0000092840937587
3.1227634809160350	1.0000084332069179
3.1270512440123888	1.0000083050094994
3.1385787123792843	0.9998728403092688
3.2232863420710007	0.9999612779216508
3.2701798744566237	0.9999896436262007
3.3158629124197732	0.9999937718817254
3.4058330010110636	1.0000039632155191
3.6550538208511432	0.9999941356713227
3.6692605452869591	1.0001536074913995
3.7154890317108569	1.0000192000484127
3.8565209224386008	0.9963061071266935
3.8568111565900129	0.9996171943014097
3.8688038590824205	0.9999699675696672
3.8859133703285540	0.9999977150246770
4.2789979350424270	0.9999738252425863
4.5608541491300540	0.9999960457543523
4.5609655898119561	0.9999989180670166
4.6666271482081862	1.0000034047818458
5.2796561242646129	1.0000957015263174
5.2911143170886934	1.0000275237628535
5.6176253018046136	1.0000040606869711
6.4164875877510505	0.9962888854252998
6.4168442949282953	0.9996139714688682
6.4287219894879311	0.9999662912046965
6.7119105910765278	0.9999945431751230
6.7168586267336972	0.9999981832126511
6.8716073994245335	0.9999991856807492
6.8832870011900864	0.9999993152521931
6.9839413246633013	0.9999993507522807
6.9955463894664174	0.9999993553410070
7.0711481434019863	0.9999993566038883
7.0827116015210390	0.9999993567671284
7.1445938798419624	0.9999993568120564
7.1561565168011532	0.9999993568178639
7.2103190542372850	0.9999993568194622
7.2218809626805722	0.9999993568196686
7.2714946098891078	0.9999993568197258
7.2832897363345550	0.9999993568197331
7.3344969791280654	0.9999993568197348
7.3403662963749348	1.0036421340012909
7.3407975659940403	1.0009347336270449
7.3550502003699370	1.0004632946656278
7.3594554014266773	1.0003485656609947
7.3617299631645468	1.0000986675879906
7.3623269471089481	1.0000662097381179
7.3716863745915742	1.0000195108361405
7.3742009244826630	1.0000106915842275
7.3856339966711371	1.0000022184688035
7.3877992930204970	1.0000009538254702
7.3981068054732990	1.0000002000566977
7.4006689463773974	1.0000000787539185
7.4096519777165994	1.0000000086174845
7.4128850727812310	0.9999999972628659
7.4180068772435268	0.9999999865799086
7.4206420487836215	0.9999999849847956
7.4314587580558147	0.9999999837252744
7.4334845930202933	0.9999999835323726
7.4438328758825634	0.9999999833940786
7.4461896240144183	0.9999999833725632
7.4558637644280559	0.9999999833578181
7.4584499425035595	0.9999999833555062
7.4676154204888059	0.9999999833539556
7.4703510369054396	0.9999999833537112
7.4791984577878843	0.9999999833535492
7.4820288163842612	0.9999999833535240
7.4906512777918008	0.9999999833535073
7.4933428053526052	0.9999999833535046
7.5006392202573897	0.9999999833535026
7.5031254656522428	0.9999564733894258
7.5031254656522846	0.9999508477467087
7.5223939123525012	0.9999499063491574
7.7990266663172250	0.9999915620767323
7.9902406556328298	1.0005615645682753
8.0090462458907208	1.0000733160283661
8.0316083436417838	1.0000457778675462
8.0434602337128620	0.9963311428683650
8.0438203944563966	0.9996166464105064
8.0560324225860178	0.9999696998026701
8.0733144683067763	1.0000022070721333
8.4645683330741370	0.9999757511011182
8.7975477653906200	0.9999964248016011
8.7975492887392264	0.9999990972577461
9.1750938795089318	0.9999994940962835
