0.0000000000000000	0.0000000000000000
0.3514723062376323	0.0000300000000000
0.3516973352185111	0.0000085962033118
0.3532138671787756	0.0000150389791190
0.3532790369293168	0.0000254648691181
0.3535782073348081	0.0000240981002929
0.3540644037931007	0.0000266496409724
0.3544545272347744	0.0000302189810998
0.3548286848427553	0.0000402189810998
0.3549802119622290	0.0000422264648576
0.3553913329149989	0.0000532332490903
0.3557662614722518	0.0000639704110789
0.3560836301845624	0.0000739704110789
0.3563438938668104	0.0000839704110789
0.3565763922348838	0.0000939704110789
0.3567924201350089	0.0001039704110789
0.3569741045867941	0.0001139704110789
0.3571497989998102	0.0001239704110789
0.3573025364938432	0.0001339704110789
0.3574513054297501	0.0001439704110789
0.3575829194395870	0.0001539704110789
0.3577109442164856	0.0001639704110789
0.3578263409393673	0.0001739704110789
0.3579386783046414	0.0001839704110789
0.3580403609616816	0.0001939704110789
0.3581390745934533	0.0002039704110789
0.3582336384381357	0.0002139704110789
0.3583226114352626	0.0002239704110789
0.3584076072931844	0.0002339704110789
0.3584887546835891	0.0002439704110789
0.3585661034969108	0.0002539704110789
0.3586407473571475	0.0002639704110789
0.3587118471065455	0.0002739704110789
0.3587809674152897	0.0002839704110789
0.3588467050263843	0.0002939704110789
0.3589109829395658	0.0003039704110789
0.3589722070236125	0.0003139704110789
0.3590323742236537	0.0003239704110789
0.3590897191517127	0.0003339704110789
0.3591462607867882	0.0003439704110789
0.3592000853583008	0.0003539704110789
0.3592534187363164	0.0003639704110789
0.3593043102307660	0.0003739704110789
0.3593547713887335	0.0003839704110789
0.3594028680153731	0.0003939704110789
0.3594507541925057	0.0004039704110789
0.3594964213159653	0.0004139704110789
0.3595418641606350	0.0004239704110789
0.3595854056613227	0.0004339704110789
0.3596286797699847	0.0004439704110789
0.3596702560345977	0.0004539704110789
0.3597114746424425	0.0004639704110789
0.3597512817740687	0.0004739704110789
0.3597906973788297	0.0004839704110789
0.3598289111182232	0.0004939704110789
0.3598666633432261	0.0005039704110789
0.3599033956345767	0.0005139704110789
0.3599396274237575	0.0005239704110789
0.3599749887951669	0.0005339704110789
0.3600098041140175	0.0005439704110789
0.3600438906117370	0.0005539704110789
0.3600774121152980	0.0005639704110789
0.3601102319189789	0.0005739704110790
0.3601424607980723	0.0005839704110790
0.3601742229365973	0.0005939704110789
0.3602054182279659	0.0006039704110789
0.3602360607140443	0.0006139704110790
0.3602661396280922	0.0006239704110790
0.3602959476319149	0.0006339704110790
0.3603249586017407	0.0006439704110790
0.3603538452681153	0.0006539704110789
0.3603819777594798	0.0006639704110789
0.3604099864472790	0.0006739704110789
0.3604372647478528	0.0006839704110789
0.3604644741979598	0.0006939704110789
0.3604909387675340	0.0007039704110789
0.3605174283488893	0.0007139704110789
0.3605430796825206	0.0007239704110789
0.3605687985805667	0.0007339704110789
0.3605938272205249	0.0007439704110789
0.3606187490379575	0.0007539704110790
0.3606432003098875	0.0007639704110790
0.3606674558343485	0.0007739704110790
0.3606912135191424	0.0007839704110790
0.3607148780255711	0.0007939704110790
0.3607381131048674	0.0008039704110790
0.3607610915544046	0.0008139704110790
0.3607837331940162	0.0008239704110790
0.3608062068387443	0.0008339704110790
0.3608283874478224	0.0008439704110790
0.3608502368363042	0.0008539704110790
0.3608718283661624	0.0008639704110790
0.3608931952033164	0.0008739704110790
0.3609143463273856	0.0008839704110790
0.3609352502448261	0.0008939704110790
0.3609559642876929	0.0009039704110790
0.3609763579937105	0.0009139704110790
0.3609965683032685	0.0009239704110790
0.3610164960884247	0.0009339704110790
0.3610363016990818	0.0009439704110790
0.3610558038898773	0.0009539704110790
0.3610752140525864	0.0009639704110790
0.3610943075938308	0.0009739704110790
0.3611133329497953	0.0009839704110791
0.3611320265784288	0.0009939704110790
0.3611506793004919	0.0010039704110791
0.3611689902888018	0.0010140101151898
0.3611873420113509	0.0010241502163417
0.3612055547253791	0.0010343917185052
0.3612238953891826	0.0010447356356902
0.3612421362385743	0.0010551829920471
0.3612604605468285	0.0010657348219676
0.3612787348650630	0.0010763921701872
0.3612970385876417	0.0010871560918891
0.3613153515059417	0.0010980276528080
0.3613336326204192	0.0011090079293360
0.3613519890033366	0.0011200980086294
0.3613702437298433	0.0011312989887157
0.3613885942932622	0.0011426119786029
0.3614068769270161	0.0011540380983889
0.3614251921171553	0.0011655784793728
0.3614435331715071	0.0011772342641665
0.3614618155185044	0.0011890066068082
0.3614801697520366	0.0012008966728763
0.3614984653414268	0.0012129056396050
0.3615167820967821	0.0012250346960011
0.3615351493829781	0.0012372850429611
0.3615534259187391	0.0012496578933907
0.3615717619306694	0.0012621544723246
0.3615901098983626	0.0012747760170479
0.3616084031532269	0.0012875237772184
0.3616267467283474	0.0013003990149905
0.3616450914351660	0.0013134030051404
0.3616633913257825	0.0013265370351919
0.3616817337442328	0.0013398024055438
0.3617000904132225	0.0013532004295992
0.3617183894872866	0.0013667324338952
0.3617367241653435	0.0013803997582341
0.3617550865797478	0.0013942037558165
0.3617734004100526	0.0014081457933747
0.3617917234470377	0.0014222272513084
0.3618100698829690	0.0014364495238215
0.3618284304445591	0.0014508140190597
0.3618467399033655	0.0014653221592503
0.3618650692996104	0.0014799753808428
0.3618834175981626	0.0014947751346513
0.3619017806773893	0.0015097228859977
0.3619200965598149	0.0015248201148577
0.3619384251713205	0.0015400683160063
0.3619567665991786	0.0015554689991664
0.3619751194682046	0.0015710236891581
0.3619934759754279	0.0015867339260496
0.3620117983448735	0.0016026012653101
0.3620301306963940	0.0016186272779632
0.3620484713081386	0.0016348135507429
0.3620668185890493	0.0016511616862503
0.3620851715162820	0.0016676733031128
0.3621035284820413	0.0016843500361439
0.3621218607609353	0.0017011935365053
0.3621401962294818	0.0017182054718704
0.3621585356494946	0.0017353875265891
0.3621768790235134	0.0017527414018550
0.3621952246514797	0.0017702688158735
0.3622135728893456	0.0017879715040323
0.3622319219276335	0.0018058512190726
0.3622502725887944	0.0018239097312633
0.3622686230924191	0.0018421488285760
0.3622869745383524	0.0018605703168618
0.3623053250577937	0.0018791760200304
0.3623236761246297	0.0018979677802307
0.3623420259013004	0.0019169474580330
0.3623603733801355	0.0019361169326133
0.3623787224761205	0.0019554781019395
0.3623970714241259	0.0019750328829589
0.3624154204717557	0.0019947832117885
0.3624337686292869	0.0020147310439064
0.3624521162877767	0.0020348783543455
0.3624704635348280	0.0020552271378889
0.3624888105597845	0.0020757794092678
0.3625071573990428	0.0020965372033604
0.3625255044326424	0.0021175025753940
0.3625438511235476	0.0021386776011480
0.3625621984585417	0.0021600643771594
0.3625805452202434	0.0021816650209310
0.3625988923713698	0.0022034816711403
0.3626172394953339	0.0022255164878517
0.3626355867009012	0.0022477716527302
0.3626539344625207	0.0022702493692576
0.3626722820011924	0.0022929518629501
0.3626906300436491	0.0023158813815797
0.3627089782234995	0.0023390401953955
0.3627273265506434	0.0023624305973494
0.3627456756238203	0.0023860549033229
0.3627640245735337	0.0024099154523562
0.3627823738825779	0.0024340146068797
0.3628007238552071	0.0024583547529485
0.3628190738007184	0.0024829383004780
0.3628374241963686	0.0025077676834828
0.3628557752299227	0.0025328453603176
0.3628741263200971	0.0025581738139207
0.3628924778645162	0.0025837555520600
0.3629108301642542	0.0026095931075806
0.3629291825260045	0.0026356890386564
0.3629475352824409	0.0026620459290429
0.3629658887304209	0.0026886663883333
0.3629842425192334	0.0027155530522167
0.3630025965781824	0.0027427085827388
0.3630209510790402	0.0027701356685662
0.3630393062200791	0.0027978370252519
0.3630576614783736	0.0028258153955044
0.3630760170395919	0.0028540735494594
0.3630943730765587	0.0028826142849540
0.3631127297554246	0.0029114404278035
0.3631310867162225	0.0029405548320815
0.3631494439817263	0.0029699603804023
0.3631678017060526	0.0029996599842063
0.3631861599873529	0.0030296565840484
0.3632045189269473	0.0030599531498889
0.3632228781771054	0.0030905526813878
0.3632412378020535	0.0031214582082017
0.3632595979014520	0.0031526727902837
0.3632779585376456	0.0031841995181865
0.3632963197736275	0.0032160415133684
0.3633146816446391	0.0032482019285021
0.3633330439960345	0.0032806839477871
0.3633514067884419	0.0033134907872649
0.3633697700690484	0.0033466256951376
0.3633881338827821	0.0033800919520889
0.3634064982590770	0.0034138928716098
0.3634248632252948	0.0034480318003259
0.3634432287981919	0.0034825121183292
0.3634615949913362	0.0035173372395125
0.3634799618132357	0.0035525106119076
0.3634983292689410	0.0035880357180267
0.3635166973622667	0.0036239160752070
0.3635350660924881	0.0036601552359591
0.3635534354617777	0.0036967567883186
0.3635718054673606	0.0037337243562018
0.3635901761116122	0.0037710615997639
0.3636085473900487	0.0038087722157615
0.3636269193065182	0.0038468599379192
0.3636452918566289	0.0038853285372984
0.3636636650469628	0.0039241818226714
0.3636820388724345	0.0039634236408981
0.3637004133401932	0.0040030578773072
0.3637187884474319	0.0040430884560802
0.3637371641996565	0.0040835193406410
0.3637555405986952	0.0041243545340474
0.3637739176483282	0.0041655980793878
0.3637922953554419	0.0042072540601818
0.3638106737217932	0.0042493266007835
0.3638290527579058	0.0042918198667913
0.3638474324653917	0.0043347380654592
0.3638658128523055	0.0043780854461138
0.3638841939267228	0.0044218663005750
0.3639025756937998	0.0044660849635808
0.3639209581654282	0.0045107458132166
0.3639393413441298	0.0045558532713487
0.3639577252249840	0.0046014118040623
0.3639761098083041	0.0046474259221029
0.3639944950886618	0.0046939001813239
0.3640128810671553	0.0047408391831371
0.3640312677469930	0.0047882475749684
0.3640496551279322	0.0048361300507182
0.3640680432150617	0.0048844913512253
0.3640864320150290	0.0049333362647375
0.3641048215310792	0.0049826696273850
0.3641232117708721	0.0050324963236588
0.3641416027452745	0.0050828212868954
0.3641599944597738	0.0051336494997644
0.3641783869236258	0.0051849859947621
0.3641967801495004	0.0052368358547097
0.3642151741478169	0.0052892042132569
0.3642335689287046	0.0053420962553895
0.3642519645053558	0.0053955172179434
0.3642703608930793	0.0054494723901229
0.3642887581039106	0.0055039671140240
0.3643071561507126	0.0055590067851643
0.3643255550482045	0.0056145968530159
0.3643439548122501	0.0056707428215460
0.3643623554563689	0.0057274502497614
0.3643807569915341	0.0057847247522590
0.3643991594295098	0.0058425719997816
0.3644175627825472	0.0059009977197794
0.3644359670634005	0.0059600076969773
0.3644543722841001	0.0060196077739471
0.3644727784544199	0.0060798038516865
0.3644911855850709	0.0061406018902034
0.3645095936875362	0.0062020079091054
0.3645280027740372	0.0062640279881965
0.3645464128574336	0.0063266682680784
0.3645648239511857	0.0063899349507592
0.3645832360687352	0.0064538343002668
0.3646016492225662	0.0065183726432696
0.3646200634259167	0.0065835563697022
0.3646384786926897	0.0066493919333993
0.3646568950373267	0.0067158858527333
0.3646753124748018	0.0067830447112606
0.3646937310205208	0.0068508751583731
0.3647121506903716	0.0069193839099569
0.3647305715006307	0.0069885777490564
0.3647489934680571	0.0070584635265470
0.3647674166098040	0.0071290481618126
0.3647858409435540	0.0072003386434307
0.3648042664874369	0.0072723420298650
0.3648226932601505	0.0073450654501636
0.3648411212808841	0.0074185161046653
0.3648595505694538	0.0074927012657121
0.3648779811447095	0.0075676282783691
0.3648964130245709	0.0076433045611527
0.3649148462261472	0.0077197376067641
0.3649332807659736	0.0077969349828317
0.3649517157313218	0.0078749043326601
0.3649701484677999	0.0079536533759867
0.3649885826694088	0.0080331899097464
0.3650070183453077	0.0081135218088438
0.3650254554859345	0.0081946570269323
0.3650438940791012	0.0082766035972016
0.3650623341158344	0.0083593696331736
0.3650807755902206	0.0084429633295053
0.3650992184992507	0.0085273929628004
0.3651176628427731	0.0086126668924283
0.3651361086233020	0.0086987935613527
0.3651545558459011	0.0087857814969663
0.3651730045179823	0.0088736393119361
0.3651914546490823	0.0089623757050554
0.3652099062507695	0.0090519994621061
0.3652283593365027	0.0091425194567271
0.3652468139215164	0.0092339446512943
0.3652652700227871	0.0093262840978071
0.3652837276589470	0.0094195469387851
0.3653021867726619	0.0095137424081728
0.3653206470678163	0.0096088798322547
0.3653391085912286	0.0097049686305772
0.3653575713872190	0.0098020183168828
0.3653760354981225	0.0099000385000518
0.3653945009647189	0.0099990388850523
0.3654129678264035	0.0100990292739029
0.3654314361214344	0.0102000195666421
0.3654499058871738	0.0103020197623085
0.3654683771602873	0.0104050399599318
0.3654868499769514	0.0105090903595312
0.3655053243730810	0.0106141812631264
0.3655238003845419	0.0107203230757576
0.3655422780473197	0.0108275263065150
0.3655607573976862	0.0109358015695803
0.3655792384723924	0.0110451595852760
0.3655977213086793	0.0111556111811286
0.3656162059442897	0.0112671672929399
0.3656346924174591	0.0113798389658693
0.3656531807669605	0.0114936373555280
0.3656716710317853	0.0116085737290831
0.3656901632489620	0.0117246594663741
0.3657086574350411	0.0118419060610380
0.3657271535911017	0.0119603251216483
0.3657456517212070	0.0120799283728646
0.3657641518324690	0.0122007276565933
0.3657826539351011	0.0123227349331593
0.3658011580423583	0.0124459622824909
0.3658196641703780	0.0125704219053156
0.3658381723380668	0.0126961261243687
0.3658566825670250	0.0128230873856125
0.3658751948815082	0.0129513182594687
0.3658937093084014	0.0130808314420635
0.3659122258772062	0.0132116397564841
0.3659307446200477	0.0133437561540489
0.3659492655717053	0.0134771937155895
0.3659677887694239	0.0136119656527455
0.3659863142505747	0.0137480853092730
0.3660048420519261	0.0138855661623655
0.3660233722100278	0.0140244218239893
0.3660419047615747	0.0141646660422291
0.3660604397437583	0.0143063127026512
0.3660789771946070	0.0144493758296776
0.3660975171533151	0.0145938695879745
0.3661160596605458	0.0147398082838543
0.3661346047584420	0.0148872063666928
0.3661531524906749	0.0150360784303597
0.3661717029025304	0.0151864392146635
0.3661902560410288	0.0153383036068101
0.3662088119144122	0.0154916866428782
0.3662273705285504	0.0156466035093070
0.3662459318955981	0.0158030695444002
0.3662644960307174	0.0159611002398440
0.3662830629523907	0.0161207112422423
0.3663016324003118	0.0162819183546648
0.3663202040281304	0.0164447375382112
0.3663387779047468	0.0166091849135935
0.3663573540993000	0.0167752767627296
0.3663759326814854	0.0169430295303568
0.3663945137218755	0.0171124598256606
0.3664130972922446	0.0172835844239170
0.3664316834659022	0.0174564202681561
0.3664502723177633	0.0176309844708376
0.3664688639243752	0.0178072943155458
0.3664874583627177	0.0179853672587011
0.3665060557074561	0.0181652209312881
0.3665246560317394	0.0183468731406011
0.3665432594079646	0.0185303418720073
0.3665618659084912	0.0187156452907272
0.3665804756062129	0.0189028017436345
0.3665990885748274	0.0190918297610707
0.3666177048481661	0.0192827480586812
0.3666363244451415	0.0194755755392679
0.3666549473926968	0.0196703312946605
0.3666735737255357	0.0198670346076069
0.3666922034859113	0.0200657049536830
0.3667108367200626	0.0202663620032197
0.3667294734768337	0.0204690256232517
0.3667481119525385	0.0206737158794841
0.3667667439283536	0.0208804530382788
0.3667853797894117	0.0210892575686617
0.3668040195767313	0.0213001501443486
0.3668226633364672	0.0215131516457922
0.3668413111201915	0.0217282831622501
0.3668599629850183	0.0219455659938722
0.3668786189935028	0.0221650216538110
0.3668972792136141	0.0223866718703491
0.3669159437134691	0.0226105385890525
0.3669346125619322	0.0228366439749430
0.3669532858171340	0.0230650104146927
0.3669719629297895	0.0232956605188394
0.3669906435318672	0.0235286171240280
0.3670093276989036	0.0237639032952679
0.3670280155120753	0.0240015423282209
0.3670467070582122	0.0242415577515029
0.3670654024298997	0.0244839733290181
0.3670841017256624	0.0247288130623082
0.3671028050492995	0.0249761011929314
0.3671215125045218	0.0252258622048610
0.3671402241958986	0.0254781208269097
0.3671589402295926	0.0257329020351790
0.3671776605914437	0.0259902310555306
0.3671963836554624	0.0262501333660857
0.3672151113767858	0.0265126346997468
0.3672338438755868	0.0267777610467440
0.3672525812467846	0.0270455386572118
0.3672713235316398	0.0273159940437836
0.3672900707794318	0.0275891539842215
0.3673088230474145	0.0278650455240636
0.3673275804013492	0.0281436959793040
0.3673463429160503	0.0284251329390971
0.3673651106753869	0.0287093842684882
0.3673838837723466	0.0289964781111729
0.3674026623091941	0.0292864428922845
0.3674214463947601	0.0295793073212072
0.3674402361402498	0.0298751003944189
0.3674590308827842	0.0301738513983629
0.3674778302385107	0.0304755899123465
0.3674966344097896	0.0307803458114698
0.3675154435738883	0.0310881492695846
0.3675342578306343	0.0313990307622802
0.3675530772921404	0.0317130210699027
0.3675719020830184	0.0320301512806021
0.3675907323373622	0.0323504527934077
0.3676095681931261	0.0326739573213414
0.3676284097932404	0.0330006968945551
0.3676472572867340	0.0333307038635002
0.3676660968696482	0.0336640109021354
0.3676849371346503	0.0340006510111567
0.3677037840159874	0.0343406575212687
0.3677226376598688	0.0346840640964816
0.3677414982170559	0.0350309047374462
0.3677603657591326	0.0353812137848207
0.3677792403364047	0.0357350259226693
0.3677981220163292	0.0360923761818961
0.3678170108836485	0.0364532999437154
0.3678359070402837	0.0368178329431530
0.3678548106054051	0.0371860112725851
0.3678737201975767	0.0375578713853111
0.3678926358955731	0.0379334500991637
0.3679115579430197	0.0383127846001552
0.3679304865849046	0.0386959124461562
0.3679494220692661	0.0390828715706174
0.3679683646083620	0.0394737002863241
0.3679873143267135	0.0398684372891877
0.3680062713707192	0.0402671216620791
0.3680252359019632	0.0406697928787004
0.3680442080926314	0.0410764908074872
0.3680631881267942	0.0414872557155616
0.3680821762017671	0.0419021282727177
0.3681011725294575	0.0423211495554448
0.3681201773367658	0.0427443610509998
0.3681391908548838	0.0431718046615099
0.3681582131951901	0.0436035227081256
0.3681772444676396	0.0440395579352070
0.3681962833010357	0.0444799535145593
0.3682153294922111	0.0449247530497053
0.3682343833223615	0.0453740005802021
0.3682534450877115	0.0458277405860046
0.3682725118446763	0.0462860179918641
0.3682915630210573	0.0467488781717826
0.3683106233375011	0.0472163669535003
0.3683296930637143	0.0476885306230357
0.3683487724493597	0.0481654159292654
0.3683678616281109	0.0486470700885578
0.3683869607669352	0.0491335407894429
0.3684060700579217	0.0496248761973378
0.3684251875036045	0.0501211249593112
0.3684443136911102	0.0506223362089047
0.3684634506773029	0.0511285595709945
0.3684825984343026	0.0516398451667041
0.3685017551470699	0.0521562436183717
0.3685209212291536	0.0526778060545554
0.3685400969483770	0.0532045841151010
0.3685592825937259	0.0537366299562522
0.3685784784768003	0.0542739962558152
0.3685976849335557	0.0548167362183740
0.3686169023252863	0.0553649035805579
0.3686361310234659	0.0559185526163635
0.3686553714128150	0.0564777381425268
0.3686746237406926	0.0570425155239527
0.3686938882335524	0.0576129406791916
0.3687131651592142	0.0581890700859837
0.3687324541949265	0.0587709607868430
0.3687517329724551	0.0593586703947110
0.3687710086565935	0.0599522570986582
0.3687902959267834	0.0605517796696453
0.3688095952505011	0.0611572974663417
0.3688289071164126	0.0617688704410057
0.3688482318390478	0.0623865591454166
0.3688675697287769	0.0630104247368704
0.3688869211265561	0.0636405289842382
0.3689062864067401	0.0642769342740807
0.3689256659802175	0.0649197036168207
0.3689450602937760	0.0655689006529895
0.3689644697445383	0.0662245896595203
0.3689838919066994	0.0668868355561145
0.3690033268353384	0.0675557039116756
0.3690227750213008	0.0682312609507924
0.3690422369930189	0.0689135735603003
0.3690617133160926	0.0696027092959036
0.3690812045738526	0.0702987363888634
0.3691007113408588	0.0710017237527517
0.3691202339752783	0.0717117409902801
0.3691397395699405	0.0724288584001827
0.3691592496345074	0.0731531469841855
0.3691787716707540	0.0738846784540273
0.3691983093612565	0.0746235252385669
0.3692178620805310	0.0753697604909535
0.3692374305537231	0.0761234580958631
0.3692570154396841	0.0768846926768225
0.3692766172243450	0.0776535396035915
0.3692962364497557	0.0784300749996279
0.3693158737014842	0.0792143757496250
0.3693355296140028	0.0800065195071215
0.3693552048751420	0.0808065847021928
0.3693748990697464	0.0816146505492152
0.3693946096845948	0.0824307970547077
0.3694143374359236	0.0832551050252548
0.3694340830862553	0.0840876560755066
0.3694538404261660	0.0849285326362610
0.3694735701014935	0.0857778179626246
0.3694933205352274	0.0866355961422510
0.3695130923587827	0.0875019521036738
0.3695328860947303	0.0883769716247097
0.3695527023469922	0.0892607413409574
0.3695725389987255	0.0901533487543667
0.3695923951532982	0.0910548822419097
0.3696122718136511	0.0919654310643282
0.3696321698454180	0.0928850853749714
0.3696520899874615	0.0938139362287219
0.3696720330667039	0.0947520755910093
0.3696919999815879	0.0956995963469201
0.3697119876965355	0.0966565923103886
0.3697319925110845	0.0976231582334927
0.3697519627763365	0.0985993898158271
0.3697719500922670	0.0995853837139851
0.3697919611786393	0.1005812375511250
0.3698119970368506	0.1015870499266356
0.3698320587325268	0.1026029204259032
0.3698521473602331	0.1036289496301618
0.3698722636694372	0.1046652391264629
0.3698924068825885	0.1057118915177267
0.3699125741752328	0.1067690104329042
0.3699327668660865	0.1078367005372319
0.3699529863459711	0.1089150675426053
0.3699732337367589	0.1100042182180312
0.3699934825077206	0.1111042604002108
0.3700137137425206	0.1122153030042121
0.3700339767588910	0.1133374560342536
0.3700542701273326	0.1144708305945952
0.3700745915049049	0.1156155389005399
0.3700949423447183	0.1167716942895455
0.3701153238814752	0.1179394112324410
0.3701357352992561	0.1191188053447667
0.3701561707253113	0.1203099933982131
0.3701766408581726	0.1215130933321949
0.3701971406840844	0.1227282242655155
0.3702176547561450	0.1239555065081693
0.3702381347530010	0.1251950615732526
0.3702586490956826	0.1264470121889858
0.3702791994365198	0.1277114823108744
0.3702997873406281	0.1289885971339838
0.3703204140942696	0.1302784831053225
0.3703410751672276	0.1315812679363754
0.3703617710334117	0.1328970806157389
0.3703825036914271	0.1342260514218967
0.3704032749770826	0.1355683119361161
0.3704240729183617	0.1369239950554768
0.3704448279161013	0.1382932350060309
0.3704656269114315	0.1396761673560912
0.3704864636979355	0.1410729290296503
0.3705073265742520	0.1424836583199476
0.3705282309310405	0.1439084949031458
0.3705491791089850	0.1453475798521773
0.3705701732181345	0.1468010556506998
0.3705912105313004	0.1482690662072078
0.3706122895870191	0.1497517568692811
0.3706333121489562	0.1512492744379728
0.3706543751681737	0.1527617671823523
0.3706754867661160	0.1542893848541740
0.3706966494186245	0.1558322787027141
0.3707178621904613	0.1573906014897398
0.3707391210246241	0.1589645075046365
0.3707604285847571	0.1605541525796850
0.3707817877259441	0.1621596941054817
0.3708031291586084	0.1637812910465384
0.3708244584004698	0.1654191039570037
0.3708458435135159	0.1670732949965717
0.3708672800480800	0.1687440279465364
0.3708887711343535	0.1704314682260012
0.3709103200819228	0.1721357829082613
0.3709319294770491	0.1738571407373436
0.3709535963366498	0.1755957121447150
0.3709752275578481	0.1773516692661635
0.3709968784216907	0.1791251859588237
0.3710185914591528	0.1809164378184142
0.3710403698617086	0.1827256021965981
0.3710622145926886	0.1845528582185634
0.3710841000310757	0.1863983868007511
0.3711060490491470	0.1882623706687579
0.3711280052093284	0.1901449943754455
0.3711499440923197	0.1920464443191982
0.3711719572634861	0.1939669087623895
0.3711940413044351	0.1959065778500146
0.3712161944175033	0.1978656436285172
0.3712384210727477	0.1998443000648019
0.3712607253236507	0.2018427430654503
0.3712830058078275	0.2038611704961068
0.3713052992466736	0.2058997822010664
0.3713276489590637	0.2079587800230781
0.3713500788790978	0.2100383678233093
0.3713725935585622	0.2121387515015405
0.3713951947495821	0.2142601390165580
0.3714178387853846	0.2164027404067259
0.3714404296688603	0.2185667678107922
0.3714631094418223	0.2207524354889021
0.3714858832207342	0.2229599598437919
0.3715087522463406	0.2251895594422290
0.3715316917502141	0.2274414550366522
0.3715546825056382	0.2297158695870193
0.3715776087614607	0.2320130282828881
0.3716006393478122	0.2343331585657194
0.3716237726539317	0.2366764901513742
0.3716470049513967	0.2390432550528859
0.3716703428591033	0.2414336876034151
0.3716936948513647	0.2438480244794494
0.3717170450196981	0.2462865047242439
0.3717404726977179	0.2487493697714889
0.3717640093359855	0.2512368634692010
0.3717876644422468	0.2537492321038957
0.3718114334730379	0.2562867244249343
0.3718351048646877	0.2588495916691825
0.3718588939874922	0.2614380875858733
0.3718828099153311	0.2640524684617315
0.3719068566101004	0.2666929931463481
0.3719309958850448	0.2693599230778125
0.3719550609872450	0.2720535223085931
0.3719792210037736	0.2747740575316778
0.3720035252091511	0.2775217981069969
0.3720279774285746	0.2802970160880657
0.3720525678103891	0.2830999862489477
0.3720770710893795	0.2859309861114347
0.3721016532546083	0.2887902959725517
0.3721263983048003	0.2916781989322791
0.3721512943897514	0.2945949809216014
0.3721763099541599	0.2975409307308167
0.3722012426325883	0.3005163400381251
0.3722263549923788	0.3035215034385069
0.3722516186812688	0.3065567184728897
0.3722770232198505	0.3096222856576160
0.3723024234569896	0.3127185085141916
0.3723278894082843	0.3158456935993356
0.3723535459781531	0.3190041505353321
0.3723793922598753	0.3221941920406846
0.3724053430505102	0.3254161339610895
0.3724312003040441	0.3286702953006970
0.3724572685725839	0.3319569982537018
0.3724835451806190	0.3352765682362364
0.3725100374553685	0.3386293339185953
0.3725363964635544	0.3420156272577837
0.3725629410324014	0.3454357835303647
0.3725896953535731	0.3488901413656674
0.3726166974099813	0.3523790427793258
0.3726435653929955	0.3559028332071220
0.3726706745414785	0.3594618615391944
0.3726980022077394	0.3630564801545856
0.3727255488661569	0.3666870449561315
0.3727529591555346	0.3703539154056945
0.3727806470436530	0.3740574545597538
0.3728086180783675	0.3777980291053484
0.3728367364121317	0.3815760093964022
0.3728647754900080	0.3853917694903636
0.3728931159858043	0.3892456871852674
0.3729217744791100	0.3931381440571174
0.3729504991835692	0.3970695254976923
0.3729792490577417	0.4010402207526695
0.3730083269343888	0.4050506229601991
0.3730377648558779	0.4091011291897988
0.3730670558281746	0.4131921404816973
0.3730966378499311	0.4173240618865142
0.3731265580749162	0.4214973025053784
0.3731566057410211	0.4257122755304318
0.3731867694689916	0.4299693982857380
0.3732172770359359	0.4342690922685978
0.3732481091051053	0.4386117831912867
0.3732788203882715	0.4429979010231976
0.3733100167824847	0.4474278800334320
0.3733415633669320	0.4519021588337636
0.3733730304529034	0.4564211804220979
0.3734048693383242	0.4609853922263152
0.3734372164623172	0.4655952461485804
0.3734695340887706	0.4702511986100673
0.3735020966833975	0.4749537105961698
0.3735352559595579	0.4797032477021309
0.3735685225471932	0.4845002801791539
0.3736019001813833	0.4893452829809462
0.3736359145939386	0.4942387358107529
0.3736701826259390	0.4991811231688601
0.3737044872592341	0.5041729344005448
0.3737394713593607	0.5092146637445509
0.3737747787530517	0.5143068103820000
0.3738101287472282	0.5194498784858231
0.3738462139813375	0.5246443772706840
0.3738825991270570	0.5298908210433897
0.3739190941036528	0.5351897292538198
0.3739564476772310	0.5405416265463621
0.3739939546198300	0.5459470428118249
0.3740317542506725	0.5514065132399427
0.3740705593050718	0.5569205783723450
0.3741092374721586	0.5624897841560693
0.3741485514003024	0.5681146819976322
0.3741889448847408	0.5737958288176093
0.3742288904631795	0.5795337871057835
0.3742699614010622	0.5853291249768375
0.3743116929922709	0.5911824162266027
0.3743534951916845	0.5970942403888657
0.3743966449925160	0.6030651827927503
0.3744397693483973	0.6090958346206758
0.3744837502596655	0.6151867929668798
0.3745289516491122	0.6213386608965487
0.3745739470489587	0.6275520475055162
0.3746203639638679	0.6338275679805691
0.3746673632640245	0.6401658436603758
0.3747150976612901	0.6465675020969828
0.3747642537692012	0.6530331771179525
0.3748134244907511	0.6595635088891282
0.3748640481394626	0.6661591439780168
0.3749158413806173	0.6728207354177999
0.3749680149971810	0.6795489427719759
0.3750226243743047	0.6863444321996993
0.3750765916370278	0.6932078765216989
0.3751332076105154	0.7001399552869152
0.3751904059494754	0.7071413548397850
0.3752490232479545	0.7142127683881844
0.3753099073058801	0.7213548960720675
0.3753709748264958	0.7285684450327859
0.3754353271865853	0.7358541294831168
0.3754996704466871	0.7432126707779499
0.3755674684291536	0.7506447974857289
0.3756364592392082	0.7581512454605859
0.3757073793167103	0.7657327579151937
0.3757821318272670	0.7733900854943470
0.3758572877233431	0.7811239863492915
0.3759376758595640	0.7889352262127859
0.3760180282353566	0.7968245784749113
0.3761042115502001	0.8047928242596607
0.3761919962328847	0.8128407525022550
0.3762848334507573	0.8209691600272765
0.3763811444430806	0.8291788516275514
0.3764801881022293	0.8374706401438270
0.3765881408746981	0.8458453465452650
0.3766986390043005	0.8543038000107176
0.3768198631530935	0.8628468380108261
0.3769431158907972	0.8714753063909358
0.3770832026989788	0.8801900594548436
0.3772244656587324	0.8889919600493905
0.3773859599426989	0.8985438100125417
0.3775705153698672	0.9075292481126684
0.3777534849735487	0.9166045405937963
0.3779687309080385	0.9258496856036312
0.3782088817249915	0.9348945332257725
0.3784672923503185	0.9442434785580309
0.3787336418931889	0.9607408420079717
0.3787622441751295	0.9522983575534152
0.3789972218959614	0.9590050210867180
0.3793520726564572	0.9669234409904750
0.3794043926847344	0.9644547753966528
0.3796693827652262	0.9717698411683148
0.3796758514077568	0.9697685915593123
0.3800032073597193	0.9807143365476344
0.3802941885146786	0.9853535642778714
0.3806315625130761	0.9785780969688702
0.3810841833260726	0.9899101300151175
0.3814403779669620	0.9926007489183390
0.3823781209998158	0.9947658979171369
0.3831552074270643	0.9961199042377956
0.3832357613686477	0.9969255417524537
0.3874398588985072	0.9990684616245024
0.3883146803820056	0.9993407684845887
0.3916268945312128	0.9997238169374810
0.3930251563270589	0.9998739526732985
0.3944818282816595	0.9999412193949202
0.3977469796220660	0.9999653950762432
0.4028122098872863	0.9999895197864818
0.4055399400454500	0.9999949300550466
0.4134738305454865	0.9999985003507172
0.4152162842039319	0.9999993151299748
0.4230099622172450	0.9999997926035369
0.4255488269951312	0.9999999021096982
0.4321208430224759	0.9999999698684733
0.4342516642548099	0.9999999860455977
0.4412353405146888	0.9999999957522596
0.4440822230407254	0.9999999980517428
0.4509985304549884	0.9999999994125337
0.4540732613084182	0.9999999997315003
0.4608458130390728	0.9999999999195333
0.4639418740917386	0.9999999999632481
0.4706309684062364	0.9999999999890155
0.4736454630812935	0.9999999999949787
0.4802717022380331	0.9999999999984999
0.4831581848253080	0.9999999999993137
0.4897708012990846	0.9999999999997947
0.4925615453411202	0.9999999999999060
0.4991824258871346	0.9999999999999720
0.5018990953916470	0.9999999999999871
0.5085851059891354	0.9999999999999959
0.5114214004053791	0.9999999999999982
0.5125907735651992	1.0000001605573323
0.5125907735985160	1.0000001807717773
0.5310910177113017	1.0000001839238148
0.5327069133640840	1.0000001847216549
0.5330655053279929	1.0000002042995999
0.5331803518563861	1.0000002068302380
0.5479649391521080	1.0000002074507122
0.5489168122136477	1.0000002093648757
0.5491220718639347	1.0000002096122993
0.5605939627987310	1.0000002096917460
0.5625400667298702	1.0000002098715453
0.5628022138082418	1.0000002098987948
0.5759724453695906	1.0000002099205489
0.5761487461023642	1.0000002099234504
0.5888628172844592	1.0000002099254921
0.5899686245223267	1.0000002099258427
0.6005351190018356	1.0000002099260614
0.6014609425162728	1.0000004339797235
0.6039565531859044	1.0000004666842510
0.6042744488339939	1.0000005052549905
0.6046043289512066	1.0000005915346082
0.6155001777052185	1.0000006052331272
0.6239694262586939	1.0000006194928739
0.6300546602442848	1.0000006234344798
0.6346459836083174	1.0000006259432130
0.6465029204333688	1.0000006262674901
0.6469567088243464	1.0000006265592305
0.6546251051788282	1.0000006267155002
0.6598863941267529	1.0000006267356993
0.6661535272046574	1.0000006267906478
0.6692574009788405	1.0000006267986683
0.6810456864892533	1.0000006268072428
0.6899340768777229	1.0000006268096047
0.6995353826879804	1.0000006268099100
0.7066419078424323	1.0000006268102068
0.7083321667331344	1.0000006268102448
0.7208219480843011	1.0000006268102581
0.7288689138015132	1.0000006268102599
0.7344446135628718	1.0000006268102610
0.7414960565154785	1.0000006268102697
0.7450798147917451	1.0000006268102710
0.7686413027707679	1.0000006268102712
0.7726361453665573	1.0000006268102712
1.6077787406546034	0.9800006142740658
1.6077787406546034	0.9999677481557263
1.7009343388342970	0.9999804155642072
1.9544645536010687	1.0000281007388911
1.9544645536012486	1.0000342624472980
2.0828418206622210	1.0004732740424227
2.0984970858113652	1.0001409629190445
2.1057686601848054	1.0000482671335751
2.1172148320853221	1.0000124819012413
2.1190101074957908	1.0000047762436683
2.1308012406483097	1.0000018254625196
2.1341048535598799	1.0000011913568727
2.1455654270231208	1.0000008899961579
2.1506294667069761	1.0000008394208431
2.1640105610703930	1.0000008100942863
2.1669898905870437	1.0000008044354429
2.1787546842888634	1.0000008000845919
2.1820161609812159	1.0000007991611304
2.1983617435715965	1.0000002318487415
2.1983685456228677	1.0000001585179707
2.2193177669713573	1.0000001463694608
2.2344953460776362	1.0000001456912697
2.2562858508686712	1.0000001456543464
2.2755837803206096	1.0000001456523364
2.2916947657777405	1.0000001455158951
2.3101953275867180	1.0000001454840062
2.3398828598243924	1.0000001454822700
2.3563795336085707	1.0000001454821754
2.3753128831967643	1.0000001454821705
2.3814836995606101	0.9953919580072210
2.3827369212167722	0.9992383553531641
2.3869614324927073	0.9997425199773790
2.4215492001549412	0.9999394679674376
2.4306611070320665	0.9999772252723024
2.4472503094267504	0.9999935269440203
2.4511468008504527	0.9999962903753017
2.4659596500896477	0.9999975692625208
2.4700022428258390	0.9999977865931579
2.4828007551316356	0.9999978992648867
2.4889395453058230	0.9999979138289222
2.5079292066263195	0.9999979189724413
2.5159090264108626	0.9999979197232358
2.5194314314233566	0.9999989316779447
2.5219465443984337	0.9999990818612167
2.5409358259116499	0.9999991012715596
2.5521721075567396	0.9999991074625499
2.5610090044339797	0.9999991082627540
2.5761514872784335	0.9999991086315410
2.5822664706337539	0.9999991086792107
2.5887571895270489	0.9999997167507668
2.5900068470163173	0.9999998739415398
2.5976911103606031	0.9999999435485849
2.6033064805459878	0.9999999584928280
2.6116531341902567	0.9999999654957340
2.6144285553481548	0.9999999672097157
2.6213791373934465	0.9999999681386789
2.6243227082047347	0.9999999683551848
2.6329609622645855	0.9999999684656715
2.6346092390799174	0.9999999684985971
2.6408920627671808	0.9999999685172382
2.6435634248908833	0.9999999685230014
2.6504322800734883	0.9999999685258326
2.6525316110874262	0.9999999685269955
2.6587174540291372	0.9999999685275532
2.6614924688875150	0.9999999685278289
2.6656490426775452	0.9999999685278881
2.6707602175966616	0.9999999917533563
2.6707602785158122	0.9999999947555852
2.6925620460423372	0.9999999956568008
2.6934865910474972	0.9999999974024907
2.6936653313984671	0.9999999976311931
2.6955347408860746	0.9999999983741216
2.6961383959711900	0.9999999990401078
2.6974048691336736	0.9999999991399501
2.7157079140491902	0.9999999991930458
2.7166765636316077	0.9999999992018608
2.7189939484342407	0.9999999992163644
2.7200182106747444	0.9999999992313400
2.7219511249053996	0.9999999992335982
2.7319145128553179	0.9999999992562635
2.7321011721813142	0.9999999992592432
2.7532762631471837	0.9999999992613371
2.7533351160795250	0.9999999992616661
2.7577822002810013	0.9999999992622879
2.7589374594606788	0.9999999992623766
2.7632926286425574	0.9999999992632742
2.7635682280097216	0.9999999992633922
2.7664062219557710	1.0000019714644355
2.7689018496720128	1.0000022593388456
2.7692449446391412	1.0000029290612191
2.7800039306938245	1.0000030302248839
2.7891393205570796	1.0000031008196213
2.8006632432811078	1.0000031197814565
2.8094747648712666	1.0000031233124829
2.8194815572032468	1.0000031249878576
2.8252158681549653	1.0000031252710226
2.8278167172346294	1.0000052829246566
2.8303126946792418	1.0000055618043375
2.8412153959758339	1.0000056453191111
2.8506288578107828	1.0000056561124837
2.8691256098214706	1.0000056597128455
2.8775746026058995	1.0000056602510790
2.9141875461716786	1.0000056603494385
2.9277600350299298	1.0000056603621519
2.9496863480586066	1.0000056603663114
2.9583006797078699	1.0000056603668495
2.9807890954947331	1.0000056603670253
2.9852007593904188	1.0001172972664565
2.9852007593970908	1.0001317167253450
3.1010400498805457	1.0000244361484361
3.1227634809160350	1.0000223354703741
3.1385787123792843	0.9996023903650062
3.1408195344544265	0.9999010817803173
3.2701798744566237	0.9999889977370856
3.2705339416076691	1.0000003374010042
3.3158629124197732	1.0000018015498364
3.3379324850086123	1.0000019902243125
3.4058330010110636	1.0000333946148423
3.6550538208511432	1.0000029295642190
3.6692605452869591	0.9998569626152646
3.6739819230032493	1.0000102168116602
3.6876792809456291	1.0000538530285970
3.7004566143118849	1.0000600843996821
3.8564598935402192	0.9604586867652737
3.8564598935402192	0.9898604832989045
3.8568111565900129	1.0001290859796865
3.8688038590824205	0.9996339674275012
3.8859133703285540	1.0000077897113691
4.0663065470472191	1.0000976514677740
4.0777379846061210	1.0000011561544841
4.2752194851655645	0.9993855972678289
4.2789979350424270	0.9999227557846736
4.3040471521977128	0.9999870046744948
4.5288922985888229	0.9999897169209907
4.5609655898119561	0.9999986208429896
4.5928982544456938	0.9999998023771256
4.6142799019111349	0.9999999748373000
4.6428476808257138	1.0000109377877830
4.6666271482081862	1.0000125297579154
5.2793438484795434	0.9604122821022782
5.2793438484796438	0.9898126580971306
5.2796561242646129	1.0002986501605962
5.2911143170886934	1.0000466800776495
5.3628528248314193	0.9856928523524737
5.3630177250967650	1.0000342333976100
5.3925112139038358	0.9999552400808829
5.4983827729174122	1.0000099857701064
6.4164856240806998	0.9604106633491188
6.4164856240808001	0.9898109897903035
6.4168442949282953	1.0001218780091130
6.4287219894879311	0.9996239619877988
6.4454355726980710	0.9998425955468614
6.4626903871440913	0.9998536837483045
6.4627566222322175	0.9999866354073140
6.7168586267336972	0.9999979407377565
6.7498369567091459	0.9999994021404328
6.8832870011900864	0.9999998038205348
6.8947863990464633	0.9999998552974367
6.9955463894664174	0.9999998695224880
7.0057554013100694	0.9999998713610365
7.0827116015210390	0.9999998718670798
7.0929508596676829	0.9999998719324904
7.1561565168011532	0.9999998719504933
7.1663965794643802	0.9999998719528205
7.2218809626805722	0.9999998719534607
7.2321089779991308	0.9999998719535438
7.2832897363345550	0.9999998719535667
7.2933021137756455	0.9999998719535693
7.3072917032122762	0.9999998719535693
7.3403662963749348	1.0099998706731050
7.3407975659940403	1.0016137635889462
7.3425237986910430	1.0005481442183009
7.3594554014266773	1.0001951681513592
7.3623269471089481	1.0000947021010937
7.3669037521405771	1.0000357228514758
7.3742009244826630	1.0000083890522582
7.3787077089454876	1.0000048532749424
7.3877992930204970	1.0000009331410016
7.3900447632514803	1.0000004264042230
7.4006689463773974	1.0000000503683704
7.4044893524406490	1.0000000017617932
7.4128850727812310	0.9999999665625002
7.4164634342329236	0.9999999620126468
7.4206420487836215	0.9999999570677959
7.4230608485196692	0.9999999564286256
7.4334845930202933	0.9999999558306308
7.4364861604653152	0.9999999557533340
7.4461896240144183	0.9999999556866362
7.4493395172055479	0.9999999556780148
7.4584499425035595	0.9999999556708483
7.4616920988527831	0.9999999556699215
7.4703510369054396	0.9999999556691648
7.4736319957706243	0.9999999556690671
7.4820288163842612	0.9999999556689881
7.4852928403935453	0.9999999556689779
7.4933428053526052	0.9999999556689697
7.4968636081533875	0.9999999556689684
7.5031254656522846	0.9999825204526236
7.5031254656524524	0.9999802665313408
7.5223939123525012	0.9999796028475171
7.5446113910359811	0.9999795403156587
8.0063599407456323	1.0001456913197502
8.0434575664236032	0.9605431785031684
8.0434575664236032	0.9899475615185714
8.0438203944563966	1.0001366111695487
8.0560324225860178	0.9996475430488778
8.0733144683067763	1.0000195612320386
8.1170290443357054	1.0000986150402451
8.1285635840315820	1.0000025783258624
8.4607776980957645	0.9993955571892230
8.4645683330741370	0.9999239410144195
8.4889501380127435	0.9999873351790103
8.7090048020059907	0.9999900453841754
8.7915582881535581	0.9999900800256127
8.7975492887392264	0.9999983642518672
8.8312401458808765	0.9999994355456044
8.8530465892980246	0.9999995919158694
8.8966598197870628	0.9999995945281754
8.9402699531803993	0.9999995945718196
8.9838907556808962	0.9999995945725486
9.0278119197521356	0.9999995945725608
9.0959864805855428	0.9999995945725609
9.0970407241992106	0.9999995945725609
