0.0000000000000000	0.0000000000000000
0.3736334316123637	0.0000300000000000
0.3739129731193351	0.0000109051053157
0.3742219043436480	0.0000148500333275
0.3748167507172087	0.0000248500333275
0.3748850785140671	0.0000181704288694
0.3749195462348796	0.0000258330503234
0.3755292766437211	0.0000325050636169
0.3757117882437153	0.0000228689836947
0.3763162174021317	0.0000427858944549
0.3764935949730285	0.0000346147793630
0.3765120460345062	0.0000375003007377
0.3770548186327327	0.0000479437198663
0.3774423185775523	0.0000576530403477
0.3777571125689722	0.0000676530403477
0.3780249876806300	0.0000776530403477
0.3782667178646843	0.0000883880837744
0.3784963055823008	0.0000983880837744
0.3786830972852577	0.0001083880837744
0.3788620524619269	0.0001183880837744
0.3790168033365411	0.0001283880837744
0.3791679364461934	0.0001383880837744
0.3793026800080761	0.0001483880837744
0.3794295246629633	0.0001583880837744
0.3795453943751098	0.0001683880837744
0.3796580571483753	0.0001783880837744
0.3797619551471677	0.0001883880837744
0.3798645993972012	0.0001983880837744
0.3799581428188504	0.0002083880837744
0.3800504553061984	0.0002183880837744
0.3801355268059611	0.0002283880837744
0.3802193242814536	0.0002383880837744
0.3802973340462871	0.0002483880837744
0.3803738422748474	0.0002583880837744
0.3804458784779698	0.0002683880837744
0.3805163417331371	0.0002783880837744
0.3805832682287308	0.0002883880837744
0.3806485768478525	0.0002983880837744
0.3807109707171883	0.0003083880837744
0.3807717786202738	0.0003183880837744
0.3808302706026732	0.0003283880837744
0.3808872214825535	0.0003383880837744
0.3809423083981984	0.0003483880837744
0.3809958820889001	0.0003583880837744
0.3810479344123437	0.0003683880837744
0.3810984261373565	0.0003783880837744
0.3811477638865087	0.0003883880837744
0.3811956790360195	0.0003983880837744
0.3812425641300537	0.0004083880837744
0.3812879929674054	0.0004183880837744
0.3813326618026348	0.0004283880837744
0.3813759417452102	0.0004383880837744
0.3814185907642816	0.0004483880837744
0.3814598443640467	0.0004583880837744
0.3815006039291824	0.0004683880837744
0.3815400030726455	0.0004783880837744
0.3815790862588836	0.0004883880837744
0.3816168173876531	0.0004983880837744
0.3816543520481570	0.0005083880837744
0.3816905672676541	0.0005183880837744
0.3817266610190396	0.0005283880837744
0.3817614699959859	0.0005383880837744
0.3817961554843095	0.0005483880837744
0.3818297383445765	0.0005583880837744
0.3818631517009831	0.0005683880837744
0.3818954971515713	0.0005783880837744
0.3819276231599870	0.0005883880837744
0.3819589615907774	0.0005983880837744
0.3819900490787565	0.0006083880837744
0.3820202895729664	0.0006183880837744
0.3820502939652881	0.0006283880837744
0.3820796823082701	0.0006383880837744
0.3821086561048533	0.0006483880837744
0.3821372225367050	0.0006583880837744
0.3821652312504697	0.0006683880837744
0.3821929602560187	0.0006783880837744
0.3822201274325367	0.0006883880837744
0.3822470774343367	0.0006983880837744
0.3822734285958509	0.0007083880837744
0.3822995967679793	0.0007183880837744
0.3823252578477490	0.0007283880837744
0.3823506680978049	0.0007383880837744
0.3823757081153115	0.0007483880837744
0.3824003887955943	0.0007583880837744
0.3824246814389782	0.0007683880837744
0.3824488892667189	0.0007783880837744
0.3824724589924633	0.0007883880837744
0.3824959773898947	0.0007983880837744
0.3825190526042920	0.0008083880837744
0.3825420465219133	0.0008183880837744
0.3825644489117552	0.0008283880837744
0.3825868513924819	0.0008383880837743
0.3826087861322287	0.0008483880837744
0.3826306892945213	0.0008583880837743
0.3826521204247151	0.0008683880837743
0.3826734289044174	0.0008783880837743
0.3826943625138431	0.0008883880837743
0.3827152024562979	0.0008983880837743
0.3827357104109326	0.0009083880837743
0.3827561030230841	0.0009183880837743
0.3827761912192124	0.0009283880837743
0.3827961311444863	0.0009383880837743
0.3828158081038064	0.0009483880837743
0.3828352788750612	0.0009583880837743
0.3828545199967812	0.0009683880837743
0.3828735787727149	0.0009783880837743
0.3828924461552359	0.0009883880837743
0.3829111182391609	0.0009983880837743
0.3829296236456677	0.0010083880837743
0.3829479153725461	0.0010184719646120
0.3829662251503755	0.0010286566842581
0.3829844863134647	0.0010389432511007
0.3830028199890456	0.0010493326836118
0.3830210692186793	0.0010598260104479
0.3830394322012367	0.0010704242705524
0.3830576695705227	0.0010811285132579
0.3830760212455332	0.0010919397983905
0.3830942851792370	0.0011028591963744
0.3831126122582581	0.0011138877883381
0.3831309213978455	0.0011250266662215
0.3831492193841817	0.0011362769328837
0.3831675783139592	0.0011476397022126
0.3831858475809525	0.0011591160992347
0.3832041997092177	0.0011707072602270
0.3832224992126660	0.0011824143328293
0.3832408156758003	0.0011942384761576
0.3832591789333515	0.0012061808609192
0.3832774596536215	0.0012182426695284
0.3832958049796434	0.0012304250962237
0.3833141357057578	0.0012427293471859
0.3833324420699271	0.0012551566406578
0.3833508023026389	0.0012677082070644
0.3833691170242675	0.0012803852891350
0.3833874366469134	0.0012931891420263
0.3834058006857500	0.0013061210334466
0.3834241151626118	0.0013191822437811
0.3834424383299991	0.0013323740662189
0.3834607983961414	0.0013456978068811
0.3834791275408745	0.0013591547849499
0.3834974475717943	0.0013727463327994
0.3835157979189003	0.0013864737961274
0.3835341557483178	0.0014003385340887
0.3835524678402956	0.0014143419194295
0.3835708051866339	0.0014284853386238
0.3835891671738644	0.0014427701920101
0.3836075063347179	0.0014571978939302
0.3836258287779590	0.0014717698728695
0.3836441723151637	0.0014864875715981
0.3836625311047084	0.0015013524473141
0.3836808793914057	0.0015163659717873
0.3836992049393275	0.0015315296315051
0.3837175432801142	0.0015468449278202
0.3837358950937662	0.0015623133770984
0.3837542558650619	0.0015779365108693
0.3837725983324728	0.0015937158759780
0.3837909301896317	0.0016096530347378
0.3838092701119671	0.0016257495650852
0.3838276182823054	0.0016420070607360
0.3838459718265676	0.0016584271313434
0.3838643306867833	0.0016750114026568
0.3838826805753057	0.0016917615166834
0.3839010166076789	0.0017086791318502
0.3839193577838827	0.0017257659231687
0.3839377025259783	0.0017430235824004
0.3839560504650044	0.0017604538182244
0.3839744005821283	0.0017780583564067
0.3839927524340311	0.0017958389399708
0.3840111054262190	0.0018137973293704
0.3840294589809745	0.0018319353026641
0.3840478129586947	0.0018502546556908
0.3840661667050713	0.0018687572022477
0.3840845204387299	0.0018874447742702
0.3841028734079476	0.0019063192220129
0.3841212232125004	0.0019253824142330
0.3841395740936402	0.0019446362383753
0.3841579257413096	0.0019640826007591
0.3841762775286121	0.0019837234267667
0.3841946283919882	0.0020035606610344
0.3842129794229468	0.0020235962676447
0.3842313295522446	0.0020438322303212
0.3842496800442094	0.0020642705526244
0.3842680297108191	0.0020849132581506
0.3842863792904802	0.0021057623907321
0.3843047284626253	0.0021268200146395
0.3843230776319097	0.0021480882147859
0.3843414266249425	0.0021695690969338
0.3843597761036366	0.0021912647879031
0.3843781251732175	0.0022131774357821
0.3843964746902307	0.0022353092101399
0.3844148241046736	0.0022576623022413
0.3844331736663014	0.0022802389252637
0.3844515237398044	0.0023030413145163
0.3844698736171080	0.0023260717276615
0.3844882239873188	0.0023493324449381
0.3845065745298060	0.0023728257693875
0.3845249251828324	0.0023965540270813
0.3845432765180129	0.0024205195673521
0.3845616278401751	0.0024447247630257
0.3845799794371960	0.0024691720106559
0.3845983317863858	0.0024938637307625
0.3846166840900710	0.0025188023680701
0.3846350367300058	0.0025439903917508
0.3846533901081304	0.0025694302956683
0.3846717435550386	0.0025951245986251
0.3846900973229671	0.0026210758446113
0.3847084517501167	0.0026472866030574
0.3847268064989876	0.0026737594690879
0.3847451615017011	0.0027004970637788
0.3847635170453583	0.0027275020344166
0.3847818732914816	0.0027547770547608
0.3848002296885315	0.0027823248253084
0.3848185864852391	0.0028101480735614
0.3848369438682777	0.0028382495542971
0.3848553019189758	0.0028666320498400
0.3848736602144811	0.0028952983703384
0.3848920189245830	0.0029242513540418
0.3849103781588588	0.0029534938675822
0.3849287379533582	0.0029830288062580
0.3849470980976459	0.0030128590943206
0.3849654585186411	0.0030429876852638
0.3849838193329320	0.0030734175621164
0.3850021806385391	0.0031041517377376
0.3850205425117439	0.0031351932551149
0.3850389049746216	0.0031665451876661
0.3850572677612090	0.0031982106395427
0.3850756309509625	0.0032301927459381
0.3850939946042479	0.0032624946733976
0.3851123587730877	0.0032951196201315
0.3851307234915579	0.0033280708163329
0.3851490887912123	0.0033613515244962
0.3851674546857738	0.0033949650397412
0.3851858211831079	0.0034289146901386
0.3852041881375721	0.0034632038370401
0.3852225545357322	0.0034978358754104
0.3852409206096918	0.0035328142341646
0.3852592872440197	0.0035681423765062
0.3852776544603113	0.0036038238002713
0.3852960222620918	0.0036398620382739
0.3853143906659974	0.0036762606586566
0.3853327596705115	0.0037130232652431
0.3853511292887995	0.0037501534978956
0.3853694995176358	0.0037876550328746
0.3853878703589298	0.0038255315832033
0.3854062418055490	0.0038637868990354
0.3854246138611169	0.0039024247680257
0.3854429865230882	0.0039414490157060
0.3854613597950370	0.0039808635058631
0.3854797336791462	0.0040206721409217
0.3854981081789455	0.0040608788623310
0.3855164833013057	0.0041014876509542
0.3855348590482611	0.0041425025274638
0.3855532354315230	0.0041839275527384
0.3855716124517080	0.0042257668282658
0.3855899901186643	0.0042680244965485
0.3856083684381667	0.0043107047415139
0.3856267474177834	0.0043538117889291
0.3856451270631965	0.0043973499068184
0.3856635073662564	0.0044413234058866
0.3856818883276936	0.0044857366399455
0.3857002699456065	0.0045305940063450
0.3857186522199587	0.0045758999464084
0.3857370351577895	0.0046216589458725
0.3857554187583201	0.0046678755353312
0.3857738030270510	0.0047145542906846
0.3857921879728609	0.0047616998335915
0.3858105735993304	0.0048093168319274
0.3858289599155958	0.0048574100002467
0.3858473469328162	0.0049059841002491
0.3858657346577933	0.0049550439412516
0.3858841231020216	0.0050045943806641
0.3859025122794246	0.0050546403244708
0.3859209021971704	0.0051051867277155
0.3859392928654146	0.0051562385949926
0.3859576842966077	0.0052078009809426
0.3859760764989848	0.0052598789907520
0.3859944694808350	0.0053124777806595
0.3860128632526049	0.0053656025584661
0.3860312578263999	0.0054192585840507
0.3860496532089424	0.0054734511698911
0.3860680494090991	0.0055281856815899
0.3860864464376891	0.0055834675384058
0.3861048443069258	0.0056393022137899
0.3861232430252204	0.0056956952359277
0.3861416426022735	0.0057526521882871
0.3861600430492955	0.0058101787101700
0.3861784443789968	0.0058682804972716
0.3861968466048619	0.0059269633022444
0.3862152497373356	0.0059862329352668
0.3862336537885273	0.0060460952646194
0.3862520587717006	0.0061065562172656
0.3862704647012187	0.0061676217794382
0.3862888715921514	0.0062292979972326
0.3863072794602612	0.0062915909772048
0.3863256883192998	0.0063545068869769
0.3863440981835928	0.0064180519558466
0.3863625090682881	0.0064822324754051
0.3863809209891469	0.0065470548001591
0.3863993339625397	0.0066125253481608
0.3864177480053220	0.0066786506016424
0.3864361631348435	0.0067454371076587
0.3864545793688951	0.0068128914787352
0.3864729967257150	0.0068810203935226
0.3864914152230968	0.0069498305974578
0.3865098348778126	0.0070193289034324
0.3865282557058851	0.0070895221924666
0.3865466777226107	0.0071604174143913
0.3865651009428197	0.0072320215885353
0.3865835253811977	0.0073043418044207
0.3866019510522916	0.0073773852224649
0.3866203779705515	0.0074511590746895
0.3866388061503827	0.0075256706654363
0.3866572356063356	0.0076009273720906
0.3866756663531173	0.0076769366458116
0.3866940984057908	0.0077537060122697
0.3867125317797335	0.0078312430723924
0.3867309664899790	0.0079095555031164
0.3867494025286725	0.0079886510581476
0.3867678398912612	0.0080685375687290
0.3867862785763067	0.0081492229444162
0.3868047185853852	0.0082307151738605
0.3868231599227641	0.0083130223255992
0.3868416025952290	0.0083961525488553
0.3868600466118138	0.0084801140743439
0.3868784919836356	0.0085649152150872
0.3868969387237844	0.0086505643672381
0.3869153868471311	0.0087370700109105
0.3869338363702928	0.0088244407110195
0.3869522873108095	0.0089126851181298
0.3869707396858471	0.0090018119693111
0.3869891935125065	0.0090918300890043
0.3870076488080076	0.0091827483898944
0.3870261055899195	0.0092745758737934
0.3870445638763935	0.0093673216325313
0.3870630236861698	0.0094609948488566
0.3870814850386217	0.0095556047973451
0.3870999479538304	0.0096511608453184
0.3871184121809721	0.0097476724537718
0.3871368776267189	0.0098451491783095
0.3871553443378983	0.0099436006700926
0.3871738123603024	0.0100430366767936
0.3871922817388772	0.0101434670435614
0.3872107525179560	0.0102449017139972
0.3872292247414838	0.0103473507311371
0.3872476984531716	0.0104508242384483
0.3872661736966843	0.0105553324808327
0.3872846505156440	0.0106608858056411
0.3873031289536564	0.0107674946636974
0.3873216090543165	0.0108751696103343
0.3873400908591228	0.0109839213064376
0.3873585744075508	0.0110937605195019
0.3873770597375088	0.0112046981246971
0.3873955468857532	0.0113167451059442
0.3874140358882356	0.0114299125570035
0.3874325267804635	0.0115442116825735
0.3874510195642441	0.0116596537993994
0.3874695142429968	0.0117762503373935
0.3874880108240222	0.0118940128407676
0.3875065093182183	0.0120129529691751
0.3875250097398514	0.0121330824988670
0.3875435121063846	0.0122544133238558
0.3875620164383387	0.0123769574570942
0.3875805227591866	0.0125007270316652
0.3875990310952777	0.0126257343019817
0.3876175414757930	0.0127519916450017
0.3876360539327134	0.0128795115614515
0.3876545684989451	0.0130083066770662
0.3876730852071917	0.0131383897438370
0.3876916040901927	0.0132697736412755
0.3877101251809764	0.0134024713776882
0.3877286485131152	0.0135364960914649
0.3877471741209856	0.0136718610523797
0.3877657020400176	0.0138085796629036
0.3877842323069329	0.0139466654595327
0.3878027649599725	0.0140861321141282
0.3878213000390511	0.0142269934352693
0.3878398375857210	0.0143692633696218
0.3878583776431897	0.0145129560033182
0.3878769202563650	0.0146580855633513
0.3878954654719257	0.0148046664189846
0.3879140133369682	0.0149527130831744
0.3879325638972110	0.0151022402140060
0.3879511171562537	0.0152532626161462
0.3879696731173262	0.0154057952423075
0.3879882317884203	0.0155598531947307
0.3880067931821825	0.0157154517266779
0.3880253573157513	0.0158726062439445
0.3880439242106442	0.0160313323063841
0.3880624938926912	0.0161916456294479
0.3880810576155375	0.0163535620857426
0.3880996237107982	0.0165170977066001
0.3881181923291634	0.0166822686836663
0.3881367633444847	0.0168490913705031
0.3881553368276638	0.0170175822842079
0.3881739128513457	0.0171877581070501
0.3881924914897299	0.0173596356881206
0.3882110728146003	0.0175332320450016
0.3882296568960378	0.0177085643654515
0.3882482438031044	0.0178856500091063
0.3882668336044845	0.0180645065091973
0.3882854263690924	0.0182451515742890
0.3883040221666527	0.0184276030900317
0.3883226210678957	0.0186118791209323
0.3883412231447924	0.0187979979121414
0.3883598284708129	0.0189859778912627
0.3883784370873560	0.0191758376701752
0.3883970490125809	0.0193675960468769
0.3884156642734891	0.0195612720073458
0.3884342829007414	0.0197568847274193
0.3884529049290097	0.0199544535746933
0.3884715303953276	0.0201539981104404
0.3884901593374431	0.0203555380915446
0.3885087918032503	0.0205590934724603
0.3885274278452628	0.0207646844071850
0.3885460675208353	0.0209723312512572
0.3885647108923916	0.0211820545637697
0.3885833580273234	0.0213938751094072
0.3886020089978861	0.0216078138605014
0.3886206638760130	0.0218238919991063
0.3886393227339808	0.0220421309190972
0.3886579856452421	0.0222625522282883
0.3886766526852111	0.0224851777505712
0.3886953239319210	0.0227100295280770
0.3887139994048877	0.0229371298233578
0.3887326791208093	0.0231665011215917
0.3887513627967930	0.0233981661328079
0.3887700498191696	0.0236321477941359
0.3887887402909316	0.0238684692720775
0.3888074343205399	0.0241071539647985
0.3888261320165998	0.0243482255044462
0.3888448334880888	0.0245917077594910
0.3888635388450359	0.0248376248370860
0.3888822481991634	0.0250860010854570
0.3889009616645407	0.0253368610963114
0.3889196793582551	0.0255902297072747
0.3889384014011051	0.0258461320043473
0.3889571276185949	0.0261045933243911
0.3889758567389960	0.0263656392576353
0.3889945905625652	0.0266292956502117
0.3890133291433167	0.0268955886067139
0.3890320725277978	0.0271645444927811
0.3890508207723832	0.0274361899377092
0.3890695739435991	0.0277105518370864
0.3890883321179067	0.0279876573554570
0.3891070953815795	0.0282675339290117
0.3891258638307133	0.0285502092683015
0.3891446375659960	0.0288357113609843
0.3891634091410508	0.0291240684745941
0.3891821766431821	0.0294153091593400
0.3892009500037134	0.0297094622509331
0.3892197293120839	0.0300065568734426
0.3892385146651955	0.0303066224421774
0.3892573053019334	0.0306096886665987
0.3892761008830867	0.0309157855532650
0.3892949015346523	0.0312249434087979
0.3893137073609393	0.0315371928428859
0.3893325184759900	0.0318525647713147
0.3893513349994887	0.0321710904190273
0.3893701570575971	0.0324928013232173
0.3893889847838573	0.0328177293364499
0.3894078183200919	0.0331459066298140
0.3894266578169448	0.0334773656961126
0.3894455034341078	0.0338121393530740
0.3894643553343942	0.0341502607466042
0.3894832136823266	0.0344917633540701
0.3895020786401909	0.0348366809876107
0.3895209502641376	0.0351850477974865
0.3895398286285970	0.0355368982754612
0.3895587138258917	0.0358922672582160
0.3895776059660929	0.0362511899307981
0.3895965051735784	0.0366137018301065
0.3896154115808239	0.0369798388484073
0.3896343251902741	0.0373496372368913
0.3896532446283680	0.0377231336092603
0.3896721701570078	0.0381003649453532
0.3896911020411445	0.0384813685948064
0.3897100405504505	0.0388661822807545
0.3897289858712026	0.0392548441035618
0.3897479381521819	0.0396473925445980
0.3897668975535050	0.0400438664700436
0.3897858642476053	0.0404443051347443
0.3898048384203374	0.0408487481860914
0.3898238202721362	0.0412572356679525
0.3898428100185033	0.0416698080246317
0.3898617910266073	0.0420865061048777
0.3898807721953502	0.0425073711659264
0.3898997622354642	0.0429324448775857
0.3899187613353681	0.0433617693263616
0.3899377695589180	0.0437953870196256
0.3899567869991024	0.0442333408898223
0.3899758137391280	0.0446756742987211
0.3899948479499475	0.0451224310417083
0.3900138899150384	0.0455736553521256
0.3900329399224765	0.0460293919056469
0.3900519982678504	0.0464896858247029
0.3900710652564349	0.0469545826829501
0.3900901412047953	0.0474241285097800
0.3901092263659908	0.0478983697948783
0.3901283209142604	0.0483773534928266
0.3901474250428222	0.0488611270277555
0.3901665389660134	0.0493497382980327
0.3901856629201330	0.0498432356810126
0.3902047940024548	0.0503416680378233
0.3902239347037229	0.0508450847182015
0.3902430862195420	0.0513535355653833
0.3902622476921726	0.0518670709210372
0.3902814181691012	0.0523857416302473
0.3903005979407858	0.0529095990465501
0.3903197873214906	0.0534386950370154
0.3903389866508637	0.0539730819873849
0.3903581962880383	0.0545128128072588
0.3903773913951152	0.0550579409353319
0.3903965899684519	0.0556085203446848
0.3904158002866464	0.0561646055481319
0.3904350227094534	0.0567262516036139
0.3904542574246811	0.0572935141196496
0.3904735046449903	0.0578664492608468
0.3904927646134165	0.0584451137534547
0.3905120376027980	0.0590295648909900
0.3905313221714709	0.0596198605398998
0.3905506176935132	0.0602160591452996
0.3905699246853160	0.0608182197367530
0.3905892436749792	0.0614264019341213
0.3906085749838506	0.0620406659534633
0.3906279189512743	0.0626610726129976
0.3906472759513770	0.0632876833391284
0.3906666463955305	0.0639205601725192
0.3906860307268425	0.0645597657742444
0.3907054294076014	0.0652053634319875
0.3907248428111315	0.0658574170663079
0.3907442703935847	0.0665159912369716
0.3907637102522279	0.0671811511493413
0.3907831393882266	0.0678529626608354
0.3908025648527895	0.0685314922874437
0.3908220045472759	0.0692168072103182
0.3908414589995312	0.0699089752824206
0.3908609287657749	0.0706080650352441
0.3908804143722696	0.0713141456855965
0.3908999161618078	0.0720272871424527
0.3909194345352641	0.0727475600138774
0.3909389693880539	0.0734750356140169
0.3909585158804079	0.0742097859701569
0.3909780766768368	0.0749518838298575
0.3909976525551656	0.0757014026681553
0.3910172441943400	0.0764584166948366
0.3910368521211701	0.0772230008617839
0.3910564769076589	0.0779952308704025
0.3910761191759261	0.0787751831791055
0.3910957796014581	0.0795629350108965
0.3911154574481285	0.0803585643610056
0.3911351037803649	0.0811621500046165
0.3911547705929405	0.0819737715046615
0.3911744555411439	0.0827935092197075
0.3911941579935781	0.0836214443119036
0.3912138786961232	0.0844576587550227
0.3912336184463786	0.0853022353425729
0.3912533780753259	0.0861552576959989
0.3912731582532125	0.0870168102729595
0.3912929595551062	0.0878869783756887
0.3913127826428998	0.0887658481594451
0.3913326276532453	0.0896535066410405
0.3913524913717625	0.0905500417074514
0.3913723748732600	0.0914555421245252
0.3913922790633353	0.0923700975457695
0.3914122047271950	0.0932937985212278
0.3914320922474428	0.0942267365064391
0.3914520030985475	0.0951690038715036
0.3914719384680142	0.0961206939102199
0.3914918931687076	0.0970819008493223
0.3915118700859586	0.0980527198578156
0.3915318687841536	0.0990332470563940
0.3915518902477743	0.1000235795269588
0.3915719355248272	0.1010238153222282
0.3915920057347499	0.1020340534754502
0.3916121020172568	0.1030543940102042
0.3916322251819913	0.1040849379503062
0.3916523761320927	0.1051257873298107
0.3916725512166274	0.1061770452031083
0.3916926842638236	0.1072388156551384
0.3917128415566924	0.1083112038116886
0.3917330262201197	0.1093943158498042
0.3917532393321097	0.1104882590083014
0.3917734819050431	0.1115931415983835
0.3917937550650600	0.1127090730143666
0.3918140600591382	0.1138361637445102
0.3918343919246255	0.1149745253819564
0.3918547521085698	0.1161242706357761
0.3918751418882019	0.1172855133421323
0.3918955626551494	0.1184583684755529
0.3919159808058053	0.1196429521603076
0.3919363738419396	0.1208393816819091
0.3919568024336319	0.1220477754987296
0.3919772642504291	0.1232682532537185
0.3919977573642062	0.1245009357862547
0.3920182833798876	0.1257459451441163
0.3920388440420782	0.1270034045955562
0.3920594409987931	0.1282734386415129
0.3920800755778306	0.1295561730279263
0.3921007463927838	0.1308517347582046
0.3921214507234406	0.1321602521057864
0.3921421062805310	0.1334818546268447
0.3921627933051497	0.1348166731731129
0.3921835197788755	0.1361648399048423
0.3922042872529027	0.1375264883038907
0.3922250974683424	0.1389017531869302
0.3922459470627819	0.1402907707187992
0.3922668305496698	0.1416936784259880
0.3922877447333309	0.1431106152102481
0.3923087013694718	0.1445417213623486
0.3923296540528800	0.1459871385759721
0.3923505961880618	0.1474470099617313
0.3923715858969231	0.1489214800613486
0.3923926178740062	0.1504106948619621
0.3924136942664280	0.1519148018105820
0.3924348174202263	0.1534339498286865
0.3924559899096111	0.1549682893269729
0.3924772139641849	0.1565179722202445
0.3924984830035707	0.1580831519424454
0.3925197107740314	0.1596639834618689
0.3925409627471228	0.1612606232964875
0.3925622670865688	0.1628732295294521
0.3925836108469073	0.1645019618247459
0.3926050097010905	0.1661469814429948
0.3926264586022716	0.1678084512574252
0.3926479600637693	0.1694865357699977
0.3926695175259304	0.1711814011276965
0.3926910349764904	0.1728932151389754
0.3927125819444418	0.1746221472903638
0.3927341915596144	0.1763683687632663
0.3927558572953360	0.1781320524509004
0.3927775829345004	0.1799133729754115
0.3927993718321733	0.1817125067051659
0.3928212272432700	0.1835296317722191
0.3928430895644994	0.1853649280899395
0.3928649100907520	0.1872185773708409
0.3928867949233699	0.1890907631445471
0.3929087479595839	0.1909816707759918
0.3929307727368654	0.1928914874837498
0.3929528706616494	0.1948204023585877
0.3929750350448766	0.1967686063821737
0.3929972178565900	0.1987362924459935
0.3930193716052224	0.2007236553704554
0.3930416039638758	0.2027308919241577
0.3930639193557328	0.2047582008434016
0.3930862925765875	0.2068057828518355
0.3931087334008526	0.2088738406803530
0.3931312563933013	0.2109625790871576
0.3931537228043652	0.2130722048780267
0.3931762478520732	0.2152029269268053
0.3931988552007617	0.2173549561960720
0.3932215483439346	0.2195285057580343
0.3932443324633394	0.2217237908156172
0.3932672132783525	0.2239410287237748
0.3932900586438671	0.2261804390110110
0.3933129045848745	0.2284422434011212
0.3933358453640015	0.2307266658351297
0.3933588869524849	0.2330339324934818
0.3933820339445738	0.2353642718184194
0.3934052762598824	0.2377179145366047
0.3934284534565416	0.2400950936819708
0.3934517015829568	0.2424960446187887
0.3934750630128405	0.2449210050649754
0.3934985258784128	0.2473702151156233
0.3935220726623264	0.2498439172667774
0.3935456691956944	0.2523423564394449
0.3935692267202327	0.2548657800038391
0.3935929116062913	0.2574144378038747
0.3936167144427805	0.2599885821819106
0.3936406396400665	0.2625884680037278
0.3936646863708645	0.2652143526837623
0.3936886096609571	0.2678664962105975
0.3937126512639726	0.2705451611727063
0.3937368224056264	0.2732506127844319
0.3937611328867405	0.2759831189122753
0.3937855825737794	0.2787429501013988
0.3938099245886079	0.2815303796024123
0.3938344085593768	0.2843456833984353
0.3938590274670798	0.2871891402324198
0.3938837757213954	0.2900610316347410
0.3939086200614232	0.2929616419510909
0.3939334013106149	0.2958912583706011
0.3939583434975545	0.2988501709543043
0.3939834593876491	0.3018386726638486
0.3940087501881518	0.3048570593904893
0.3940339894934753	0.3079056299843931
0.3940592703811404	0.3109846862842365
0.3940847394080064	0.3140945331470792
0.3941104031584551	0.3172354784785489
0.3941362005252068	0.3204078332633372
0.3941619135472266	0.3236119115959695
0.3941877882796365	0.3268480307119259
0.3942138621142683	0.3301165110190427
0.3942401367152478	0.3334176761292301
0.3942663110750012	0.3367518528905197
0.3942926693684675	0.3401193714194237
0.3943192573404325	0.3435205651336174
0.3943460071644463	0.3469557707849514
0.3943726988544309	0.3504253284927999
0.3943995490910128	0.3539295817777266
0.3944266588889588	0.3574688775955022
0.3944540138026594	0.3610435663714543
0.3944812333171846	0.3646540020351652
0.3945086347233363	0.3683005420555179
0.3945363189013606	0.3719835474760728
0.3945642766439337	0.3757033829508353
0.3945921004250668	0.3794604167803435
0.3946201248657057	0.3832550209481474
0.3946484557646173	0.3870875711576293
0.3946769847076792	0.3909584468692038
0.3947054625159963	0.3948680313378937
0.3947342486448149	0.3988167116512757
0.3947633103296350	0.4028048787677892
0.3947923999999028	0.4068329275554648
0.3948216491883166	0.4109012568310191
0.3948512788953232	0.4150102693993261
0.3948811143475546	0.4191603720933178
0.3949108363273792	0.4233519758142489
0.3949409683877532	0.4275854955723937
0.3949715188817300	0.4318613505281154
0.3950019523402056	0.4361799640334004
0.3950326315573144	0.4405417636737342
0.3950637821482861	0.4449471813104725
0.3950951221225108	0.4493966531235760
0.3951264201425293	0.4538906196548139
0.3951582089387206	0.4584295258513595
0.3951904214464409	0.4630138211098744
0.3952224794192189	0.4676439593209731
0.3952549875460957	0.4723203989141793
0.3952880720960507	0.4770436029033216
0.3953209734977061	0.4818140389323536
0.3953542936164986	0.4866321793216812
0.3953882252973948	0.4914985011149021
0.3954220683970827	0.4964134861260490
0.3954563556833616	0.5013776209873082
0.3954912492831275	0.5063913971971832
0.3955260784191659	0.5114553111691568
0.3955613996130727	0.5165698642808525
0.3955973871308796	0.5217355629236620
0.3956332663140536	0.5269529185528992
0.3956697302247156	0.5322224477384280
0.3957069260135003	0.5375446722158158
0.3957439791827665	0.5429201189379703
0.3957817127212550	0.5483493201273534
0.3958201169478417	0.5538328133286309
0.3958585890622361	0.5593711414619184
0.3958977597491293	0.5649648528765387
0.3959374726000421	0.5706145014053073
0.3959774297335629	0.5763206464193574
0.3960183331070263	0.5820838528835496
0.3960594737461491	0.5879046914123885
0.3961011254930115	0.5937837383265098
0.3961440079449640	0.5997215757097776
0.3961866309444540	0.6057187914668721
0.3962303660408285	0.6117759793815423
0.3962749501549906	0.6178937391753544
0.3963196579740469	0.6240726765671107
0.3963659382696966	0.6303134033327831
0.3964120857488218	0.6366165373661105
0.3964595352652063	0.6429827027397699
0.3965080278788605	0.6494125297671706
0.3965567195340512	0.6559066550648395
0.3966071544247479	0.6624657216154839
0.3966578190746495	0.6690903788316375
0.3967098895934630	0.6757812826199513
0.3967633330824168	0.6825390954461530
0.3968170364717495	0.6893644864006160
0.3968732528589382	0.6962581312646251
0.3969293009894430	0.7032207125772727
0.3969875118176432	0.7102529197030457
0.3970469546417342	0.7173554489000752
0.3971078521142236	0.7245290033890726
0.3971710751231816	0.7317742934229654
0.3972343454341298	0.7390920363571937
0.3973012183813937	0.7464829567207665
0.3973685835358176	0.7539477862879759
0.3974390237241388	0.7614872641508568
0.3975112780498070	0.7691021367923663
0.3975856670960215	0.7767931581602880
0.3976642074682992	0.7845610897418906
0.3977427469357991	0.7924067006393093
0.3978278569976473	0.8003307676457041
0.3979127878853351	0.8083340753221629
0.3980039074631087	0.8164174160753839
0.3980973743419721	0.8245815902361373
0.3981965551908340	0.8328274061384966
0.3982997594864611	0.8411556801998801
0.3984082681671151	0.8495672370018803
0.3985251599403291	0.8580629093719001
0.3986443106033513	0.8666435384656187
0.3987779228096830	0.8753099738502764
0.3989123384827630	0.8840630735887780
0.3990630944433446	0.8929037043246671
0.3992254498691033	0.9018327413679122
0.3993982761065372	0.9108510687815921
0.3995947395250013	0.9199595794694082
0.3998128990923529	0.9291591752641020
0.4000623790715873	0.9384507670167425
0.4003439120492233	0.9466951101805571
0.4006478416223576	0.9550127020365540
0.4009751670360557	0.9645628290569194
0.4014064067810920	0.9765259026508716
0.4015450871992098	0.9823678243424130
0.4016913711418505	0.9794031833585968
0.4017668548528379	0.9737542459285690
0.4021872420992784	0.9841686279027436
0.4023320421657737	0.9879556945444414
0.4026501153465551	0.9902136248095932
0.4035463167874375	0.9844523077584584
0.4041036179891085	0.9947747431786033
0.4046027342208034	0.9957662870093070
0.4070500538538935	0.9982926264526436
0.4093895231404127	0.9991357736465716
0.4108056510936777	0.9995366861509550
0.4144665018747525	0.9997005690299817
0.4159994871714123	0.9998245333426127
0.4161514848191689	0.9999284985464904
0.4211236301167638	0.9999712839264181
0.4223602986503798	0.9999857091321858
0.4305464520988331	0.9999937440398223
0.4345711029016805	0.9999981204256595
0.4390512136884670	0.9999991764613640
0.4455451674835608	0.9999997591366073
0.4493054460081933	0.9999998917737168
0.4555456907098784	0.9999999682405520
0.4585388577345731	0.9999999856098123
0.4649772790195524	0.9999999957639818
0.4678255887308843	0.9999999980646521
0.4743172692174100	0.9999999994249078
0.4768510324383743	0.9999999997361024
0.4833924667926640	0.9999999999210702
0.4858488152995485	0.9999999999637612
0.4925078504928165	0.9999999999891326
0.4950648328894302	0.9999999999950148
0.5017871516690918	0.9999999999985044
0.5044732844900945	0.9999999999993150
0.5112132174014433	0.9999999999997947
0.5139949467397309	0.9999999999999056
0.5195776927939521	0.9999999999999836
0.5225815482521076	1.0000000000000007
0.5309389434440893	1.0000000000000102
0.5335838709803212	1.0000000000000122
0.5352663872548034	1.0000000000000173
0.5360880655764817	1.0000000000000180
0.5390641164073722	1.0000000000000187
0.5401218087150645	1.0000000000000189
0.5435531812640907	1.0000000000000191
0.5472424409110314	1.0000000000000193
0.5494970705406609	1.0000000000000193
1.0589622100958183	0.9800000000000190
1.0589622100958183	0.9999999945636179
1.0616872433503071	0.9999999938966716
1.0902467921715471	0.9999999938101257
1.1518956544881864	0.9999999938088233
1.1955007465777114	0.9999999938088016
1.2373665077794698	0.9999999938088010
