0.0000000000000000	0.0000000000000000
0.3805005157245802	0.0000300000000000
0.3807255447054591	0.0000085962033118
0.3822420766657235	0.0000150389791190
0.3823072464162646	0.0000254648691181
0.3826064168217558	0.0000240981002929
0.3830926132800485	0.0000266496409724
0.3834827367217223	0.0000302189810998
0.3838568943297032	0.0000402189810998
0.3840084214491769	0.0000422264648576
0.3844195424019467	0.0000532332490903
0.3847944709591997	0.0000639704110789
0.3851118396715103	0.0000739704110789
0.3853721033537583	0.0000839704110789
0.3856046017218317	0.0000939704110789
0.3858206296219568	0.0001039704110789
0.3860023140737420	0.0001139704110789
0.3861780084867581	0.0001239704110789
0.3863307459807911	0.0001339704110789
0.3864795149166980	0.0001439704110789
0.3866111289265349	0.0001539704110789
0.3867391537034335	0.0001639704110789
0.3868545504263152	0.0001739704110789
0.3869668877915893	0.0001839704110789
0.3870685704486295	0.0001939704110789
0.3871672840804012	0.0002039704110789
0.3872618479250837	0.0002139704110789
0.3873508209222105	0.0002239704110789
0.3874358167801324	0.0002339704110790
0.3875169641705370	0.0002439704110789
0.3875943129838587	0.0002539704110789
0.3876689568440955	0.0002639704110789
0.3877400565934935	0.0002739704110790
0.3878091769022377	0.0002839704110789
0.3878749145133322	0.0002939704110790
0.3879391924265138	0.0003039704110790
0.3880004165105605	0.0003139704110789
0.3880605837106016	0.0003239704110789
0.3881179286386607	0.0003339704110789
0.3881744702737362	0.0003439704110789
0.3882282948452488	0.0003539704110789
0.3882816282232644	0.0003639704110789
0.3883325197177139	0.0003739704110789
0.3883829808756815	0.0003839704110789
0.3884310775023210	0.0003939704110789
0.3884789636794536	0.0004039704110789
0.3885246308029133	0.0004139704110789
0.3885700736475830	0.0004239704110789
0.3886136151482707	0.0004339704110789
0.3886568892569327	0.0004439704110789
0.3886984655215456	0.0004539704110789
0.3887396841293905	0.0004639704110790
0.3887794912610166	0.0004739704110790
0.3888189068657776	0.0004839704110790
0.3888571206051712	0.0004939704110790
0.3888948728301741	0.0005039704110790
0.3889316051215246	0.0005139704110790
0.3889678369107055	0.0005239704110790
0.3890031982821149	0.0005339704110790
0.3890380136009654	0.0005439704110790
0.3890721000986850	0.0005539704110790
0.3891056216022459	0.0005639704110790
0.3891384414059268	0.0005739704110790
0.3891706702850203	0.0005839704110790
0.3892024324235453	0.0005939704110790
0.3892336277149138	0.0006039704110790
0.3892642702009922	0.0006139704110790
0.3892943491150402	0.0006239704110790
0.3893241571188628	0.0006339704110790
0.3893531680886886	0.0006439704110790
0.3893820547550633	0.0006539704110790
0.3894101872464277	0.0006639704110790
0.3894381959342270	0.0006739704110790
0.3894654742348008	0.0006839704110790
0.3894926836849077	0.0006939704110790
0.3895191482544819	0.0007039704110790
0.3895456378358372	0.0007139704110790
0.3895712891694685	0.0007239704110790
0.3895970080675147	0.0007339704110790
0.3896220367074728	0.0007439704110790
0.3896469585249055	0.0007539704110790
0.3896714097968355	0.0007639704110790
0.3896956653212965	0.0007739704110790
0.3897194230060903	0.0007839704110790
0.3897430875125190	0.0007939704110790
0.3897663225918154	0.0008039704110790
0.3897893010413525	0.0008139704110790
0.3898119426809641	0.0008239704110790
0.3898344163256922	0.0008339704110790
0.3898565969347703	0.0008439704110790
0.3898784463232521	0.0008539704110790
0.3899000378531103	0.0008639704110790
0.3899214046902643	0.0008739704110790
0.3899425558143335	0.0008839704110790
0.3899634597317740	0.0008939704110790
0.3899841737746408	0.0009039704110790
0.3900045674806584	0.0009139704110790
0.3900247777902164	0.0009239704110790
0.3900447055753726	0.0009339704110790
0.3900645111860297	0.0009439704110790
0.3900840133768252	0.0009539704110790
0.3901034235395343	0.0009639704110790
0.3901225170807787	0.0009739704110790
0.3901415424367432	0.0009839704110791
0.3901602360653767	0.0009939704110790
0.3901788887874398	0.0010039704110790
0.3901971997757496	0.0010140101151898
0.3902155514982987	0.0010241502163417
0.3902337642123270	0.0010343917185051
0.3902521048761305	0.0010447356356902
0.3902703457255221	0.0010551829920471
0.3902886700337764	0.0010657348219675
0.3903069443520108	0.0010763921701872
0.3903252480745896	0.0010871560918890
0.3903435609928896	0.0010980276528079
0.3903618421073670	0.0011090079293360
0.3903801984902844	0.0011200980086294
0.3903984532167911	0.0011312989887157
0.3904168037802100	0.0011426119786028
0.3904350864139640	0.0011540380983889
0.3904534016041032	0.0011655784793728
0.3904717426584549	0.0011772342641665
0.3904900250054522	0.0011890066068082
0.3905083792389844	0.0012008966728762
0.3905266748283747	0.0012129056396050
0.3905449915837300	0.0012250346960011
0.3905633588699260	0.0012372850429611
0.3905816354056870	0.0012496578933907
0.3905999714176173	0.0012621544723246
0.3906183193853104	0.0012747760170478
0.3906366126401747	0.0012875237772183
0.3906549562152953	0.0013003990149905
0.3906733009221139	0.0013134030051404
0.3906916008127303	0.0013265370351918
0.3907099432311807	0.0013398024055437
0.3907282999001704	0.0013532004295992
0.3907465989742344	0.0013667324338951
0.3907649336522914	0.0013803997582341
0.3907832960666957	0.0013942037558165
0.3908016098970004	0.0014081457933747
0.3908199329339856	0.0014222272513084
0.3908382793699168	0.0014364495238215
0.3908566399315069	0.0014508140190597
0.3908749493903133	0.0014653221592503
0.3908932787865582	0.0014799753808428
0.3909116270851105	0.0014947751346512
0.3909299901643372	0.0015097228859977
0.3909483060467627	0.0015248201148577
0.3909666346582683	0.0015400683160063
0.3909849760861265	0.0015554689991664
0.3910033289551524	0.0015710236891580
0.3910216854623757	0.0015867339260496
0.3910400078318213	0.0016026012653101
0.3910583401833418	0.0016186272779632
0.3910766807950865	0.0016348135507428
0.3910950280759972	0.0016511616862502
0.3911133810032298	0.0016676733031127
0.3911317379689891	0.0016843500361439
0.3911500702478832	0.0017011935365053
0.3911684057164296	0.0017182054718704
0.3911867451364425	0.0017353875265891
0.3912050885104613	0.0017527414018549
0.3912234341384276	0.0017702688158735
0.3912417823762935	0.0017879715040322
0.3912601314145813	0.0018058512190725
0.3912784820757423	0.0018239097312633
0.3912968325793669	0.0018421488285759
0.3913151840253002	0.0018605703168617
0.3913335345447416	0.0018791760200303
0.3913518856115775	0.0018979677802306
0.3913702353882482	0.0019169474580329
0.3913885828670834	0.0019361169326133
0.3914069319630683	0.0019554781019394
0.3914252809110737	0.0019750328829588
0.3914436299587036	0.0019947832117884
0.3914619781162348	0.0020147310439063
0.3914803257747245	0.0020348783543454
0.3914986730217759	0.0020552271378888
0.3915170200467323	0.0020757794092677
0.3915353668859907	0.0020965372033604
0.3915537139195903	0.0021175025753940
0.3915720606104954	0.0021386776011479
0.3915904079454895	0.0021600643771594
0.3916087547071913	0.0021816650209309
0.3916271018583176	0.0022034816711403
0.3916454489822817	0.0022255164878517
0.3916637961878490	0.0022477716527302
0.3916821439494685	0.0022702493692575
0.3917004914881402	0.0022929518629501
0.3917188395305969	0.0023158813815796
0.3917371877104474	0.0023390401953954
0.3917555360375913	0.0023624305973494
0.3917738851107681	0.0023860549033229
0.3917922340604816	0.0024099154523561
0.3918105833695257	0.0024340146068796
0.3918289333421550	0.0024583547529484
0.3918472832876663	0.0024829383004779
0.3918656336833164	0.0025077676834827
0.3918839847168706	0.0025328453603175
0.3919023358070450	0.0025581738139207
0.3919206873514641	0.0025837555520599
0.3919390396512020	0.0026095931075805
0.3919573920129523	0.0026356890386563
0.3919757447693888	0.0026620459290428
0.3919940982173687	0.0026886663883333
0.3920124520061813	0.0027155530522166
0.3920308060651302	0.0027427085827388
0.3920491605659880	0.0027701356685661
0.3920675157070269	0.0027978370252518
0.3920858709653215	0.0028258153955043
0.3921042265265397	0.0028540735494593
0.3921225825635065	0.0028826142849539
0.3921409392423724	0.0029114404278034
0.3921592962031703	0.0029405548320815
0.3921776534686741	0.0029699603804022
0.3921960111930005	0.0029996599842062
0.3922143694743008	0.0030296565840483
0.3922327284138951	0.0030599531498888
0.3922510876640532	0.0030905526813877
0.3922694472890013	0.0031214582082016
0.3922878073883999	0.0031526727902836
0.3923061680245934	0.0031841995181864
0.3923245292605753	0.0032160415133683
0.3923428911315870	0.0032482019285020
0.3923612534829823	0.0032806839477870
0.3923796162753897	0.0033134907872649
0.3923979795559963	0.0033466256951375
0.3924163433697299	0.0033800919520888
0.3924347077460248	0.0034138928716097
0.3924530727122427	0.0034480318003258
0.3924714382851398	0.0034825121183291
0.3924898044782841	0.0035173372395124
0.3925081713001835	0.0035525106119076
0.3925265387558888	0.0035880357180266
0.3925449068492146	0.0036239160752069
0.3925632755794359	0.0036601552359590
0.3925816449487255	0.0036967567883185
0.3926000149543084	0.0037337243562017
0.3926183855985600	0.0037710615997638
0.3926367568769965	0.0038087722157614
0.3926551287934660	0.0038468599379191
0.3926735013435767	0.0038853285372983
0.3926918745339106	0.0039241818226713
0.3927102483593823	0.0039634236408980
0.3927286228271410	0.0040030578773071
0.3927469979343798	0.0040430884560801
0.3927653736866044	0.0040835193406409
0.3927837500856431	0.0041243545340473
0.3928021271352761	0.0041655980793877
0.3928205048423897	0.0042072540601816
0.3928388832087411	0.0042493266007834
0.3928572622448537	0.0042918198667912
0.3928756419523395	0.0043347380654591
0.3928940223392533	0.0043780854461137
0.3929124034136706	0.0044218663005749
0.3929307851807476	0.0044660849635807
0.3929491676523760	0.0045107458132164
0.3929675508310776	0.0045558532713486
0.3929859347119319	0.0046014118040622
0.3930043192952520	0.0046474259221027
0.3930227045756097	0.0046939001813238
0.3930410905541031	0.0047408391831370
0.3930594772339409	0.0047882475749683
0.3930778646148800	0.0048361300507180
0.3930962527020095	0.0048844913512252
0.3931146415019769	0.0049333362647374
0.3931330310180270	0.0049826696273848
0.3931514212578200	0.0050324963236587
0.3931698122322223	0.0050828212868952
0.3931882039467216	0.0051336494997643
0.3932065964105736	0.0051849859947619
0.3932249896364483	0.0052368358547096
0.3932433836347647	0.0052892042132567
0.3932617784156524	0.0053420962553894
0.3932801739923036	0.0053955172179433
0.3932985703800272	0.0054494723901227
0.3933169675908585	0.0055039671140239
0.3933353656376604	0.0055590067851641
0.3933537645351524	0.0056145968530157
0.3933721642991979	0.0056707428215458
0.3933905649433168	0.0057274502497612
0.3934089664784819	0.0057847247522589
0.3934273689164576	0.0058425719997815
0.3934457722694950	0.0059009977197793
0.3934641765503483	0.0059600076969772
0.3934825817710479	0.0060196077739469
0.3935009879413677	0.0060798038516863
0.3935193950720188	0.0061406018902032
0.3935378031744840	0.0062020079091053
0.3935562122609850	0.0062640279881963
0.3935746223443815	0.0063266682680782
0.3935930334381335	0.0063899349507590
0.3936114455556831	0.0064538343002667
0.3936298587095141	0.0065183726432694
0.3936482729128645	0.0065835563697020
0.3936666881796376	0.0066493919333991
0.3936851045242746	0.0067158858527331
0.3937035219617497	0.0067830447112604
0.3937219405074687	0.0068508751583729
0.3937403601773194	0.0069193839099567
0.3937587809875785	0.0069885777490562
0.3937772029550050	0.0070584635265469
0.3937956260967518	0.0071290481618124
0.3938140504305018	0.0072003386434306
0.3938324759743847	0.0072723420298648
0.3938509027470984	0.0073450654501634
0.3938693307678319	0.0074185161046651
0.3938877600564016	0.0074927012657119
0.3939061906316573	0.0075676282783689
0.3939246225115187	0.0076433045611525
0.3939430557130950	0.0077197376067639
0.3939614902529215	0.0077969349828315
0.3939799252182697	0.0078749043326599
0.3939983579547477	0.0079536533759864
0.3940167921563567	0.0080331899097462
0.3940352278322555	0.0081135218088436
0.3940536649728823	0.0081946570269321
0.3940721035660490	0.0082766035972014
0.3940905436027823	0.0083593696331734
0.3941089850771684	0.0084429633295051
0.3941274279861985	0.0085273929628001
0.3941458723297209	0.0086126668924281
0.3941643181102499	0.0086987935613524
0.3941827653328490	0.0087857814969661
0.3942012140049302	0.0088736393119359
0.3942196641360302	0.0089623757050552
0.3942381157377174	0.0090519994621059
0.3942565688234506	0.0091425194567268
0.3942750234084642	0.0092339446512940
0.3942934795097349	0.0093262840978069
0.3943119371458949	0.0094195469387849
0.3943303962596097	0.0095137424081726
0.3943488565547641	0.0096088798322544
0.3943673180781765	0.0097049686305769
0.3943857808741669	0.0098020183168826
0.3944042449850703	0.0099000385000515
0.3944227104516668	0.0099990388850521
0.3944411773133514	0.0100990292739026
0.3944596456083822	0.0102000195666418
0.3944781153741216	0.0103020197623083
0.3944965866472352	0.0104050399599315
0.3945150594638992	0.0105090903595310
0.3945335338600288	0.0106141812631261
0.3945520098714897	0.0107203230757573
0.3945704875342675	0.0108275263065147
0.3945889668846340	0.0109358015695800
0.3946074479593402	0.0110451595852757
0.3946259307956272	0.0111556111811283
0.3946444154312375	0.0112671672929396
0.3946629019044069	0.0113798389658690
0.3946813902539084	0.0114936373555277
0.3946998805187332	0.0116085737290828
0.3947183727359098	0.0117246594663738
0.3947368669219889	0.0118419060610377
0.3947553630780495	0.0119603251216480
0.3947738612081548	0.0120799283728643
0.3947923613194169	0.0122007276565930
0.3948108634220490	0.0123227349331589
0.3948293675293061	0.0124459622824905
0.3948478736573259	0.0125704219053153
0.3948663818250147	0.0126961261243684
0.3948848920539729	0.0128230873856122
0.3949034043684560	0.0129513182594684
0.3949219187953493	0.0130808314420631
0.3949404353641540	0.0132116397564837
0.3949589541069955	0.0133437561540485
0.3949774750586531	0.0134771937155892
0.3949959982563718	0.0136119656527451
0.3950145237375225	0.0137480853092726
0.3950330515388740	0.0138855661623651
0.3950515816969756	0.0140244218239890
0.3950701142485226	0.0141646660422287
0.3950886492307062	0.0143063127026508
0.3951071866815548	0.0144493758296772
0.3951257266402630	0.0145938695879742
0.3951442691474936	0.0147398082838539
0.3951628142453898	0.0148872063666924
0.3951813619776228	0.0150360784303593
0.3951999123894783	0.0151864392146631
0.3952184655279766	0.0153383036068097
0.3952370214013601	0.0154916866428778
0.3952555800154983	0.0156466035093066
0.3952741413825459	0.0158030695443998
0.3952927055176652	0.0159611002398436
0.3953112724393386	0.0161207112422418
0.3953298418872597	0.0162819183546643
0.3953484135150783	0.0164447375382107
0.3953669873916947	0.0166091849135931
0.3953855635862478	0.0167752767627291
0.3954041421684333	0.0169430295303564
0.3954227232088234	0.0171124598256601
0.3954413067791924	0.0172835844239165
0.3954598929528500	0.0174564202681556
0.3954784818047112	0.0176309844708372
0.3954970734113230	0.0178072943155453
0.3955156678496656	0.0179853672587006
0.3955342651944040	0.0181652209312876
0.3955528655186873	0.0183468731406006
0.3955714688949124	0.0185303418720068
0.3955900753954390	0.0187156452907267
0.3956086850931607	0.0189028017436340
0.3956272980617752	0.0190918297610702
0.3956459143351140	0.0192827480586806
0.3956645339320893	0.0194755755392674
0.3956831568796446	0.0196703312946600
0.3957017832124835	0.0198670346076064
0.3957204129728591	0.0200657049536825
0.3957390462070104	0.0202663620032191
0.3957576829637815	0.0204690256232512
0.3957763214394863	0.0206737158794836
0.3957949534153014	0.0208804530382782
0.3958135892763596	0.0210892575686612
0.3958322290636791	0.0213001501443480
0.3958508728234150	0.0215131516457916
0.3958695206071394	0.0217282831622495
0.3958881724719662	0.0219455659938723
0.3959068284804507	0.0221650216538111
0.3959254887005620	0.0223866718703492
0.3959441532004170	0.0226105385890526
0.3959628220488801	0.0228366439749431
0.3959814953040819	0.0230650104146928
0.3960001724167374	0.0232956605188395
0.3960188530188151	0.0235286171240281
0.3960375371858515	0.0237639032952680
0.3960562249990232	0.0240015423282210
0.3960749165451601	0.0242415577515030
0.3960936119168476	0.0244839733290182
0.3961123112126103	0.0247288130623083
0.3961310145362474	0.0249761011929315
0.3961497219914697	0.0252258622048611
0.3961684336828465	0.0254781208269098
0.3961871497165405	0.0257329020351791
0.3962058700783916	0.0259902310555307
0.3962245931424103	0.0262501333660858
0.3962433208637337	0.0265126346997468
0.3962620533625347	0.0267777610467441
0.3962807907337325	0.0270455386572119
0.3962995330185877	0.0273159940437837
0.3963182802663797	0.0275891539842216
0.3963370325343624	0.0278650455240637
0.3963557898882971	0.0281436959793041
0.3963745524029982	0.0284251329390972
0.3963933201623348	0.0287093842684883
0.3964120932592945	0.0289964781111730
0.3964308717961420	0.0292864428922846
0.3964496558817080	0.0295793073212073
0.3964684456271977	0.0298751003944190
0.3964872403697321	0.0301738513983630
0.3965060397254586	0.0304755899123466
0.3965248438967375	0.0307803458114699
0.3965436530608362	0.0310881492695847
0.3965624673175822	0.0313990307622803
0.3965812867790883	0.0317130210699028
0.3966001115699663	0.0320301512806022
0.3966189418243101	0.0323504527934078
0.3966377776800740	0.0326739573213415
0.3966566192801883	0.0330006968945552
0.3966754667736819	0.0333307038635003
0.3966943063565961	0.0336640109021356
0.3967131466215982	0.0340006510111568
0.3967319935029353	0.0343406575212688
0.3967508471468167	0.0346840640964817
0.3967697077040038	0.0350309047374463
0.3967885752460805	0.0353812137848208
0.3968074498233526	0.0357350259226694
0.3968263315032771	0.0360923761818963
0.3968452203705964	0.0364532999437155
0.3968641165272316	0.0368178329431531
0.3968830200923530	0.0371860112725852
0.3969019296845246	0.0375578713853112
0.3969208453825210	0.0379334500991638
0.3969397674299676	0.0383127846001553
0.3969586960718525	0.0386959124461564
0.3969776315562140	0.0390828715706175
0.3969965740953099	0.0394737002863242
0.3970155238136614	0.0398684372891878
0.3970344808576671	0.0402671216620792
0.3970534453889111	0.0406697928787005
0.3970724175795793	0.0410764908074873
0.3970913976137421	0.0414872557155617
0.3971103856887150	0.0419021282727179
0.3971293820164054	0.0423211495554449
0.3971483868237137	0.0427443610510000
0.3971674003418317	0.0431718046615101
0.3971864226821380	0.0436035227081258
0.3972054539545875	0.0440395579352071
0.3972244927879836	0.0444799535145595
0.3972435389791590	0.0449247530497055
0.3972625928093094	0.0453740005802022
0.3972816545746594	0.0458277405860048
0.3973007213316242	0.0462860179918643
0.3973197725080052	0.0467488781717828
0.3973388328244490	0.0472163669535005
0.3973579025506622	0.0476885306230359
0.3973769819363075	0.0481654159292655
0.3973960711150588	0.0486470700885580
0.3974151702538831	0.0491335407894430
0.3974342795448696	0.0496248761973380
0.3974533969905524	0.0501211249593114
0.3974725231780581	0.0506223362089049
0.3974916601642508	0.0511285595709946
0.3975108079212505	0.0516398451667043
0.3975299646340178	0.0521562436183718
0.3975491307161015	0.0526778060545555
0.3975683064353249	0.0532045841151012
0.3975874920806738	0.0537366299562524
0.3976066879637482	0.0542739962558153
0.3976258944205036	0.0548167362183742
0.3976451118122342	0.0553649035805582
0.3976643405104138	0.0559185526163637
0.3976835808997629	0.0564777381425270
0.3977028332276405	0.0570425155239529
0.3977220977205003	0.0576129406791918
0.3977413746461620	0.0581890700859839
0.3977606636818743	0.0587709607868432
0.3977799424594030	0.0593586703947113
0.3977992181435414	0.0599522570986584
0.3978185054137313	0.0605517796696455
0.3978378047374490	0.0611572974663419
0.3978571166033605	0.0617688704410060
0.3978764413259957	0.0623865591454168
0.3978957792157248	0.0630104247368706
0.3979151306135040	0.0636405289842385
0.3979344958936880	0.0642769342740809
0.3979538754671654	0.0649197036168210
0.3979732697807239	0.0655689006529897
0.3979926792314862	0.0662245896595205
0.3980121013936473	0.0668868355561148
0.3980315363222863	0.0675557039116758
0.3980509845082487	0.0682312609507927
0.3980704464799668	0.0689135735603006
0.3980899228030405	0.0696027092959039
0.3981094140608005	0.0702987363888637
0.3981289208278067	0.0710017237527520
0.3981484434622262	0.0717117409902804
0.3981679490568883	0.0724288584001829
0.3981874591214553	0.0731531469841857
0.3982069811577019	0.0738846784540276
0.3982265188482044	0.0746235252385672
0.3982460715674789	0.0753697604909538
0.3982656400406710	0.0761234580958633
0.3982852249266320	0.0768846926768227
0.3983048267112929	0.0776535396035918
0.3983244459367036	0.0784300749996282
0.3983440831884321	0.0792143757496253
0.3983637391009507	0.0800065195071217
0.3983834143620898	0.0808065847021932
0.3984031085566943	0.0816146505492155
0.3984228191715427	0.0824307970547080
0.3984425469228715	0.0832551050252552
0.3984622925732032	0.0840876560755069
0.3984820499131139	0.0849285326362613
0.3985017795884414	0.0857778179626249
0.3985215300221753	0.0866355961422513
0.3985413018457306	0.0875019521036741
0.3985610955816782	0.0883769716247099
0.3985809118339401	0.0892607413409577
0.3986007484856734	0.0901533487543670
0.3986206046402461	0.0910548822419100
0.3986404813005990	0.0919654310643285
0.3986603793323659	0.0928850853749717
0.3986802994744094	0.0938139362287222
0.3987002425536518	0.0947520755910096
0.3987202094685358	0.0956995963469205
0.3987401971834834	0.0966565923103890
0.3987602019980324	0.0976231582334930
0.3987801722632844	0.0985993898158274
0.3988001595792149	0.0995853837139854
0.3988201706655872	0.1005812375511253
0.3988402065237985	0.1015870499266359
0.3988602682194747	0.1026029204259035
0.3988803568471810	0.1036289496301621
0.3989004731563851	0.1046652391264633
0.3989206163695364	0.1057118915177271
0.3989407836621807	0.1067690104329046
0.3989609763530344	0.1078367005372323
0.3989811958329190	0.1089150675426057
0.3990014432237068	0.1100042182180317
0.3990216919946685	0.1111042604002112
0.3990419232294685	0.1122153030042125
0.3990621862458389	0.1133374560342539
0.3990824796142804	0.1144708305945956
0.3991028009918528	0.1156155389005403
0.3991231518316662	0.1167716942895459
0.3991435333684231	0.1179394112324414
0.3991639447862040	0.1191188053447671
0.3991843802122592	0.1203099933982135
0.3992048503451205	0.1215130933321954
0.3992253501710323	0.1227282242655160
0.3992458642430929	0.1239555065081697
0.3992663442399489	0.1251950615732530
0.3992868585826305	0.1264470121889862
0.3993074089234677	0.1277114823108748
0.3993279968275760	0.1289885971339842
0.3993486235812175	0.1302784831053229
0.3993692846541755	0.1315812679363759
0.3993899805203596	0.1328970806157394
0.3994107131783750	0.1342260514218973
0.3994314844640305	0.1355683119361167
0.3994522824053096	0.1369239950554773
0.3994730374030492	0.1382932350060314
0.3994938363983794	0.1396761673560917
0.3995146731848834	0.1410729290296509
0.3995355360611999	0.1424836583199482
0.3995564404179884	0.1439084949031464
0.3995773885959329	0.1453475798521779
0.3995983827050824	0.1468010556507005
0.3996194200182483	0.1482690662072085
0.3996404990739670	0.1497517568692817
0.3996615216359041	0.1512492744379733
0.3996825846551216	0.1527617671823528
0.3997036962530639	0.1542893848541746
0.3997248589055724	0.1558322787027147
0.3997460716774092	0.1573906014897403
0.3997673305115720	0.1589645075046371
0.3997886380717049	0.1605541525796813
0.3998099972128919	0.1621596941054780
0.3998313386455563	0.1637812910465346
0.3998526678874177	0.1654191039569999
0.3998740530004637	0.1670732949965679
0.3998954895350278	0.1687440279465326
0.3999169806213014	0.1704314682259974
0.3999385295688707	0.1721357829082575
0.3999601389639969	0.1738571407373397
0.3999818058235977	0.1755957121447111
0.4000034370447960	0.1773516692661595
0.4000250879086386	0.1791251859588198
0.4000468009461006	0.1809164378184103
0.4000685793486565	0.1827256021965942
0.4000904240796365	0.1845528582185594
0.4001123095180236	0.1863983868007471
0.4001342585360948	0.1882623706687539
0.4001562146962762	0.1901449943754414
0.4001781535792676	0.1920464443191940
0.4002001667504339	0.1939669087623854
0.4002222507913829	0.1959065778500104
0.4002444039044512	0.1978656436285129
0.4002666305596955	0.1998443000647975
0.4002889348105986	0.2018427430654459
0.4003112152947754	0.2038611704961023
0.4003335087336214	0.2058997822010618
0.4003558584460115	0.2079587800230736
0.4003782883660456	0.2100383678233047
0.4004008030455100	0.2121387515015359
0.4004234042365299	0.2142601390165534
0.4004460482723324	0.2164027404067212
0.4004686391558081	0.2185667678107875
0.4004913189287702	0.2207524354888974
0.4005140927076821	0.2229599598437872
0.4005369617332885	0.2251895594422243
0.4005599012371619	0.2274414550366473
0.4005828919925861	0.2297158695870145
0.4006058182484085	0.2320130282828831
0.4006288488347601	0.2343331585657144
0.4006519821408795	0.2366764901513692
0.4006752144383446	0.2390432550528809
0.4006985523460512	0.2414336876034101
0.4007219043383125	0.2438480244794444
0.4007452545066459	0.2462865047242389
0.4007686821846657	0.2487493697714837
0.4007922188229334	0.2512368634691958
0.4008158739291947	0.2537492321038905
0.4008396429599857	0.2562867244249291
0.4008633143516356	0.2588495916691773
0.4008871034744401	0.2614380875858681
0.4009110194022789	0.2640524684617264
0.4009350660970482	0.2666929931463430
0.4009592053719926	0.2693599230778073
0.4009832704741929	0.2720535223085880
0.4010074304907214	0.2747740575316726
0.4010317346960990	0.2775217981069917
0.4010561869155224	0.2802970160880604
0.4010807772973369	0.2830999862489423
0.4011052805763273	0.2859309861114294
0.4011298627415561	0.2887902959725462
0.4011546077917482	0.2916781989322737
0.4011795038766993	0.2945949809215959
0.4012045194411077	0.2975409307308112
0.4012294521195361	0.3005163400381195
0.4012545644793266	0.3035215034385013
0.4012798281682167	0.3065567184728840
0.4013052327067983	0.3096222856576102
0.4013306329439374	0.3127185085141858
0.4013560988952321	0.3158456935993298
0.4013817554651010	0.3190041505353263
0.4014076017468231	0.3221941920406788
0.4014335525374580	0.3254161339610837
0.4014594097909920	0.3286702953006911
0.4014854780595317	0.3319569982536959
0.4015117546675668	0.3352765682362304
0.4015382469423164	0.3386293339185893
0.4015646059505023	0.3420156272577778
0.4015911505193492	0.3454357835303586
0.4016179048405210	0.3488901413656612
0.4016449068969291	0.3523790427793196
0.4016717748799433	0.3559028332071157
0.4016988840284263	0.3594618615391881
0.4017262116946873	0.3630564801545791
0.4017537583531048	0.3666870449561251
0.4017811686424824	0.3703539154056881
0.4018088565306009	0.3740574545597474
0.4018368275653154	0.3777980291053420
0.4018649458990795	0.3815760093963957
0.4018929849769559	0.3853917694903571
0.4019213254727521	0.3892456871852609
0.4019499839660579	0.3931381440571109
0.4019787086705170	0.3970695254976857
0.4020074585446895	0.4010402207526628
0.4020365364213366	0.4050506229601924
0.4020659743428258	0.4091011291897922
0.4020952653151224	0.4131921404816908
0.4021248473368790	0.4173240618865074
0.4021547675618640	0.4214973025053717
0.4021848152279690	0.4257122755304251
0.4022149789559394	0.4299693982857313
0.4022454865228837	0.4342690922685908
0.4022763185920531	0.4386117831912798
0.4023070298752194	0.4429979010231907
0.4023382262694326	0.4474278800334252
0.4023697728538798	0.4519021588337567
0.4024012399398512	0.4564211804220910
0.4024330788252721	0.4609853922263082
0.4024654259492650	0.4655952461485732
0.4024977435757185	0.4702511986100602
0.4025303061703454	0.4749537105961627
0.4025634654465057	0.4797032477021237
0.4025967320341410	0.4845002801791466
0.4026301096683312	0.4893452829809389
0.4026641240808864	0.4942387358107458
0.4026983921128868	0.4991811231688528
0.4027326967461819	0.5041729344005377
0.4027676808463085	0.5092146637445438
0.4028029882399995	0.5143068103819929
0.4028383382341760	0.5194498784858158
0.4028744234682853	0.5246443772706769
0.4029108086140048	0.5298908210433826
0.4029473035906007	0.5351897292538126
0.4029846571641788	0.5405416265463465
0.4030221641067778	0.5459470428118096
0.4030599637376203	0.5514065132399276
0.4030987687920196	0.5569205783723299
0.4031374469591064	0.5624897841560542
0.4031767608872502	0.5681146819976173
0.4032171543716886	0.5737958288175945
0.4032570999501273	0.5795337871057687
0.4032981708880100	0.5853291249768232
0.4033399024792186	0.5911824162265881
0.4033817046786323	0.5970942403888513
0.4034248544794637	0.6030651827927366
0.4034679788353451	0.6090958346206614
0.4035119597466133	0.6151867929668657
0.4035571611360599	0.6213386608965338
0.4036021565359065	0.6275520475055019
0.4036485734508157	0.6338275679805553
0.4036955727509723	0.6401658436603617
0.4037433071482379	0.6465675020969689
0.4037924632561490	0.6530331771179396
0.4038416339776989	0.6595635088891224
0.4038922576264104	0.6661591439780111
0.4039440508675651	0.6728207354177937
0.4039962244841289	0.6795489427719703
0.4040508338612525	0.6863444321996870
0.4041048011239756	0.6932078765216858
0.4041614170974632	0.7001399552869031
0.4042186154364232	0.7071413548397720
0.4042772327349023	0.7142127683881722
0.4043381167928279	0.7213548960720543
0.4043991843134436	0.7285684450327738
0.4044635366735330	0.7358541294830991
0.4045278799336348	0.7432126707779314
0.4045956779161013	0.7506447974857117
0.4046646687261560	0.7581512454605681
0.4047355888036581	0.7657327579151769
0.4048103413142147	0.7733900854943300
0.4048854972102908	0.7811239863492756
0.4049658853465117	0.7889352262127710
0.4050462377223043	0.7968245784748962
0.4051324210371479	0.8047928242596465
0.4052202057198325	0.8128407525022453
0.4053130429377051	0.8209691600272685
0.4054093539300284	0.8291788516275421
0.4055083975891771	0.8374706401438184
0.4056163503616459	0.8458453465452558
0.4057268484912482	0.8543038000107098
0.4058480726400412	0.8628468380108170
0.4059713253777449	0.8714753063909246
0.4061114121859266	0.8801900594548352
0.4062526751456802	0.8889919600493851
0.4064141694296465	0.8985438100125340
0.4065987248568149	0.9075292481126600
0.4067816944604964	0.9166045405937869
0.4069969403949862	0.9258496856036224
0.4072370912119391	0.9348945332257634
0.4074955018372661	0.9442434785580216
0.4077618513801364	0.9607408420079687
0.4077904536620772	0.9522983575534080
0.4080254313829091	0.9590050210867127
0.4083802821434049	0.9669234409904711
0.4084326021716821	0.9644547753966477
0.4086975922521738	0.9717698411683113
0.4087040608947045	0.9697685915593075
0.4090314168466669	0.9807143365476314
0.4093223980016262	0.9853535642778695
0.4096597720000238	0.9785780969688671
0.4101123928130204	0.9899101300151154
0.4104685874539096	0.9926007489183371
0.4114063304867628	0.9947658979171323
0.4121834169140089	0.9961199042377917
0.4122639708555947	0.9969255417524500
0.4164680683854470	0.9990684616245010
0.4173428898689470	0.9993407684845879
0.4206551040181639	0.9997238169374811
0.4220533658140138	0.9998739526732983
0.4235100377686054	0.9999412193949204
0.4267751891090016	0.9999653950762432
0.4318404193742632	0.9999895197864818
0.4345681495324042	0.9999949300550468
0.4425020400326606	0.9999985003507172
0.4442444936919850	0.9999993151299748
0.4520381717052325	0.9999997926035367
0.4545770364781515	0.9999999021096982
0.4611490525155086	0.9999999698684735
0.4632798737162599	0.9999999860455977
0.4702635500463008	0.9999999957522601
0.4731104323707792	0.9999999980517428
0.4800267408558516	0.9999999994125337
0.4831014719324763	0.9999999997315004
0.4898740243476766	0.9999999999195333
0.4929700877878460	0.9999999999632482
0.4996592084738907	0.9999999999890155
0.5026736461745819	0.9999999999949789
0.5093002745956481	0.9999999999984996
0.5121868741865351	0.9999999999993132
0.5187936403192472	0.9999999999997945
0.5215793671605213	0.9999999999999060
0.5281945648050249	0.9999999999999720
0.5309286599781446	0.9999999999999872
0.5376170176256159	0.9999999999999962
0.5402915080518049	0.9999999999999982
0.5468597832408726	0.9999999999999994
0.5490336962843508	0.9999999999999994
0.5525135180656194	1.0099999999999993
0.5529851939299655	0.9999999999999998
