0.0000000000000000	0.0000000000000000
0.4067793710137799	0.0000300000000000
0.4071176914121975	0.0000150279004731
0.4076948031986781	0.0000250279004731
0.4079208990234607	0.0000277958182084
0.4082463702122333	0.0000380891685875
0.4084674550034537	0.0000274241192543
0.4089543544167370	0.0000461553620285
0.4091838628254035	0.0000396537456150
0.4095665719784208	0.0000469640617157
0.4099302094233149	0.0000569640617157
0.4099551512594453	0.0000541807432218
0.4101771289579964	0.0000623708146024
0.4104464970271013	0.0000723708146024
0.4107236809231373	0.0000822166018191
0.4109690807441702	0.0000922166018191
0.4112078559721470	0.0001022166018192
0.4114001358030634	0.0001122166018191
0.4115772016477012	0.0001222166018191
0.4117352435351044	0.0001322166018191
0.4118780936046500	0.0001422166018191
0.4120137952400893	0.0001522166018191
0.4121391599114267	0.0001622166018191
0.4122574332566390	0.0001722166018191
0.4123668624874047	0.0001822166018191
0.4124718232919286	0.0001922166018191
0.4125698678851206	0.0002022166018191
0.4126640619412931	0.0002122166018191
0.4127511669649395	0.0002222166018191
0.4128367700340602	0.0002322166018191
0.4129165652247748	0.0002422166018191
0.4129950219186932	0.0002522166018191
0.4130680592771606	0.0002622166018191
0.4131405107404132	0.0002722166018191
0.4132081611971111	0.0002822166018191
0.4132751299179145	0.0002922166018191
0.4133380800468597	0.0003022166018191
0.4134004771731896	0.0003122166018191
0.4134595038041829	0.0003222166018191
0.4135176812611442	0.0003322166018191
0.4135732555373660	0.0003422166018191
0.4136279040552800	0.0003522166018191
0.4136803971755763	0.0003622166018191
0.4137317533138450	0.0003722166018191
0.4137814057473352	0.0003822166018191
0.4138299989692849	0.0003922166018191
0.4138771952163596	0.0004022166018191
0.4139232633607625	0.0004122166018191
0.4139682375852820	0.0004222166018191
0.4140120386940805	0.0004322166018191
0.4140549863736456	0.0004422166018191
0.4140967435103154	0.0004522166018191
0.4141378367369025	0.0004622166018191
0.4141777176472795	0.0004722166018191
0.4142171169683692	0.0004822166018191
0.4142553044267205	0.0004922166018191
0.4142931324186978	0.0005022166018191
0.4143297287751596	0.0005122166018191
0.4143660713366780	0.0005222166018191
0.4144011918330967	0.0005322166018191
0.4144361730812325	0.0005422166018191
0.4144699440962880	0.0005522166018191
0.4145036237661311	0.0005622166018191
0.4145362654194208	0.0005722166018191
0.4145687441988718	0.0005822166018191
0.4146002127049061	0.0005922166018191
0.4146314941649161	0.0006022166018191
0.4146620565167946	0.0006122166018191
0.4146922469085452	0.0006222166018191
0.4147217867792404	0.0006322166018191
0.4147511077003532	0.0006422166018191
0.4147796913372339	0.0006522166018191
0.4148080421843556	0.0006622166018191
0.4148358147201449	0.0006722166018191
0.4148633046577596	0.0006822166018191
0.4148902881163992	0.0006922166018191
0.4149169671426297	0.0007022166018191
0.4149431794576401	0.0007122166018191
0.4149690778078268	0.0007222166018191
0.4149946235210190	0.0007322166018191
0.4150197233266243	0.0007422166018191
0.4150447122330033	0.0007522166018191
0.4150690649759787	0.0007622166018191
0.4150933422730863	0.0007722166018191
0.4151171822848379	0.0007822166018191
0.4151407987875260	0.0007922166018191
0.4151639386889319	0.0008022166018191
0.4151870651621781	0.0008122166018191
0.4152096930316577	0.0008222166018191
0.4152321587793307	0.0008322166018191
0.4152541790402947	0.0008422166018191
0.4152761572408041	0.0008522166018191
0.4152977309088524	0.0008622166018191
0.4153192241186309	0.0008722166018191
0.4153402564000821	0.0008822166018191
0.4153611697684250	0.0008922166018191
0.4153817698542589	0.0009022166018191
0.4154022317431524	0.0009122166018191
0.4154224149241309	0.0009222166018192
0.4154424332902107	0.0009322166018192
0.4154622070392916	0.0009422166018192
0.4154817902764648	0.0009522166018192
0.4155011640120214	0.0009622166018192
0.4155203271344977	0.0009722166018192
0.4155393117920882	0.0009822166018192
0.4155580584054638	0.0009922166018192
0.4155766564161706	0.0010022166018192
0.4155950196859721	0.0010122387678374
0.4156133088806123	0.0010223611555157
0.4156315256466509	0.0010325847670709
0.4156498380704293	0.0010429106147416
0.4156680509577750	0.0010533397208890
0.4156863893336974	0.0010638731180979
0.4157045908642453	0.0010745118492789
0.4157229105010876	0.0010852569677717
0.4157411477582557	0.0010961095374494
0.4157594396235097	0.0011070706328239
0.4157777230295664	0.0011181413391521
0.4157959913697737	0.0011293227525436
0.4158143254716051	0.0011406159800691
0.4158325621595053	0.0011520221398698
0.4158508908085613	0.0011635423612685
0.4158691621375212	0.0011751777848811
0.4158874515078073	0.0011869295627299
0.4159057880954785	0.0011987988583573
0.4159240450090442	0.0012107868469408
0.4159423677417817	0.0012228947154103
0.4159606693067210	0.0012351236625643
0.4159789548742012	0.0012474748991900
0.4159972956917110	0.0012599496481819
0.4160155793307117	0.0012725491446637
0.4160338802247000	0.0012852746361103
0.4160522274776642	0.0012981273824714
0.4160705095128095	0.0013111086562961
0.4160888155540236	0.0013242197428591
0.4161071605341081	0.0013374619402877
0.4161254564343067	0.0013508365596906
0.4161437602227410	0.0013643449252875
0.4161620968127803	0.0013779883745403
0.4161804211350740	0.0013917682582857
0.4161987176548028	0.0014056859408686
0.4162170419544868	0.0014197428002773
0.4162353912523541	0.0014339402282800
0.4162536944743965	0.0014482796305628
0.4162720043773193	0.0014627624268684
0.4162903351751034	0.0014773900511371
0.4163086839712932	0.0014921639516485
0.4163269948985678	0.0015070855911650
0.4163453074926196	0.0015221564470766
0.4163636356762820	0.0015373780115474
0.4163819765380453	0.0015527517916629
0.4164003217789717	0.0015682793095795
0.4164186315059702	0.0015839621026753
0.4164369520783188	0.0015998017237020
0.4164552828970411	0.0016157997409391
0.4164736210475176	0.0016319577383484
0.4164919664738234	0.0016482773157319
0.4165103039753590	0.0016647600888893
0.4165286239817531	0.0016814076897781
0.4165469510565049	0.0016982217666759
0.4165652823374787	0.0017152039843427
0.4165836186803747	0.0017323560241861
0.4166019571963442	0.0017496795844279
0.4166202991967229	0.0017671763802722
0.4166386418552239	0.0017848481440750
0.4166569864827522	0.0018026966255157
0.4166753288268165	0.0018207235917709
0.4166936612178251	0.0018389308276886
0.4167119964948268	0.0018573201359655
0.4167303329335335	0.0018758933373252
0.4167486713933423	0.0018946522706984
0.4167670106496370	0.0019135987934054
0.4167853514491496	0.0019327347813394
0.4168036929174295	0.0019520621291529
0.4168220349818791	0.0019715827504444
0.4168403765137216	0.0019912985779488
0.4168587179706726	0.0020112115637283
0.4168770591953056	0.0020313236793656
0.4168954002544709	0.0020516369161593
0.4169137414236771	0.0020721532853208
0.4169320823683070	0.0020928748181741
0.4169504237989634	0.0021138035663558
0.4169687648215255	0.0021349416020194
0.4169871065238759	0.0021562910180396
0.4170054478979456	0.0021778539282200
0.4170237896705990	0.0021996324675022
0.4170421316318038	0.0022216287921772
0.4170604737393064	0.0022438450800990
0.4170788165803868	0.0022662835309000
0.4170971592516641	0.0022889463662089
0.4171155025325292	0.0023118358298710
0.4171338460838734	0.0023349541881697
0.4171521898813113	0.0023583037300514
0.4171705345574111	0.0023818867673519
0.4171888791934466	0.0024057056350254
0.4172072243165403	0.0024297626913757
0.4172255701499178	0.0024540603182894
0.4172439160951537	0.0024786009214723
0.4172622626395593	0.0025033869306870
0.4172806098164611	0.0025284207999939
0.4172989571977931	0.0025537050079938
0.4173173051923386	0.0025792420580738
0.4173356538849828	0.0026050344786545
0.4173540027915063	0.0026310848234411
0.4173723522586238	0.0026573956716755
0.4173907025739216	0.0026839696283922
0.4174090531041854	0.0027108093246762
0.4174274040942035	0.0027379174179229
0.4174457557882112	0.0027652965921021
0.4174641080997068	0.0027929495580232
0.4174824607409507	0.0028208790536034
0.4175008138912047	0.0028490878441394
0.4175191676489564	0.0028775787225808
0.4175375219071902	0.0029063545098066
0.4175558764291590	0.0029354180549046
0.4175742313899206	0.0029647722354537
0.4175925869164404	0.0029944199578082
0.4176109431288237	0.0030243641573863
0.4176292996999501	0.0030546077989601
0.4176476566563571	0.0030851538769498
0.4176660141141362	0.0031160054157192
0.4176843721460159	0.0031471654698764
0.4177027308304943	0.0031786371245752
0.4177210901397368	0.0032104234958209
0.4177394498491588	0.0032425277307791
0.4177578100403066	0.0032749530080869
0.4177761707600737	0.0033077025381677
0.4177945320626865	0.0033407795635494
0.4178128939744872	0.0033741873591850
0.4178312565277996	0.0034079292327768
0.4178496197341968	0.0034420085251046
0.4178679836105630	0.0034764286103557
0.4178863480571793	0.0035111928964592
0.4179047130561878	0.0035463048254238
0.4179230786373506	0.0035817678736781
0.4179414448192470	0.0036175855524149
0.4179598116220429	0.0036537614079390
0.4179781790587893	0.0036902990220184
0.4179965471430694	0.0037272020122385
0.4180149158836589	0.0037644740323609
0.4180332852794520	0.0038021187726845
0.4180516553219242	0.0038401399604113
0.4180700260014238	0.0038785413600155
0.4180883973132314	0.0039173267736156
0.4181067692505789	0.0039565000413518
0.4181251418143245	0.0039960650417654
0.4181435149993465	0.0040360256921831
0.4181618888119739	0.0040763859491049
0.4181802632478928	0.0041171498085960
0.4181986383141073	0.0041583213066820
0.4182170140115535	0.0041999045197488
0.4182353903461214	0.0042419035649463
0.4182537673234617	0.0042843226005958
0.4182721449466628	0.0043271658266018
0.4182905232260871	0.0043704374848679
0.4183089021620102	0.0044141418597166
0.4183272817624046	0.0044582832783137
0.4183456620331225	0.0045028661110968
0.4183640429789719	0.0045478947722077
0.4183824246109882	0.0045933737199298
0.4184008069319712	0.0046393074571291
0.4184191899495431	0.0046857005317005
0.4184375736736595	0.0047325575370174
0.4184559581087045	0.0047798831123876
0.4184743432639531	0.0048276819435115
0.4184927291488157	0.0048759587629466
0.4185111157693540	0.0049247183505760
0.4185295031357310	0.0049739655340818
0.4185478912583944	0.0050237051894226
0.4185662801444262	0.0050739422413168
0.4185846698044616	0.0051246816637300
0.4186030602515206	0.0051759284803674
0.4186214514932896	0.0052276877651710
0.4186398435405709	0.0052799646428226
0.4186582364070788	0.0053327642892509
0.4186766301042932	0.0053860919321434
0.4186950246429910	0.0054399528514648
0.4187134200365132	0.0054943523799794
0.4187318162999954	0.0055492959037792
0.4187502134457645	0.0056047888628170
0.4187686114862303	0.0056608367514452
0.4187870104354621	0.0057174451189596
0.4188054103090015	0.0057746195701491
0.4188238111220159	0.0058323657658506
0.4188422128873133	0.0058906894235091
0.4188606156191869	0.0059495963177442
0.4188790193330502	0.0060090922809217
0.4188974240452974	0.0060691832037309
0.4189158297721334	0.0061298750357682
0.4189342365258062	0.0061911737861259
0.4189526443185566	0.0062530855239871
0.4189710531627406	0.0063156163792270
0.4189894630708614	0.0063787725430192
0.4190078740556106	0.0064425602684495
0.4190262861298784	0.0065069858711339
0.4190446993067133	0.0065720557298451
0.4190631135982229	0.0066377762871437
0.4190815290160231	0.0067041540500152
0.4190999455721995	0.0067711955905153
0.4191183632792130	0.0068389075464204
0.4191367821499709	0.0069072966218847
0.4191552021977438	0.0069763695881035
0.4191736234362804	0.0070461332839845
0.4191920458797230	0.0071165946168243
0.4192104695427503	0.0071877605629926
0.4192288944404908	0.0072596381686226
0.4192473203143799	0.0073322345503089
0.4192657471416173	0.0074055568958120
0.4192841751908358	0.0074796124647700
0.4193026044635553	0.0075544085894177
0.4193210349637404	0.0076299526753119
0.4193394666976334	0.0077062522020650
0.4193578996734993	0.0077833147240856
0.4193763339014747	0.0078611478713264
0.4193947693934246	0.0079397593500397
0.4194132061627917	0.0080191569435400
0.4194316442231656	0.0080993485129755
0.4194500835878959	0.0081803419981053
0.4194685242703786	0.0082621454180863
0.4194869662841829	0.0083447668722671
0.4195054096432485	0.0084282145409898
0.4195238543620558	0.0085124966863997
0.4195423004557085	0.0085976216532637
0.4195607479401199	0.0086835978697963
0.4195791968319773	0.0087704338484943
0.4195976471487338	0.0088581381869792
0.4196160989086453	0.0089467195688489
0.4196345521307053	0.0090361867645376
0.4196530068347217	0.0091265486321830
0.4196714630413526	0.0092178141185048
0.4196899207720932	0.0093099922596900
0.4197083800493640	0.0094030921822870
0.4197268408965600	0.0094971231041099
0.4197453030326190	0.0095920943351510
0.4197637664068891	0.0096880152785024
0.4197822310694759	0.0097848954312873
0.4198006970697165	0.0098827443856003
0.4198191644562437	0.0099815718294562
0.4198376332757608	0.0100813875477506
0.4198561035723200	0.0101822014232280
0.4198745753877440	0.0102840234374603
0.4198930487620370	0.0103868636718348
0.4199115237337658	0.0104907323085533
0.4199300003403644	0.0105956396316388
0.4199484786184744	0.0107015960279552
0.4199669586042568	0.0108086119882349
0.4199854403307541	0.0109166981081172
0.4200039238003159	0.0110258650891983
0.4200224090191703	0.0111361237400903
0.4200408959971137	0.0112474849774912
0.4200593847472598	0.0113599598272663
0.4200778752858315	0.0114735594255388
0.4200963676319556	0.0115882950197942
0.4201148618075327	0.0117041779699921
0.4201333578371345	0.0118212197496920
0.4201518557479318	0.0119394319471888
0.4201703555695675	0.0120588262666608
0.4201888573313086	0.0121794145293273
0.4202073610624548	0.0123012086746206
0.4202258667925763	0.0124242207613668
0.4202443745516752	0.0125484629689804
0.4202628843703565	0.0126739475986702
0.4202813962800080	0.0128006870746567
0.4202999103129887	0.0129286939454031
0.4203184265028143	0.0130579808848571
0.4203369448843346	0.0131885606937055
0.4203554641158770	0.0133204463006426
0.4203739793866857	0.0134536507636490
0.4203924970830493	0.0135881872712856
0.4204110172336899	0.0137240691439983
0.4204295398696375	0.0138613098354381
0.4204480650241887	0.0139999229337923
0.4204665927328965	0.0141399221631304
0.4204851230302397	0.0142813213847618
0.4205036559501603	0.0144241345986094
0.4205221915265857	0.0145683759445957
0.4205407297624067	0.0147140597040418
0.4205592706510866	0.0148612003010824
0.4205778141917711	0.0150098123040932
0.4205963603889755	0.0151599104271342
0.4206149092523321	0.0153115095314056
0.4206334607963952	0.0154646246267197
0.4206520150405004	0.0156192708729867
0.4206705720086698	0.0157754635817168
0.4206891317295413	0.0159332182175341
0.4207076942363219	0.0160925503997096
0.4207262595665072	0.0162534759037067
0.4207448275750515	0.0164160106627438
0.4207633977979858	0.0165801707693712
0.4207819703192001	0.0167459724770648
0.4208005452201551	0.0169134322018354
0.4208191225805433	0.0170825665238537
0.4208377024789118	0.0172533921890924
0.4208562849932541	0.0174259261109832
0.4208748702015792	0.0176001853720931
0.4208934581821107	0.0177761872258143
0.4209120490135244	0.0179539490980721
0.4209306427752088	0.0181334885890529
0.4209492395475496	0.0183148234749436
0.4209678393755723	0.0184979717096929
0.4209864422842304	0.0186829514267898
0.4210050483021573	0.0188697809410578
0.4210236574620690	0.0190584787504684
0.4210422698009423	0.0192490635379730
0.4210608853585424	0.0194415541733528
0.4210795041749431	0.0196359697150864
0.4210981263004231	0.0198323294122373
0.4211167517898393	0.0200306527063596
0.4211353807027892	0.0202309592334231
0.4211540131036319	0.0204332688257574
0.4211726490613125	0.0206376015140148
0.4211912886445945	0.0208439775291548
0.4212099319224218	0.0210524173044462
0.4212285789646579	0.0212629414774907
0.4212472298427871	0.0214755708922658
0.4212658846305880	0.0216903266011883
0.4212845434044986	0.0219072298672002
0.4213032062205233	0.0221263021658720
0.4213218730916960	0.0223475651875306
0.4213405440420355	0.0225710408394060
0.4213592191061183	0.0227967512478000
0.4213778983260393	0.0230247187602781
0.4213965812651926	0.0232549659478807
0.4214152675094691	0.0234875156073596
0.4214339571734612	0.0237223907634333
0.4214526503723600	0.0239596146710676
0.4214713472225530	0.0241992108177780
0.4214900478422422	0.0244412029259556
0.4215087523520873	0.0246856149552155
0.4215274608758475	0.0249324711047677
0.4215461735405255	0.0251817958158155
0.4215648904716554	0.0254336137739740
0.4215836117929017	0.0256879499117140
0.4216023376272702	0.0259448294108309
0.4216210602878084	0.0262042777049396
0.4216397802437764	0.0264663204819886
0.4216585051252368	0.0267309836868087
0.4216772349692849	0.0269982935236772
0.4216959698248803	0.0272682764589143
0.4217147097524964	0.0275409592235036
0.4217334548239277	0.0278163688157389
0.4217522051165793	0.0280945325038962
0.4217709607124883	0.0283754778289348
0.4217897216993168	0.0286592326072237
0.4218084881707778	0.0289458249332957
0.4218272602271533	0.0292352831826287
0.4218460379758654	0.0295276360144553
0.4218648215320783	0.0298229123745996
0.4218836109652555	0.0301211414983460
0.4219024053635475	0.0304223529133292
0.4219212044877321	0.0307265764424622
0.4219400084640489	0.0310338422068867
0.4219588174241207	0.0313441806289560
0.4219776310724200	0.0316576224352454
0.4219964479683888	0.0319741986595979
0.4220152702621853	0.0322939406461935
0.4220340981146218	0.0326168800526554
0.4220529316916612	0.0329430488531822
0.4220717711594705	0.0332724793417145
0.4220906166862023	0.0336052041351312
0.4221094684437203	0.0339412561764824
0.4221283265384904	0.0342806687382476
0.4221471910443799	0.0346234754256303
0.4221660620530887	0.0349697101798865
0.4221849396739565	0.0353194072816856
0.4222038240258473	0.0356726013545026
0.4222227152366312	0.0360293273680478
0.4222416134439856	0.0363896206417282
0.4222605187961829	0.0367535168481461
0.4222794312948958	0.0371210520166276
0.4222983496044672	0.0374922625367944
0.4223172740050717	0.0378671851621621
0.4223362047745007	0.0382458570137842
0.4223551420598420	0.0386283155839223
0.4223740761285308	0.0390145987397616
0.4223930044950804	0.0394047447271596
0.4224119401776436	0.0397987921744312
0.4224308833289065	0.0401967800961757
0.4224498341183059	0.0405987478971378
0.4224687927320019	0.0410047353761098
0.4224877593635522	0.0414147827298705
0.4225067342136645	0.0418289305571692
0.4225257174923079	0.0422472198627407
0.4225447093724354	0.0426696920613684
0.4225637099414103	0.0430963889819826
0.4225827193147472	0.0435273528718027
0.4226017376319622	0.0439626264005203
0.4226207650477962	0.0444022526645254
0.4226397998055713	0.0448462751911704
0.4226588421264720	0.0452947379430823
0.4226778923248335	0.0457476853225136
0.4226969507245550	0.0462051621757391
0.4227160176603886	0.0466672137974960
0.4227350933824769	0.0471338859354709
0.4227541780734307	0.0476052247948257
0.4227732719367336	0.0480812770427737
0.4227923751975284	0.0485620898132010
0.4228114881036533	0.0490477107113330
0.4228306109263108	0.0495381878184470
0.4228497439463862	0.0500335696966322
0.4228688874569116	0.0505339053935990
0.4228880417035432	0.0510392444475349
0.4229072060792361	0.0515496368920101
0.4229263534090556	0.0520651332609299
0.4229455060021082	0.0525857845935388
0.4229646683647469	0.0531116424394739
0.4229838408125179	0.0536427588638691
0.4230030236740703	0.0541791864525078
0.4230222172938850	0.0547209783170334
0.4230414220351316	0.0552681881002030
0.4230606347452067	0.0558208699812050
0.4230798581725168	0.0563790786810164
0.4230990935004911	0.0569428694678266
0.4231183409825887	0.0575122981625056
0.4231376009032680	0.0580874211441304
0.4231568735799210	0.0586682953555726
0.4231761579430338	0.0592549783091288
0.4231954530518285	0.0598475280922207
0.4232147594466379	0.0604460033731433
0.4232340775101168	0.0610504634068750
0.4232534075914216	0.0616609680409439
0.4232727500756303	0.0622775777213537
0.4232921053845263	0.0629003534985666
0.4233114739594784	0.0635293570335522
0.4233308562632299	0.0641646506038871
0.4233502328807981	0.0648062971099252
0.4233696033764272	0.0654543600810254
0.4233889891617776	0.0661089036818361
0.4234083902236010	0.0667699927186544
0.4234278040115488	0.0674376926458405
0.4234472310495270	0.0681120695722993
0.4234666718851775	0.0687931902680219
0.4234861270946914	0.0694811221707026
0.4235055972856999	0.0701759333924095
0.4235250828353674	0.0708776927263333
0.4235445841429498	0.0715864696535976
0.4235641016520439	0.0723023343501338
0.4235836358540832	0.0730253576936342
0.4236031872902811	0.0737556112705704
0.4236227533769436	0.0744931673832760
0.4236423343462013	0.0752380990571077
0.4236619307249352	0.0759904800476784
0.4236815430876363	0.0767503848481557
0.4237011650284125	0.0775178886966383
0.4237207622851447	0.0782930675836054
0.4237403742944871	0.0790759982594414
0.4237600021147826	0.0798667582420349
0.4237796493672363	0.0806654258244558
0.4237993164583267	0.0814720800826998
0.4238190019412960	0.0822868008835279
0.4238387043740202	0.0831096688923632
0.4238584245619227	0.0839407655812880
0.4238781633442392	0.0847801732371000
0.4238979215658096	0.0856279749694702
0.4239176997939005	0.0864842547191651
0.4239374986784341	0.0873490972663567
0.4239573189234188	0.0882225882390213
0.4239771612941347	0.0891048141214113
0.4239970223546290	0.0899958622626250
0.4240168633971439	0.0908958208852503
0.4240367075944009	0.0918047790941041
0.4240565731857361	0.0927228268850463
0.4240764609393184	0.0936500551538957
0.4240963716906226	0.0945865557054335
0.4241163063503866	0.0955324212624879
0.4241362658145315	0.0964877454751121
0.4241562507083502	0.0974526229298637
0.4241762568182251	0.0984271491591621
0.4241962851630333	0.0994114206507525
0.4242163368615756	0.1004055348572601
0.4242364131067795	0.1014095902058320
0.4242565070974481	0.1024236861078893
0.4242766111939902	0.1034479229689673
0.4242966876419478	0.1044824021986562
0.4243167928478740	0.1055272262206438
0.4243369243189783	0.1065824984828506
0.4243570810530760	0.1076483234676782
0.4243772644035496	0.1087248067023564
0.4243974753512025	0.1098120547693790
0.4244177149896341	0.1109101753170738
0.4244379845325826	0.1120192770702451
0.4244582852746077	0.1131394698409479
0.4244786137409965	0.1142708645393569
0.4244989697189586	0.1154135731847493
0.4245193316768485	0.1165677089165973
0.4245396689416276	0.1177333860057617
0.4245600382443990	0.1189107198658203
0.4245804410454359	0.1200998270644782
0.4246008785489210	0.1213008253351244
0.4246213502152189	0.1225138335884748
0.4246418523259964	0.1237389719243594
0.4246623784570934	0.1249763616436022
0.4246829343172711	0.1262261252600388
0.4247035255040161	0.1274883865126388
0.4247241534300406	0.1287632703777643
0.4247447586895643	0.1300509030815430
0.4247653717878346	0.1313514121123587
0.4247860193719813	0.1326649262334826
0.4248067035109578	0.1339915754958183
0.4248274258746784	0.1353314912507760
0.4248481881196106	0.1366848061632830
0.4248689920896789	0.1380516542249164
0.4248898365637472	0.1394321707671670
0.4249107186676250	0.1408264924748397
0.4249316403010485	0.1422347573995870
0.4249525082060678	0.1436571049735818
0.4249734144265227	0.1450936760233163
0.4249943640923133	0.1465446127835510
0.4250153489947694	0.1480100589113872
0.4250363756470251	0.1494901595005030
0.4250574453475842	0.1509850610955064
0.4250785605646777	0.1524949117064598
0.4250997239390965	0.1540198608235229
0.4251209220092712	0.1555600594317597
0.4251420713469698	0.1571156600260785
0.4251632695743526	0.1586868166263373
0.4251845157606653	0.1602736847925992
0.4252058128200165	0.1618764216405265
0.4252271634605080	0.1634951858569308
0.4252485700466814	0.1651301377154989
0.4252700284380448	0.1667814390926533
0.4252915319683391	0.1684492534835813
0.4253129614012335	0.1701337460184172
0.4253344393465987	0.1718350834786012
0.4253559771158767	0.1735534343133870
0.4253775775755954	0.1752889686565207
0.4253992337723530	0.1770418583430854
0.4254209481731627	0.1788122769265171
0.4254427240097373	0.1806003996957826
0.4254645113427909	0.1824064036927408
0.4254862772369711	0.1842304677296695
0.4255081108010944	0.1860727724069660
0.4255300069655013	0.1879335001310339
0.4255519642690156	0.1898128351323431
0.4255739741431495	0.1917109634836678
0.4255960577518056	0.1936280731185060
0.4256181603913410	0.1955643538496910
0.4256402293379468	0.1975199973881864
0.4256623704177301	0.1994951973620684
0.4256845877109984	0.2014901493356903
0.4257068857080818	0.2035050508290480
0.4257292591805882	0.2055401013373372
0.4257517080852738	0.2075955023507094
0.4257741258771469	0.2096714573742171
0.4257965514724585	0.2117681719479619
0.4258190580042279	0.2138858536674425
0.4258416488869750	0.2160247122041181
0.4258643226600364	0.2181849593261618
0.4258870846025963	0.2203668089194221
0.4259098578090416	0.2225704770086161
0.4259326226036964	0.2247961817787011
0.4259554803550992	0.2270441435964854
0.4259784302960952	0.2293145850324496
0.4260014692117428	0.2316077308827740
0.4260245904057832	0.2339238081916043
0.4260477008674935	0.2362630462735189
0.4260708218978822	0.2386256767362561
0.4260940458606337	0.2410119335036167
0.4261173795298736	0.2434220528386552
0.4261408284595603	0.2458562733670441
0.4261643818433237	0.2483148361007146
0.4261878452623526	0.2507979844617216
0.4262113796765393	0.2533059643063417
0.4262350323277058	0.2558390239494054
0.4262588058022945	0.2583974141889014
0.4262826973939000	0.2609813883307930
0.4263065711131674	0.2635912022140991
0.4263304818326137	0.2662271142362417
0.4263545330802890	0.2688893853786049
0.4263787026559933	0.2715782792323934
0.4264029731727719	0.2742940620247152
0.4264272485208249	0.2770370026449641
0.4264515504712855	0.2798073726714136
0.4264759975092724	0.2826054463981260
0.4265005898784292	0.2854315008621063
0.4265253376379147	0.2882858158707304
0.4265500430906944	0.2911686740294352
0.4265747846782653	0.2940803607697305
0.4265996813706089	0.2970211643774291
0.4266247457570809	0.2999913760212058
0.4266499733138994	0.3029912897814157
0.4266750888765058	0.3060212026792309
0.4267003727098338	0.3090814147060206
0.4267257994993446	0.3121722288530840
0.4267514069567300	0.3152939511416114
0.4267770176676438	0.3184468906530278
0.4268026761309641	0.3216313595595592
0.4268285326598706	0.3248476731551531
0.4268546034547033	0.3280961498867021
0.4268807390965808	0.3313771113855674
0.4269068112662846	0.3346908824994258
0.4269331001627401	0.3380377913244231
0.4269596242791345	0.3414181692376705
0.4269863331828463	0.3448323509300506
0.4270129152956194	0.3482806744393517
0.4270396869331342	0.3517634811837452
0.4270667168265252	0.3552811159955798
0.4270939521581363	0.3588339271555371
0.4271210741761668	0.3624222664270903
0.4271484540297923	0.3660464890913582
0.4271760518611770	0.3697069539822724
0.4272038208575721	0.3734040235220936
0.4272315291936346	0.3771380637573128
0.4272595358346010	0.3809094443948889
0.4272878287515628	0.3847185388388372
0.4273161398099686	0.3885657242272230
0.4273445101263378	0.3924513814694984
0.4273732140381306	0.3963758952841904
0.4274022586880022	0.4003396542370340
0.4274311422680123	0.4043430507794049
0.4274602650336732	0.4083864812872028
0.4274897639042158	0.4124703461000746
0.4275194709028048	0.4165950495610733
0.4275491117939427	0.4207610000566813
0.4275790947045844	0.4249686100572476
0.4276095068610818	0.4292182961578170
0.4276398097073386	0.4335104791193977
0.4276703920888353	0.4378455839105885
0.4277013649346729	0.4422240397496958
0.4277324653131030	0.4466462801471917
0.4277637300236266	0.4511127429486645
0.4277953718322713	0.4556238703781544
0.4278273042612972	0.4601801090819323
0.4278592460054207	0.4647819101727522
0.4278916899570407	0.4694297292744795
0.4279244933518741	0.4741240265672221
0.4279571649430797	0.4788652668328906
0.4279904367658036	0.4836539195012155
0.4280241778179786	0.4884904586962280
0.4280577073732394	0.4933753632831878
0.4280918727252021	0.4983091169160214
0.4281266105038425	0.5032922080851815
0.4281611049622132	0.5083251301660339
0.4281962512769022	0.5134083814676949
0.4282320931976157	0.5185424652823728
0.4282676132895563	0.5237278899351939
0.4283038855676369	0.5289651688345475
0.4283408491732807	0.5342548205228894
0.4283775561537435	0.5395973687281178
0.4284151113771689	0.5449933424154021
0.4284532268372445	0.5504432758395563
0.4284912767765074	0.5559477085979502
0.4285303221663080	0.5615071856839275
0.4285696422212831	0.5671222575407637
0.4286092359457233	0.5727934801161683
0.4286499484306076	0.5785214149173319
0.4286905837904171	0.5843066290665013
0.4287319843693572	0.5901496953571692
0.4287744400291948	0.5960511923107440
0.4288166217941289	0.6020117042338508
0.4288600488902877	0.6080318212761899
0.4289040415953536	0.6141121394889522
0.4289484840012251	0.6202532608838389
0.4289941125097319	0.6264557934926783
0.4290399620906182	0.6327203514276015
0.4290867633638756	0.6390475549418763
0.4291348285378104	0.6454380304912986
0.4291829707539357	0.6518924107962086
0.4292327748670262	0.6584113349041716
0.4292829241869537	0.6649954482532107
0.4293343424315833	0.6716454027357427
0.4293872066415690	0.6783618567630979
0.4294401436765539	0.6851454753307311
0.4294954726692131	0.6919969300840381
0.4295509084651661	0.6989168993848807
0.4296081595190811	0.7059060683787309
0.4296670350473771	0.7129651290625205
0.4297265869825341	0.7200947803531481
0.4297893911908502	0.7272957281566796
0.4298513137272218	0.7345686854382486
0.4299169985680255	0.7419143722926319
0.4299833253011399	0.7493335160155562
0.4300522162964189	0.7568268511757137
0.4301238006035540	0.7643951196874692
0.4301961166408134	0.7720390708843414
0.4302732513511625	0.7797594615931835
0.4303505313747923	0.7875570562091169
0.4304327372210073	0.7954326267712107
0.4305161170166964	0.8033869530389204
0.4306048630617085	0.8114208225693085
0.4306950034152959	0.8195350307950020
0.4307919340497655	0.8277303811029525
0.4308925170090280	0.8360076849139800
0.4309969403324480	0.8443677617631201
0.4311089655228951	0.8528114393807528
0.4312257414266637	0.8613395537745585
0.4313533361205580	0.8699529493123040
0.4314841972356588	0.8786524788054275
0.4316311563744084	0.8874390035934810
0.4317800699485491	0.8963133936294171
0.4319438279778880	0.9060183100141515
0.4321461942470280	0.9150784931142913
0.4323476900771913	0.9242292780454351
0.4325799570627623	0.9334715708258907
0.4328395263657000	0.9428062865341499
0.4331516314241288	0.9602902376468939
0.4331979661684265	0.9511330738839202
0.4334276793021707	0.9577862261982103
0.4337646441831120	0.9662592298275772
0.4341697385853616	0.9789848958955426
0.4343934588438278	0.9846020541474843
0.4345581656229259	0.9819206631465797
0.4347116390553155	0.9763518784647793
0.4351559834793805	0.9814601597484547
0.4355740847480489	0.9880031038878477
0.4364318312457425	0.9947052920763083
0.4373813706470368	0.9961728582532089
0.4381696316151134	0.9977015373710247
0.4426409123052588	0.9994740622962066
0.4437694222453556	0.9996985889391535
0.4462563788029434	0.9998087723786915
0.4540549004718862	0.9999552439815388
0.4553128233304169	0.9999823522026999
0.4657431302775942	0.9999952923945526
0.4684699817504020	0.9999978787662662
0.4750720764821175	0.9999993909971748
0.4770657817615240	0.9999997217927200
0.4836198544472551	0.9999999192601122
0.4859377533898583	0.9999999628836356
0.4927967239349527	0.9999999889519228
0.4949404055207712	0.9999999948899669
0.5015731814290462	0.9999999984611265
0.5037751582374367	0.9999999992906748
0.5105783243023378	0.9999999997861776
0.5131245246790012	0.9999999999018087
0.5199538407797966	0.9999999999704684
0.5227331121939148	0.9999999999864709
0.5295209222855345	0.9999999999959420
0.5324160096223908	0.9999999999981428
0.5391482273836186	0.9999999999994438
0.5420614497197547	0.9999999999997454
0.5487366211035758	0.9999999999999241
0.5516051683710256	0.9999999999999653
0.5583276218330853	0.9999999999999897
0.5610237897162970	0.9999999999999953
0.5680731945307362	0.9999999999999987
0.5705391809252941	0.9999999999999992
0.5760135692074040	1.0000000000000000
0.5783923514747276	1.0000000000000000
2.1498100592275784	1.0099999999999980
2.1503916591686942	1.0037806318639988
2.1504160370269521	1.0011402404893808
2.1585230960140467	1.0002522966122342
2.1644307445416198	1.0000821604749364
2.1755112137330461	1.0000172839902013
2.1792896080439697	1.0000056805586146
2.1909317367308678	1.0000011916481508
2.1947270154319010	1.0000003891050040
2.2063587620513871	1.0000000796748616
2.2101991580466538	1.0000000245211442
2.2218555584443802	1.0000000032491514
2.2256924275934429	0.9999999994588439
2.2373463269358949	0.9999999979969010
2.2411832470715365	0.9999999977364160
2.2528383834414396	0.9999999976359450
2.2566751392263229	0.9999999976180434
2.2683295017148959	0.9999999976111386
2.2721660457949131	0.9999999976099082
2.2838190274975219	0.9999999976094336
2.2876667076594068	0.9999999976093491
2.2992916951776250	0.9999999976093162
2.3031212429125261	0.9999999976093107
2.3148195275990324	0.9999999976093086
2.3171504505359279	0.9999999976093079
2.3242909170003121	0.9999999976093078
2.3242909170003121	0.9999999976093078
2.3242909170003121	0.9607843114285507
2.3242909170003121	0.9975144536776084
2.3242909170004125	0.9952828330073576
2.3257867259458882	0.9990386116807513
2.3288306681202515	0.9996927848205769
2.3527374384856778	0.9999326162156347
2.3563969833990006	0.9999753677412433
2.3702125215653296	0.9999925493473469
2.3782946697497724	0.9999950565086444
2.3948144131393190	0.9999957513722108
2.3977069560821418	0.9999959756935918
2.4027777125806726	0.9999960046896772
2.4098957727410695	0.9999960575088991
2.4199810072023196	0.9999960695119063
2.4361048509290431	0.9999960729019827
2.4430799038597844	0.9999960736085456
2.4580791159835624	0.9999960738074976
2.4646005043772998	0.9999960738455992
2.4708105325829401	0.9999992563367202
2.4708105663225242	0.9999996676995818
2.4926115458450204	0.9999997208766814
2.4926118199324305	0.9999997355125879
2.4926137645990889	0.9999997974484547
2.4933644229827632	0.9999998676607083
2.4936489789094622	0.9999998767363204
2.5049899115544241	0.9999998807176440
2.5085040174414397	0.9999998818134130
2.5197658206666320	0.9999998850522273
2.5205389758796937	0.9999998856308226
2.5351236889464661	0.9999998858538495
2.5427899003978709	0.9999998858973211
2.5582558816828644	0.9999998859095303
2.5639359793016663	0.9999998859118664
2.5764176915122965	0.9999998859127528
2.5827120350859736	0.9999998859129259
2.5985268151887029	0.9999998859129745
2.6042329188525981	0.9999998859129838
2.6111885954114662	0.9999999483828549
2.6111885958040690	0.9999999564576908
2.6329910421519722	0.9999999575014434
2.6329910861660140	0.9999999586801085
2.6334673759946186	0.9999999603923221
2.6341909195692579	0.9999999606136423
2.6608527448679786	0.9999999607142336
2.6624945969174862	0.9999999607323647
2.6761895404555927	0.9999999607393385
2.6816187681501411	0.9999999607405821
2.6942911705723764	0.9999999607410617
2.6999113037202376	0.9999999607411471
2.7119760042808072	1.0000014537625221
2.7145321867534902	1.0000016662234157
2.7149014802008415	1.0000019054773159
2.7275501423988744	1.0000019121254751
2.7346879109029074	1.0000019439095729
2.7394329950181504	1.0000019554859443
2.7471707632036080	1.0000019569822691
2.7521287654675941	1.0000019620311866
2.7553639876917728	1.0000019626838013
2.7662201256982741	1.0000019630818371
2.7708408011047863	1.0000019631332864
2.7753005446944763	1.0000019632360473
2.7819482825839525	1.0000019635052670
2.7835625560930741	1.0000019635400659
2.8032778636320108	1.0000019635468624
2.8050245836405034	1.0000019635522388
2.8229320256329702	1.0000019635575219
2.8248974297486074	1.0000019635588995
2.8284127131882371	1.0000019635644695
2.8291097510588963	1.0000019635651896
2.8509205391084853	1.0000019635652826
2.8845751242188271	1.0000019635654016
2.8848555486143290	1.0000019635654167
2.8903231630623978	1.0000019635655297
2.8906732052025239	1.0000019635655444
2.9123106686658180	1.0000019635655462
2.9199263324487483	1.0000019635655462
3.0779320888544128	1.0100019832012017
3.0782997645192607	1.0001869725395727
3.1017726306194775	0.9998551806801371
3.1502368392421123	0.9999981903179253
3.2207417488924843	0.9999883777232317
3.2678279636668983	0.9999865968563497
3.3487228470244133	0.9999978631860813
3.3490367548189304	0.9999993408661866
3.3899457678884772	0.9999995318587100
3.3902454606999424	0.9999995844265273
3.4133722844754302	0.9999995912214033
3.4242347435849667	0.9999995930915259
3.4473609917511774	0.9999995933332581
3.4582222593989438	0.9999995933997892
3.4813479128826237	0.9999995934083890
3.4922091246469695	0.9999995934107562
3.5153316618785904	0.9999995934110621
3.5262355722376739	0.9999995934111461
3.5493117922870665	0.9999995934111571
3.5597405494384855	0.9999995934111602
3.5898956932828323	0.9999995934111605
3.6226805506604074	0.9999995934111604
3.6255076043076500	0.9999995934111605
3.6258982897412069	0.9999995934111606
9.8121701400117303	0.9999997444557827
9.8150259876964814	0.9999997665033112
