0.0000000000000000	0.0000000000000000
0.4156361344866529	0.0000300000000000
0.4158630239680319	0.0000084815309350
0.4171497878130198	0.0000177750926129
0.4171798317138991	0.0000248546011106
0.4174552873497568	0.0000208185400178
0.4176549565739555	0.0000283498088230
0.4179986504050655	0.0000260359714810
0.4184618604653014	0.0000406643329285
0.4186330357001822	0.0000360718188649
0.4190715908741430	0.0000534015391125
0.4191864501960036	0.0000457342978351
0.4192541024741371	0.0000476870741475
0.4197160739417933	0.0000576870741475
0.4200359092034503	0.0000661669810049
0.4202716341814512	0.0000761669810049
0.4205611155354791	0.0000861669810049
0.4207844423181828	0.0000961669810049
0.4209948578634631	0.0001061669810049
0.4211696307033728	0.0001161669810049
0.4213373599571253	0.0001261669810049
0.4214852213806807	0.0001361669810049
0.4216243809377521	0.0001461669810049
0.4217526945661620	0.0001561669810049
0.4218722143907790	0.0001661669810049
0.4219847924684724	0.0001761669810049
0.4220909188615671	0.0001861669810049
0.4221913741242790	0.0001961669810049
0.4222856786071070	0.0002061669810049
0.4223768010999683	0.0002161669810049
0.4224624518611755	0.0002261669810049
0.4225456678169475	0.0002361669810049
0.4226234269062792	0.0002461669810049
0.4227000496956432	0.0002561669810049
0.4227718508969238	0.0002661669810049
0.4228427910021120	0.0002761669810049
0.4229091237793373	0.0002861669810049
0.4229749680117429	0.0002961669810049
0.4230368797168567	0.0003061669810049
0.4230980480654405	0.0003161669810049
0.4231560813839030	0.0003261669810049
0.4232133119555924	0.0003361669810049
0.4232680365655840	0.0003461669810049
0.4233217653666890	0.0003561669810049
0.4233735557071763	0.0003661669810049
0.4234243883556258	0.0003761669810049
0.4234735219482689	0.0003861669810049
0.4235215693024196	0.0003961669810049
0.4235683043125326	0.0004061669810049
0.4236139958387792	0.0004161669810049
0.4236585474819887	0.0004261669810049
0.4237019776699159	0.0004361669810049
0.4237445392505806	0.0004461669810049
0.4237860248679932	0.0004561669810049
0.4238267374595989	0.0004661669810049
0.4238662906905608	0.0004761669810049
0.4239053130708919	0.0004861669810049
0.4239432443651391	0.0004961669810049
0.4239807384267784	0.0005061669810049
0.4240171122900902	0.0005161669810049
0.4240531873524856	0.0005261669810049
0.4240881623501767	0.0005361669810049
0.4241229089204012	0.0005461669810049
0.4241565573081929	0.0005561669810049
0.4241900976998979	0.0005661669810049
0.4242224695217566	0.0005761669810049
0.4242547341228596	0.0005861669810049
0.4242860486011234	0.0005961669810049
0.4243172949888619	0.0006061669810049
0.4243475180952543	0.0006161669810049
0.4243776427942173	0.0006261669810049
0.4244070497882019	0.0006361669810049
0.4244361301216445	0.0006461669810049
0.4244646749741559	0.0006561669810049
0.4244928305446486	0.0006661669810049
0.4245205272123362	0.0006761669810049
0.4245478365636126	0.0006861669810049
0.4245747616002176	0.0006961669810049
0.4246012451807447	0.0007061669810049
0.4246274407666348	0.0007161669810049
0.4246531586833534	0.0007261669810049
0.4246785970860733	0.0007361669810049
0.4247036938607772	0.0007461669810049
0.4247284024775248	0.0007561669810049
0.4247528125153069	0.0007661669810049
0.4247769710537355	0.0007761669810049
0.4248006568939049	0.0007861669810048
0.4248242019497462	0.0007961669810049
0.4248473821594160	0.0008061669810049
0.4248703094839454	0.0008161669810049
0.4248928230801258	0.0008261669810049
0.4249152554700019	0.0008361669810049
0.4249372784525710	0.0008461669810048
0.4249592155681905	0.0008561669810049
0.4249806346012317	0.0008661669810049
0.4250020262769587	0.0008761669810049
0.4250229802333479	0.0008861669810049
0.4250439139594128	0.0008961669810048
0.4250644371028692	0.0009061669810048
0.4250849058307628	0.0009161669810048
0.4251050072500561	0.0009261669810048
0.4251249689792853	0.0009361669810048
0.4251446067941264	0.0009461669810048
0.4251641416037066	0.0009561669810048
0.4251833927127389	0.0009661669810048
0.4252025245082538	0.0009761669810048
0.4252213993191433	0.0009861669810048
0.4252401299538098	0.0009961669810048
0.4252586406120894	0.0010061669810048
0.4252769951340425	0.0010162286508149
0.4252952679076772	0.0010263909373230
0.4253135413059917	0.0010366548466962
0.4253318385898860	0.0010470213951632
0.4253501063027225	0.0010574916091148
0.4253684332870616	0.0010680665252060
0.4253866824393350	0.0010787471904580
0.4254050444362596	0.0010895346623626
0.4254232787246982	0.0011004300089862
0.4254416178512522	0.0011114343090761
0.4254598909021866	0.0011225486521668
0.4254782035844692	0.0011337741386885
0.4254965271069259	0.0011451118800754
0.4255148073374940	0.0011565629988761
0.4255331730875865	0.0011681286288649
0.4255514367405079	0.0011798099151535
0.4255697639253027	0.0011916080143051
0.4255880922565230	0.0012035240944481
0.4256063839343838	0.0012155593353926
0.4256247397139469	0.0012277149287466
0.4256430353466202	0.0012399920780340
0.4256613515793078	0.0012523919988144
0.4256797216707273	0.0012649159188025
0.4256980013151692	0.0012775650779905
0.4257163293757105	0.0012903407287704
0.4257346943569509	0.0013032441360581
0.4257529822762824	0.0013162765774187
0.4257713127994739	0.0013294393431929
0.4257896813525059	0.0013427337366249
0.4258079759852517	0.0013561610739911
0.4258263020343672	0.0013697226847310
0.4258446601463669	0.0013834199115784
0.4258629839987722	0.0013972541106941
0.4258813011246785	0.0014112266518011
0.4258996454153843	0.0014253389183191
0.4259180117247880	0.0014395923075023
0.4259363171406529	0.0014539882305773
0.4259546457775606	0.0014685281128831
0.4259729928586525	0.0014832133940120
0.4259913576715765	0.0014980455279521
0.4260096723986877	0.0015130259832316
0.4260280005885732	0.0015281562430639
0.4260463441509877	0.0015434378054946
0.4260646985148156	0.0015588721835495
0.4260830486308128	0.0015744609053850
0.4261013733638202	0.0015902055144388
0.4261197071749517	0.0016061075695832
0.4261380510744286	0.0016221686452791
0.4261564008690176	0.0016383903317319
0.4261747574790773	0.0016547742350492
0.4261931026536382	0.0016713219773997
0.4262114342336764	0.0016880351971737
0.4262297722551958	0.0017049155491454
0.4262481140160351	0.0017219647046369
0.4262664599744506	0.0017391843516832
0.4262848081110197	0.0017565761952001
0.4263031587895689	0.0017741419571521
0.4263215104544683	0.0017918833767236
0.4263398632456241	0.0018098022104908
0.4263582161764149	0.0018279002325957
0.4263765588087866	0.0018461792349216
0.4263949026225818	0.0018646410272709
0.4264132479292626	0.0018832874375436
0.4264315945872699	0.0019021203119190
0.4264499423962670	0.0019211415150382
0.4264682911507729	0.0019403529301886
0.4264866409426427	0.0019597564594905
0.4265049903046639	0.0019793540240854
0.4265233394965128	0.0019991475643262
0.4265416880942591	0.0020191390399694
0.4265600368149987	0.0020393304303691
0.4265783848888809	0.0020597237346728
0.4265967334167974	0.0020803209720195
0.4266150812320021	0.0021011241817397
0.4266334294433081	0.0021221354235571
0.4266517772370934	0.0021433567777927
0.4266701252345466	0.0021647903455706
0.4266884732770853	0.0021864382490263
0.4267068212764594	0.0022083026315166
0.4267251698157769	0.0022303856578318
0.4267435180571185	0.0022526895144101
0.4267618667985864	0.0022752164095542
0.4267802155471055	0.0022979685736498
0.4267985644768646	0.0023209482593863
0.4268169140299997	0.0023441577419801
0.4268352634315185	0.0023675993194000
0.4268536133044668	0.0023912753125940
0.4268719635099773	0.0024151880657199
0.4268903138257324	0.0024393399463771
0.4269086647580673	0.0024637333458409
0.4269270158692051	0.0024883706792993
0.4269453672090723	0.0025132543860923
0.4269637191913905	0.0025383869299532
0.4269820713419548	0.0025637707992528
0.4270004237483567	0.0025894085072453
0.4270187767555312	0.0026153025923177
0.4270371300656762	0.0026414556182409
0.4270554835973555	0.0026678701744234
0.4270738376381429	0.0026945488761676
0.4270921922515427	0.0027214943649292
0.4271105470066919	0.0027487093085785
0.4271289021499574	0.0027761964016643
0.4271472579109665	0.0028039583656810
0.4271656140703604	0.0028319979493378
0.4271839704762237	0.0028603179288311
0.4272023273338645	0.0028889211081195
0.4272206847854881	0.0029178103192007
0.4272390427291931	0.0029469884223926
0.4272574009554392	0.0029764583066166
0.4272757595934547	0.0030062228896827
0.4272941187731294	0.0030362851185795
0.4273124785769870	0.0030666479697653
0.4273308388322564	0.0030973144494630
0.4273491994458379	0.0031282875939576
0.4273675605019296	0.0031595704698972
0.4273859220828024	0.0031911661745962
0.4274042842406705	0.0032230778363421
0.4274226470251384	0.0032553086147055
0.4274410103519039	0.0032878617008526
0.4274593740959203	0.0033207403178611
0.4274777383138710	0.0033539477210397
0.4274961030455501	0.0033874871982501
0.4275144683258511	0.0034213620702326
0.4275328341790237	0.0034555756909349
0.4275512006245143	0.0034901314478443
0.4275695676758158	0.0035250327623228
0.4275879353409191	0.0035602830899459
0.4276063036266303	0.0035958859208454
0.4276246725338862	0.0036318447800538
0.4276430420661000	0.0036681632278543
0.4276614122200987	0.0037048448601329
0.4276797829705832	0.0037418933087342
0.4276981543323451	0.0037793122418216
0.4277165263164748	0.0038171053642398
0.4277348989277103	0.0038552764178822
0.4277532721607994	0.0038938291820611
0.4277716460209354	0.0039327674738817
0.4277900205034074	0.0039720951486206
0.4278083956156372	0.0040118161001068
0.4278267713539919	0.0040519342611079
0.4278451477220871	0.0040924536037189
0.4278635247206929	0.0041333781397561
0.4278819023545724	0.0041747119211536
0.4279002806269815	0.0042164590403652
0.4279186595474621	0.0042586236307688
0.4279370391172160	0.0043012098670765
0.4279554193456697	0.0043442219657472
0.4279738002371465	0.0043876641854046
0.4279921817985105	0.0044315408272587
0.4280105640401370	0.0044758562355313
0.4280289469658956	0.0045206147978867
0.4280473305863691	0.0045658209458656
0.4280657149092710	0.0046114791553241
0.4280840999420046	0.0046575939468774
0.4281024856975482	0.0047041698863461
0.4281208721825546	0.0047512115852096
0.4281392594067370	0.0047987237010617
0.4281576473844999	0.0048467109380724
0.4281760361230057	0.0048951780474531
0.4281944256334099	0.0049441298279277
0.4282128159308737	0.0049935711262070
0.4282312070244613	0.0050435068374691
0.4282495989258786	0.0050939419058437
0.4282679916501187	0.0051448813249021
0.4282863852090771	0.0051963301381511
0.4283047796141807	0.0052482934395326
0.4283231748796800	0.0053007763739280
0.4283415710213671	0.0053537841376673
0.4283599680499539	0.0054073219790439
0.4283783659786903	0.0054613951988343
0.4283967648226946	0.0055160091508226
0.4284151645976433	0.0055711692423308
0.4284335653141865	0.0056268809347541
0.4284519658582442	0.0056831497441017
0.4284703652531409	0.0057399812415428
0.4284887656832769	0.0057973810539582
0.4285071671545843	0.0058553548644978
0.4285255696722594	0.0059139084131428
0.4285439732427423	0.0059730474972742
0.4285623778589714	0.0060327779722469
0.4285807835129480	0.0060931057519693
0.4285991901990180	0.0061540368094889
0.4286175979109277	0.0062155771775839
0.4286360066450851	0.0062777329493597
0.4286544164001976	0.0063405102788533
0.4286728271770452	0.0064039153816419
0.4286912389781876	0.0064679545354584
0.4287096518078459	0.0065326340808129
0.4287280656716570	0.0065979604216211
0.4287464805765562	0.0066639400258374
0.4287648962642864	0.0067305794260957
0.4287833127870578	0.0067978852203567
0.4288017303711206	0.0068658640725602
0.4288201490277158	0.0069345227132857
0.4288385687691663	0.0070038679404187
0.4288569896089868	0.0070739066198228
0.4288754115616961	0.0071446456860210
0.4288938346428821	0.0072160921428812
0.4289122588689284	0.0072882530643100
0.4289306842569746	0.0073611355949530
0.4289491108247598	0.0074347469509024
0.4289675385906773	0.0075090944204115
0.4289859675729479	0.0075841853646156
0.4290043977888000	0.0076600272182617
0.4290228292547005	0.0077366274904443
0.4290412619865966	0.0078139937653487
0.4290596960001626	0.0078921337030022
0.4290781313109455	0.0079710550400324
0.4290965679346312	0.0080507655904327
0.4291150058870915	0.0081312732463369
0.4291334451846155	0.0082125859788004
0.4291518858439852	0.0082947118385884
0.4291703277256008	0.0083776589569743
0.4291887706645510	0.0084614355465442
0.4292072147009194	0.0085460499020097
0.4292256598736557	0.0086315104010297
0.4292441062206948	0.0087178255050401
0.4292625537791153	0.0088050037600905
0.4292810025853449	0.0088930537976913
0.4292994526752208	0.0089819843356682
0.4293179040841867	0.0090718041790249
0.4293363568474595	0.0091625222208150
0.4293548110001142	0.0092541474430232
0.4293732665772659	0.0093466889174535
0.4293917236141698	0.0094401558066281
0.4294101821460186	0.0095345573646942
0.4294286421953133	0.0096299029383412
0.4294471037662346	0.0097262019677246
0.4294655668645485	0.0098234639874018
0.4294840314976474	0.0099216986272760
0.4295024976745959	0.0100209156135488
0.4295209654061255	0.0101211247696843
0.4295394347046791	0.0102223360173811
0.4295579055844718	0.0103245593775549
0.4295763780615439	0.0104278049713304
0.4295948521537484	0.0105320830210437
0.4296133278808160	0.0106374038512542
0.4296318052643036	0.0107437778897669
0.4296502843274858	0.0108512156686647
0.4296687650952365	0.0109597278253513
0.4296872475939818	0.0110693251036049
0.4297057318516765	0.0111800183546410
0.4297242178978024	0.0112918185381875
0.4297427057633782	0.0114047367235693
0.4297611954809533	0.0115187840908052
0.4297796870827269	0.0116339719317132
0.4297981806000645	0.0117503116510305
0.4298166760639506	0.0118678147675409
0.4298351735051960	0.0119864929152161
0.4298536729546328	0.0121063578443683
0.4298721744432903	0.0122274214228121
0.4298906780026027	0.0123496956370401
0.4299091836646264	0.0124731925934107
0.4299276914622421	0.0125979245193448
0.4299462014293489	0.0127239037645384
0.4299647136010509	0.0128511428021839
0.4299832280138194	0.0129796542302056
0.4300017447054380	0.0131094507725075
0.4300202636918795	0.0132405452802324
0.4300387849742797	0.0133729507330348
0.4300573085595361	0.0135066802403652
0.4300758344596207	0.0136417470427689
0.4300943626883786	0.0137781645131967
0.4301128932617576	0.0139159461583289
0.4301314261980326	0.0140551056199120
0.4301499615180271	0.0141956566761113
0.4301684992453110	0.0143376132428724
0.4301870394061302	0.0144809893753012
0.4302055820293639	0.0146257992690543
0.4302241271465205	0.0147720572617449
0.4302426747917712	0.0149197778343622
0.4302612249811392	0.0150689756127058
0.4302797771390712	0.0152196653688328
0.4302983313468981	0.0153718620225214
0.4303168876857352	0.0155255806427468
0.4303354462367050	0.0156808364491741
0.4303540070786228	0.0158376448136656
0.4303725702871677	0.0159960212618022
0.4303911359355463	0.0161559814744202
0.4304097040951239	0.0163175412891646
0.4304282748360207	0.0164807167020564
0.4304468482276793	0.0166455238690768
0.4304654243394085	0.0168119791077676
0.4304840032216742	0.0169800988988453
0.4305025848924762	0.0171498998878339
0.4305211693762542	0.0173213988867124
0.4305397567035318	0.0174946128755796
0.4305583469106382	0.0176695590043356
0.4305769400395031	0.0178462545943792
0.4305955361344702	0.0180247171403229
0.4306141352412697	0.0182049643117262
0.4306327374075882	0.0183870139548433
0.4306513355544679	0.0185708840943916
0.4306699335081792	0.0187565929353354
0.4306885348392475	0.0189441588646889
0.4307071395879559	0.0191336004533357
0.4307257477985167	0.0193249364578693
0.4307443595192632	0.0195181858224480
0.4307629748028550	0.0197133676806727
0.4307815937063118	0.0199105013574795
0.4308002162908904	0.0201096063710542
0.4308188426171887	0.0203107024347647
0.4308374727458849	0.0205138094591122
0.4308561067384682	0.0207189475537034
0.4308747446013413	0.0209261370292407
0.4308933863396706	0.0211353983995329
0.4309120319677026	0.0213467523835283
0.4309306815084818	0.0215602199073639
0.4309493349934826	0.0217758221064373
0.4309679924623347	0.0219935803275020
0.4309866530780718	0.0222135161307767
0.4310053168912313	0.0224356512920848
0.4310239840142915	0.0226600078050056
0.4310426545576111	0.0228866078830556
0.4310613286306406	0.0231154739618859
0.4310800063425701	0.0233466287015049
0.4310986878029918	0.0235800949885198
0.4311173731225796	0.0238158959384048
0.4311360624137888	0.0240540548977886
0.4311547557915310	0.0242945954467661
0.4311734533734926	0.0245375414012338
0.4311921552314106	0.0247829168152459
0.4312108614084906	0.0250307459833981
0.4312295719542048	0.0252810534432320
0.4312482869246936	0.0255338639776642
0.4312670063831929	0.0257892026174405
0.4312857304004662	0.0260470946436149
0.4313044590549083	0.0263075655900507
0.4313231924325077	0.0265706412459511
0.4313419306269336	0.0268363476584103
0.4313606737378420	0.0271047111349946
0.4313794218660856	0.0273757582463442
0.4313981751150360	0.0276495158288077
0.4314169335913717	0.0279260109870955
0.4314356974057572	0.0282052710969664
0.4314544666352388	0.0284873238079363
0.4314732413097830	0.0287721970460157
0.4314920203779722	0.0290599190164756
0.4315108038416842	0.0293505182066407
0.4315295918387306	0.0296440233887069
0.4315483845104707	0.0299404636225936
0.4315671820001400	0.0302398682588197
0.4315859844539126	0.0305422669414079
0.4316047920219596	0.0308476896108218
0.4316236026443132	0.0311561665069297
0.4316424051193886	0.0314677281719986
0.4316612085980748	0.0317824054537191
0.4316800180205216	0.0321002295082562
0.4316988335314818	0.0324212318033388
0.4317176552728175	0.0327454441213721
0.4317364832854070	0.0330728985625854
0.4317553176252322	0.0334036275482113
0.4317741583635958	0.0337376638236933
0.4317930055869165	0.0340750404619300
0.4318118593966894	0.0344157908665488
0.4318307199096073	0.0347599487752140
0.4318495872483130	0.0351075482629657
0.4318684615427112	0.0354586237455957
0.4318873429308646	0.0358132099830514
0.4319062306819808	0.0361713420828819
0.4319251242533655	0.0365330555037103
0.4319440239054685	0.0368983860587477
0.4319629297758399	0.0372673699193349
0.4319818420161180	0.0376400436185287
0.4320007607881846	0.0380164440547138
0.4320196862620752	0.0383966084952613
0.4320386186171992	0.0387805745802134
0.4320575580437236	0.0391683803260151
0.4320765047435908	0.0395600641292748
0.4320954589309481	0.0399556647705678
0.4321144208238223	0.0403552214182729
0.4321333906438863	0.0407587736324555
0.4321523684838891	0.0411663613687800
0.4321713544534559	0.0415780249824681
0.4321903486843072	0.0419938052322924
0.4322093513301380	0.0424137432846149
0.4322283625642611	0.0428378807174611
0.4322473809672158	0.0432662595246357
0.4322664064991949	0.0436989221198821
0.4322854313630640	0.0441359113410805
0.4323044465626044	0.0445772704544915
0.4323234700700264	0.0450230431590366
0.4323425021781550	0.0454732735906266
0.4323615430468021	0.0459280063265335
0.4323805928412602	0.0463872863897994
0.4323996517444339	0.0468511592536980
0.4324187199568163	0.0473196708462344
0.4324377976976500	0.0477928675546963
0.4324568852062453	0.0482707962302427
0.4324759827434820	0.0487535041925446
0.4324950905805531	0.0492410392344697
0.4325142089141382	0.0497334496268141
0.4325333378541653	0.0502307841230821
0.4325524757047364	0.0507330919643122
0.4325716223508573	0.0512404228839560
0.4325907781272945	0.0517528271127949
0.4326099433902346	0.0522703553839236
0.4326291185032504	0.0527930589377633
0.4326483038394389	0.0533209895271403
0.4326674997847361	0.0538541994224112
0.4326867065983432	0.0543927414166360
0.4327059225285408	0.0549366688308015
0.4327251472581649	0.0554860355191090
0.4327443835878074	0.0560408958743006
0.4327636318288539	0.0566013048330442
0.4327828698320556	0.0571673178813746
0.4328021075814719	0.0577389910601891
0.4328213567433514	0.0583163809707903
0.4328406169312638	0.0588995447804989
0.4328598885476597	0.0594885402283032
0.4328791719009200	0.0600834256305859
0.4328984673282631	0.0606842598868926
0.4329177751985714	0.0612911024857608
0.4329370959135039	0.0619040135106187
0.4329564298992509	0.0625230536457249
0.4329757775990557	0.0631482841821819
0.4329951393127000	0.0637797670240035
0.4330145153066624	0.0644175646942435
0.4330339057459716	0.0650617403411850
0.4330533080733090	0.0657123577445964
0.4330727228499616	0.0663694813220414
0.4330921506515227	0.0670331761352614
0.4331115920736253	0.0677035078966140
0.4331310476450624	0.0683805429755810
0.4331505177504754	0.0690643484053371
0.4331699991569168	0.0697549918893896
0.4331894557127245	0.0704525418082839
0.4332089286625026	0.0711570672263671
0.4332284184508513	0.0718686378986306
0.4332479255685783	0.0725873242776173
0.4332674481889503	0.0733131975203929
0.4332869855841942	0.0740463294955977
0.4333065382647938	0.0747867927905546
0.4333261067815560	0.0755346607184608
0.4333456917301274	0.0762900073256450
0.4333652937538541	0.0770529073989007
0.4333849135274937	0.0778234364728905
0.4334045469926360	0.0786016708376194
0.4334241968266762	0.0793876875459953
0.4334438654196179	0.0801815644214555
0.4334635498006391	0.0809833800656694
0.4334832508036598	0.0817932138663260
0.4335029682967889	0.0826111460049896
0.4335226529258864	0.0834372574650396
0.4335423569864603	0.0842716300396901
0.4335620809877647	0.0851143463400874
0.4335818255192565	0.0859654898034885
0.4336015912353346	0.0868251447015235
0.4336213788435676	0.0876933961485387
0.4336411871212469	0.0885703301100251
0.4336610143613827	0.0894560334111259
0.4336808612969969	0.0903505937452366
0.4337007287421085	0.0912540996826901
0.4337206175606904	0.0921666406795163
0.4337405286754972	0.0930883070863120
0.4337604629865509	0.0940191901571762
0.4337804211283847	0.0949593820587482
0.4338003731054232	0.0959089758793363
0.4338203152917746	0.0968680656381302
0.4338402793515795	0.0978367462945124
0.4338602663280995	0.0988151137574582
0.4338802773363519	0.0998032648950317
0.4339003133668318	0.1008012975439829
0.4339203680893846	0.1018093105194241
0.4339404472075142	0.1028274036246187
0.4339605538979291	0.1038556776608650
0.4339806841777006	0.1048942344374744
0.4340008389357410	0.1059431767818493
0.4340210192387925	0.1070026085496674
0.4340412261804050	0.1080726346351635
0.4340614155137190	0.1091533609815166
0.4340816065611841	0.1102448945913307
0.4341018282795568	0.1113473435372430
0.4341220816802195	0.1124608169726164
0.4341423620808459	0.1135854251423416
0.4341626703917439	0.1147212793937661
0.4341830079859579	0.1158684921877053
0.4342033763472153	0.1170271771095832
0.4342237768640904	0.1181974488806800
0.4342442106371431	0.1193794233694884
0.4342646764936707	0.1205732176031831
0.4342851504308413	0.1217789497792136
0.4343055957570536	0.1229967392770064
0.4343260671458457	0.1242267066697760
0.4343465679625533	0.1254689737364741
0.4343671044397918	0.1267236634738398
0.4343876780107486	0.1279909001085770
0.4344082886426727	0.1292708091096640
0.4344289322987752	0.1305635172007591
0.4344496109281221	0.1318691523727661
0.4344703261494877	0.1331878438964945
0.4344910782490624	0.1345197223354593
0.4345117760948092	0.1358649195588131
0.4345325163119044	0.1372235687544009
0.4345532973792393	0.1385958044419432
0.4345741162329126	0.1399817624863618
0.4345949747878405	0.1413815801112265
0.4346158751485797	0.1427953959123390
0.4346368195720595	0.1442233498714608
0.4346578093672693	0.1456655833701765
0.4346788246986631	0.1471222392038770
0.4346998103778693	0.1485934615959152
0.4347208073898990	0.1500793962118726
0.4347418504563019	0.1515801901739927
0.4347629419267096	0.1530959920757310
0.4347840837444199	0.1546269519964896
0.4348052728575678	0.1561732215164541
0.4348265076885126	0.1577349537316187
0.4348477912605972	0.1593123032689351
0.4348691107651763	0.1609054263016261
0.4348903788975859	0.1625144805646444
0.4349117033364800	0.1641396253702924
0.4349330811339864	0.1657810216239969
0.4349545103760235	0.1674388318402387
0.4349759755881119	0.1691132201586428
0.4349974976410764	0.1708043523602305
0.4350190796544813	0.1725123958838322
0.4350406869226880	0.1742375198426697
0.4350622520885653	0.1759798950410944
0.4350838754588255	0.1777396939915064
0.4351055600435630	0.1795170909314224
0.4351273091439289	0.1813122618407366
0.4351491248198643	0.1831253844591441
0.4351709999813434	0.1849566383037368
0.4351929381665445	0.1868062046867745
0.4352148209749066	0.1886742667336445
0.4352367289251033	0.1905610094009794
0.4352587099869496	0.1924666194949873
0.4352807593882165	0.1943912856899355
0.4353028768824649	0.1963351985468351
0.4353250667489271	0.1982985505323039
0.4353473336111084	0.2002815360376283
0.4353695184978734	0.2022843513980055
0.4353917804586669	0.2043071949119854
0.4354141170820526	0.2063502668611036
0.4354365330924355	0.2084137695297158
0.4354590245338803	0.2104979072250120
0.4354815827872722	0.2126028862972644
0.4355041329099027	0.2147289151602350
0.4355266818455136	0.2168762043118397
0.4355493180107755	0.2190449663549560
0.4355720472275852	0.2212354160185061
0.4355948693884026	0.2234477701786895
0.4356177784249576	0.2256822478804770
0.4356407054891222	0.2279390703592812
0.4356636137191662	0.2302184610628744
0.4356865971456993	0.2325206456735015
0.4357096789813047	0.2348458521302361
0.4357328576435233	0.2371943106515373
0.4357561400601997	0.2395662537580515
0.4357793977441130	0.2419619162956313
0.4358026931688516	0.2443815354585881
0.4358260962710521	0.2468253508131715
0.4358496085829229	0.2492936043213059
0.4358732213080571	0.2517865403645162
0.4358968969898895	0.2543044057681593
0.4359205064101158	0.2568474498258422
0.4359442314739918	0.2594159243241035
0.4359680802415574	0.2620100835673456
0.4359920618121180	0.2646301844030175
0.4360161708503624	0.2672764862470505
0.4360401827899678	0.2699492511095181
0.4360642793344182	0.2726487436206161
0.4360885079073613	0.2753752310568237
0.4361128827772440	0.2781289833673896
0.4361373936700552	0.2809102732010620
0.4361618023040147	0.2837193759330723
0.4361863460652023	0.2865565696924031
0.4362110524114821	0.2894221353893292
0.4362358726506342	0.2923163567432204
0.4362607927957970	0.2952395203106509
0.4362856359688733	0.2981919155137573
0.4363106541052365	0.3011738346688930
0.4363358416139607	0.3041855730155811
0.4363612005836177	0.3072274287457353
0.4363865416612593	0.3102997030331899
0.4364119044253090	0.3134027000635218
0.4364374559296745	0.3165367270641562
0.4364631924643309	0.3197020943348003
0.4364890646221511	0.3228991152781495
0.4365148673718087	0.3261281064309305
0.4365408599744902	0.3293893874952399
0.4365670146023824	0.3326832813701944
0.4365933895713332	0.3360101141838970
0.4366196387141932	0.3393702153257327
0.4366461037407380	0.3427639174789902
0.4366727918800401	0.3461915566537835
0.4366996654852410	0.3496534722203195
0.4367264312905379	0.3531500069425251
0.4367533976929311	0.3566815070119503
0.4367806118336393	0.3602483220820675
0.4368080948689346	0.3638508053028850
0.4368354083919414	0.3674893133559108
0.4368629368468527	0.3711642064894679
0.4368907418849304	0.3748758485543593
0.4369187996616791	0.3786246070399044
0.4369467466403998	0.3824108531103064
0.4369749227780995	0.3862349616414124
0.4370033926294435	0.3900973112578226
0.4370320004101393	0.3939982843703992
0.4370606480625707	0.3979382672140998
0.4370895929825812	0.4019176498862415
0.4371188164113595	0.4059368263851048
0.4371479855836501	0.4099961946489521
0.4371774217678253	0.4140961565954426
0.4372072178984830	0.4182371181613942
0.4372371371892788	0.4224194893430113
0.4372670542915601	0.4266436842364399
0.4372973847726629	0.4309101210788058
0.4373281291119633	0.4352192222895947
0.4373586487792947	0.4395714145124912
0.4373895632670501	0.4439671286576140
0.4374209245197765	0.4484067999441876
0.4374523531225840	0.4528908679436320
0.4374838844522870	0.4574197766230688
0.4375159356855410	0.4619939743892962
0.4375482450820460	0.4666139141331860
0.4375805325732921	0.4712800532745179
0.4376133304429574	0.4759928538072610
0.4376465331975246	0.4807527823453324
0.4376796836817484	0.4855603101687870
0.4377133025205270	0.4904159132704720
0.4377474478212833	0.4953200724031804
0.4377815328246577	0.5002732731272159
0.4378161005062064	0.5052760058584868
0.4378512429830334	0.5103287659170682
0.4378863304552624	0.5154320535762422
0.4379219866352813	0.5205863741120064
0.4379581900738084	0.5257922378531226
0.4379943882632027	0.5310501602316500
0.4380312542512089	0.5363606618339701
0.4380685941878290	0.5417242684523121
0.4381060778328694	0.5471415111368350
0.4381442910594156	0.5526129262482065
0.4381828551394483	0.5581390555106880
0.4382217446795117	0.5637204460657967
0.4382614831713975	0.5693576505264568
0.4383013755641172	0.5750512270317215
0.4383418489892774	0.5808017393020409
0.4383833700419335	0.5866097566950583
0.4384246778235826	0.5924758542620081
0.4384669863136881	0.5984006128046280
0.4385100978544947	0.6043846189326756
0.4385532788713776	0.6104284651219988
0.4385978725891287	0.6165327497732160
0.4386425803772567	0.6226980772709453
0.4386880894219985	0.6289250580436546
0.4387350012828836	0.6352143086240916
0.4387816212891956	0.6415664517103297
0.4388300731092198	0.6479821162274364
0.4388787155175849	0.6544619373897137
0.4389285187305382	0.6610065567636109
0.4389797401805917	0.6676166223312490
0.4390310714733254	0.6742927885545622
0.4390841506332147	0.6810357164401106
0.4391380709447766	0.6878460736045126
0.4391930753119758	0.6947245343405551
0.4392501689006282	0.7016717796839579
0.4393070485653176	0.7086884974807978
0.4393671363824597	0.7157753824556021
0.4394270124854966	0.7229331362801610
0.4394893858446557	0.7301624676429658
0.4395533898754612	0.7374640923193978
0.4396187317606192	0.7448387332425895
0.4396874771408015	0.7522871205750128
0.4397557533087470	0.7598099917807642
0.4398285099207607	0.7674080916985699
0.4399018263246760	0.7750821726155535
0.4399788182507554	0.7828329943417121
0.4400583507395005	0.7906613242851310
0.4401403114525734	0.7985679375279841
0.4402267505184032	0.8065536169032615
0.4403152973768145	0.8146191530722932
0.4404107556979360	0.8227653446030172
0.4405051494376996	0.8309929980490476
0.4406099175717001	0.8393029280295387
0.4407154362111571	0.8476959573098357
0.4408321995960324	0.8561729168829342
0.4409500394281770	0.8647346460517621
0.4410789842699553	0.8733819925122782
0.4412153846983563	0.8821158124374029
0.4413648492388075	0.8909369705617761
0.4415230776195569	0.8998463402673947
0.4416940967189762	0.9088448036700699
0.4418872251634222	0.9179332517067693
0.4420854088363584	0.9268388219103179
0.4423288542459419	0.9361072101294220
0.4425593766543856	0.9437956582714875
0.4428296116518423	0.9532336148542019
0.4432391637501608	0.9627659510027440
0.4437205683769407	0.9723936105127707
0.4438862262796476	0.9702071541514501
0.4441813312537864	0.9795973515407140
0.4441901558527809	0.9767574647616586
0.4445581548515671	0.9862710159818532
0.4449487210115158	0.9901822568348430
0.4452336853722740	0.9910910108039512
0.4457295563296986	0.9926441031279427
0.4471052510044750	0.9938287874560509
0.4476459322195313	0.9971856834944459
0.4518297227596447	0.9993036703793804
0.4529318373708131	0.9995688080770636
0.4590595382516989	0.9998782702739479
0.4595418014018299	0.9999181583386982
0.4630566510201994	0.9999516909175379
0.4648220754357862	0.9999877006976040
0.4659026128808696	0.9999923525561790
0.4760853476829132	0.9999974549481205
0.4781134171321729	0.9999988666626611
0.4848994637001042	0.9999996598378730
0.4890874817139798	0.9999998477966791
0.4955763836576980	0.9999999549735042
0.4990880049433564	0.9999999796402080
0.5054367151909417	0.9999999939936092
0.5085195932377300	0.9999999972691475
0.5150237574586890	0.9999999991913817
0.5178595833539626	0.9999999996301738
0.5243493606402063	0.9999999998898002
0.5269347811108851	0.9999999999494672
0.5335044166642081	0.9999999999848800
0.5360502043356298	0.9999999999930642
0.5427102353098997	0.9999999999979213
0.5453294700014258	0.9999999999990472
0.5520407394470590	0.9999999999997143
0.5547531938293144	0.9999999999998691
0.5614684899357504	0.9999999999999608
0.5642541385098077	0.9999999999999819
0.5709063917404987	0.9999999999999948
0.5737965651509034	0.9999999999999976
0.5804029387627535	0.9999999999999993
0.5837004298021801	0.9999999999999997
0.5914287211187067	0.9999999999999999
0.5917064988964845	0.9999999999999998
0.5921146621617907	0.9999999999999999
0.5926702177173462	0.9999999999999999
1.1218682237674440	0.9799999999999999
1.1218682237675439	0.9999998753091408
1.1370608479629121	0.9999999676534926
1.1664222503664818	0.9999999801996642
1.1865814921104856	0.9999999818200955
1.3216813730491654	0.9999999953401100
1.3244761094792481	0.9999999970877026
1.3456971218679887	0.9999999990833961
1.3706696592705736	0.9999999993121609
1.3805534519857314	0.9999999993751196
1.4036808458957621	0.9999999993832576
1.4145410984167883	0.9999999993854972
1.4376534718782081	0.9999999993857870
1.4485108037300212	0.9999999993858665
1.4715329782907884	0.9999999993858769
1.4824656298878707	0.9999999993858797
1.5034842265514348	0.9999999993858801
1.5142146543421291	0.9999999993858802
2.1490437990052200	0.9999910169188977
2.3527977974132832	0.9999984504212326
2.3528019847923329	0.9999994112946361
2.3756076698919522	0.9999995356520874
2.3756137358780038	0.9999995698792501
2.3841092153484182	0.9999995791422533
2.3962649395068292	0.9999995804943556
2.4239443904005875	0.9999995808690590
2.4387455195041059	0.9999995809237540
2.4681899194904409	0.9999995809389121
2.4864239386937488	0.9999995809411247
2.5152959925035225	0.9999995809417382
2.5352361521722155	0.9999995809418274
2.5631777677760943	0.9999995809418526
2.5838903742771153	0.9999995809418558
2.6133614349344523	0.9999995809418574
2.6546139555309152	1.0036425672608960
2.6575381681690446	1.0006959403285991
2.6587115332158344	1.0002544754789655
2.6666817435485277	1.0000743747676266
2.6690068721863529	1.0000283538771002
2.6815741246705977	1.0000193040747309
2.6948794497302639	1.0000172387378778
2.7128867041263458	1.0000156870091705
2.7130348857350066	1.0000154660730562
2.7318453709480650	1.0000154022761243
2.7326417734430524	1.0000153890930945
2.7400587197495234	1.0000153847442148
2.7419936155461495	1.0000153837470731
2.7546360703249819	1.0000153834091461
2.7576021817354621	1.0000153833302381
2.7697075901350869	1.0000153833033791
2.7728272121086417	1.0000153832970891
2.7795172991636647	0.9978709489198133
2.7795172991715247	0.9975899835005757
2.7838786672417926	0.9995820262968199
2.7926524419285954	0.9998326117565033
2.8038877955608945	0.9998681094716106
2.8168188225819000	0.9999688643657493
2.8178464583296341	0.9999818585732061
2.8483623242481335	0.9999859164350459
2.8575004181223909	0.9999864395208964
2.8855161403387712	0.9999938037319065
2.8876352761247950	0.9999956845483459
2.8962093012484353	0.9999961068903650
2.9087731890424986	0.9999961614473584
2.9163398016401731	0.9999979865065177
2.9164240545790858	0.9999982224131870
2.9381436205489742	0.9999986042402577
2.9400603550719748	0.9999986952067049
2.9468362339891283	0.9999987542190603
2.9512699132569948	0.9999987618469910
2.9562007290652033	0.9999995066202237
2.9588102286826445	0.9999996984397624
2.9669513345201075	0.9999997411897031
2.9703961788288216	0.9999997754285377
2.9823848983549475	0.9999997835643550
2.9846758849371566	0.9999998571597121
2.9849874293810923	0.9999998666726301
3.0025439843743449	0.9999998689539055
3.0053069318812340	0.9999998695817707
3.0054008833670891	0.9999998711874408
3.0067190833292390	0.9999998728589977
3.0077530283132559	0.9999998745006803
3.0083969838586575	0.9999998747128840
3.0180659756043502	0.9999998748902638
3.0250303376526007	0.9999998749161557
3.0252841523161922	0.9999998749698601
3.0266428837610890	0.9999998749768015
3.0341682045269946	0.9999998778003734
3.0341751335356255	0.9999998781653474
3.0551416747939770	0.9999998782167682
3.0559015764871509	0.9999998783939753
3.0561266478339295	0.9999998784168810
3.0732619973571547	0.9999998785383601
3.0735100746808048	0.9999998785547313
3.0779321336494645	1.0000057051712308
3.0779321414426151	1.0000064582960426
3.0997363813552479	1.0000065842664021
3.0997369434313136	1.0000066978862587
3.1004999243821074	1.0000068264705186
3.1012350858192734	1.0000069591187608
3.1018240882624584	1.0000069762645760
3.1118380349107335	1.0000070032411084
3.1168420920670141	1.0000070089441411
3.1184542483008491	1.0000070123250939
3.1255297959939190	1.0000070127620988
3.1303342359989714	1.0000070178353169
3.1313600114226046	1.0000070190410639
3.1453991557841152	1.0000070193729114
3.1515260932291587	1.0000070194833508
3.1556050407411127	1.0000070195405200
3.1706460433595498	1.0000070195726931
3.1746745979326398	1.0000070195911965
3.1789372045034940	1.0000070195938970
3.1981014345843719	1.0000070195948310
3.2027830300207070	1.0000070195953616
3.2060695695972385	1.0000070195954303
3.2221237172009856	1.0000070195954607
3.2234248280874125	1.0000070195954687
3.2383641929131586	1.0000070195954827
3.2398967068449953	1.0000070195954844
3.2515434293341059	1.0000070195954860
3.2529084226164811	1.0000070195954864
3.2742006545270219	1.0000070195954867
3.4651065703071553	1.0000070195954867
3.7745845104542188	0.9800068792035769
3.7745845104543374	0.9973437990477778
3.7752499591595408	0.9997236078857613
3.7789599120513642	0.9999533331529945
3.8475178766747500	0.9999956708856153
3.8920522965679711	0.9999963654704089
3.9361343429165796	0.9999963757094728
3.9937941094463976	0.9999971969266466
4.0376871700850572	0.9999972090761494
4.0972891044365145	0.9999972265135660
4.1314120321225847	0.9999974685679648
4.1750336931459771	0.9999974771790755
4.2155666973493160	0.9999974774854232
4.2597332731796635	0.9999974774963221
4.3059344840971718	0.9999974774967096
4.3530168758757748	0.9999974774967237
4.4148097190526663	0.9999974774967242
4.4451830013117171	0.9999996173227054
4.4451830013178393	0.9999998939138536
7.1701076083256847	0.9999998967863107
7.4427397690229498	0.9999998971574465
8.2688316858411586	1.0000161366251730
8.2688327103023642	1.0000182355177545
8.2907124689335649	1.0000185061795217
8.3024583152240101	1.0000468528110802
8.4918758516284285	0.9604455530337399
8.4918758516285280	0.9898469475263796
8.4921889161595931	1.0003029676908788
8.5048216051620678	1.0000423660701694
8.5611189365736440	1.0000112506071022
8.7397977651677063	0.9988127654530405
8.7455860249969568	0.9998610235065617
8.7550464659865721	0.9999909971609915
8.7750423904823744	0.9999994736474366
9.6872135519934890	0.9998590602904406
9.7195513390862338	0.9999786700044015
9.8711292692000026	0.9999941356796626
