0.0000000000000000	0.0000000000000000
0.4376441793535549	0.0000300000000000
0.4379002111310045	0.0000100254519998
0.4379849236758935	0.0000168730722394
0.4387819636793548	0.0000164106991604
0.4390765983923974	0.0000252608925151
0.4396341761586666	0.0000319110200856
0.4397809666882209	0.0000215489641557
0.4403636653901605	0.0000414527995831
0.4405552478715798	0.0000330543235361
0.4406628357956516	0.0000371521086770
0.4411490322539443	0.0000474421195330
0.4415391556956181	0.0000583134006964
0.4419060867289645	0.0000683134006964
0.4421563954775845	0.0000783134006964
0.4424011701792258	0.0000883134006964
0.4426096836077852	0.0000983134006964
0.4428031797915966	0.0001083134006964
0.4429720035848025	0.0001183134006964
0.4431329697156077	0.0001283134006964
0.4432766209392470	0.0001383134006964
0.4434150815046021	0.0001483134006964
0.4435384774287094	0.0001583134006964
0.4436597569484905	0.0001683134006964
0.4437680617530510	0.0001783134006964
0.4438757258569417	0.0001883134006964
0.4439726810363121	0.0001983134006964
0.4440686435265617	0.0002083134006964
0.4441568039871429	0.0002183134006964
0.4442440486901942	0.0002283134006964
0.4443248133724875	0.0002383134006964
0.4444041033702062	0.0002483134006964
0.4444786144524945	0.0002583134006964
0.4445518010894290	0.0002683134006964
0.4446209056803674	0.0002783134006964
0.4446884492605956	0.0002883134006964
0.4447528888504836	0.0002983134006964
0.4448158776359315	0.0003083134006964
0.4448761957879949	0.0003183134006964
0.4449348981948179	0.0003283134006964
0.4449914867062297	0.0003383134006964
0.4450466775418364	0.0003483134006964
0.4451000814533514	0.0003583134006964
0.4451519755250841	0.0003683134006964
0.4452025403971752	0.0003783134006964
0.4452516286529065	0.0003883134006964
0.4452996391687120	0.0003983134006964
0.4453462441668212	0.0004083134006964
0.4453919337019295	0.0004183134006964
0.4454362475455926	0.0004283134006964
0.4454798314648052	0.0004383134006964
0.4455220702171259	0.0004483134006964
0.4455637368101598	0.0004583134006964
0.4456040805509645	0.0004683134006964
0.4456439854564809	0.0004783134006964
0.4456825286894648	0.0004883134006964
0.4457207863236978	0.0004983134006964
0.4457577594850260	0.0005083134006964
0.4457945332505519	0.0005183134006964
0.4458300342631945	0.0005283134006964
0.4458654298310163	0.0005383134006964
0.4458995798222810	0.0005483134006964
0.4459336189918370	0.0005583134006964
0.4459666003038761	0.0005683134006964
0.4459993970946691	0.0005783134006964
0.4460311684309686	0.0005883134006964
0.4460627705502295	0.0005983134006964
0.4460936162556021	0.0006083134006964
0.4461241068659611	0.0006183134006964
0.4461539052271614	0.0006283134006964
0.4461834934739760	0.0006383134006964
0.4462123118233027	0.0006483134006964
0.4462409490005850	0.0006583134006964
0.4462689449490618	0.0006683134006964
0.4462966650722220	0.0006783134006964
0.4463238649043638	0.0006883134006964
0.4463507804532564	0.0006983134006964
0.4463771998888775	0.0007083134006964
0.4464033537607925	0.0007183134006964
0.4464290309222986	0.0007283134006964
0.4464544005917984	0.0007383134006964
0.4464794964151629	0.0007483134006964
0.4465040873061001	0.0007583134006964
0.4465285478124664	0.0007683134006964
0.4465525578162165	0.0007783134006964
0.4465763209567421	0.0007883134006964
0.4465996861045896	0.0007983134006964
0.4466229782666316	0.0008083134006964
0.4466457053884765	0.0008183134006964
0.4466683494537865	0.0008283134006964
0.4466905523997757	0.0008383134006964
0.4467127358722099	0.0008483134006964
0.4467344350767028	0.0008583134006964
0.4467560043365325	0.0008683134006964
0.4467771532554282	0.0008783134006964
0.4467982620021909	0.0008883134006964
0.4468189805075479	0.0008983134006964
0.4468396223393563	0.0009083134006964
0.4468599157847115	0.0009183134006964
0.4468801077491107	0.0009283134006964
0.4468999426997968	0.0009383134006964
0.4469196360207035	0.0009483134006964
0.4469390623036134	0.0009583134006964
0.4469583460021533	0.0009683134006964
0.4469773910753056	0.0009783134006964
0.4469962722250294	0.0009883134006964
0.4470149476137615	0.0009983134006964
0.4470334440001854	0.0010083134006964
0.4470517622435384	0.0010183965347033
0.4470700365640788	0.0010285805000504
0.4470883453052449	0.0010388663050509
0.4471066131124557	0.0010492549681014
0.4471249487474244	0.0010597475177824
0.4471432035495589	0.0010703449929602
0.4471615713467931	0.0010810484428898
0.4471798098909692	0.0010918589273187
0.4471981601741198	0.0011027775165919
0.4472164338912090	0.0011138052917578
0.4472347559982767	0.0011249433446754
0.4472530776827016	0.0011361927781221
0.4472713708388681	0.0011475547059034
0.4472897449188055	0.0011590302529624
0.4473080067516891	0.0011706205554920
0.4473263498513600	0.0011823267610469
0.4473446691770692	0.0011941500286574
0.4473629746120520	0.0012060915289439
0.4473813485453597	0.0012181524442334
0.4473996307129561	0.0012303339686757
0.4474179624185131	0.0012426373083625
0.4474363197695246	0.0012550636814461
0.4474546137535667	0.0012676143182606
0.4474729585515890	0.0012802904614432
0.4474913040876251	0.0012930933660576
0.4475096097932735	0.0013060242997182
0.4475279574092231	0.0013190845427153
0.4475463066820546	0.0013322753881425
0.4475646151499008	0.0013455981420239
0.4475829583703160	0.0013590541234442
0.4476013260744223	0.0013726446646786
0.4476196311405419	0.0013863711113254
0.4476379647415933	0.0014002348224386
0.4476563272354471	0.0014142371706630
0.4476746617049548	0.0014283795423696
0.4476929828559936	0.0014426633377933
0.4477113280298070	0.0014570899711713
0.4477296913403894	0.0014716608708830
0.4477480216356806	0.0014863774795918
0.4477663492509281	0.0015012412543877
0.4477846923505758	0.0015162536669316
0.4478030503768078	0.0015314162036009
0.4478214033465169	0.0015467303656369
0.4478397276208316	0.0015621976692933
0.4478580647376311	0.0015778196459862
0.4478764116330407	0.0015935978424461
0.4478947674008844	0.0016095338208705
0.4479131298347950	0.0016256291590792
0.4479314592072250	0.0016418854506700
0.4479497952397635	0.0016583043051767
0.4479681375964522	0.0016748873482285
0.4479864851173811	0.0016916362217108
0.4480048368446115	0.0017085525839279
0.4480231915817509	0.0017256381097671
0.4480415488355350	0.0017428944908648
0.4480598956763246	0.0017603234357735
0.4480782357925394	0.0017779266701312
0.4480965791582078	0.0017957059368325
0.4481149244206482	0.0018136629962008
0.4481332719359794	0.0018317996261628
0.4481516202731003	0.0018501176224244
0.4481699701771625	0.0018686187986487
0.4481883201975592	0.0018873049866351
0.4482066713708196	0.0019061780365015
0.4482250221937429	0.0019252398168665
0.4482433740007820	0.0019444922150352
0.4482617249740820	0.0019639371371855
0.4482800760805671	0.0019835765085574
0.4482984260064027	0.0020034122736429
0.4483167760103042	0.0020234463963793
0.4483351251853687	0.0020436808603431
0.4483534743619000	0.0020641176689466
0.4483718230970394	0.0020847588456360
0.4483901717027639	0.0021056064340924
0.4484085202894263	0.0021266624984333
0.4484268685831048	0.0021479291234177
0.4484452173126255	0.0021694084146519
0.4484635655369477	0.0021911024987983
0.4484819141850331	0.0022130135237863
0.4485002626283101	0.0022351436590242
0.4485186111967261	0.0022574950956145
0.4485369601429019	0.0022800700465706
0.4485553089260376	0.0023028707470363
0.4485736582379074	0.0023258994545066
0.4485920075315009	0.0023491584490517
0.4486103570232995	0.0023726500335422
0.4486287071911071	0.0023963765338776
0.4486470571849187	0.0024203402992164
0.4486654075830909	0.0024445437022085
0.4486837584978400	0.0024689891392306
0.4487021094203796	0.0024936790306229
0.4487204608365226	0.0025186158209292
0.4487388127550138	0.0025438019791385
0.4487571647600147	0.0025692399989299
0.4487755172624088	0.0025949323989192
0.4487938703923706	0.0026208817229084
0.4488122236101327	0.0026470905401374
0.4488305772620248	0.0026735614455388
0.4488489316053056	0.0027002970599941
0.4488672861802857	0.0027273000305941
0.4488856410826902	0.0027545730309000
0.4489039965348700	0.0027821187612090
0.4489223526632460	0.0028099399488211
0.4489407089862137	0.0028380393483093
0.4489590657010094	0.0028664197417924
0.4489774229862520	0.0028950839392104
0.4489957809744182	0.0029240347786025
0.4490141392199409	0.0029532751263885
0.4490324978517788	0.0029828078776524
0.4490508569939047	0.0030126359564289
0.4490692167520677	0.0030427623159932
0.4490875771553460	0.0030731899391531
0.4491059378831170	0.0031039218385446
0.4491242990373117	0.0031349610569301
0.4491426606994259	0.0031663106674993
0.4491610229327271	0.0031979737741743
0.4491793857883893	0.0032299535119161
0.4491977493006956	0.0032622530470352
0.4492161132376481	0.0032948755775056
0.4492344776357028	0.0033278243332807
0.4492528425369624	0.0033611025766135
0.4492712079819332	0.0033947136023796
0.4492895739939205	0.0034286607384034
0.4493079405988263	0.0034629473457874
0.4493263078050737	0.0034975768192453
0.4493446756287219	0.0035325525874378
0.4493630440691190	0.0035678781133121
0.4493814131362660	0.0036035568944453
0.4493997828209509	0.0036395924633897
0.4494181531195326	0.0036759883880235
0.4494365240128303	0.0037127482719037
0.4494548954744690	0.0037498757546227
0.4494732675165639	0.0037873745121690
0.4494916401355229	0.0038252482572907
0.4495100133313212	0.0038635007398636
0.4495283870959085	0.0039021357472622
0.4495467614262915	0.0039411571047348
0.4495651363214785	0.0039805686757822
0.4495835117832598	0.0040203743625400
0.4496018878145932	0.0040605781061654
0.4496202644226543	0.0041011838872271
0.4496386416101395	0.0041421957260993
0.4496570193894742	0.0041836176833604
0.4496753977620210	0.0042254538601940
0.4496937767386588	0.0042677083987960
0.4497121563266161	0.0043103854827840
0.4497305365344749	0.0043534893376119
0.4497489173754740	0.0043970242309880
0.4497672988557552	0.0044409944732979
0.4497856809883020	0.0044854044180309
0.4498040637818457	0.0045302584622112
0.4498224472446494	0.0045755610468333
0.4498408313900600	0.0046213166573016
0.4498592162228569	0.0046675298238746
0.4498776017521961	0.0047142051221133
0.4498959879898500	0.0047613471733345
0.4499143749410137	0.0048089606450679
0.4499327626154419	0.0048570502515185
0.4499511510246478	0.0049056207540337
0.4499695401748204	0.0049546769615740
0.4499879300761517	0.0050042237311898
0.4500063207417778	0.0050542659685017
0.4500247121784820	0.0051048086281868
0.4500431043964233	0.0051558567144687
0.4500614974086466	0.0052074152816134
0.4500798906068534	0.0052594894344295
0.4500982823072276	0.0053120843287738
0.4501166748839889	0.0053652051720616
0.4501350683468412	0.0054188572237821
0.4501534627007439	0.0054730457960199
0.4501718579529353	0.0055277762539802
0.4501902541127311	0.0055830540165200
0.4502086511913970	0.0056388845566852
0.4502270491970745	0.0056952734022522
0.4502454481386254	0.0057522261362747
0.4502638480268891	0.0058097483976375
0.4502822488740897	0.0058678458816138
0.4503006506938374	0.0059265243404299
0.4503190534968169	0.0059857895838342
0.4503374572949012	0.0060456474796726
0.4503558621014410	0.0061061039544694
0.4503742679307832	0.0061671649940141
0.4503926747981941	0.0062288366439542
0.4504110827195316	0.0062911250103938
0.4504294917094001	0.0063540362604977
0.4504479017816038	0.0064175766231027
0.4504663129493711	0.0064817523893338
0.4504847252255237	0.0065465699132271
0.4505031386225050	0.0066120356123594
0.4505215531525273	0.0066781559684829
0.4505399688276276	0.0067449375281678
0.4505583856597860	0.0068123869034495
0.4505768036610190	0.0068805107724839
0.4505952228434810	0.0069493158802088
0.4506136432195728	0.0070188090390110
0.4506320648020047	0.0070889971294011
0.4506504876039207	0.0071598871006951
0.4506689116275609	0.0072314859717021
0.4506873368659849	0.0073038008314191
0.4507057633149615	0.0073768388397334
0.4507241909728240	0.0074506072281306
0.4507426198401969	0.0075251133004121
0.4507610499199394	0.0076003644334161
0.4507794812168961	0.0076763680777503
0.4507979137378966	0.0077531317585279
0.4508163474915520	0.0078306630761133
0.4508347824882448	0.0079089697068744
0.4508532187400138	0.0079880594039431
0.4508716562605081	0.0080679399979826
0.4508900950649640	0.0081486193979624
0.4509085351701145	0.0082301055919420
0.4509269765941684	0.0083124066478615
0.4509454193552024	0.0083955307143402
0.4509638634708211	0.0084794860214835
0.4509823089583195	0.0085642808816985
0.4510007558348109	0.0086499236905154
0.4510192040529749	0.0087364229274205
0.4510376533345108	0.0088237871566946
0.4510561037205004	0.0089120250282617
0.4510745552505506	0.0090011452785442
0.4510930079630030	0.0090911567313297
0.4511114618952453	0.0091820682986430
0.4511299170839573	0.0092738889816293
0.4511483735652849	0.0093666278714455
0.4511668313750851	0.0094602941501599
0.4511852905490186	0.0095548970916614
0.4512037511225377	0.0096504460625779
0.4512222131309755	0.0097469505232036
0.4512406766096422	0.0098444200284357
0.4512591415938464	0.0099428642287200
0.4512776081190117	0.0100422928710071
0.4512960762207937	0.0101427157997171
0.4513145459351490	0.0102441429577142
0.4513330172981977	0.0103465843872915
0.4513514903441589	0.0104500502311643
0.4513699651058603	0.0105545507334759
0.4513884416151473	0.0106600962408107
0.4514069199031002	0.0107666972032189
0.4514253999857119	0.0108743641752511
0.4514438818616131	0.0109831078170035
0.4514623655327951	0.0110929388951735
0.4514808510044478	0.0112038682841251
0.4514993382848629	0.0113159069669664
0.4515178273853602	0.0114290660366361
0.4515363183202265	0.0115433566970024
0.4515548111066522	0.0116587902639723
0.4515733057646668	0.0117753781666120
0.4515918023170488	0.0118931319482781
0.4516103007891125	0.0120120632677609
0.4516288012085495	0.0121321839004385
0.4516473036053159	0.0122535057394428
0.4516658080115460	0.0123760407968371
0.4516843144586769	0.0124998012048055
0.4517028229777223	0.0126247992168535
0.4517213335996726	0.0127510472090222
0.4517398463558693	0.0128785576811124
0.4517583612783579	0.0130073432579237
0.4517768784000812	0.0131374166905029
0.4517953977549542	0.0132687908574080
0.4518139193779595	0.0134014787659821
0.4518324433052619	0.0135354935536420
0.4518509695743429	0.0136708484891783
0.4518694982241527	0.0138075569740702
0.4518880292952592	0.0139456325438108
0.4519065628299961	0.0140850888692489
0.4519250988725255	0.0142259397579412
0.4519436374676576	0.0143681991555207
0.4519621786214226	0.0145118811470758
0.4519807223368723	0.0146569999585464
0.4519992686207987	0.0148035699581320
0.4520178174837652	0.0149516056577132
0.4520363687076692	0.0151011217142906
0.4520549216361616	0.0152521329314337
0.4520734771875887	0.0154046542607482
0.4520920348890827	0.0155587008033556
0.4521105946639992	0.0157142878113891
0.4521291565825445	0.0158714306895031
0.4521477207156030	0.0160301449963979
0.4521662871348610	0.0161904464463622
0.4521848559129611	0.0163523509108259
0.4522034271236887	0.0165158744199343
0.4522220008401164	0.0166810331641337
0.4522405771331175	0.0168478434957748
0.4522591560721779	0.0170163219307328
0.4522777377259022	0.0171864851500402
0.4522963221624239	0.0173583500015403
0.4523149094498279	0.0175319335015558
0.4523334996565839	0.0177072528365712
0.4523520928519668	0.0178843253649367
0.4523706870912303	0.0180631686185861
0.4523892761032229	0.0182438003047720
0.4524078684341565	0.0184262383078197
0.4524264640867262	0.0186105006908976
0.4524450630727197	0.0187966056978066
0.4524636654120261	0.0189845717547845
0.4524822711280093	0.0191744174723325
0.4525008802478256	0.0193661616470559
0.4525194928027378	0.0195598232635264
0.4525381088284333	0.0197554214961617
0.4525567283653470	0.0199529757111231
0.4525753514586091	0.0201525054682346
0.4525939781580197	0.0203540305229171
0.4526126085180821	0.0205575708281462
0.4526312425980937	0.0207631465364278
0.4526498804622895	0.0209707780017922
0.4526685221754296	0.0211804857818099
0.4526871678028955	0.0213922906396282
0.4527058174112023	0.0216062135460244
0.4527244710685265	0.0218222756814843
0.4527431288350941	0.0220404984382991
0.4527617907143165	0.0222609034226823
0.4527804562239801	0.0224835124569092
0.4527991249865815	0.0227083475814781
0.4528177970875765	0.0229354310572928
0.4528364726179914	0.0231647853678655
0.4528551516742323	0.0233964332215442
0.4528738343551691	0.0236303975537599
0.4528925207595084	0.0238667015292976
0.4529112109867328	0.0241053685445908
0.4529299051379945	0.0243464222300366
0.4529486033169247	0.0245898864523371
0.4529673056299511	0.0248357853168609
0.4529860121866980	0.0250841431700295
0.4530047231004204	0.0253349846017301
0.4530234384884754	0.0255883344477477
0.4530421584666112	0.0258442177922248
0.4530608830924348	0.0261026599701469
0.4530796124046022	0.0263636865698484
0.4530983464510093	0.0266273234355469
0.4531170852888292	0.0268935966699024
0.4531358289846244	0.0271625326366011
0.4531545776145394	0.0274341579629669
0.4531733312644329	0.0277084995425966
0.4531920900295885	0.0279855845380226
0.4532108540074579	0.0282654403834025
0.4532296232986485	0.0285480947872368
0.4532483980079500	0.0288335757351093
0.4532671782453571	0.0291219114924604
0.4532859630594500	0.0294131306073853
0.4533047524056639	0.0297072619134592
0.4533235464641550	0.0300043345325941
0.4533423453372550	0.0303043778779196
0.4533611491395929	0.0306074216566987
0.4533799505737581	0.0309134958732658
0.4533987470574146	0.0312226308319981
0.4534175490878557	0.0315348571403182
0.4534363567728648	0.0318502057117215
0.4534551702283908	0.0321687077688392
0.4534739895790303	0.0324903948465280
0.4534928149586220	0.0328152987949933
0.4535116465108801	0.0331434517829435
0.4535304843829101	0.0334748863007733
0.4535493287241744	0.0338096351637811
0.4535681796542166	0.0341477315154189
0.4535870372202838	0.0344892088305734
0.4536059014874225	0.0348341009188792
0.4536247725386164	0.0351824419280681
0.4536436504744978	0.0355342663473488
0.4536625354105113	0.0358896090108221
0.4536814274697061	0.0362485051009308
0.4537003257011727	0.0366109901519404
0.4537192297625131	0.0369771000534597
0.4537381398993903	0.0373468710539940
0.4537570563608350	0.0377203397645337
0.4537759794004081	0.0380975431621787
0.4537949091871243	0.0384785185938002
0.4538138458586105	0.0388633037797383
0.4538327890850366	0.0392519368175354
0.4538517368826541	0.0396444561857108
0.4538706920160795	0.0400409007475675
0.4538896546733348	0.0404413097550429
0.4539086250567455	0.0408457228525936
0.4539276033792451	0.0412541800811195
0.4539465898586430	0.0416667218819308
0.4539655847193488	0.0420833891007503
0.4539845880569130	0.0425042229917575
0.4540035999828091	0.0429292652216752
0.4540226203128213	0.0433585578738915
0.4540416334160086	0.0437921434526310
0.4540606432891656	0.0442300648871578
0.4540796609576039	0.0446723655360296
0.4540986866789957	0.0451190891913904
0.4541177207183169	0.0455702800833048
0.4541367633501165	0.0460259828841385
0.4541558148607840	0.0464862427129798
0.4541748755267348	0.0469511051401101
0.4541939454916030	0.0474206161915117
0.4542130249231164	0.0478948223534270
0.4542321140088184	0.0483737705769607
0.4542512129578287	0.0488575082827307
0.4542703220008528	0.0493460833655581
0.4542894413747586	0.0498395441992135
0.4543085713499158	0.0503379396412063
0.4543277114296951	0.0508413190376177
0.4543468603372582	0.0513497322279939
0.4543660183490436	0.0518632295502734
0.4543851857509348	0.0523818618457754
0.4544043628533352	0.0529056804642330
0.4544235499921247	0.0534347372688758
0.4544427475149840	0.0539690846415645
0.4544619557829770	0.0545087754879799
0.4544811751730590	0.0550538632428599
0.4545004060024838	0.0556044018752885
0.4545196484860768	0.0561604458940408
0.4545388823195634	0.0567220503529812
0.4545581140419642	0.0572892708565107
0.4545773586883514	0.0578621635650765
0.4545966158768313	0.0584407852007274
0.4546158838050030	0.0590251930527347
0.4546351629462648	0.0596154449832616
0.4546544537951933	0.0602115994330939
0.4546737567820942	0.0608137154274249
0.4546930721998114	0.0614218525817000
0.4547124003752140	0.0620360711075168
0.4547317416708968	0.0626564318185924
0.4547510927424419	0.0632829961367787
0.4547704561807195	0.0639158260981467
0.4547898339449610	0.0645549843591286
0.4548092263447732	0.0652005342027198
0.4548286315256456	0.0658525395447470
0.4548480490311677	0.0665110649401948
0.4548674793751796	0.0671761755895975
0.4548869230984407	0.0678479373454929
0.4549063807623785	0.0685264167189469
0.4549258529533877	0.0692116808861363
0.4549453007899689	0.0699037976949976
0.4549647605033315	0.0706028356719478
0.4549842365102131	0.0713088640286674
0.4550037291820954	0.0720219526689547
0.4550232389348260	0.0727421721956440
0.4550427651733199	0.0734695939176013
0.4550623058969686	0.0742042898567779
0.4550818618538492	0.0749463327553451
0.4551014336457204	0.0756957960828993
0.4551210217741280	0.0764527540437274
0.4551406267878132	0.0772172815841643
0.4551602492864550	0.0779894544000055
0.4551798899220676	0.0787693489440048
0.4551995493759279	0.0795570424334448
0.4552192280673931	0.0803526128577789
0.4552389231585303	0.0811561389863566
0.4552586347665237	0.0819677003762191
0.4552783240529276	0.0827873773799808
0.4552980200099257	0.0836152511537809
0.4553177351655638	0.0844514036653195
0.4553374703092330	0.0852959177019737
0.4553572251563333	0.0861488768789933
0.4553769944427403	0.0870103656477825
0.4553967853908485	0.0878804693042605
0.4554165978572023	0.0887592739973041
0.4554364289307049	0.0896468667372761
0.4554562796459449	0.0905433354046481
0.4554761508719103	0.0914487687586953
0.4554960433606405	0.0923632564462823
0.4555159579122703	0.0932868890107451
0.4555358953935580	0.0942197579008536
0.4555558487297834	0.0951619554798623
0.4555757711051328	0.0961135750346608
0.4555957185246445	0.0970747107850086
0.4556156877383636	0.0980454578928599
0.4556356796780585	0.0990259124717898
0.4556556953406367	0.1000161715965088
0.4556757357977025	0.1010163333124729
0.4556958021779123	0.1020264966455982
0.4557158952430330	0.1030467616120553
0.4557360158476225	0.1040772292281757
0.4557561608876153	0.1051180015204582
0.4557763301480840	0.1061691815356625
0.4557965250318924	0.1072308733510201
0.4558167302726209	0.1083031820845312
0.4558369016189632	0.1093862139053751
0.4558570982213743	0.1104800760444302
0.4558773251444739	0.1115848768048737
0.4558975835634078	0.1127007255729209
0.4559178696282011	0.1138277328286496
0.4559381836511422	0.1149660101569347
0.4559585268386980	0.1161156702585041
0.4559789005117001	0.1172768269610906
0.4559993061174982	0.1184495952307000
0.4560197451359987	0.1196340911830071
0.4560402168668313	0.1208304320948384
0.4560606482379178	0.1220387364157858
0.4560811007436619	0.1232591237799452
0.4561015858604643	0.1244917150177430
0.4561221052469865	0.1257366321679203
0.4561426605997104	0.1269939984896006
0.4561632531536969	0.1282639384744950
0.4561838834697766	0.1295465778592413
0.4562045466382134	0.1308420436378345
0.4562252351023635	0.1321504640742117
0.4562459566882050	0.1334719687149545
0.4562666652005765	0.1348066884021044
0.4562873706636938	0.1361547552861257
0.4563081181218450	0.1375163028389855
0.4563289068399680	0.1388914658673750
0.4563497332090048	0.1402803805260477
0.4563705993502791	0.1416831843313101
0.4563915071322507	0.1431000161746251
0.4564124586226222	0.1445310163363723
0.4564334560714372	0.1459763264997342
0.4564544714848286	0.1474360897647304
0.4564754492058695	0.1489104506623771
0.4564964706905024	0.1503995551690010
0.4565175381487326	0.1519035507206918
0.4565386518912378	0.1534225862278975
0.4565598020825906	0.1549568120901764
0.4565809998581258	0.1565063802110773
0.4566022432394777	0.1580714440131865
0.4566235349990554	0.1596521584533185
0.4566448056575495	0.1612486800378501
0.4566660838233161	0.1628611668382277
0.4566874182665123	0.1644897785066096
0.4567088062332584	0.1661346762916776
0.4567302453553515	0.1677960230545964
0.4567517389193909	0.1694739832851413
0.4567732899028876	0.1711687231179909
0.4567949010632183	0.1728804103491694
0.4568164773114313	0.1746092144526607
0.4568380555125777	0.1763553065971878
0.4568596897840396	0.1781188596631595
0.4568813854833765	0.1799000482597924
0.4569031456233285	0.1816990487423900
0.4569249723899933	0.1835160392298122
0.4569468583013552	0.1853511996221104
0.4569687646593385	0.1872047116183326
0.4569906370382762	0.1890767587345175
0.4570125794784297	0.1909675263218642
0.4570345956853742	0.1928772015850834
0.4570566805379862	0.1948059736009353
0.4570788255307194	0.1967540333369438
0.4571010280114141	0.1987215736703127
0.4571232406489045	0.2007087894070161
0.4571454379120796	0.2027158773010844
0.4571677139061942	0.2047430360740977
0.4571900649980933	0.2067904664348387
0.4572124955749908	0.2088583710991894
0.4572350103901163	0.2109469548101805
0.4572576096917333	0.2130564243582801
0.4572801276302620	0.2151869886018640
0.4573027144808232	0.2173388584878824
0.4573253667759814	0.2195122470727638
0.4573481117095886	0.2217073695434925
0.4573709492780995	0.2239244432389270
0.4573938744084883	0.2261636876713148
0.4574167387822435	0.2284253245480287
0.4574396655158761	0.2307095777935093
0.4574626956747913	0.2330166735714463
0.4574858264365967	0.2353468403071602
0.4575090507063572	0.2377003087102335
0.4575323446539968	0.2400773117973387
0.4575555445389376	0.2424780849153138
0.4575788599670904	0.2449028657644679
0.4576022823281420	0.2473518944221116
0.4576258146210292	0.2498254133663357
0.4576494641134320	0.2523236674999982
0.4576731081051086	0.2548469041750006
0.4576967754191669	0.2573953732167534
0.4577205239627730	0.2599693269489226
0.4577443948037803	0.2625690202184132
0.4577683982954121	0.2651947104205948
0.4577924506598787	0.2678466575248026
0.4578164703592363	0.2705251241000524
0.4578406237447505	0.2732303753410510
0.4578649194453966	0.2759626790944614
0.4578893393381326	0.2787223058854089
0.4579137918058132	0.2815095289442605
0.4579382099962316	0.2843246242337025
0.4579627808716014	0.2871678704760391
0.4579875145070699	0.2900395491808019
0.4580123973185020	0.2929399446726083
0.4580372879753958	0.2958693441193355
0.4580621747160094	0.2988280375605293
0.4580872228551481	0.3018163179361315
0.4581124391796855	0.3048344811154914
0.4581378269381219	0.3078828259266475
0.4581631019129371	0.3109616541859159
0.4581885519391811	0.3140712707277747
0.4582141674013779	0.3172119834350540
0.4582399354625730	0.3203841032694068
0.4582657211697154	0.3235879443021036
0.4582915599509782	0.3268238237451214
0.4583176077188087	0.3300920619825718
0.4583438601495531	0.3333929826024003
0.4583701847967613	0.3367269124284221
0.4583964565030842	0.3400941815527059
0.4584229577992370	0.3434951233682313
0.4584496848611471	0.3469300746019170
0.4584765728967208	0.3503993753479361
0.4585033834376591	0.3539033691014179
0.4585303898662350	0.3574424027924294
0.4585576463333206	0.3610168268203526
0.4585850630545403	0.3646269950885531
0.4586124406703672	0.3682732650394382
0.4586400809410822	0.3719559976898292
0.4586679306310339	0.3756755576667297
0.4586958831987371	0.3794323132434000
0.4587238824331475	0.3832266363758313
0.4587521809480680	0.3870589027395888
0.4587807507376327	0.3909294917669822
0.4588092496164672	0.3948387866846512
0.4588379560082758	0.3987871745514969
0.4588669863587345	0.4027750462970122
0.4588963068514708	0.4068027967599855
0.4589254222056370	0.4108708247275888
0.4589549178683927	0.4149795329748620
0.4589847813965776	0.4191293283046146
0.4590146908923323	0.4233206215876577
0.4590446964525800	0.4275538278035338
0.4590750940756625	0.4318293660815664
0.4591057835200285	0.4361476597423810
0.4591364276224521	0.4405091363398054
0.4591674376574089	0.4449142277032023
0.4591988751812217	0.4493633699802352
0.4592301953358319	0.4538570036800359
0.4592619304127326	0.4583955737168397
0.4592940614715098	0.4629795294540039
0.4593262268745677	0.4676093247485453
0.4593586997867255	0.4722854179960317
0.4593916609491859	0.4770082721759908
0.4594247116910599	0.4817783548977543
0.4594579890784037	0.4865961384467282
0.4594918514145032	0.4914620998311958
0.4595258358782572	0.4963767208295043
0.4595600301861141	0.5013404880378017
0.4595948812527004	0.5063538929181799
0.4596298541968117	0.5114174318473618
0.4596650692065447	0.5165316061658346
0.4597010133013362	0.5216969222274941
0.4597370441414194	0.5269138914497723
0.4597733794171792	0.5321830303642672
0.4598105579682535	0.5375048606679118
0.4598477058538190	0.5428799092745933
0.4598853314039332	0.5483087083673418
0.4599238897562062	0.5537917954510192
0.4599622483846999	0.5593297134055329
0.4600013593938420	0.5649230105395884
0.4600413574422823	0.5705722406449847
0.4600810716495743	0.5762779630514356
0.4601219110195575	0.5820407426819482
0.4601632118332138	0.5878611501087646
0.4602047503902220	0.5937397616098520
0.4602474396129554	0.5996771592259509
0.4602902967275062	0.6056739308182107
0.4603339363255477	0.6117306701263953
0.4603786881077945	0.6178479768276607
0.4604233681138247	0.6240264565959361
0.4604692161568910	0.6302667211618976
0.4605159028374651	0.6365693883735173
0.4605630192266446	0.6429350822572550
0.4606117527215177	0.6493644330798306
0.4606603606196493	0.6558580774106311
0.4607105106398907	0.6624166581847397
0.4607616917377389	0.6690408247665857
0.4608133653109526	0.6757312330142489
0.4608671612574841	0.6824885453443906
0.4609206877852551	0.6893134307978359
0.4609764422196212	0.6962065651058165
0.4610331385625805	0.7031686307568763
0.4610907366522133	0.7102003170644468
0.4611510449159228	0.7173023202350932
0.4612110113333424	0.7244753434374422
0.4612742997480217	0.7317200968718190
0.4613377805767687	0.7390372978405374
0.4614042168060506	0.7464276708189427
0.4614724221619877	0.7538919475271295
0.4615417266564565	0.7614308670024006
0.4616154392268131	0.7690451756724250
0.4616887520604384	0.7767356274291469
0.4617670978106234	0.7845029837034359
0.4618463434138511	0.7923480135404682
0.4619299625491783	0.8002714936758711
0.4620161917605288	0.8082742086126320
0.4621064293422510	0.8163569506987606
0.4622008615905858	0.8245205202057465
0.4622975289469617	0.8327657254078047
0.4624027759553092	0.8410933826618824
0.4625104685114728	0.8495043164885011
0.4626281498126493	0.8579993596533877
0.4627471807778726	0.8665793532499195
0.4628825233033530	0.8752451467824170
0.4630171920183724	0.8839975982502424
0.4631713246745738	0.8928375742327455
0.4633280760506922	0.9017659499750733
0.4634931149154852	0.9111567526569576
0.4637027977390876	0.9202683201835274
0.4639213761755737	0.9294710033853618
0.4641758860268113	0.9384462928790975
0.4644611189102992	0.9557371818201515
0.4644705884035422	0.9465749641416300
0.4646928299500365	0.9539784064425374
0.4650262911413382	0.9629711607264050
0.4650533593688810	0.9597296220192753
0.4652736002728926	0.9706868264638481
0.4652935101858341	0.9664756449013824
0.4655913519150877	0.9786673580371605
0.4658182703540311	0.9841178253505387
0.4660368219049749	0.9816066562509745
0.4660818503568041	0.9760621494989663
0.4665408120741971	0.9811311354354872
0.4670377187086844	0.9852610756569623
0.4670878358205617	0.9888448773708304
0.4678234722192927	0.9918347956752011
0.4681688117869159	0.9955234680974493
0.4703203898294909	0.9977891886509684
0.4707321882321422	0.9985547210692434
0.4745244873593538	0.9994973835947972
0.4791799254597864	0.9998725623549563
0.4801097847879019	0.9999206941436755
0.4815664567424940	0.9999423828385053
0.4882649645062542	0.9999848870829181
0.4898968383481989	0.9999926678524234
0.4991800052755290	0.9999978515742562
0.5005584590067439	0.9999990032462239
0.5077643413938505	0.9999997109612576
0.5100945906772955	0.9999998649842662
0.5173136594706044	0.9999999590633851
0.5192054715110714	0.9999999809210423
0.5259823903749973	0.9999999941901551
0.5283199691934664	0.9999999973213360
0.5352675962978423	0.9999999991894382
0.5380831606388090	0.9999999996284030
0.5449423513629079	0.9999999998882303
0.5479304408362994	0.9999999999488861
0.5546953203186488	0.9999999999846885
0.5577155196454061	0.9999999999930006
0.5644036270647971	0.9999999999979069
0.5673567384779028	0.9999999999990425
0.5739940215705174	0.9999999999997137
0.5768504562990662	0.9999999999998689
0.5834704579760859	0.9999999999999610
0.5862716868547344	0.9999999999999818
0.5927966244284210	0.9999999999999948
0.5956245479499861	0.9999999999999976
0.5970686386082290	1.0000003471810655
0.5970686386309044	1.0000003922602174
0.6178020476805831	1.0000004465546291
0.6179171983770698	1.0000004544198533
0.6338988861010187	1.0000004606777746
0.6343267633686916	1.0000004616670375
0.6463203363241362	1.0000004624867467
0.6467243918155212	1.0000004625927019
0.6576793449300875	1.0000004626874717
0.6580957849324727	1.0000004626997216
0.6682828359050926	1.0000004627118013
0.6696334206010041	1.0000004627141796
0.6769318705121639	1.0000004627173473
0.6797058513520103	1.0000004627183701
0.6869193724187659	1.0000004627191306
0.6886280036726821	1.0000004627192285
0.6961500262677462	1.0000004627194314
0.6987239508984829	1.0000004627195298
0.7026043581542432	1.0000004627695196
0.7051012595925791	1.0000004628018062
0.7076731593104374	1.0000004628280650
0.7145641743864422	1.0000004628320724
0.7163539374221649	1.0000004628358343
0.7186437730938431	1.0000004628393151
0.7213713302048569	1.0000004628425081
0.7241882386616790	1.0000004628454293
0.7262068499370724	1.0000004628481394
0.7453474767196923	1.0000004628495587
0.7513869307476062	1.0000004628503041
0.7542485431446498	1.0000004628506824
0.7594244483488902	1.0000004628508377
0.7670046122760238	1.0000004628508741
0.7767732713444075	1.0000004628508856
0.7788968871053957	1.0000004628509238
0.7810574406559273	1.0000004628509458
0.7878482667973963	1.0000004628509487
0.7890656481016741	1.0000004628509522
0.7893870170486584	1.0000004628509560
0.7980052007327115	1.0000004628509591
0.8026254875820592	1.0000004628509596
0.8033404360421778	1.0000004628509604
0.8039059980127746	1.0000004628509604
0.8048162550270439	1.0100004674794700
0.8052587670804633	1.0028554063402872
0.8073417892969479	1.0019753369357371
0.8097053417239730	1.0005909967998969
0.8113466932070794	1.0004115800995599
0.8163175448521558	1.0001035797674140
0.8190125658600960	1.0000636025971306
0.8277034976864320	1.0000231801581687
0.8352376172125620	1.0000089655065951
0.8391327229350859	1.0000066958510772
0.8477096702183528	1.0000054746850728
0.8509658324679800	1.0000052738615459
0.8598221857557250	1.0000051660688425
0.8605910948924841	0.9999899647617611
0.8631105577549425	0.9999879992380291
0.8739946461241614	0.9999874073201523
0.8820406811492247	0.9999873307345977
0.8824481858165959	0.9999866321044192
0.9007051847218649	0.9999677238847532
0.9032328193403774	0.9999649634970315
0.9223092412258471	0.9999648581993323
0.9224525421621823	0.9999634462575994
0.9328804175810026	0.9999123643679074
0.9546610606210491	0.9999102970109284
0.9686636077873595	0.9997822964942005
1.0139019004967795	0.9999324348707864
1.0139144025480120	0.9999518711328718
1.0357474089086740	0.9999543840428897
1.0357708283067162	0.9999550759144017
1.0433460828118508	0.9999552305016569
1.0570192963044818	0.9999552530669331
1.0743115186528442	0.9999552593207062
1.1159180525523180	0.9999921368197376
1.1162319432165622	0.9999967381798693
1.1314732403154475	0.9999988107910173
1.1377346466827987	0.9999990786433990
1.1466038084233034	0.9999992265755842
1.1517088380954845	0.9999992456943859
1.1652624928350876	1.0000000748488349
1.1676035705186700	1.0000003007825689
1.1753963719435210	1.0000004002097362
1.1818168835766616	1.0000004218039720
1.1891358677344599	1.0000004322669525
1.1950359554419347	1.0000004343567244
1.2032343249338606	1.0000004353965315
1.2083702994201893	1.0000004355981897
1.2120739140123908	1.0000004776474649
1.2145665124513805	1.0000004939338096
1.2212347647648822	1.0000004971248089
1.2230731072502832	1.0000005000760275
1.2263668983261968	1.0000005025087666
1.2408232684116620	1.0000005040304800
1.2450966056295119	1.0000005045339579
1.2486370846458759	1.0000005047442271
1.2562678599204415	1.0000005048113458
1.2608116701944279	1.0000005048614409
1.2691749054430659	1.0000005048730312
1.2699176289124909	1.0000005048799443
1.2768360899077211	1.0000005048839138
1.2817437476528368	1.0000005048844269
1.2850231936472349	1.0000005048869671
1.2875632843904343	1.0000005048875675
1.2930260296941583	1.0000005048882044
1.2988012282912360	1.0000005048883203
1.3012210298466567	1.0000005048885103
1.3067466941290493	1.0000005048885958
1.3124569507122907	1.0000005048886336
1.3199289408862758	1.0000005048886416
1.3275903011985142	1.0000005048886438
1.3280768718467055	1.0000005048886456
1.3312110704126960	1.0014223623462142
1.3312110704127120	1.0016044882530102
1.3365650294478346	1.0002625739024205
1.3500533543076452	1.0000918119034243
1.3645373766803182	1.0000220030239255
1.3662561225009568	1.0000129168800129
1.3844995241255582	0.9998831554626587
1.4243775907797953	0.9999825257912250
1.9143629389129242	0.9999986214926687
1.9146435481383386	1.0000007007035998
1.9696512374335475	1.0000010043177481
2.0132788697263151	1.0000010093887042
2.0568951330659866	1.0000010094734169
2.0854274994703466	1.0000111700919421
2.1541542476687119	1.0000454348689141
2.3773261810557185	0.9604445066651430
2.3773261810557185	0.9853707905031973
2.3774865377282364	0.9959810842461888
2.3774901779531521	0.9995200813266786
2.3904208230314157	0.9999341233264625
2.4154403101562010	0.9999874911121007
2.4391362906105600	0.9999943293351800
2.5121878838215279	0.9999947504214073
2.5597534986393775	0.9999948040865875
2.5935554945238239	0.9999368239949050
2.6138741034388882	0.9999754744148295
2.6262168522856215	0.9999914320394552
2.6384934457528120	0.9999953360333295
2.6515052329365929	0.9999961111056881
2.6646186392036610	0.9999963039992296
2.6689648176717649	0.9999963704226884
2.6814270056643497	0.9999963861745417
2.6867254120435002	0.9999991156781303
2.6867664907240960	0.9999994715709892
2.7083958306111371	0.9999995788835063
2.7086134775655144	0.9999995928931978
2.7253474242659412	0.9999995967490554
2.7263846834480470	0.9999995976342819
2.7367140080998249	0.9999995978779209
2.7409183569880646	0.9999995979324126
2.7514509997807952	0.9999995979474103
2.7582808705873867	0.9999995979503770
2.7658347412598192	0.9999995979507603
2.7795034662488014	0.9999995979512493
2.7991012647786881	0.9999995979513125
2.8285999639311492	0.9999995979513301
2.8397455267994878	0.9999995979513322
2.8617148734234945	0.9999995979513328
2.8630673908427697	0.9999995979513329
2.8647429603359509	0.9999995979513329
