0.0000000000000000	0.0000000000000000
0.4617393025696849	0.0000300000000000
0.4619697069749107	0.0000095179796606
0.4633441186664773	0.0000159602199352
0.4634008458629753	0.0000263929709809
0.4635966744953497	0.0000246951115478
0.4641394470935763	0.0000271637693872
0.4645269470383959	0.0000309495638218
0.4649025705473425	0.0000411078557326
0.4653160210124134	0.0000587353548626
0.4653513463255279	0.0000500296161389
0.4656299340217073	0.0000587095574497
0.4659665327705311	0.0000689198504367
0.4662801022941457	0.0000789198504367
0.4664841238853979	0.0000885817043507
0.4667126396342154	0.0000985817043507
0.4669395986511912	0.0001085817043507
0.4671246123884444	0.0001185817043507
0.4672917470664688	0.0001285817043507
0.4674419119774517	0.0001385817043507
0.4675815473912427	0.0001485817043507
0.4677112022334344	0.0001585817043507
0.4678333253558695	0.0001685817043507
0.4679469879837210	0.0001785817043507
0.4680545571535980	0.0001885817043507
0.4681544538221529	0.0001985817043507
0.4682528756672188	0.0002085817043507
0.4683428671880736	0.0002185817043507
0.4684307353838714	0.0002285817043507
0.4685128015819993	0.0002385817043507
0.4685926043211184	0.0002485817043507
0.4686680531675312	0.0002585817043507
0.4687411170218159	0.0002685817043507
0.4688109403759502	0.0002785817043507
0.4688782721186529	0.0002885817043507
0.4689431835199006	0.0002985817043507
0.4690058057212509	0.0003085817043507
0.4690665583301512	0.0003185817043507
0.4691250480093554	0.0003285817043507
0.4691821400332557	0.0003385817043507
0.4692370486774499	0.0003485817043507
0.4692908883872772	0.0003585817043507
0.4693426783929550	0.0003685817043507
0.4693936064004459	0.0003785817043507
0.4694425569033853	0.0003885817043507
0.4694908771385526	0.0003985817043507
0.4695373091806698	0.0004085817043507
0.4695832681310826	0.0004185817043507
0.4696274115133976	0.0004285817043507
0.4696712214247383	0.0004385817043507
0.4697132194338895	0.0004485817043507
0.4697550640468338	0.0004585817043507
0.4697951964208266	0.0004685817043507
0.4698351999545103	0.0004785817043508
0.4698736851234954	0.0004885817043508
0.4699119970865753	0.0004985817043508
0.4699489879041788	0.0005085817043508
0.4699857142217341	0.0005185817043508
0.4700213181958605	0.0005285817043507
0.4700566060330194	0.0005385817043507
0.4700909176804879	0.0005485817043507
0.4701248644232747	0.0005585817043508
0.4701579081499149	0.0005685817043508
0.4701905436082268	0.0005785817043508
0.4702224906190462	0.0005885817043507
0.4702540412895335	0.0005985817043508
0.4702849099678560	0.0006085817043508
0.4703153197234838	0.0006185817043508
0.4703452963985384	0.0006285817043508
0.4703746641889862	0.0006385817043508
0.4704036676779115	0.0006485817043508
0.4704321797241448	0.0006585817043508
0.4704602816943353	0.0006685817043508
0.4704879201134973	0.0006785817043508
0.4705151997706373	0.0006885817043508
0.4705420133882807	0.0006985817043508
0.4705685503622913	0.0007085817043508
0.4705945353579073	0.0007185817043508
0.4706204121095814	0.0007285817043508
0.4706456244659827	0.0007385817043508
0.4706708065902753	0.0007485817043508
0.4706953678146785	0.0007585817043508
0.4707198224990812	0.0007685817043508
0.4707437794072906	0.0007785817043508
0.4707676524546822	0.0007885817043508
0.4707909089718307	0.0007985817043508
0.4708141599878447	0.0008085817043508
0.4708369527498586	0.0008185817043508
0.4708595946739261	0.0008285817043508
0.4708817690175710	0.0008385817043508
0.4709038593308921	0.0008485817043508
0.4709255837657081	0.0008585817043508
0.4709471823040856	0.0008685817043508
0.4709684143072267	0.0008785817043508
0.4709894321158377	0.0008885817043508
0.4710101691826897	0.0008985817043508
0.4710307299889723	0.0009085817043508
0.4710510459854321	0.0009185817043508
0.4710711651173513	0.0009285817043508
0.4710910670385290	0.0009385817043508
0.4711107470978171	0.0009485817043508
0.4711302441571253	0.0009585817043508
0.4711495017359479	0.0009685817043508
0.4711686046469207	0.0009785817043508
0.4711874496620816	0.0009885817043508
0.4712061586679047	0.0009985817043508
0.4712246060235429	0.0010085817043508
0.4712429588231402	0.0010186675213943
0.4712611942177782	0.0010288541966083
0.4712795417083179	0.0010391427385743
0.4712977718922592	0.0010495341659601
0.4713161331020347	0.0010600295076197
0.4713343650817242	0.0010706298026959
0.4713527058178237	0.0010813361007228
0.4713709735600771	0.0010921494617300
0.4713892901490327	0.0011030709563473
0.4714075996329049	0.0011141016659108
0.4714258884004252	0.0011252426825699
0.4714442463647108	0.0011364951093956
0.4714625076385144	0.0011478600604896
0.4714808580597465	0.0011593386610944
0.4714991490430995	0.0011709320477054
0.4715174647285859	0.0011826413681824
0.4715358188646707	0.0011944677818643
0.4715540966315686	0.0012064124596829
0.4715724463376205	0.0012184765842797
0.4715907616592003	0.0012306613501225
0.4716090690927078	0.0012429679636238
0.4716274371779896	0.0012553976432600
0.4716457310146565	0.0012679516196926
0.4716640539568879	0.0012806311358895
0.4716824280434594	0.0012934374472484
0.4717007169788385	0.0013063718217209
0.4717190449673193	0.0013194355399381
0.4717374161130033	0.0013326298953375
0.4717557158672843	0.0013459561942909
0.4717740410538434	0.0013594157562338
0.4717924022713374	0.0013730099137961
0.4718107276766894	0.0013867400129341
0.4718290448458540	0.0014006074130634
0.4718473920198186	0.0014146134871940
0.4718657569483309	0.0014287596220660
0.4718840628056560	0.0014430472182866
0.4719023938343316	0.0014574776904695
0.4719207445039071	0.0014720524673742
0.4719391042487234	0.0014867729920480
0.4719574185543683	0.0015016407219685
0.4719757497376796	0.0015166571291881
0.4719940966665755	0.0015318237004800
0.4720124558915956	0.0015471419374848
0.4720307918591858	0.0015626133568596
0.4720491184359076	0.0015782394904282
0.4720674558881161	0.0015940218853325
0.4720858027726332	0.0016099621041858
0.4721041572615046	0.0016260617252277
0.4721225138843406	0.0016423223424800
0.4721408414210728	0.0016587455659048
0.4721591761689490	0.0016753330215638
0.4721775164795726	0.0016920863517795
0.4721958617683792	0.0017090072152972
0.4722142103537797	0.0017260972874502
0.4722325621356820	0.0017433582603248
0.4722509153266995	0.0017607918429280
0.4722692693471784	0.0017783997613573
0.4722876074962984	0.0017961837589708
0.4723059477693002	0.0018141455965606
0.4723242908406561	0.0018322870525262
0.4723426348357309	0.0018506099230515
0.4723609808610430	0.0018691160222820
0.4723793270970267	0.0018878071825048
0.4723976748994679	0.0019066852543298
0.4724160224058395	0.0019257521068731
0.4724343711027856	0.0019450096279419
0.4724527192867286	0.0019644597242213
0.4724710674267260	0.0019841043214635
0.4724894145272234	0.0020039453646781
0.4725077616222583	0.0020239848183249
0.4725261080215312	0.0020442246665082
0.4725444542941409	0.0020646669131733
0.4725628002558925	0.0020853135823050
0.4725811460062308	0.0021061667181280
0.4725994918630004	0.0021272283853093
0.4726178373036682	0.0021485006691624
0.4726361833057262	0.0021699856758540
0.4726545287141043	0.0021916855326126
0.4726728744514875	0.0022136023879387
0.4726912200884613	0.0022357384118180
0.4727095657893012	0.0022580957959362
0.4727279119729088	0.0022806767538956
0.4727462578961594	0.0023034835214345
0.4727646043036413	0.0023265183566489
0.4727829507801550	0.0023497835402154
0.4728012973739942	0.0023732813756176
0.4728196446940311	0.0023970141893738
0.4728379918226009	0.0024209843312675
0.4728563392865315	0.0024451941745802
0.4728746873413994	0.0024696461163260
0.4728930353488981	0.0024943425774892
0.4729113837855959	0.0025192860032641
0.4729297327848467	0.0025444788632968
0.4729480818190229	0.0025699236519298
0.4729664312904228	0.0025956228884490
0.4729847814385982	0.0026215791173335
0.4730031316236520	0.0026477949085069
0.4730214821899048	0.0026742728575920
0.4730398334176412	0.0027010155861679
0.4730581849072881	0.0027280257420295
0.4730765366804656	0.0027553059994499
0.4730948889737299	0.0027828590594444
0.4731132419750757	0.0028106876500388
0.4731315951326697	0.0028387945265392
0.4731499486523926	0.0028671824718046
0.4731683027235095	0.0028958542965227
0.4731866574791858	0.0029248128394879
0.4732050125058169	0.0029540609678828
0.4732233679003244	0.0029836015775616
0.4732417237833340	0.0030134375933372
0.4732600802761195	0.0030435719692706
0.4732784374251080	0.0030740076889633
0.4732967948729556	0.0031047477658529
0.4733151527364203	0.0031357952435114
0.4733335110886144	0.0031671531959465
0.4733518700063281	0.0031988247279060
0.4733702295322348	0.0032308129751850
0.4733885897120879	0.0032631211049369
0.4734069503102836	0.0032957523159862
0.4734253113529072	0.0033287098391461
0.4734436728936720	0.0033619969375376
0.4734620349662408	0.0033956169069129
0.4734803976037606	0.0034295730759821
0.4734987608255267	0.0034638688067419
0.4735171246496284	0.0034985074948093
0.4735354890857487	0.0035334925697575
0.4735538541413952	0.0035688274954551
0.4735722198206105	0.0036045157704096
0.4735905861244641	0.0036405609281137
0.4736089530544684	0.0036769665373948
0.4736273205905280	0.0037137362027687
0.4736456887289427	0.0037508735647963
0.4736640574893518	0.0037883823004443
0.4736824268821117	0.0038262661234488
0.4737007969112443	0.0038645287846832
0.4737191675748756	0.0039031740725300
0.4737375388804989	0.0039422058132553
0.4737559108270500	0.0039816278713879
0.4737742834250511	0.0040214441501018
0.4737926566718753	0.0040616585916028
0.4738110305705579	0.0041022751775189
0.4738294051295396	0.0041432979292940
0.4738477803557726	0.0041847309085870
0.4738661562543735	0.0042265782176728
0.4738845328359504	0.0042688439998495
0.4739029101019195	0.0043115324398480
0.4739212880620005	0.0043546477642465
0.4739396667204808	0.0043981942418890
0.4739580460833855	0.0044421761843079
0.4739764261609403	0.0044865979461510
0.4739948069561675	0.0045314639256125
0.4740131884783376	0.0045767785648686
0.4740315707348609	0.0046225463505173
0.4740499537319543	0.0046687718140225
0.4740683374809677	0.0047154595321628
0.4740867219880920	0.0047626141274844
0.4741051072613489	0.0048102402687593
0.4741234933129791	0.0048583426714468
0.4741418801493386	0.0049069260981613
0.4741602677792613	0.0049559953591430
0.4741786562151634	0.0050055553127345
0.4741970454650630	0.0050556108658619
0.4742154355275567	0.0051061669745206
0.4742338264004590	0.0051572286442658
0.4742522180821571	0.0052088009307084
0.4742706105702420	0.0052608889400155
0.4742890038664705	0.0053134978294156
0.4743073979761795	0.0053666328077098
0.4743257929018064	0.0054202991357869
0.4743441886478085	0.0054745021271447
0.4743625852217722	0.0055292471484162
0.4743809826339209	0.0055845396199002
0.4743993808920543	0.0056403850160992
0.4744177800052675	0.0056967888662603
0.4744361799850125	0.0057537567549229
0.4744545808445896	0.0058112943224720
0.4744729825982284	0.0058694072656968
0.4744913852575162	0.0059281013383537
0.4745097888356782	0.0059873823517371
0.4745281933473841	0.0060472561752545
0.4745465988070917	0.0061077287370070
0.4745650052290878	0.0061688060243770
0.4745834126262983	0.0062304940846208
0.4746018210096977	0.0062927990254670
0.4746202303907405	0.0063557270157217
0.4746386407811820	0.0064192842858790
0.4746570521932390	0.0064834771287377
0.4746754646394100	0.0065483119000250
0.4746938781326790	0.0066137950190253
0.4747122926863437	0.0066799329692156
0.4747307083142217	0.0067467322989079
0.4747491250302866	0.0068141996218969
0.4747675428480002	0.0068823416181157
0.4747859617814949	0.0069511650342969
0.4748043818453919	0.0070206766846398
0.4748228030548690	0.0070908834514863
0.4748412254255513	0.0071617922860010
0.4748596489735933	0.0072334102088611
0.4748780737156221	0.0073057443109498
0.4748964996687661	0.0073788017540593
0.4749149268505963	0.0074525897715998
0.4749333552792118	0.0075271156693158
0.4749517849732658	0.0076023868260088
0.4749702159520131	0.0076784106942689
0.4749886482353747	0.0077551948012115
0.4750070818438941	0.0078327467492236
0.4750255167987187	0.0079110742167159
0.4750439531198830	0.0079901849588831
0.4750623908264445	0.0080700868084720
0.4750808299366235	0.0081507876765567
0.4750992704680861	0.0082322955533222
0.4751177124381218	0.0083146185088554
0.4751361558638249	0.0083977646939440
0.4751546007623175	0.0084817423408835
0.4751730468156143	0.0085665597642922
0.4751914940389053	0.0086522253619351
0.4752099424521090	0.0087387476155543
0.4752283920690780	0.0088261350917098
0.4752468429054695	0.0089143964426267
0.4752652949786453	0.0090035404070531
0.4752837483076986	0.0090935758111236
0.4753022029132998	0.0091845115692349
0.4753206588175055	0.0092763566849274
0.4753391160436986	0.0093691202517767
0.4753575746165156	0.0094628114542945
0.4753760345617603	0.0095574395688373
0.4753944959064175	0.0096530139645257
0.4754129586786445	0.0097495441041710
0.4754314229077223	0.0098470395452128
0.4754498886240927	0.0099455099406651
0.4754683558581085	0.0100449650400717
0.4754868246390994	0.0101454146904723
0.4755052949957822	0.0102468688373771
0.4755237669564525	0.0103493375257510
0.4755422403582346	0.0104528309010084
0.4755607148471067	0.0105573592100185
0.4755791910167708	0.0106629328021185
0.4755976688958075	0.0107695621301396
0.4756161485131414	0.0108772577514409
0.4756346298982257	0.0109860303289552
0.4756531130812217	0.0110958906322448
0.4756715980931634	0.0112068495385671
0.4756900849660713	0.0113189180339528
0.4757085737328979	0.0114321072142923
0.4757270644275084	0.0115464282864351
0.4757455570846899	0.0116618925692993
0.4757640517401895	0.0117785114949923
0.4757825484307658	0.0118962966099422
0.4758010471919212	0.0120152595760416
0.4758195480578643	0.0121354121718019
0.4758380510503141	0.0122567662935200
0.4758565561666636	0.0123793339564551
0.4758750634080615	0.0125031272960197
0.4758935727794297	0.0126281585689801
0.4759120842892801	0.0127544401546698
0.4759305979495501	0.0128819845562167
0.4759491137754629	0.0130108044017790
0.4759676317854269	0.0131409124457969
0.4759861520009705	0.0132723215702547
0.4760046744467049	0.0134050447859575
0.4760231991503152	0.0135390952338171
0.4760417249644510	0.0136744861861552
0.4760602464512132	0.0138112310480169
0.4760787704259590	0.0139493433584971
0.4760972969138337	0.0140888367920820
0.4761158259407099	0.0142297251600026
0.4761343575328518	0.0143720224116026
0.4761528917172620	0.0145157426357185
0.4761714285220251	0.0146609000620759
0.4761899679766264	0.0148075090626968
0.4762085101122511	0.0149555841533237
0.4762270549620704	0.0151051399948568
0.4762456025613120	0.0152561913948053
0.4762641526569016	0.0154087533087533
0.4762827049342845	0.0155628408418407
0.4763012594755811	0.0157184692502592
0.4763198163619181	0.0158756539427620
0.4763383756737837	0.0160344104821896
0.4763569374581254	0.0161947545870116
0.4763755017462004	0.0163567021328817
0.4763940685722030	0.0165202691542104
0.4764126379722872	0.0166854718457527
0.4764312099848441	0.0168523265642103
0.4764497846506096	0.0170208498298527
0.4764683620127981	0.0171910583281511
0.4764869421172660	0.0173629689114326
0.4765055250127013	0.0175365986005468
0.4765241107508252	0.0177119645865522
0.4765426993865932	0.0178890842324178
0.4765612909781600	0.0180679750747422
0.4765798855867923	0.0182486548254895
0.4765984832766362	0.0184311413737446
0.4766170841105225	0.0186154527874819
0.4766356881507348	0.0188016073153568
0.4766542954597239	0.0189896233885103
0.4766729061007816	0.0191795196223953
0.4766915201385484	0.0193713148186190
0.4767101376392602	0.0195650279668052
0.4767287586657106	0.0197606782464731
0.4767473832249237	0.0199582850289375
0.4767660113332465	0.0201578678792268
0.4767846430159942	0.0203594465580188
0.4768032783071788	0.0205630410235991
0.4768219172458986	0.0207686714338351
0.4768405598746542	0.0209763581481734
0.4768592062396088	0.0211861217296552
0.4768778563908743	0.0213979829469517
0.4768965103828255	0.0216119627764213
0.4769151682744448	0.0218280824041857
0.4769338301296689	0.0220463632282274
0.4769524953769206	0.0222668268605097
0.4769711638098586	0.0224894951291145
0.4769898355622535	0.0227143900804055
0.4770085107678944	0.0229415339812093
0.4770271895558987	0.0231709493210216
0.4770458720520790	0.0234026588142321
0.4770645583787632	0.0236366854023741
0.4770832485825285	0.0238730522563981
0.4771019427179303	0.0241117827789624
0.4771206408472871	0.0243529006067523
0.4771393430405884	0.0245964296128196
0.4771580493754906	0.0248423939089477
0.4771767599373763	0.0250908178480368
0.4771954748165849	0.0253417260265176
0.4772141941052014	0.0255951432867824
0.4772329178976981	0.0258510947196503
0.4772516462916241	0.0261096056668466
0.4772703793882934	0.0263707017235148
0.4772891052087175	0.0266344087407501
0.4773078326255434	0.0269007528281574
0.4773265652799022	0.0271697603564389
0.4773453032668801	0.0274414579600034
0.4773640466435297	0.0277158725396032
0.4773827954270917	0.0279930312649992
0.4774015496450593	0.0282729615776488
0.4774203093355477	0.0285556911934250
0.4774390745477112	0.0288412481053589
0.4774578453419162	0.0291296605864122
0.4774766208161415	0.0294209571922763
0.4774954008073680	0.0297151667641987
0.4775141854793975	0.0300123184318407
0.4775329750011085	0.0303124416161587
0.4775517695396117	0.0306155660323206
0.4775705692613300	0.0309217216926440
0.4775893743332341	0.0312309389095707
0.4776081849239914	0.0315432482986666
0.4776270011379810	0.0318586807816530
0.4776458230498838	0.0321772675894700
0.4776646507500470	0.0324990402653644
0.4776834843441441	0.0328240306680179
0.4777023239444754	0.0331522709746982
0.4777211696703298	0.0334837936844448
0.4777400216489732	0.0338186316212893
0.4777588800166822	0.0341568179375020
0.4777777449195168	0.0344983861168765
0.4777966144393234	0.0348433699780456
0.4778154901427990	0.0351918036778256
0.4778343728035395	0.0355437217146043
0.4778532624775077	0.0358991589317508
0.4778721583481871	0.0362581505210679
0.4778910599047878	0.0366207320262782
0.4779099673364018	0.0369869393465408
0.4779288808417839	0.0373568087400058
0.4779478006299973	0.0377303768274056
0.4779667269188294	0.0381076805956797
0.4779856599275046	0.0384887574016368
0.4780045998788519	0.0388736449756531
0.4780235449925154	0.0392623814254095
0.4780424762096440	0.0396550052396641
0.4780614153281094	0.0400515552920603
0.4780803624173961	0.0404520708449814
0.4780993175734547	0.0408565915534312
0.4781182809135011	0.0412651574689654
0.4781372525690412	0.0416778090436547
0.4781562326868609	0.0420945871340909
0.4781752214301589	0.0425155330054324
0.4781942189797512	0.0429406883354865
0.4782132254789414	0.0433700952188409
0.4782322391852144	0.0438037961710287
0.4782512604376055	0.0442418341327390
0.4782702894674668	0.0446842524740660
0.4782893264696443	0.0451310949988071
0.4783083716570852	0.0455824059487953
0.4783274252619253	0.0460382300082838
0.4783464875358213	0.0464986123083668
0.4783655587428586	0.0469635984314511
0.4783846391553281	0.0474332344157651
0.4784037290566603	0.0479075667599227
0.4784228287174337	0.0483866424275216
0.4784419382597342	0.0488705088517965
0.4784610578555710	0.0493592139403151
0.4784801877024275	0.0498528060797176
0.4784993280173978	0.0503513341405148
0.4785184767448524	0.0508548474819202
0.4785376342613211	0.0513633959567392
0.4785568009684910	0.0518770299163072
0.4785759556346525	0.0523958002154700
0.4785951111197509	0.0529197582176245
0.4786142772324333	0.0534489557998015
0.4786334541697989	0.0539834453577996
0.4786526421570506	0.0545232798113781
0.4786718414484721	0.0550685126094912
0.4786910523286696	0.0556191977355869
0.4787102751117744	0.0561753897129420
0.4787295101271569	0.0567371436100722
0.4787487577222593	0.0573045150461722
0.4787680180859934	0.0578775601966343
0.4787872875757331	0.0584563357986000
0.4788065641787178	0.0590408991565851
0.4788258518479899	0.0596313081481516
0.4788451510106488	0.0602276212296332
0.4788644621098055	0.0608298974419289
0.4788837856081788	0.0614381964163477
0.4789031219917685	0.0620525783805109
0.4789224715334771	0.0626731041643159
0.4789418345467978	0.0632998352059596
0.4789612113773316	0.0639328335580185
0.4789806024054937	0.0645721618935988
0.4789999830966670	0.0652178835125349
0.4790193616384747	0.0658700623476612
0.4790387529802206	0.0665287629711371
0.4790581577217111	0.0671940506008488
0.4790775763413793	0.0678659911068582
0.4790970092183632	0.0685446510179260
0.4791164567740919	0.0692300975281057
0.4791359194754609	0.0699223985033875
0.4791553978287546	0.0706216224884204
0.4791748923653111	0.0713278387133052
0.4791944035360651	0.0720411171004375
0.4792139316647190	0.0727615282714417
0.4792334739070725	0.0734891435541565
0.4792530306356207	0.0742240349896977
0.4792726025079657	0.0749662753395952
0.4792921902064528	0.0757159380929922
0.4793117944442553	0.0764730974739225
0.4793314157696147	0.0772378284486623
0.4793510385055359	0.0780102067331496
0.4793706457775407	0.0787903088004801
0.4793902722511756	0.0795782118884858
0.4794099184492819	0.0803739940073699
0.4794295830618852	0.0811777339474433
0.4794492610822828	0.0819895112869174
0.4794689532235844	0.0828094063997857
0.4794886636373182	0.0836375004637839
0.4795083929683487	0.0844738754684218
0.4795281419177552	0.0853186142231049
0.4795479112486581	0.0861718003653363
0.4795677017698744	0.0870335183689906
0.4795875139978476	0.0879038535526813
0.4796073451401362	0.0887828920882089
0.4796271950388994	0.0896707210090898
0.4796470646131641	0.0905674282191810
0.4796669036212001	0.0914731025013725
0.4796867576905414	0.0923878335263872
0.4797066345915771	0.0933117118616514
0.4797265349378964	0.0942448289802688
0.4797464594095523	0.0951872772700718
0.4797664087853167	0.0961391500427727
0.4797863800930834	0.0971005415431993
0.4798063732047680	0.0980715469586309
0.4798263892765980	0.0990522624282162
0.4798464291527731	0.1000427850524997
0.4798664937788594	0.1010432129030243
0.4798865841799776	0.1020536450320556
0.4799067014527860	0.1030741814823766
0.4799268096260263	0.1041049232972017
0.4799469037917000	0.1051459725301743
0.4799670201549604	0.1061974322554747
0.4799871622754979	0.1072594065780309
0.4800073313113126	0.1083320006438098
0.4800275284961888	0.1094153206502490
0.4800477550535165	0.1105094738567516
0.4800680118854134	0.1116145685953183
0.4800882980028761	0.1127307142812712
0.4801086106514841	0.1138580214240853
0.4801289513491212	0.1149966016383262
0.4801493217022683	0.1161465676547105
0.4801696747226329	0.1173080333312579
0.4801900287647274	0.1184811136645716
0.4802104165761155	0.1196659248012173
0.4802308394334456	0.1208625840492300
0.4802512931384291	0.1220712098897216
0.4802717782119838	0.1232919219886189
0.4802922960684478	0.1245248412085035
0.4803128481828778	0.1257700896205877
0.4803334349517390	0.1270277905167938
0.4803540477641098	0.1282980684219623
0.4803746945752058	0.1295810491061816
0.4803952881139375	0.1308768595972437
0.4804159165542113	0.1321856281932178
0.4804365818686020	0.1335074844751490
0.4804572858569082	0.1348425593198989
0.4804780304406757	0.1361909849130990
0.4804988170490510	0.1375528947622318
0.4805196408276775	0.1389284237098536
0.4805405024521160	0.1403177079469523
0.4805614041978676	0.1417208850264235
0.4805823154917171	0.1431380938766896
0.4806032008997090	0.1445694748154558
0.4806241326319084	0.1460151695636087
0.4806451100202552	0.1474753212592440
0.4806661289570879	0.1489500744718354
0.4806871769808118	0.1504395752165523
0.4807082705012595	0.1519439709687171
0.4807294123332383	0.1534634106784058
0.4807506045241633	0.1549980447851893
0.4807717837395811	0.1565480252330402
0.4807929561522354	0.1581135054853711
0.4808141775331808	0.1596946405402264
0.4808354502233940	0.1612915869456271
0.4808567768230014	0.1629045028150827
0.4808781597879134	0.1645335478432336
0.4808995918126688	0.1661788833216672
0.4809210757346791	0.1678406721548842
0.4809425718670345	0.1695190788764348
0.4809640349086331	0.1712142696652002
0.4809855460339117	0.1729264123618518
0.4810071180402471	0.1746556764854692
0.4810287451013744	0.1764022332503249
0.4810504304887108	0.1781662555828281
0.4810721777928176	0.1799479181386581
0.4810939904560194	0.1817473973200444
0.4811157518283987	0.1835648712932449
0.4811375524091325	0.1854005200061778
0.4811594159912994	0.1872545252062380
0.4811813465314557	0.1891270704583016
0.4812033480285616	0.1910183411628852
0.4812254101194139	0.1929285245745154
0.4812475256242597	0.1948578098202629
0.4812695995053103	0.1968063879184662
0.4812917052683071	0.1987744517976515
0.4813138882035028	0.2007621963156261
0.4813361520103150	0.2027698182787840
0.4813584882949860	0.2047975164615706
0.4813809003809145	0.2068454916261851
0.4814033730552852	0.2089139465424468
0.4814257790958181	0.2110030860078705
0.4814482717702691	0.2131131168679516
0.4814708214680805	0.2152442480366329
0.4814934543257024	0.2173966905170004
0.4815161761031010	0.2195706574221709
0.4815389916712136	0.2217663639963950
0.4815617284682412	0.2239840276363591
0.4815845407360885	0.2262238679127212
0.4816074457308386	0.2284861065918477
0.4816304497108352	0.2307709676577639
0.4816535582149551	0.2330786773343401
0.4816767327911710	0.2354094641076849
0.4816998043822260	0.2377635587487615
0.4817229794836836	0.2401411943362469
0.4817462649132806	0.2425426062796073
0.4817696625719281	0.2449680323424036
0.4817931641758419	0.2474177126658258
0.4818166891874102	0.2498918897924839
0.4818402001356766	0.2523908086904102
0.4818638177167225	0.2549147167773142
0.4818875344161503	0.2574638639450869
0.4819113690578194	0.2600385025845375
0.4819353065530738	0.2626388876103841
0.4819591587796495	0.2652652764864888
0.4819831488844614	0.2679179292513533
0.4820072646120538	0.2705971085438654
0.4820315158827643	0.2733030796293030
0.4820558612329938	0.2760361104255935
0.4820800993714749	0.2787964715298520
0.4821044794232393	0.2815844362451516
0.4821290037263681	0.2844002806076059
0.4821536837549509	0.2872442834136831
0.4821784664894800	0.2901167262478167
0.4822031814030701	0.2930178935102918
0.4822280046977526	0.2959480724453962
0.4822529947550473	0.2989075531698533
0.4822781601886883	0.3018966287015512
0.4823033309853139	0.3049155949885691
0.4823285350751994	0.3079647509384531
0.4823539208728130	0.3110443984478363
0.4823794680855565	0.3141548424323161
0.4824051516047255	0.3172963908566409
0.4824307212823355	0.3204693547652090
0.4824564887518825	0.3236740483128591
0.4824824688798086	0.3269107887959869
0.4825086463324060	0.3301798966839450
0.4825347228080454	0.3334816956507823
0.4825609150406655	0.3368165126072889
0.4825873400756021	0.3401846777333608
0.4826139822176615	0.3435865245106944
0.4826406234681313	0.3470223897558009
0.4826673394444487	0.3504926136533594
0.4826942601366940	0.3539975397898956
0.4827214189115798	0.3575375151877964
0.4827485837712731	0.3611128903396712
0.4827758537202716	0.3647240192430685
0.4828033983466236	0.3683712594355005
0.4828311364015136	0.3720549720298585
0.4828588318341268	0.3757755217501577
0.4828867059669002	0.3795332769676605
0.4829148901223714	0.3833286097373341
0.4829433351779359	0.3871618958347107
0.4829715703890108	0.3910335147930606
0.4830001303997915	0.3949438499409929
0.4830290258742922	0.3988932884404016
0.4830580740714152	0.4028822213248033
0.4830870502488890	0.4069110435380551
0.4831163892906170	0.4109801539734374
0.4831460915939011	0.4150899555131713
0.4831757152476895	0.4192408550683037
0.4832055626067814	0.4234332636189874
0.4832357937349036	0.4276675962551751
0.4832661860723906	0.4319442722177267
0.4832966414501353	0.4362637149399033
0.4833274616455572	0.4406263520893057
0.4833586539976601	0.4450326156101996
0.4833897101180141	0.4494829417663044
0.4834212359185983	0.4539777711839673
0.4834531531472270	0.4585175488958075
0.4834849949182085	0.4631027243847624
0.4835172193711975	0.4677337516286106
0.4835499432345221	0.4724110891448978
0.4835826543521724	0.4771352000363456
0.4836156687477630	0.4819065520367052
0.4836492615096166	0.4867256175570689
0.4836829040612034	0.4915928737326436
0.4837167824675047	0.4965088024699710
0.4837513044425436	0.5014738904946713
0.4837859597652966	0.5064886293996173
0.4838207945997836	0.5115535156936164
0.4838563784109237	0.5166690508505527
0.4838920853434054	0.5218357413590546
0.4839280055663883	0.5270540987726415
0.4839647799209177	0.5323246397603654
0.4840015812988908	0.5376478861579669
0.4840387530379684	0.5430243650195498
0.4840768405796576	0.5484546086697440
0.4841147831644838	0.5539391547564427
0.4841533888273781	0.5594785463040104
0.4841929766994484	0.5650733317670497
0.4842321385999955	0.5707240650847162
0.4842724176377315	0.5764313057355660
0.4843133143171970	0.5821956187929216
0.4843541837454461	0.5880175749808468
0.4843963520088344	0.5938977507306523
0.4844385967686476	0.5998367282379569
0.4844815228026083	0.6058350955203382
0.4845256503098158	0.6118934464755419
0.4845695627735745	0.6180123809403010
0.4846147979661942	0.6241925047497051
0.4846607213256323	0.6304344297972000
0.4847070920104885	0.6367387740951735
0.4847548316339879	0.6431061618361226
0.4848028360611394	0.6495372234544872
0.4848518253868820	0.6560325956890322
0.4849022927535374	0.6625929216459199
0.4849528457342242	0.6692188508623785
0.4850054836286170	0.6759110393710058
0.4850580575176576	0.6826701497647155
0.4851125712367263	0.6894968512623655
0.4851681341661130	0.6963918197749868
0.4852245975589812	0.7033557379727378
0.4852833170269573	0.7103892953524644
0.4853420944961258	0.7174931883059879
0.4854033386267984	0.7246681201890460
0.4854658206425003	0.7319148013909388
0.4855299459871092	0.7392339494048504
0.4855966055833174	0.7466262888988988
0.4856642228658000	0.7540925517878887
0.4857350974467050	0.7616334773057668
0.4858063607215357	0.7692498120788225
0.4858821019262928	0.7769423101996085
0.4859588258826557	0.7847117333016040
0.4860390232847182	0.7925588506346213
0.4861227807209175	0.8004844391409679
0.4862082863513482	0.8084892835323785
0.4863003141899019	0.8165741763677031
0.4863927852542513	0.8247399181313811
0.4864930349558951	0.8329873173126960
0.4865942440710392	0.8413171904858220
0.4867054511318895	0.8497303623906811
0.4868187799031034	0.8582276660145858
0.4869419401523030	0.8668099426747307
0.4870714506322651	0.8754780421014795
0.4872119579117522	0.8842328225224941
0.4873630402126324	0.8930751507477194
0.4875251307389029	0.9020059022551954
0.4877083246689342	0.9110259612777459
0.4878999947135520	0.9201362208905230
0.4881211211788663	0.9293375830994286
0.4883602980161382	0.9386309589304233
0.4886297156600525	0.9565560093687990
0.4886336440500720	0.9468060103496863
0.4888514833136831	0.9538896458865620
0.4891846987828435	0.9625344168775736
0.4892056734885296	0.9594153820244820
0.4894166706266192	0.9709378701092841
0.4894445360885257	0.9663164060380847
0.4897347438074008	0.9779175481691366
0.4899619274243827	0.9834901045562922
0.4902224803243657	0.9746748615700300
0.4906309452482828	0.9802419021275415
0.4911571647893240	0.9868591910505833
0.4916873626816520	0.9899848545696307
0.4918683469443734	0.9943132435777368
0.4931183856138122	0.9954946076341941
0.4938454732110100	0.9968925071629974
0.4941346823147375	0.9977910399358072
0.4978902795545102	0.9990374713986929
0.4990821374747071	0.9995460694291444
0.5032361132800086	0.9998683341655733
0.5061140902369829	0.9999489465058119
0.5082082585776384	0.9999641092559797
0.5176310805597796	0.9999890184290052
0.5199229593003638	0.9999954198890506
0.5261358421490429	0.9999986936911840
0.5301829803487309	0.9999994207453422
0.5363900744681170	0.9999998319220088
0.5393557953938416	0.9999999239414524
0.5456234862152478	0.9999999777861864
0.5483252620248256	0.9999999898722804
0.5549102171791301	0.9999999970043598
0.5574142738306389	0.9999999986240227
0.5639356607663683	0.9999999995887264
0.5662773628946479	0.9999999998109030
0.5729334457947899	0.9999999999432462
0.5754063386516124	0.9999999999739407
0.5821494887737276	0.9999999999921751
0.5847987841256417	0.9999999999964126
0.5915577927126197	0.9999999999989240
0.5943392415185612	0.9999999999995073
0.6010803650906400	0.9999999999998522
0.6039232594843829	0.9999999999999325
0.6096034300483538	0.9999999999999838
0.6127321700893452	0.9999999999999953
0.6202193810213003	1.0000000000000040
0.6223408095927289	1.0000000000000058
0.6294332200051757	1.0000000000000067
0.6324428963481854	1.0000000000000069
0.6340218437166065	1.0000000000000069
0.6645382120955861	1.0302000000000071
0.6646487902800580	1.0011506177121385
0.6651533649753666	1.0003185477911629
0.6825282860982755	1.0000737529811075
0.6869619575108188	1.0000249111769133
0.6981048780211413	1.0000065397881885
0.7006407160530960	1.0000031254294515
0.7135956866773098	1.0000018215283932
0.7174326838609110	1.0000015882220079
0.7261625861768921	1.0000009899594124
0.7270543312038726	1.0000009082247123
0.7464571811511419	1.0000007964025088
0.7467627855904958	1.0000007804062636
0.7633703727305682	1.0000007608287851
0.7641004332450526	1.0000007579963970
0.7804908174552753	1.0000007546274214
0.7812715705133524	1.0000007541385085
0.7975533434329496	1.0000007535615263
0.7983554913491794	1.0000007534777211
0.8048327537597214	0.9998629740961092
0.8048327552780001	0.9998451491828158
0.8266106787551103	0.9999513095174554
0.9079406306833075	0.9999758776471747
0.9286891665921032	0.9999767264791639
0.9306287115307591	0.9999769320468020
0.9529791633420274	0.9999769449607974
0.9723136666229483	0.9999769457041339
0.9808977123561161	0.9999936474456188
0.9833936525934559	0.9999961259951888
1.0024199279098680	0.9999964458132833
1.0124563605445818	0.9999965479123567
1.0213024949674216	0.9999965610975805
1.0296700207807219	0.9999965671797535
1.0357795753707819	0.9999965679659377
1.0480652483377526	0.9999965683267544
1.0542057643383778	0.9999965683733945
1.0620458937467279	0.9999965683993129
1.0671169502219773	0.9999965684026633
1.0727866597133353	0.9999965684049650
1.0768885968912421	0.9999965684052630
1.0852523187444199	0.9999965684054770
1.0891865545847705	0.9999965684055044
1.0999069007825126	0.9999965684055235
1.1041658214925512	0.9999965684055261
1.1126562724528253	0.9999965684055282
1.1157688399599490	0.9999965684055283
1.1173884575783519	0.9999965684055283
1.1246780019327354	1.0099965340895836
1.1251030174207386	1.0022305388955790
1.1269656926541234	1.0012473613560176
1.1325098442171975	1.0002381221123073
1.1353738856487099	1.0001061476816226
1.1452061008108068	1.0000187263832272
1.1492808905472309	1.0000074088502233
1.1605608089998893	1.0000009717499005
1.1650462093782492	1.0000001395765039
1.1746570253430941	0.9999996708591793
1.1790754399649859	0.9999995776501936
1.1869393484344124	0.9999995546544529
1.1940398151306912	0.9999995516820200
1.1990659118517348	0.9999995493968626
1.2012397513834265	0.9999995486294126
1.2065551480469074	0.9999995485302121
1.2126020520001031	0.9999995483821407
1.2139391067897833	0.9999995483630012
1.2177211578431635	0.9999995483432533
1.2224347545911523	0.9999995483407006
1.2323245609751370	0.9999995483336181
1.2347559211871892	0.9999995483322117
1.2374628591621333	0.9999995483320300
1.2446435142879206	0.9999995483316737
1.2460546586254215	0.9999995483316276
1.2562472256726775	0.9999995483315989
1.2610790149816047	0.9999995483315950
1.2655655220333462	0.9999995483315918
1.2678936760566673	0.9999995483315912
1.2825339004120488	0.9999995483315910
1.2903357823112960	0.9607838797695684
1.2903357823113959	0.9846032637035913
1.2903357823114958	0.9956822539797792
1.2929707095045408	0.9982169854763361
1.2940248431834995	0.9991195780657373
1.2958412470022365	0.9997330926936040
1.3001326546149070	0.9998116586232765
1.3085146227787201	0.9999335985700586
1.3103850712195382	0.9999723711707339
1.3232964984289819	0.9999908097233191
1.3320152810647066	0.9999949378210614
1.3373138762865440	0.9999982227266575
1.3495946623968937	0.9999986471813265
1.3559454001506754	0.9999992755272883
1.3576045685884131	0.9999993567462081
1.3728587537805761	0.9999993843788029
1.3811426537105191	0.9999993879505044
1.4015087129624462	0.9999993890520393
1.4083991050400366	0.9999994077309295
1.4101171766707905	0.9999994125368563
1.4188928691223723	0.9999994136115370
1.4214226379526584	0.9999994144699161
1.4340152704893590	0.9999994146738680
1.4397118420593831	0.9999994147423985
1.4445844371370127	0.9999994147821722
1.4534373422864060	0.9999994147913093
1.4593451174995895	0.9999994147958317
1.4637986124493323	0.9999994147978254
1.4709757493359434	0.9999994147982655
1.4796406788905183	0.9999994147985283
1.4815166705455518	0.9999994147986263
1.4907942257290920	0.9999994147986533
1.4914430685355120	0.9999994147986686
1.5107601327605193	0.9999994147986709
1.5205388145736722	0.9999994147986746
2.3959435378680141	0.9997151045843761
2.4335107959010491	0.9999186188812749
2.4664804963620175	0.9999737646418984
2.4966006764111905	0.9999808490688251
2.4994066780125141	0.9999840317491673
2.5180494135172702	0.9999844430907731
2.5219485282085947	0.9999846275936430
2.5314724905147492	0.9999846684172705
2.5411853390297874	0.9999846821276264
2.5570540882465731	0.9999846849899353
2.5660640307475546	0.9999846859368398
2.5829827786473265	0.9999846861338092
2.5913800397750757	0.9999846861989065
2.6194983603659558	0.9999846862084086
2.6507561799349593	0.9999846862097960
2.7139351369627103	0.9999846862099984
2.7606761827357431	0.9999846862100279
2.7704056665443533	0.9999974532021817
2.7704056665668841	0.9999991033774023
2.7922098293136521	0.9999993794011692
2.8540785079282598	0.9999993839454134
2.8635940282707355	0.9999993851961644
2.9202575525630783	0.9999993853578361
2.9364698093110420	0.9999993854023325
2.9451377387866802	0.9999998802065021
2.9451383912850440	0.9999999441646183
2.9669370439694864	0.9999999524375659
2.9669440475274378	0.9999999547145108
3.0023282233814799	0.9999999550088281
3.0131933266830466	0.9999999550898323
3.0514357768245408	0.9999999742990882
3.0514583975845091	0.9999999767835992
3.0732905947898792	0.9999999771047445
3.0733136330773743	0.9999999771931349
3.1087137273519185	0.9999999772045601
3.1195886049010193	0.9999999772077045
3.1223845916185233	0.9999999779532179
3.1224082732514429	0.9999999780495825
3.1440194711201088	0.9999999780624451
3.1443337564412990	0.9999999780659853
3.1751136259907580	0.9999999780954185
3.1755514062648400	0.9999999780992900
3.1980539714682008	0.9999999780997901
3.1985922572535292	0.9999999780999280
3.2179563575919174	0.9999999781010980
3.2185446564436244	0.9999999781012492
3.2391648359359988	0.9999999781012776
3.2558264229602027	0.9999999781013235
3.2566648437394887	0.9999999781013292
3.2716940400723731	0.9999999781013306
3.2724280489652284	0.9999999781013309
3.2903492365201985	0.9999999781013327
3.2949383501270524	0.9999999781013329
3.2954581509073120	0.9999999781013329
3.2954581509073120	1.0306122223289245
3.2957061487528789	1.0051726745082612
3.2963592167687037	1.0022139961045933
3.2995998411321477	1.0005930839529240
3.3024215024713119	1.0002466338329519
3.3106056938039270	1.0000643419578472
3.3145881779338997	1.0000316617999978
3.3162171050256308	1.0000231885147381
3.3257567691930823	1.0000038359793273
3.3269111788814270	1.0000013334525353
3.3356773118925882	0.9999982635360017
3.3386550737634146	0.9999974979828424
3.3473655396363697	0.9999971486515780
3.3502504735664531	0.9999969211185806
3.3550880865776280	0.9999968184059620
3.3623316401262495	0.9999968051292073
3.3632608477913899	0.9999967954564518
3.3697362839491301	0.9999967834328187
3.3799964182437621	0.9999967816777209
3.3834795262803534	0.9999967797464693
3.3920567255135383	0.9999967791864434
3.4121366172031524	0.9999985239727682
3.4171288575860208	0.9999987786460945
3.4607674773479560	0.9999987828981378
3.5043797467842062	0.9999987829691758
3.5479861705786790	0.9999987829703626
3.5915955458061752	0.9999987829703826
3.6724157500717034	0.9999987829703828
3.6735990986013580	0.9999987829703828
8.3239633060984222	0.9799988073109750
8.3239633060985216	0.9999497104108246
8.3255858426909999	0.9999755938091626
8.3513091943842124	0.9999785667077037
8.3748034077487556	0.9999789520438224
8.3892552015811042	0.9999941291148222
8.3904987620526903	0.9999980418305446
8.4244493987211673	0.9999988443570681
8.4280713995573286	0.9999990675163426
8.4473426014364357	0.9999991154497279
8.4512095046392588	0.9999991286980207
8.4633638395335637	0.9999991332448008
8.4641927967415853	0.9999991353808462
8.4750206453068895	0.9999991359186461
8.4836174435437997	0.9999991361451511
8.4923879785005632	0.9999991362026203
8.5001811510817760	0.9999991362244576
8.5066585271397592	0.9999991362276450
8.5098518500713283	0.9999991362336834
8.5225730415949190	0.9999991362341667
8.5231528091397415	0.9999991362346261
8.5285311187839845	0.9999991362353234
8.5436450151588090	0.9999991362357675
8.5626908167986588	0.9999991362745243
8.5658794008240928	0.9999991362951713
8.5753726778440953	0.9999991363046001
8.5787755697416355	0.9999991363074489
8.6085405165019733	0.9999991363086183
8.6151123876829416	0.9999991363088779
8.6449655612572762	0.9999991363088818
8.6548776282377435	0.9999991363089170
8.6579345661047391	0.9999991363089223
8.6776318996274249	0.9999991363089239
8.6857791602868453	0.9999991363089245
8.7013683648790270	1.0036425629228189
8.7018069462209926	1.0012556031288000
8.7115393536580079	1.0002410942640791
8.7189854678633765	1.0000860089776678
8.7277877054902735	1.0000151397045682
8.7326443344831546	1.0000054922641308
8.7467757441050153	1.0000011424950521
8.7491589471325106	1.0000005540686570
8.7599303535691035	1.0000003380122924
8.7639938715627181	1.0000000941498022
8.7660238419999086	1.0000000626281353
8.7701783025548146	1.0000000510979308
8.7732793090745211	1.0000000440386623
8.7820673963943872	1.0000000278813570
8.8007671879138787	1.0000000236934761
8.8025125088882685	1.0000000227744386
8.8104715771142494	1.0000000224361674
8.8153783939597350	1.0000000223751022
8.8219825582466225	1.0000000223280747
8.8243334083033513	1.0000000223169374
8.8266103080451455	1.0000000223106671
8.8284747948983480	1.0000000223069982
8.8396983746709186	1.0000000222964642
8.8406476252398658	1.0000000222951024
8.8425978942953929	0.9999980774402476
8.8450928557541637	0.9999972254149094
8.8531893871942291	0.9999971152764032
8.8562332296936113	0.9999970257350403
8.8679827680363559	0.9999969823521340
8.8715515707973829	0.9999969629483724
8.8788090292325759	0.9999969586562462
8.9013757445978197	0.9999969574749034
8.9042972589686453	0.9999969572412022
8.9187030808517420	0.9999955245521878
8.9211988740955217	0.9999953393575028
8.9351657835686229	0.9999952872424461
8.9407040609102264	0.9999952525908496
8.9480172982888426	0.9999952481116637
8.9837358786071793	0.9999952453539941
8.9870673526376521	0.9999952449975292
9.0055838871493297	0.9999952448473844
9.6385315472766173	0.9999790758748652
