0.0000000000000000	0.0000000000000000
0.4607180600732073	0.0000300000000000
0.4609976015801788	0.0000109051053157
0.4613065328044918	0.0000148500333275
0.4619013791780522	0.0000248500333275
0.4619697069749107	0.0000181704288694
0.4620041746957232	0.0000258330503234
0.4626139051045648	0.0000325050636169
0.4627964167045588	0.0000228689836947
0.4634008458629753	0.0000427858944549
0.4635782234338721	0.0000346147793630
0.4635966744953497	0.0000375003007377
0.4641394470935763	0.0000479437198663
0.4645269470383959	0.0000576530403477
0.4648417410298158	0.0000676530403477
0.4651096161414737	0.0000776530403477
0.4653513463255279	0.0000883880837744
0.4655809340431444	0.0000983880837744
0.4657677257461014	0.0001083880837744
0.4659466809227705	0.0001183880837744
0.4661014317973848	0.0001283880837744
0.4662525649070370	0.0001383880837744
0.4663873084689197	0.0001483880837744
0.4665141531238069	0.0001583880837744
0.4666300228359534	0.0001683880837744
0.4667426856092189	0.0001783880837744
0.4668465836080113	0.0001883880837744
0.4669492278580449	0.0001983880837744
0.4670427712796940	0.0002083880837744
0.4671350837670420	0.0002183880837744
0.4672201552668048	0.0002283880837744
0.4673039527422972	0.0002383880837744
0.4673819625071308	0.0002483880837744
0.4674584707356910	0.0002583880837744
0.4675305069388135	0.0002683880837744
0.4676009701939808	0.0002783880837744
0.4676678966895744	0.0002883880837744
0.4677332053086961	0.0002983880837744
0.4677955991780320	0.0003083880837744
0.4678564070811174	0.0003183880837744
0.4679148990635168	0.0003283880837744
0.4679718499433971	0.0003383880837744
0.4680269368590421	0.0003483880837744
0.4680805105497437	0.0003583880837744
0.4681325628731873	0.0003683880837744
0.4681830545982001	0.0003783880837744
0.4682323923473523	0.0003883880837744
0.4682803074968632	0.0003983880837744
0.4683271925908973	0.0004083880837744
0.4683726214282490	0.0004183880837744
0.4684172902634784	0.0004283880837744
0.4684605702060538	0.0004383880837744
0.4685032192251253	0.0004483880837744
0.4685444728248903	0.0004583880837744
0.4685852323900260	0.0004683880837744
0.4686246315334892	0.0004783880837744
0.4686637147197273	0.0004883880837744
0.4687014458484967	0.0004983880837744
0.4687389805090006	0.0005083880837744
0.4687751957284977	0.0005183880837744
0.4688112894798832	0.0005283880837744
0.4688460984568296	0.0005383880837744
0.4688807839451531	0.0005483880837744
0.4689143668054201	0.0005583880837744
0.4689477801618268	0.0005683880837744
0.4689801256124149	0.0005783880837744
0.4690122516208306	0.0005883880837744
0.4690435900516211	0.0005983880837744
0.4690746775396001	0.0006083880837744
0.4691049180338100	0.0006183880837744
0.4691349224261317	0.0006283880837744
0.4691643107691137	0.0006383880837744
0.4691932845656970	0.0006483880837744
0.4692218509975487	0.0006583880837744
0.4692498597113133	0.0006683880837744
0.4692775887168623	0.0006783880837744
0.4693047558933803	0.0006883880837744
0.4693317058951804	0.0006983880837744
0.4693580570566945	0.0007083880837744
0.4693842252288229	0.0007183880837744
0.4694098863085926	0.0007283880837744
0.4694352965586485	0.0007383880837744
0.4694603365761552	0.0007483880837744
0.4694850172564379	0.0007583880837744
0.4695093098998218	0.0007683880837744
0.4695335177275626	0.0007783880837744
0.4695570874533069	0.0007883880837744
0.4695806058507384	0.0007983880837744
0.4696036810651356	0.0008083880837744
0.4696266749827569	0.0008183880837743
0.4696490773725989	0.0008283880837743
0.4696714798533255	0.0008383880837743
0.4696934145930723	0.0008483880837743
0.4697153177553649	0.0008583880837743
0.4697367488855588	0.0008683880837743
0.4697580573652611	0.0008783880837743
0.4697789909746867	0.0008883880837743
0.4697998309171416	0.0008983880837743
0.4698203388717763	0.0009083880837743
0.4698407314839278	0.0009183880837743
0.4698608196800561	0.0009283880837743
0.4698807596053300	0.0009383880837743
0.4699004365646501	0.0009483880837743
0.4699199073359049	0.0009583880837743
0.4699391484576249	0.0009683880837743
0.4699582072335586	0.0009783880837743
0.4699770746160796	0.0009883880837743
0.4699957467000045	0.0009983880837743
0.4700142521065114	0.0010083880837743
0.4700325438333898	0.0010184719646120
0.4700508536112192	0.0010286566842582
0.4700691147743083	0.0010389432511008
0.4700874484498893	0.0010493326836118
0.4701056976795230	0.0010598260104479
0.4701240606620803	0.0010704242705524
0.4701422980313664	0.0010811285132579
0.4701606497063769	0.0010919397983905
0.4701789136400807	0.0011028591963744
0.4701972407191018	0.0011138877883382
0.4702155498586892	0.0011250266662215
0.4702338478450254	0.0011362769328838
0.4702522067748029	0.0011476397022126
0.4702704760417962	0.0011591160992347
0.4702888281700613	0.0011707072602271
0.4703071276735097	0.0011824143328294
0.4703254441366440	0.0011942384761576
0.4703438073941952	0.0012061808609192
0.4703620881144652	0.0012182426695284
0.4703804334404871	0.0012304250962237
0.4703987641666015	0.0012427293471859
0.4704170705307708	0.0012551566406578
0.4704354307634826	0.0012677082070644
0.4704537454851112	0.0012803852891350
0.4704720651077571	0.0012931891420264
0.4704904291465937	0.0013061210334466
0.4705087436234554	0.0013191822437811
0.4705270667908427	0.0013323740662189
0.4705454268569851	0.0013456978068810
0.4705637560017181	0.0013591547849499
0.4705820760326380	0.0013727463327994
0.4706004263797440	0.0013864737961274
0.4706187842091615	0.0014003385340886
0.4706370963011393	0.0014143419194295
0.4706554336474776	0.0014284853386238
0.4706737956347080	0.0014427701920100
0.4706921347955615	0.0014571978939302
0.4707104572388027	0.0014717698728694
0.4707288007760074	0.0014864875715981
0.4707471595655520	0.0015013524473141
0.4707655078522493	0.0015163659717872
0.4707838334001711	0.0015315296315051
0.4708021717409578	0.0015468449278201
0.4708205235546098	0.0015623133770984
0.4708388843259055	0.0015779365108693
0.4708572267933164	0.0015937158759780
0.4708755586504753	0.0016096530347378
0.4708938985728108	0.0016257495650852
0.4709122467431491	0.0016420070607360
0.4709306002874112	0.0016584271313434
0.4709489591476269	0.0016750114026568
0.4709673090361494	0.0016917615166833
0.4709856450685225	0.0017086791318502
0.4710039862447263	0.0017257659231687
0.4710223309868219	0.0017430235824004
0.4710406789258480	0.0017604538182244
0.4710590290429720	0.0017780583564067
0.4710773808948748	0.0017958389399707
0.4710957338870626	0.0018137973293704
0.4711140874418182	0.0018319353026641
0.4711324414195383	0.0018502546556908
0.4711507951659150	0.0018687572022477
0.4711691488995736	0.0018874447742702
0.4711875018687912	0.0019063192220129
0.4712058516733440	0.0019253824142330
0.4712242025544839	0.0019446362383753
0.4712425542021533	0.0019640826007591
0.4712609059894557	0.0019837234267667
0.4712792568528318	0.0020035606610344
0.4712976078837904	0.0020235962676447
0.4713159580130883	0.0020438322303211
0.4713343085050530	0.0020642705526243
0.4713526581716627	0.0020849132581506
0.4713710077513238	0.0021057623907321
0.4713893569234689	0.0021268200146394
0.4714077060927533	0.0021480882147858
0.4714260550857861	0.0021695690969337
0.4714444045644803	0.0021912647879030
0.4714627536340611	0.0022131774357821
0.4714811031510743	0.0022353092101399
0.4714994525655172	0.0022576623022413
0.4715178021271451	0.0022802389252637
0.4715361522006480	0.0023030413145163
0.4715545020779516	0.0023260717276614
0.4715728524481624	0.0023493324449381
0.4715912029906496	0.0023728257693874
0.4716095536436760	0.0023965540270813
0.4716279049788565	0.0024205195673521
0.4716462563010188	0.0024447247630256
0.4716646078980397	0.0024691720106559
0.4716829602472294	0.0024938637307624
0.4717013125509147	0.0025188023680701
0.4717196651908494	0.0025439903917508
0.4717380185689740	0.0025694302956683
0.4717563720158822	0.0025951245986250
0.4717747257838107	0.0026210758446112
0.4717930802109603	0.0026472866030574
0.4718114349598312	0.0026737594690879
0.4718297899625447	0.0027004970637788
0.4718481455062019	0.0027275020344165
0.4718665017523252	0.0027547770547607
0.4718848581493751	0.0027823248253083
0.4719032149460827	0.0028101480735614
0.4719215723291213	0.0028382495542970
0.4719399303798194	0.0028666320498399
0.4719582886753247	0.0028952983703384
0.4719766473854266	0.0029242513540417
0.4719950066197024	0.0029534938675821
0.4720133664142018	0.0029830288062580
0.4720317265584896	0.0030128590943206
0.4720500869794847	0.0030429876852638
0.4720684477937757	0.0030734175621164
0.4720868090993828	0.0031041517377375
0.4721051709725876	0.0031351932551149
0.4721235334354652	0.0031665451876661
0.4721418962220527	0.0031982106395427
0.4721602594118062	0.0032301927459381
0.4721786230650915	0.0032624946733975
0.4721969872339314	0.0032951196201315
0.4722153519524015	0.0033280708163328
0.4722337172520559	0.0033613515244961
0.4722520831466175	0.0033949650397411
0.4722704496439515	0.0034289146901386
0.4722888165984158	0.0034632038370400
0.4723071829965759	0.0034978358754104
0.4723255490705355	0.0035328142341645
0.4723439157048633	0.0035681423765062
0.4723622829211550	0.0036038238002712
0.4723806507229354	0.0036398620382739
0.4723990191268411	0.0036762606586566
0.4724173881313551	0.0037130232652431
0.4724357577496431	0.0037501534978955
0.4724541279784795	0.0037876550328745
0.4724724988197734	0.0038255315832033
0.4724908702663926	0.0038637868990353
0.4725092423219606	0.0039024247680257
0.4725276149839318	0.0039414490157060
0.4725459882558806	0.0039808635058630
0.4725643621399898	0.0040206721409216
0.4725827366397892	0.0040608788623309
0.4726011117621493	0.0041014876509542
0.4726194875091048	0.0041425025274638
0.4726378638923667	0.0041839275527383
0.4726562409125517	0.0042257668282657
0.4726746185795079	0.0042680244965484
0.4726929968990103	0.0043107047415139
0.4727113758786270	0.0043538117889290
0.4727297555240401	0.0043973499068183
0.4727481358271000	0.0044413234058865
0.4727665167885373	0.0044857366399454
0.4727848984064501	0.0045305940063449
0.4728032806808023	0.0045758999464084
0.4728216636186331	0.0046216589458725
0.4728400472191638	0.0046678755353312
0.4728584314878946	0.0047145542906845
0.4728768164337045	0.0047616998335914
0.4728952020601740	0.0048093168319273
0.4729135883764395	0.0048574100002467
0.4729319753936598	0.0049059841002491
0.4729503631186370	0.0049550439412515
0.4729687515628653	0.0050045943806640
0.4729871407402682	0.0050546403244707
0.4730055306580140	0.0051051867277154
0.4730239213262582	0.0051562385949925
0.4730423127574513	0.0052078009809425
0.4730607049598284	0.0052598789907519
0.4730790979416786	0.0053124777806594
0.4730974917134486	0.0053656025584660
0.4731158862872435	0.0054192585840506
0.4731342816697860	0.0054734511698910
0.4731526778699427	0.0055281856815899
0.4731710748985327	0.0055834675384058
0.4731894727677695	0.0056393022137898
0.4732078714860641	0.0056956952359277
0.4732262710631172	0.0057526521882870
0.4732446715101391	0.0058101787101699
0.4732630728398404	0.0058682804972716
0.4732814750657055	0.0059269633022443
0.4732998781981793	0.0059862329352667
0.4733182822493709	0.0060460952646193
0.4733366872325442	0.0061065562172656
0.4733550931620624	0.0061676217794382
0.4733735000529951	0.0062292979972325
0.4733919079211048	0.0062915909772048
0.4734103167801434	0.0063545068869769
0.4734287266444365	0.0064180519558465
0.4734471375291317	0.0064822324754050
0.4734655494499905	0.0065470548001590
0.4734839624233834	0.0066125253481607
0.4735023764661656	0.0066786506016423
0.4735207915956871	0.0067454371076586
0.4735392078297387	0.0068128914787351
0.4735576251865586	0.0068810203935225
0.4735760436839404	0.0069498305974577
0.4735944633386562	0.0070193289034323
0.4736128841667287	0.0070895221924665
0.4736313061834543	0.0071604174143912
0.4736497294036633	0.0072320215885352
0.4736681538420413	0.0073043418044206
0.4736865795131352	0.0073773852224648
0.4737050064313952	0.0074511590746894
0.4737234346112263	0.0075256706654362
0.4737418640671793	0.0076009273720905
0.4737602948139610	0.0076769366458115
0.4737787268666345	0.0077537060122696
0.4737971602405771	0.0078312430723923
0.4738155949508226	0.0079095555031163
0.4738340309895162	0.0079886510581475
0.4738524683521048	0.0080685375687289
0.4738709070371503	0.0081492229444161
0.4738893470462288	0.0082307151738604
0.4739077883836078	0.0083130223255991
0.4739262310560727	0.0083961525488552
0.4739446750726574	0.0084801140743437
0.4739631204444792	0.0085649152150871
0.4739815671846281	0.0086505643672380
0.4740000153079748	0.0087370700109103
0.4740184648311364	0.0088244407110194
0.4740369157716531	0.0089126851181297
0.4740553681466907	0.0090018119693109
0.4740738219733501	0.0090918300890042
0.4740922772688513	0.0091827483898942
0.4741107340507631	0.0092745758737933
0.4741291923372372	0.0093673216325312
0.4741476521470135	0.0094609948488565
0.4741661134994653	0.0095556047973450
0.4741845764146740	0.0096511608453183
0.4742030406418157	0.0097476724537716
0.4742215060875626	0.0098451491783094
0.4742399727987419	0.0099436006700925
0.4742584408211460	0.0100430366767935
0.4742769101997208	0.0101434670435613
0.4742953809787996	0.0102449017139970
0.4743138532023274	0.0103473507311369
0.4743323269140152	0.0104508242384482
0.4743508021575279	0.0105553324808325
0.4743692789764876	0.0106608858056410
0.4743877574145001	0.0107674946636973
0.4744062375151601	0.0108751696103342
0.4744247193199664	0.0109839213064375
0.4744432028683944	0.0110937605195018
0.4744616881983524	0.0112046981246966
0.4744801753465968	0.0113167451059437
0.4744986643490792	0.0114299125570030
0.4745171552413071	0.0115442116825730
0.4745356480250877	0.0116596537993989
0.4745541427038404	0.0117762503373930
0.4745726392848658	0.0118940128407671
0.4745911377790619	0.0120129529691746
0.4746096382006950	0.0121330824988665
0.4746281405672282	0.0122544133238553
0.4746466448991823	0.0123769574570937
0.4746651512200302	0.0125007270316647
0.4746836595561212	0.0126257343019811
0.4747021699366366	0.0127519916450011
0.4747206823935570	0.0128795115614510
0.4747391969597887	0.0130083066770657
0.4747577136680353	0.0131383897438365
0.4747762325510362	0.0132697736412749
0.4747947536418199	0.0134024713776876
0.4748132769739588	0.0135364960914643
0.4748318025818292	0.0136718610523791
0.4748503305008612	0.0138085796629031
0.4748688607677765	0.0139466654595322
0.4748873934208161	0.0140861321141276
0.4749059284998947	0.0142269934352687
0.4749244660465646	0.0143692633696212
0.4749430061040333	0.0145129560033176
0.4749615487172086	0.0146580855633507
0.4749800939327692	0.0148046664189840
0.4749986417978118	0.0149527130831738
0.4750171923580546	0.0151022402140054
0.4750357456170973	0.0152532626161456
0.4750543015781698	0.0154057952423068
0.4750728602492639	0.0155598531947300
0.4750914216430261	0.0157154517266772
0.4751099857765949	0.0158726062439438
0.4751285526714877	0.0160313323063835
0.4751471223535348	0.0161916456294472
0.4751656860763810	0.0163535620857419
0.4751842521716418	0.0165170977065995
0.4752028207900070	0.0166822686836656
0.4752213918053282	0.0168490913705024
0.4752399652885074	0.0170175822842072
0.4752585413121893	0.0171877581070494
0.4752771199505735	0.0173596356881199
0.4752957012754439	0.0175332320450009
0.4753142853568814	0.0177085643654508
0.4753328722639480	0.0178856500091055
0.4753514620653281	0.0180645065091965
0.4753700548299359	0.0182451515742883
0.4753886506274963	0.0184276030900310
0.4754072495287393	0.0186118791209315
0.4754258516056360	0.0187979979121407
0.4754444569316565	0.0189859778912620
0.4754630655481996	0.0191758376701744
0.4754816774734245	0.0193675960468761
0.4755002927343327	0.0195612720073450
0.4755189113615850	0.0197568847274185
0.4755375333898533	0.0199544535746925
0.4755561588561711	0.0201539981104396
0.4755747877982867	0.0203555380915438
0.4755934202640939	0.0205590934724595
0.4756120563061064	0.0207646844071842
0.4756306959816788	0.0209723312512563
0.4756493393532352	0.0211820545637688
0.4756679864881670	0.0213938751094064
0.4756866374587297	0.0216078138605005
0.4757052923368565	0.0218238919991054
0.4757239511948244	0.0220421309190963
0.4757426141060856	0.0222625522282875
0.4757612811460547	0.0224851777505703
0.4757799523927646	0.0227100295280761
0.4757986278657312	0.0229371298233569
0.4758173075816529	0.0231665011215907
0.4758359912576365	0.0233981661328070
0.4758546782800132	0.0236321477941349
0.4758733687517752	0.0238684692720766
0.4758920627813835	0.0241071539647975
0.4759107604774434	0.0243482255044452
0.4759294619489324	0.0245917077594900
0.4759481673058795	0.0248376248370850
0.4759668766600070	0.0250860010854560
0.4759855901253843	0.0253368610963104
0.4760043078190986	0.0255902297072737
0.4760230298619487	0.0258461320043462
0.4760417560794384	0.0261045933243901
0.4760604851998396	0.0263656392576343
0.4760792190234088	0.0266292956502106
0.4760979576041602	0.0268955886067129
0.4761167009886414	0.0271645444927800
0.4761354492332268	0.0274361899377081
0.4761542024044427	0.0277105518370853
0.4761729605787502	0.0279876573554559
0.4761917238424231	0.0282675339290106
0.4762104922915569	0.0285502092683004
0.4762292660268396	0.0288357113609831
0.4762480376018944	0.0291240684745930
0.4762668051040257	0.0294153091593389
0.4762855784645569	0.0297094622509319
0.4763043577729275	0.0300065568734415
0.4763231431260391	0.0303066224421762
0.4763419337627771	0.0306096886665984
0.4763607293439303	0.0309157855532647
0.4763795299954959	0.0312249434087976
0.4763983358217829	0.0315371928428856
0.4764171469368337	0.0318525647713143
0.4764359634603323	0.0321710904190270
0.4764547855184407	0.0324928013232170
0.4764736132447009	0.0328177293364496
0.4764924467809356	0.0331459066298137
0.4765112862777884	0.0334773656961123
0.4765301318949515	0.0338121393530736
0.4765489837952378	0.0341502607466039
0.4765678421431702	0.0344917633540698
0.4765867071010345	0.0348366809876103
0.4766055787249812	0.0351850477974861
0.4766244570894407	0.0355368982754609
0.4766433422867354	0.0358922672582156
0.4766622344269366	0.0362511899307977
0.4766811336344220	0.0366137018301062
0.4767000400416675	0.0369798388484069
0.4767189536511177	0.0373496372368909
0.4767378730892116	0.0377231336092599
0.4767567986178515	0.0381003649453528
0.4767757305019882	0.0384813685948060
0.4767946690112941	0.0388661822807541
0.4768136143320462	0.0392548441035614
0.4768325666130256	0.0396473925445975
0.4768515260143487	0.0400438664700432
0.4768704927084489	0.0404443051347439
0.4768894668811810	0.0408487481860910
0.4769084487329799	0.0412572356679521
0.4769274384793469	0.0416698080246313
0.4769464194874510	0.0420865061048773
0.4769654006561938	0.0425073711659259
0.4769843906963078	0.0429324448775853
0.4770033897962118	0.0433617693263611
0.4770223980197616	0.0437953870196252
0.4770414154599460	0.0442333408898218
0.4770604421999717	0.0446756742987206
0.4770794764107911	0.0451224310417079
0.4770985183758821	0.0455736553521252
0.4771175683833201	0.0460293919056464
0.4771366267286941	0.0464896858247024
0.4771556937172785	0.0469545826829496
0.4771747696656390	0.0474241285097795
0.4771938548268344	0.0478983697948778
0.4772129493751040	0.0483773534928262
0.4772320535036659	0.0488611270277550
0.4772511674268570	0.0493497382980322
0.4772702913809767	0.0498432356810121
0.4772894224632984	0.0503416680378228
0.4773085631645665	0.0508450847182010
0.4773277146803857	0.0513535355653828
0.4773468761530162	0.0518670709210367
0.4773660466299449	0.0523857416302468
0.4773852264016294	0.0529095990465495
0.4774044157823343	0.0534386950370148
0.4774236151117073	0.0539730819873844
0.4774428247488819	0.0545128128072582
0.4774620198559589	0.0550579409353313
0.4774812184292955	0.0556085203446843
0.4775004287474900	0.0561646055481313
0.4775196511702970	0.0567262516036133
0.4775388858855247	0.0572935141196490
0.4775581331058339	0.0578664492608462
0.4775773930742602	0.0584451137534542
0.4775966660636417	0.0590295648909894
0.4776159506323145	0.0596198605398992
0.4776352461543568	0.0602160591452990
0.4776545531461597	0.0608182197367524
0.4776738721358229	0.0614264019341207
0.4776932034446942	0.0620406659534627
0.4777125474121179	0.0626610726129970
0.4777319044122207	0.0632876833391278
0.4777512748563741	0.0639205601725186
0.4777706591876862	0.0645597657742438
0.4777900578684451	0.0652053634319869
0.4778094712719752	0.0658574170663073
0.4778288988544284	0.0665159912369709
0.4778483387130716	0.0671811511493407
0.4778677678490702	0.0678529626608347
0.4778871933136332	0.0685314922874431
0.4779066330081195	0.0692168072103176
0.4779260874603748	0.0699089752824199
0.4779455572266186	0.0706080650352434
0.4779650428331132	0.0713141456855959
0.4779845446226514	0.0720272871424520
0.4780040629961078	0.0727475600138767
0.4780235978488976	0.0734750356140162
0.4780431443412515	0.0742097859701562
0.4780627051376804	0.0749518838298567
0.4780822810160092	0.0757014026681545
0.4781018726551837	0.0764584166948359
0.4781214805820138	0.0772230008617853
0.4781411053685026	0.0779952308704040
0.4781607476367698	0.0787751831791070
0.4781804080623018	0.0795629350108980
0.4782000859089722	0.0803585643610071
0.4782197322412086	0.0811621500046180
0.4782393990537842	0.0819737715046631
0.4782590840019876	0.0827935092197090
0.4782787864544218	0.0836214443119052
0.4782985071569669	0.0844576587550243
0.4783182469072223	0.0853022353425745
0.4783380065361696	0.0861552576960005
0.4783577867140562	0.0870168102729612
0.4783775880159499	0.0878869783756904
0.4783974111037435	0.0887658481594468
0.4784172561140890	0.0896535066410422
0.4784371198326062	0.0905500417074531
0.4784570033341037	0.0914555421245269
0.4784769075241790	0.0923700975457713
0.4784968331880387	0.0932937985212295
0.4785167207082865	0.0942267365064408
0.4785366315593912	0.0951690038715053
0.4785565669288579	0.0961206939102216
0.4785765216295513	0.0970819008493240
0.4785964985468023	0.0980527198578174
0.4786164972449973	0.0990332470563958
0.4786365187086180	0.1000235795269606
0.4786565639856709	0.1010238153222301
0.4786766341955936	0.1020340534754521
0.4786967304781005	0.1030543940102061
0.4787168536428349	0.1040849379503082
0.4787370045929364	0.1051257873298126
0.4787571796774711	0.1061770452031102
0.4787773127246673	0.1072388156551404
0.4787974700175361	0.1083112038116906
0.4788176546809634	0.1093943158498062
0.4788378677929534	0.1104882590083034
0.4788581103658868	0.1115931415983855
0.4788783835259037	0.1127090730143687
0.4788986885199819	0.1138361637445123
0.4789190203854692	0.1149745253819585
0.4789393805694135	0.1161242706357783
0.4789597703490456	0.1172855133421345
0.4789801911159931	0.1184583684755551
0.4790006092666490	0.1196429521603099
0.4790210023027833	0.1208393816819114
0.4790414308944756	0.1220477754987319
0.4790618927112728	0.1232682532537208
0.4790823858250499	0.1245009357862570
0.4791029118407313	0.1257459451441186
0.4791234725029219	0.1270034045955585
0.4791440694596368	0.1282734386415153
0.4791647040386743	0.1295561730279286
0.4791853748536275	0.1308517347582070
0.4792060791842843	0.1321602521057888
0.4792267347413747	0.1334818546268471
0.4792474217659934	0.1348166731731154
0.4792681482397192	0.1361648399048447
0.4792889157137464	0.1375264883038931
0.4793097259291861	0.1389017531869327
0.4793305755236256	0.1402907707188016
0.4793514590105135	0.1416936784259905
0.4793723731941746	0.1431106152102506
0.4793933298303155	0.1445417213623511
0.4794142825137236	0.1459871385759746
0.4794352246489055	0.1474470099617339
0.4794562143577668	0.1489214800613513
0.4794772463348499	0.1504106948619647
0.4794983227272717	0.1519148018105846
0.4795194458810700	0.1534339498286891
0.4795406183704548	0.1549682893269756
0.4795618424250286	0.1565179722202473
0.4795831114644144	0.1580831519424480
0.4796043392348751	0.1596639834618717
0.4796255912079665	0.1612606232964903
0.4796468955474125	0.1628732295294549
0.4796682393077510	0.1645019618247488
0.4796896381619342	0.1661469814429977
0.4797110870631153	0.1678084512574282
0.4797325885246130	0.1694865357700006
0.4797541459867741	0.1711814011276994
0.4797756634373341	0.1728932151389783
0.4797972104052855	0.1746221472903668
0.4798188200204581	0.1763683687632693
0.4798404857561797	0.1781320524509034
0.4798622113953441	0.1799133729754145
0.4798840002930170	0.1817125067051689
0.4799058557041136	0.1835296317722221
0.4799277180253431	0.1853649280899426
0.4799495385515957	0.1872185773708441
0.4799714233842136	0.1890907631445503
0.4799933764204276	0.1909816707759950
0.4800154011977091	0.1928914874837531
0.4800374991224930	0.1948204023585910
0.4800596635057203	0.1967686063821771
0.4800818463174337	0.1987362924459968
0.4801040000660661	0.2007236553704588
0.4801262324247195	0.2027308919241611
0.4801485478165765	0.2047582008434049
0.4801709210374312	0.2068057828518390
0.4801933618616963	0.2088738406803565
0.4802158848541450	0.2109625790871611
0.4802383512652089	0.2130722048780303
0.4802608763129169	0.2152029269268089
0.4802834836616054	0.2173549561960756
0.4803061768047783	0.2195285057580379
0.4803289609241831	0.2217237908156208
0.4803518417391962	0.2239410287237784
0.4803746871047108	0.2261804390110146
0.4803975330457182	0.2284422434011249
0.4804204738248452	0.2307266658351334
0.4804435154133286	0.2330339324934856
0.4804666624054175	0.2353642718184231
0.4804899047207261	0.2377179145366085
0.4805130819173853	0.2400950936819745
0.4805363300438005	0.2424960446187925
0.4805596914736842	0.2449210050649794
0.4805831543392565	0.2473702151156274
0.4806067011231701	0.2498439172667816
0.4806302976565381	0.2523423564394489
0.4806538551810764	0.2548657800038432
0.4806775400671350	0.2574144378038788
0.4807013429036242	0.2599885821819148
0.4807252681009102	0.2625884680037321
0.4807493148317083	0.2652143526837724
0.4807732381218008	0.2678664962106079
0.4807972797248163	0.2705451611727168
0.4808214508664702	0.2732506127844425
0.4808457613475842	0.2759831189122861
0.4808702110346232	0.2787429501014091
0.4808945530494517	0.2815303796024228
0.4809190370202205	0.2843456833984460
0.4809436559279235	0.2871891402324308
0.4809684041822391	0.2900610316347521
0.4809932485222670	0.2929616419511017
0.4810180297714587	0.2958912583706120
0.4810429719583982	0.2988501709543153
0.4810680878484928	0.3018386726638597
0.4810933786489955	0.3048570593905004
0.4811186179543190	0.3079056299844042
0.4811438988419841	0.3109846862842477
0.4811693678688502	0.3140945331470906
0.4811950316192988	0.3172354784785604
0.4812208289860506	0.3204078332633485
0.4812465420080703	0.3236119115959809
0.4812724167404803	0.3268480307119376
0.4812984905751121	0.3301165110190545
0.4813247651760915	0.3334176761292419
0.4813509395358449	0.3367518528905314
0.4813772978293113	0.3401193714194355
0.4814038858012763	0.3435205651336294
0.4814306356252901	0.3469557707849635
0.4814573273152746	0.3504253284928119
0.4814841775518565	0.3539295817777387
0.4815112873498026	0.3574688775955142
0.4815386422635032	0.3610435663714666
0.4815658617780283	0.3646540020351777
0.4815932631841801	0.3683005420555305
0.4816209473622044	0.3719835474760855
0.4816489051047775	0.3757033829508480
0.4816767288859105	0.3794604167803560
0.4817047533265495	0.3832550209481602
0.4817330842254610	0.3870875711576421
0.4817616131685230	0.3909584468692164
0.4817900909768401	0.3948680313379064
0.4818188771056587	0.3988167116512886
0.4818479387904788	0.4028048787678022
0.4818770284607465	0.4068329275554776
0.4819062776491604	0.4109012568310320
0.4819359073561670	0.4150102693993390
0.4819657428083984	0.4191603720933306
0.4819954647882230	0.4233519758142618
0.4820255968485970	0.4275854955724067
0.4820561473425738	0.4318613505281286
0.4820865808010494	0.4361799640334136
0.4821172600181581	0.4405417636737474
0.4821484106091298	0.4449471813104859
0.4821797505833545	0.4493966531235895
0.4822110486033730	0.4538906196548275
0.4822428373995644	0.4584295258513730
0.4822750499072846	0.4630138211098876
0.4823071078800626	0.4676439593209867
0.4823396160069394	0.4723203989141934
0.4823727005568945	0.4770436029033358
0.4824056019585499	0.4818140389323675
0.4824389220773423	0.4866321793216949
0.4824728537582385	0.4914985011149159
0.4825066968579264	0.4964134861260625
0.4825409841442054	0.5013776209873217
0.4825758777439713	0.5063913971971965
0.4826107068800096	0.5114553111691701
0.4826460280739164	0.5165698642808578
0.4826820155917233	0.5217355629236673
0.4827178947748973	0.5269529185529044
0.4827543586855593	0.5322224477384333
0.4827915544743440	0.5375446722158213
0.4828286076436102	0.5429201189379755
0.4828663411820986	0.5483493201273588
0.4829047454086854	0.5538328133286362
0.4829432175230798	0.5593711414619237
0.4829823882099730	0.5649648528765445
0.4830221010608858	0.5706145014053129
0.4830620581944066	0.5763206464193631
0.4831029615678700	0.5820838528835552
0.4831441022069928	0.5879046914123939
0.4831857539538552	0.5937837383265150
0.4832286364058077	0.5997215757097825
0.4832712594052977	0.6057187914668769
0.4833149945016721	0.6117759793815470
0.4833595786158343	0.6178937391753592
0.4834042864348906	0.6240726765671156
0.4834505667305403	0.6303134033327880
0.4834967142096655	0.6366165373661157
0.4835441637260500	0.6429827027397753
0.4835926563397042	0.6494125297671760
0.4836413479948949	0.6559066550648447
0.4836917828855916	0.6624657216154893
0.4837424475354932	0.6690903788316428
0.4837945180543067	0.6757812826199561
0.4838479615432605	0.6825390954461578
0.4839016649325932	0.6893644864006208
0.4839578813197818	0.6962581312646293
0.4840139294502867	0.7032207125772769
0.4840721402784869	0.7102529197030500
0.4841315831025779	0.7173554489000793
0.4841924805750673	0.7245290033890772
0.4842557035840253	0.7317742934229700
0.4843189738949735	0.7390920363571983
0.4843858468422374	0.7464829567207713
0.4844532119966612	0.7539477862879806
0.4845236521849824	0.7614872641508604
0.4845959065106507	0.7691021367923701
0.4846702955568652	0.7767931581602925
0.4847488359291429	0.7845610897418945
0.4848273753966428	0.7924067006393124
0.4849124854584910	0.8003307676457079
0.4849974163461788	0.8083340753221663
0.4850885359239523	0.8164174160753860
0.4851820028028158	0.8245815902361406
0.4852811836516778	0.8328274061385039
0.4853843879473048	0.8411556801998880
0.4854928966279588	0.8495672370018864
0.4856097884011728	0.8580629093719070
0.4857289390641950	0.8666435384656270
0.4858625512705268	0.8753099738502836
0.4859969669436068	0.8840630735887874
0.4861477229041884	0.8929037043246765
0.4863100783299471	0.9018327413679231
0.4864829045673810	0.9108510687816025
0.4866793679858452	0.9199595794694199
0.4868975275531969	0.9291591752641151
0.4871470075324313	0.9384507670167551
0.4874285405100673	0.9466951101805643
0.4877324700832015	0.9550127020365571
0.4880597954968995	0.9645628290569225
0.4884910352419359	0.9765259026508600
0.4886297156600525	0.9823678243424231
0.4887759996026941	0.9794031833585972
0.4888514833136831	0.9737542459285683
0.4892718705601229	0.9841686279027518
0.4894166706266192	0.9879556945444501
0.4897347438074008	0.9902136248096006
0.4906309452482828	0.9844523077584711
0.4911882464499548	0.9947747431786063
0.4916873626816520	0.9957662870093091
0.4941346823147375	0.9982926264526444
0.4964741516012577	0.9991357736465716
0.4978902795545102	0.9995366861509549
0.5015511303355910	0.9997005690299818
0.5030841156322512	0.9998245333426129
0.5032361132800086	0.9999284985464906
0.5082082585776384	0.9999712839264185
0.5094449271112782	0.9999857091321858
0.5176310805597796	0.9999937440398224
0.5216557313623512	0.9999981204256595
0.5261358421490429	0.9999991764613642
0.5326297959462286	0.9999997591366075
0.5363900744681170	0.9999998917737168
0.5426303191687712	0.9999999682405520
0.5456234862152478	0.9999999856098123
0.5520619074734688	0.9999999957639818
0.5549102171791301	0.9999999980646521
0.5614018976320800	0.9999999994249078
0.5639356607663683	0.9999999997361024
0.5704770962476841	0.9999999999210700
0.5729334457947899	0.9999999999637614
0.5795925169613062	0.9999999999891327
0.5821494887737276	0.9999999999950148
0.5888717279057724	0.9999999999985046
0.5915577927126197	0.9999999999993148
0.5982958486894151	0.9999999999997947
0.6010803650906400	0.9999999999999059
0.6064296275591018	0.9999999999999818
0.6096034300483538	0.9999999999999986
0.6175841182206949	1.0000000000000084
0.6201730847250040	1.0000000000000131
0.6202193810213003	1.0000000000000158
0.6262248866718423	1.0000000000000169
0.6294332200051757	1.0000000000000171
0.6324428963481854	1.0000000000000171
0.6378512926178415	1.0100000000000171
0.6383463176166039	1.0005104508773479
0.6503226910188545	1.0000320238535185
0.6625537444760757	1.0000030828559821
0.6646487902800580	1.0003742319774589
0.6688274133043390	1.0001190795642412
0.6825282860982755	1.0000401577191183
0.6925557363269647	1.0000121485961493
0.6981048780211413	1.0000062206093210
0.7089655733331136	1.0000042105306735
0.7135956866773098	1.0000037899099652
0.7254134173810062	1.0000023818713362
0.7261625861768921	1.0000021888825095
0.7461866157603508	1.0000019395926323
0.7464571811511419	1.0000019035209788
0.7626468540324046	1.0000018604904042
0.7633703727305682	1.0000018541751015
0.7797282911789006	1.0000018467992453
0.7804908174552753	1.0000018457124815
0.7967699017062909	1.0000018444506622
0.7975533434329496	1.0000018442645393
0.8048327523965004	0.9996580875245603
0.8048327537597214	0.9996135565693635
0.8266106787551103	0.9999191748608639
0.9063445253491292	0.9999805090753613
0.9079406306833075	0.9999884202735424
0.9193243427599801	0.9999908181629381
0.9291244492632985	0.9999913311994879
0.9306287115307591	0.9999913975114293
0.9471801158675702	0.9999914297388720
0.9529791633420274	0.9999914339047216
0.9658911728385007	0.9999914357326878
0.9723136666229483	0.9999914359995229
0.9808977901052807	0.9999975202061194
0.9833936525934559	0.9999984213775257
1.0024656148886291	0.9999986761764696
1.0124563605445818	0.9999987091115262
1.0227652590826528	0.9999987242901280
1.0296700207807219	0.9999987262521222
1.0411309714727681	0.9999987271525720
1.0480652483377526	0.9999987272689651
1.0563191826401714	0.9999987273336471
1.0620458937467279	0.9999987273420080
1.0681549784208570	0.9999987273477527
1.0727866597133353	0.9999987273484954
1.0808308066733907	0.9999987273490294
1.0852523187444199	0.9999987273490982
1.0953219403319052	0.9999987273491466
1.0999069007825126	0.9999987273491525
1.1092867495727803	0.9999987273491571
1.1126562724528253	0.9999987273491581
1.1246780019327360	1.0033245054878042
1.1251030174207386	1.0026862326877084
1.1294850782662866	1.0005421034642825
1.1325098442171975	1.0002133665282433
1.1421705514140963	1.0000432023851498
1.1452061008108068	1.0000149518502044
1.1572323340474366	1.0000030580553478
1.1605608089998893	1.0000009812874500
1.1706658360657436	1.0000001152295404
1.1746570253430941	0.9999999640288660
1.1782768972466457	0.9999998826174502
1.1797770557847842	0.9999998486635114
1.1869393484344124	0.9999998412455268
1.1961231423637200	0.9999998355426899
1.1990659118517348	0.9999998348055420
1.2012397513834265	0.9999998345579774
1.2105642345868022	0.9999998341884510
1.2126020520001031	0.9999998341406858
1.2177211578431635	0.9999998341281416
1.2313326281296562	0.9999998341104663
1.2323245609751370	0.9999998341081816
1.2347559211871892	0.9999998341077281
1.2433151076111646	0.9999998341069056
1.2446435142879206	0.9999998341067906
1.2528621609661768	0.9999998341067353
1.2562472256726775	0.9999998341067262
1.2624815111307992	0.9999998341067189
1.2655655220333462	0.9999998341067180
1.2755090556664501	0.9999998341067178
1.2756824658557213	0.9999998341067174
1.2819648869724405	0.9999998341067176
1.2825339004120488	0.9999998341067173
1.2903357823112960	0.9857144514800409
1.2903357823113959	0.9933371585609239
1.2914937198301271	0.9969924457252782
1.2930002174774529	0.9993052191174127
1.2940248431834995	0.9995881940085456
1.3001326546149070	0.9998111319787342
1.3054658516532054	0.9998757589699618
1.3092389774530486	0.9999725552596410
1.3103850712195382	0.9999850536941804
1.3268769170400732	0.9999952073385084
1.3320152810647066	0.9999966890657191
1.3373138762865440	0.9999977487071031
1.3505631568105574	0.9999982742867365
1.3559454001506754	0.9999984769789647
1.3633661901364333	0.9999985449334819
1.3728587537805761	0.9999985548526774
1.3911894336256212	0.9999985576016663
1.4015087129624462	0.9999985579570008
1.4083991050400366	0.9999985640690651
1.4108145833378527	0.9999985667119322
1.4188928691223723	0.9999985670977081
1.4214226379526584	0.9999985673746051
1.4340649797701677	0.9999985675456301
1.4397118420593831	0.9999985675677368
1.4445844371370127	0.9999985675805669
1.4554051409861855	0.9999985675918527
1.4593451174995895	0.9999985675933114
1.4637986124493323	0.9999985675939548
1.4762738385201575	0.9999985675946107
1.4796406788905183	0.9999985675946953
1.4891349747212836	0.9999985675947268
1.4907974440737302	0.9999985675947647
1.4914430685355120	0.9999985675947696
1.5137078149204641	0.9999985675947717
1.5197698815189340	0.9999985675947718
1.5203385322063683	0.9999985675947718
2.4044088285390113	0.9799985962428763
2.4044088285391112	0.9998946922420173
2.4335107959010491	0.9999625332100170
2.7704056665270200	0.9999943957545491
2.7704056665443533	0.9999985122040981
2.9451373354848696	0.9999997470409414
2.9451377387866802	0.9999999066511056
3.0514328349050830	0.9999999545602425
3.0514357768245408	0.9999999607567709
3.1223692254333586	0.9999999626172749
3.1223845916185233	0.9999999628577629
3.1750324606765021	0.9999999629299269
3.1751136259907580	0.9999999629394214
3.2176676623346716	0.9999999629422915
3.2179563575919174	0.9999999629426689
3.2553783026787428	0.9999999629427829
3.2558264229602027	0.9999999629427978
3.2893676134546821	0.9999999629428026
3.2903492365201985	0.9999999629428031
3.2949383501270524	0.9999999629428031
3.2954581509073124	1.0306122067063588
3.2956473884956550	1.0113906259555177
3.2957061487528789	1.0035447378610993
3.2978458270296094	1.0009298711024781
3.2995998411321477	1.0003907680336217
3.3074523191726732	1.0001099848140023
3.3106056938039270	1.0000510513976553
3.3193964388067880	1.0000195231440197
3.3256448407127586	1.0000027543243974
3.3257567691930823	0.9999965111382448
3.3345298917878248	0.9999944075837898
3.3356773118925882	0.9999934172710041
3.3413911649949557	0.9999929586752835
3.3473655396363697	0.9999928459863600
3.3527380075765461	0.9999927389870396
3.3550880865776280	0.9999927058536132
3.3640179440362643	0.9999926908688942
3.3709825548366203	0.9999926864888968
3.3799964182437621	0.9999926859227311
3.3834795262803534	0.9999926852997408
3.4121366172031524	0.9999976026084100
3.4146331437589215	0.9999982381768774
3.4171288575860208	0.9999983203275071
3.4389473776631405	0.9999983309398138
3.4607674773479560	0.9999983323114429
3.4825752743755189	0.9999983324887265
3.5043797467842062	0.9999983325116422
3.5261818665358025	0.9999983325146042
3.5479861705786790	0.9999983325149870
3.5698011894186896	0.9999983325150364
3.5915955458061752	0.9999983325150429
3.6141963830021568	0.9999983325150439
3.6210008532316906	0.9999983325150438
3.6724157500717034	0.9999983325150441
8.3239633060985216	0.9999835575922604
8.3513091943842124	0.9999928660422853
8.3892552015811042	0.9999978862828006
8.7013683648790270	1.0011748073897750
8.7088401637978912	1.0004569480187284
8.7115393536580079	1.0001302440356128
8.7256701167360973	1.0000313413270434
8.7277877054902735	1.0000084554915891
8.7452396878141503	1.0000019683880641
8.7467757441050153	1.0000005651232506
8.7618586349033567	1.0000000903166713
8.7639938715627181	1.0000000116508097
8.7790466428613989	0.9999999832265212
8.7838266168193417	0.9999999773407734
8.8007671879138787	0.9999999759898440
8.8103866863083322	0.9999999754804386
8.8104715771142494	0.9999999753713188
8.8219825582466225	0.9999999753364502
8.8375983083078022	0.9999999753101608
8.8396983746709186	0.9999999753067625
8.8425979081943584	0.9999992668392756
8.8450928557541637	0.9999989919919340
8.8594787259794039	0.9999988837260418
8.8679827680363559	0.9999988697315099
8.8715515707973829	0.9999988634722220
8.9013757445978197	0.9999988617065841
8.9187030808517420	0.9999983994725520
8.9238571258478050	0.9999982694156522
8.9351657835686229	0.9999982526042577
8.9407040609102264	0.9999982414262968
8.9833014893529057	0.9999982361767021
8.9837358786071793	0.9999982352871292
9.0042897446833869	0.9999982350422901
9.0055838871493297	0.9999982349938561
9.6385315654266144	0.9999923449703866
