0.0000000000000000	0.0000000000000000
0.4793498947311495	0.0000300000000000
0.4796882151295671	0.0000150279004731
0.4802653269160479	0.0000250279004731
0.4804914227408303	0.0000277958182084
0.4808168939296030	0.0000380891685875
0.4810379787208233	0.0000274241192543
0.4815248781341067	0.0000461553620285
0.4817543865427731	0.0000396537456150
0.4821370956957905	0.0000469640617157
0.4825007331406845	0.0000569640617157
0.4825256749768150	0.0000541807432218
0.4827476526753661	0.0000623708146024
0.4830170207444710	0.0000723708146024
0.4832942046405070	0.0000822166018191
0.4835396044615399	0.0000922166018191
0.4837783796895167	0.0001022166018191
0.4839706595204332	0.0001122166018191
0.4841477253650709	0.0001222166018191
0.4843057672524741	0.0001322166018191
0.4844486173220197	0.0001422166018191
0.4845843189574590	0.0001522166018191
0.4847096836287964	0.0001622166018191
0.4848279569740087	0.0001722166018191
0.4849373862047744	0.0001822166018191
0.4850423470092983	0.0001922166018191
0.4851403916024904	0.0002022166018191
0.4852345856586628	0.0002122166018191
0.4853216906823093	0.0002222166018191
0.4854072937514299	0.0002322166018191
0.4854870889421445	0.0002422166018191
0.4855655456360630	0.0002522166018191
0.4856385829945303	0.0002622166018191
0.4857110344577830	0.0002722166018191
0.4857786849144808	0.0002822166018192
0.4858456536352843	0.0002922166018192
0.4859086037642295	0.0003022166018192
0.4859710008905594	0.0003122166018192
0.4860300275215527	0.0003222166018191
0.4860882049785140	0.0003322166018192
0.4861437792547357	0.0003422166018192
0.4861984277726498	0.0003522166018192
0.4862509208929460	0.0003622166018192
0.4863022770312148	0.0003722166018192
0.4863519294647050	0.0003822166018192
0.4864005226866546	0.0003922166018192
0.4864477189337293	0.0004022166018192
0.4864937870781323	0.0004122166018192
0.4865387613026517	0.0004222166018192
0.4865825624114503	0.0004322166018192
0.4866255100910153	0.0004422166018191
0.4866672672276852	0.0004522166018191
0.4867083604542722	0.0004622166018191
0.4867482413646493	0.0004722166018191
0.4867876406857390	0.0004822166018191
0.4868258281440903	0.0004922166018191
0.4868636561360676	0.0005022166018191
0.4869002524925294	0.0005122166018191
0.4869365950540477	0.0005222166018191
0.4869717155504665	0.0005322166018191
0.4870066967986022	0.0005422166018191
0.4870404678136577	0.0005522166018191
0.4870741474835008	0.0005622166018191
0.4871067891367905	0.0005722166018191
0.4871392679162415	0.0005822166018191
0.4871707364222758	0.0005922166018191
0.4872020178822858	0.0006022166018191
0.4872325802341643	0.0006122166018191
0.4872627706259149	0.0006222166018191
0.4872923104966101	0.0006322166018191
0.4873216314177229	0.0006422166018191
0.4873502150546035	0.0006522166018191
0.4873785659017253	0.0006622166018191
0.4874063384375145	0.0006722166018191
0.4874338283751293	0.0006822166018191
0.4874608118337688	0.0006922166018191
0.4874874908599993	0.0007022166018191
0.4875137031750098	0.0007122166018191
0.4875396015251965	0.0007222166018191
0.4875651472383887	0.0007322166018191
0.4875902470439940	0.0007422166018191
0.4876152359503730	0.0007522166018191
0.4876395886933484	0.0007622166018191
0.4876638659904559	0.0007722166018191
0.4876877060022076	0.0007822166018191
0.4877113225048957	0.0007922166018191
0.4877344624063016	0.0008022166018191
0.4877575888795477	0.0008122166018191
0.4877802167490273	0.0008222166018191
0.4878026824967003	0.0008322166018191
0.4878247027576644	0.0008422166018191
0.4878466809581738	0.0008522166018191
0.4878682546262221	0.0008622166018191
0.4878897478360006	0.0008722166018191
0.4879107801174518	0.0008822166018191
0.4879316934857946	0.0008922166018191
0.4879522935716286	0.0009022166018191
0.4879727554605220	0.0009122166018191
0.4879929386415006	0.0009222166018191
0.4880129570075804	0.0009322166018191
0.4880327307566613	0.0009422166018191
0.4880523139938344	0.0009522166018191
0.4880716877293910	0.0009622166018191
0.4880908508518673	0.0009722166018191
0.4881098355094579	0.0009822166018191
0.4881285821228334	0.0009922166018192
0.4881471801335403	0.0010022166018192
0.4881655434033418	0.0010122387678373
0.4881838325979820	0.0010223611555157
0.4882020493640206	0.0010325847670709
0.4882203617877990	0.0010429106147416
0.4882385746751447	0.0010533397208890
0.4882569130510671	0.0010638731180979
0.4882751145816150	0.0010745118492789
0.4882934342184572	0.0010852569677716
0.4883116714756254	0.0010961095374494
0.4883299633408794	0.0011070706328239
0.4883482467469361	0.0011181413391521
0.4883665150871433	0.0011293227525436
0.4883848491889747	0.0011406159800690
0.4884030858768750	0.0011520221398697
0.4884214145259310	0.0011635423612684
0.4884396858548909	0.0011751777848811
0.4884579752251770	0.0011869295627299
0.4884763118128482	0.0011987988583572
0.4884945687264139	0.0012107868469408
0.4885128914591513	0.0012228947154102
0.4885311930240907	0.0012351236625643
0.4885494785915709	0.0012474748991899
0.4885678194090807	0.0012599496481818
0.4885861030480814	0.0012725491446637
0.4886044039420697	0.0012852746361103
0.4886227511950338	0.0012981273824714
0.4886410332301792	0.0013111086562961
0.4886593392713932	0.0013242197428590
0.4886776842514777	0.0013374619402876
0.4886959801516763	0.0013508365596905
0.4887142839401106	0.0013643449252874
0.4887326205301499	0.0013779883745403
0.4887509448524436	0.0013917682582857
0.4887692413721725	0.0014056859408685
0.4887875656718565	0.0014197428002772
0.4888059149697238	0.0014339402282800
0.4888242181917662	0.0014482796305628
0.4888425280946890	0.0014627624268684
0.4888608588924730	0.0014773900511371
0.4888792076886628	0.0014921639516485
0.4888975186159375	0.0015070855911650
0.4889158312099892	0.0015221564470766
0.4889341593936516	0.0015373780115474
0.4889525002554150	0.0015527517916629
0.4889708454963414	0.0015682793095795
0.4889891552233399	0.0015839621026752
0.4890074757956885	0.0015998017237020
0.4890258066144108	0.0016157997409390
0.4890441447648872	0.0016319577383484
0.4890624901911930	0.0016482773157319
0.4890808276927287	0.0016647600888892
0.4890991476991227	0.0016814076897781
0.4891174747738746	0.0016982217666759
0.4891358060548484	0.0017152039843426
0.4891541423977444	0.0017323560241860
0.4891724809137138	0.0017496795844279
0.4891908229140926	0.0017671763802722
0.4892091655725936	0.0017848481440749
0.4892275102001219	0.0018026966255157
0.4892458525441862	0.0018207235917708
0.4892641849351948	0.0018389308276886
0.4892825202121965	0.0018573201359655
0.4893008566509032	0.0018758933373251
0.4893191951107119	0.0018946522706984
0.4893375343670067	0.0019135987934053
0.4893558751665192	0.0019327347813394
0.4893742166347992	0.0019520621291528
0.4893925586992488	0.0019715827504443
0.4894109002310912	0.0019912985779487
0.4894292416880422	0.0020112115637282
0.4894475829126753	0.0020313236793655
0.4894659239718405	0.0020516369161592
0.4894842651410468	0.0020721532853208
0.4895026060856767	0.0020928748181740
0.4895209475163331	0.0021138035663558
0.4895392885388951	0.0021349416020194
0.4895576302412456	0.0021562910180396
0.4895759716153153	0.0021778539282199
0.4895943133879687	0.0021996324675022
0.4896126553491735	0.0022216287921772
0.4896309974566761	0.0022438450800989
0.4896493402977564	0.0022662835308999
0.4896676829690338	0.0022889463662089
0.4896860262498988	0.0023118358298709
0.4897043698012431	0.0023349541881696
0.4897227135986810	0.0023583037300513
0.4897410582747808	0.0023818867673518
0.4897594029108163	0.0024057056350254
0.4897777480339099	0.0024297626913756
0.4897960938672875	0.0024540603182894
0.4898144398125233	0.0024786009214723
0.4898327863569290	0.0025033869306870
0.4898511335338308	0.0025284207999938
0.4898694809151628	0.0025537050079937
0.4898878289097083	0.0025792420580737
0.4899061776023524	0.0026050344786545
0.4899245265088759	0.0026310848234410
0.4899428759759935	0.0026573956716754
0.4899612262912912	0.0026839696283922
0.4899795768215550	0.0027108093246761
0.4899979278115732	0.0027379174179228
0.4900162795055809	0.0027652965921021
0.4900346318170765	0.0027929495580231
0.4900529844583204	0.0028208790536033
0.4900713376085744	0.0028490878441393
0.4900896913663260	0.0028775787225807
0.4901080456245599	0.0029063545098065
0.4901264001465287	0.0029354180549046
0.4901447551072902	0.0029647722354536
0.4901631106338100	0.0029944199578081
0.4901814668461934	0.0030243641573862
0.4901998234173198	0.0030546077989601
0.4902181803737268	0.0030851538769497
0.4902365378315058	0.0031160054157192
0.4902548958633856	0.0031471654698763
0.4902732545478639	0.0031786371245751
0.4902916138571065	0.0032104234958208
0.4903099735665285	0.0032425277307790
0.4903283337576763	0.0032749530080868
0.4903466944774433	0.0033077025381677
0.4903650557800562	0.0033407795635493
0.4903834176918569	0.0033741873591849
0.4904017802451693	0.0034079292327768
0.4904201434515665	0.0034420085251045
0.4904385073279327	0.0034764286103556
0.4904568717745489	0.0035111928964591
0.4904752367735575	0.0035463048254237
0.4904936023547203	0.0035817678736780
0.4905119685366167	0.0036175855524148
0.4905303353394126	0.0036537614079389
0.4905487027761589	0.0036902990220183
0.4905670708604390	0.0037272020122384
0.4905854396010285	0.0037644740323608
0.4906038089968217	0.0038021187726844
0.4906221790392938	0.0038401399604112
0.4906405497187935	0.0038785413600154
0.4906589210306010	0.0039173267736155
0.4906772929679486	0.0039565000413517
0.4906956655316941	0.0039960650417653
0.4907140387167162	0.0040360256921830
0.4907324125293436	0.0040763859491048
0.4907507869652624	0.0041171498085959
0.4907691620314769	0.0041583213066819
0.4907875377289232	0.0041999045197487
0.4908059140634911	0.0042419035649462
0.4908242910408314	0.0042843226005957
0.4908426686640325	0.0043271658266017
0.4908610469434568	0.0043704374848677
0.4908794258793798	0.0044141418597165
0.4908978054797742	0.0044582832783136
0.4909161857504921	0.0045028661110966
0.4909345666963416	0.0045478947722076
0.4909529483283579	0.0045933737199297
0.4909713306493408	0.0046393074571290
0.4909897136669127	0.0046857005317002
0.4910080973910291	0.0047325575370171
0.4910264818260741	0.0047798831123873
0.4910448669813227	0.0048276819435112
0.4910632528661854	0.0048759587629463
0.4910816394867236	0.0049247183505757
0.4911000268531006	0.0049739655340815
0.4911184149757640	0.0050237051894223
0.4911368038617958	0.0050739422413165
0.4911551935218312	0.0051246816637297
0.4911735839688902	0.0051759284803671
0.4911919752106592	0.0052276877651707
0.4912103672579405	0.0052799646428223
0.4912287601244484	0.0053327642892506
0.4912471538216628	0.0053860919321431
0.4912655483603606	0.0054399528514645
0.4912839437538828	0.0054943523799790
0.4913023400173650	0.0055492959037788
0.4913207371631341	0.0056047888628167
0.4913391352035999	0.0056608367514448
0.4913575341528317	0.0057174451189592
0.4913759340263711	0.0057746195701488
0.4913943348393855	0.0058323657658503
0.4914127366046829	0.0058906894235087
0.4914311393365565	0.0059495963177439
0.4914495430504198	0.0060090922809214
0.4914679477626670	0.0060691832037306
0.4914863534895030	0.0061298750357679
0.4915047602431758	0.0061911737861256
0.4915231680359262	0.0062530855239868
0.4915415768801102	0.0063156163792266
0.4915599867882310	0.0063787725430189
0.4915783977729802	0.0064425602684491
0.4915968098472480	0.0065069858711335
0.4916152230240829	0.0065720557298448
0.4916336373155925	0.0066377762871433
0.4916520527333927	0.0067041540500148
0.4916704692895691	0.0067711955905149
0.4916888869965826	0.0068389075464200
0.4917073058673405	0.0069072966218843
0.4917257259151134	0.0069763695881031
0.4917441471536500	0.0070461332839841
0.4917625695970926	0.0071165946168239
0.4917809932601199	0.0071877605629922
0.4917994181578604	0.0072596381686221
0.4918178440317495	0.0073322345503084
0.4918362708589869	0.0074055568958115
0.4918546989082054	0.0074796124647696
0.4918731281809249	0.0075544085894173
0.4918915586811100	0.0076299526753115
0.4919099904150030	0.0077062522020645
0.4919284233908690	0.0077833147240852
0.4919468576188443	0.0078611478713260
0.4919652931107942	0.0079397593500393
0.4919837298801613	0.0080191569435396
0.4920021679405352	0.0080993485129751
0.4920206073052655	0.0081803419981048
0.4920390479877482	0.0082621454180858
0.4920574900015525	0.0083447668722666
0.4920759333606181	0.0084282145409893
0.4920943780794254	0.0085124966863992
0.4921128241730781	0.0085976216532632
0.4921312716574895	0.0086835978697958
0.4921497205493469	0.0087704338484938
0.4921681708661034	0.0088581381869786
0.4921866226260149	0.0089467195688484
0.4922050758480749	0.0090361867645370
0.4922235305520913	0.0091265486321825
0.4922419867587222	0.0092178141185043
0.4922604444894628	0.0093099922596895
0.4922789037667336	0.0094030921822864
0.4922973646139296	0.0094971231041093
0.4923158267499886	0.0095920943351504
0.4923342901242587	0.0096880152785018
0.4923527547868455	0.0097848954312867
0.4923712207870861	0.0098827443855997
0.4923896881736133	0.0099815718294556
0.4924081569931305	0.0100813875477501
0.4924266272896896	0.0101822014232274
0.4924450991051136	0.0102840234374597
0.4924635724794066	0.0103868636718342
0.4924820474511354	0.0104907323085527
0.4925005240577340	0.0105956396316382
0.4925190023358440	0.0107015960279546
0.4925374823216264	0.0108086119882343
0.4925559640481237	0.0109166981081166
0.4925744475176855	0.0110258650891977
0.4925929327365399	0.0111361237400896
0.4926114197144833	0.0112474849774906
0.4926299084646295	0.0113599598272656
0.4926483990032011	0.0114735594255381
0.4926668913493252	0.0115882950197935
0.4926853855249023	0.0117041779699914
0.4927038815545041	0.0118212197496913
0.4927223794653014	0.0119394319471881
0.4927408792869371	0.0120588262666601
0.4927593810486782	0.0121794145293266
0.4927778847798244	0.0123012086746199
0.4927963905099459	0.0124242207613661
0.4928148982690448	0.0125484629689796
0.4928334080877261	0.0126739475986695
0.4928519199973776	0.0128006870746560
0.4928704340303583	0.0129286939454023
0.4928889502201839	0.0130579808848563
0.4929074686017042	0.0131885606937048
0.4929259878332466	0.0133204463006418
0.4929445031040553	0.0134536507636482
0.4929630208004189	0.0135881872712848
0.4929815409510595	0.0137240691439975
0.4930000635870072	0.0138613098354373
0.4930185887415584	0.0139999229337915
0.4930371164502661	0.0141399221631296
0.4930556467476093	0.0142813213847610
0.4930741796675299	0.0144241345986086
0.4930927152439553	0.0145683759445948
0.4931112534797763	0.0147140597040410
0.4931297943684562	0.0148612003010816
0.4931483379091407	0.0150098123040924
0.4931668841063451	0.0151599104271333
0.4931854329697017	0.0153115095314047
0.4932039845137648	0.0154646246267188
0.4932225387578700	0.0156192708729858
0.4932410957260394	0.0157754635817159
0.4932596554469109	0.0159332182175331
0.4932782179536915	0.0160925503997087
0.4932967832838768	0.0162534759037058
0.4933153512924212	0.0164160106627429
0.4933339215153554	0.0165801707693703
0.4933524940365697	0.0167459724770639
0.4933710689375247	0.0169134322018344
0.4933896462979129	0.0170825665238528
0.4934082261962814	0.0172533921890914
0.4934268087106237	0.0174259261109822
0.4934453939189488	0.0176001853720921
0.4934639818994803	0.0177761872258133
0.4934825727308940	0.0179539490980711
0.4935011664925784	0.0181334885890518
0.4935197632649193	0.0183148234749426
0.4935383630929419	0.0184979717096918
0.4935569660016000	0.0186829514267887
0.4935755720195269	0.0188697809410567
0.4935941811794387	0.0190584787504674
0.4936127935183119	0.0192490635379719
0.4936314090759120	0.0194415541733517
0.4936500278923127	0.0196359697150853
0.4936686500177927	0.0198323294122362
0.4936872755072089	0.0200306527063585
0.4937059044201588	0.0202309592334220
0.4937245368210015	0.0204332688257562
0.4937431727786821	0.0206376015140137
0.4937618123619641	0.0208439775291536
0.4937804556397914	0.0210524173044450
0.4937991026820275	0.0212629414774895
0.4938177535601567	0.0214755708922646
0.4938364083479576	0.0216903266011871
0.4938550671218682	0.0219072298671989
0.4938737299378929	0.0221263021658707
0.4938923968090656	0.0223475651875293
0.4939110677594051	0.0225710408394048
0.4939297428234879	0.0227967512477987
0.4939484220434089	0.0230247187602768
0.4939671049825622	0.0232549659478794
0.4939857912268387	0.0234875156073583
0.4940044808908308	0.0237223907634320
0.4940231740897296	0.0239596146710663
0.4940418709399226	0.0241992108177767
0.4940605715596118	0.0244412029259542
0.4940792760694569	0.0246856149552141
0.4940979845932171	0.0249324711047663
0.4941166972578951	0.0251817958158141
0.4941354141890250	0.0254336137739726
0.4941541355102713	0.0256879499117125
0.4941728613446398	0.0259448294108295
0.4941915840051780	0.0262042777049381
0.4942103039611460	0.0264663204819871
0.4942290288426064	0.0267309836868072
0.4942477586866545	0.0269982935236757
0.4942664935422499	0.0272682764589127
0.4942852334698660	0.0275409592235021
0.4943039785412973	0.0278163688157373
0.4943227288339489	0.0280945325038946
0.4943414844298579	0.0283754778289332
0.4943602454166864	0.0286592326072221
0.4943790118881474	0.0289458249332941
0.4943977839445229	0.0292352831826270
0.4944165616932350	0.0295276360144537
0.4944353452494479	0.0298229123745980
0.4944541346826251	0.0301211414983444
0.4944729290809171	0.0304223529133275
0.4944917282051017	0.0307265764424604
0.4945105321814185	0.0310338422068850
0.4945293411414903	0.0313441806289542
0.4945481547897896	0.0316576224352436
0.4945669716857584	0.0319741986595961
0.4945857939795549	0.0322939406461917
0.4946046218319914	0.0326168800526535
0.4946234554090308	0.0329430488531803
0.4946422948768401	0.0332724793417126
0.4946611404035719	0.0336052041351293
0.4946799921610899	0.0339412561764805
0.4946988502558600	0.0342806687382457
0.4947177147617495	0.0346234754256284
0.4947365857704583	0.0349697101798846
0.4947554633913261	0.0353194072816837
0.4947743477432169	0.0356726013545007
0.4947932389540008	0.0360293273680458
0.4948121371613552	0.0363896206417262
0.4948310425135525	0.0367535168481440
0.4948499550122654	0.0371210520166255
0.4948688733218368	0.0374922625367924
0.4948877977224413	0.0378671851621600
0.4949067284918703	0.0382458570137821
0.4949256657772116	0.0386283155839202
0.4949445998459004	0.0390145987397594
0.4949635282124500	0.0394047447271574
0.4949824638950132	0.0397987921744290
0.4950014070462762	0.0401967800961735
0.4950203578356756	0.0405987478971355
0.4950393164493715	0.0410047353761075
0.4950582830809218	0.0414147827298682
0.4950772579310341	0.0418289305571668
0.4950962412096775	0.0422472198627384
0.4951152330898050	0.0426696920613660
0.4951342336587800	0.0430963889819802
0.4951532430321168	0.0435273528718003
0.4951722613493318	0.0439626264005179
0.4951912887651658	0.0444022526645229
0.4952103235229409	0.0448462751911679
0.4952293658438416	0.0452947379430798
0.4952484160422032	0.0457476853225111
0.4952674744419246	0.0462051621757365
0.4952865413777582	0.0466672137974934
0.4953056170998466	0.0471338859354683
0.4953247017908003	0.0476052247948231
0.4953437956541032	0.0480812770427711
0.4953628989148980	0.0485620898131984
0.4953820118210229	0.0490477107113303
0.4954011346436804	0.0495381878184443
0.4954202676637558	0.0500335696966294
0.4954394111742812	0.0505339053935962
0.4954585654209128	0.0510392444475321
0.4954777297966057	0.0515496368920073
0.4954968771264252	0.0520651332609270
0.4955160297194778	0.0525857845935358
0.4955351920821165	0.0531116424394709
0.4955543645298875	0.0536427588638661
0.4955735473914399	0.0541791864525047
0.4955927410112546	0.0547209783170304
0.4956119457525012	0.0552681881002000
0.4956311584625763	0.0558208699812019
0.4956503818898864	0.0563790786810133
0.4956696172178607	0.0569428694678235
0.4956888646999583	0.0575122981625024
0.4957081246206376	0.0580874211441272
0.4957273972972906	0.0586682953555693
0.4957466816604034	0.0592549783091255
0.4957659767691981	0.0598475280922174
0.4957852831640075	0.0604460033731399
0.4958046012274864	0.0610504634068716
0.4958239313087912	0.0616609680409405
0.4958432737929999	0.0622775777213503
0.4958626291018959	0.0629003534985632
0.4958819976768480	0.0635293570335487
0.4959013799805995	0.0641646506038836
0.4959207565981678	0.0648062971099216
0.4959401270937968	0.0654543600810218
0.4959595128791472	0.0661089036818325
0.4959789139409707	0.0667699927186508
0.4959983277289184	0.0674376926458368
0.4960177547668966	0.0681120695722956
0.4960371956025471	0.0687931902680182
0.4960566508120610	0.0694811221706988
0.4960761210030695	0.0701759333924057
0.4960956065527370	0.0708776927263295
0.4961151078603194	0.0715864696535937
0.4961346253694135	0.0723023343501300
0.4961541595714528	0.0730253576936303
0.4961737110076507	0.0737556112705664
0.4961932770943132	0.0744931673832720
0.4962128580635709	0.0752380990571037
0.4962324544423048	0.0759904800476743
0.4962520668050059	0.0767503848481516
0.4962716887457821	0.0775178886966341
0.4962912860025143	0.0782930675836011
0.4963108980118567	0.0790759982594371
0.4963305258321522	0.0798667582420305
0.4963501730846059	0.0806654258244514
0.4963698401756963	0.0814720800826954
0.4963895256586656	0.0822868008835234
0.4964092280913898	0.0831096688923587
0.4964289482792923	0.0839407655812835
0.4964486870616088	0.0847801732370954
0.4964684452831792	0.0856279749694656
0.4964882235112701	0.0864842547191605
0.4965080223958037	0.0873490972663520
0.4965278426407884	0.0882225882390166
0.4965476850115043	0.0891048141214066
0.4965675460719986	0.0899958622626203
0.4965873871145135	0.0908958208852454
0.4966072313117705	0.0918047790940992
0.4966270969031057	0.0927228268850414
0.4966469846566881	0.0936500551538907
0.4966668954079922	0.0945865557054285
0.4966868300677562	0.0955324212624828
0.4967067895319011	0.0964877454751070
0.4967267744257198	0.0974526229298585
0.4967467805355947	0.0984271491591569
0.4967668088804029	0.0994114206507472
0.4967868605789452	0.1004055348572549
0.4968069368241491	0.1014095902058268
0.4968270308148177	0.1024236861078840
0.4968471349113598	0.1034479229689618
0.4968672113593174	0.1044824021986506
0.4968873165652437	0.1055272262206382
0.4969074480363479	0.1065824984828450
0.4969276047704456	0.1076483234676725
0.4969477881209192	0.1087248067023478
0.4969679990685720	0.1098120547693703
0.4969882387070036	0.1109101753170650
0.4970085082499522	0.1120192770702362
0.4970288089919773	0.1131394698409390
0.4970491374583661	0.1142708645393479
0.4970694934363281	0.1154135731847403
0.4970898553942180	0.1165677089165880
0.4971101926589972	0.1177333860057525
0.4971305619617685	0.1189107198658110
0.4971509647628054	0.1200998270644688
0.4971714022662906	0.1213008253351149
0.4971918739325885	0.1225138335884653
0.4972123760433660	0.1237389719243498
0.4972329021744629	0.1249763616435924
0.4972534580346407	0.1262261252600289
0.4972740492213856	0.1274883865126288
0.4972946771474102	0.1287632703777543
0.4973152824069338	0.1300509030815328
0.4973358955052041	0.1313514121123484
0.4973565430893508	0.1326649262334722
0.4973772272283273	0.1339915754958078
0.4973979495920479	0.1353314912507655
0.4974187118369801	0.1366848061632724
0.4974395158070484	0.1380516542249058
0.4974603602811168	0.1394321707671563
0.4974812423849945	0.1408264924748289
0.4975021640184181	0.1422347573995761
0.4975230319234373	0.1436571049735708
0.4975439381438923	0.1450936760233052
0.4975648878096828	0.1465446127835397
0.4975858727121390	0.1480100589113758
0.4976068993643946	0.1494901595004915
0.4976279690649537	0.1509850610954948
0.4976490842820472	0.1524949117064481
0.4976702476564661	0.1540198608235112
0.4976914457266408	0.1555600594317478
0.4977125950643393	0.1571156600260665
0.4977337932917221	0.1586868166263252
0.4977550394780348	0.1602736847925871
0.4977763365373860	0.1618764216405142
0.4977976871778776	0.1634951858569184
0.4978190937640510	0.1651301377154864
0.4978405521554143	0.1667814390926407
0.4978620556857087	0.1684492534835685
0.4978834851186031	0.1701337460184041
0.4979049630639683	0.1718350834785882
0.4979265008332463	0.1735534343133739
0.4979481012929649	0.1752889686565075
0.4979697574897226	0.1770418583430721
0.4979914718905322	0.1788122769265038
0.4980132477271069	0.1806003996957692
0.4980350350601604	0.1824064036927271
0.4980568009543406	0.1842304677296558
0.4980786345184640	0.1860727724069522
0.4981005306828709	0.1879335001310200
0.4981224879863852	0.1898128351323290
0.4981444978605190	0.1917109634836535
0.4981665814691751	0.1936280731184917
0.4981886841087105	0.1955643538496764
0.4982107530553163	0.1975199973881718
0.4982328941350997	0.1994951973620537
0.4982551114283680	0.2014901493356756
0.4982774094254513	0.2035050508290332
0.4982997828979577	0.2055401013373223
0.4983222318026433	0.2075955023506944
0.4983446495945164	0.2096714573742019
0.4983670751898280	0.2117681719479464
0.4983895817215974	0.2138858536674269
0.4984121726043446	0.2160247122041025
0.4984348463774060	0.2181849593261461
0.4984576083199659	0.2203668089194064
0.4984803815264112	0.2225704770086001
0.4985031463210660	0.2247961817786850
0.4985260040724687	0.2270441435964693
0.4985489540134647	0.2293145850324334
0.4985719929291124	0.2316077308827575
0.4985951141231528	0.2339238081915878
0.4986182245848630	0.2362630462735021
0.4986413456152518	0.2386256767362393
0.4986645695780032	0.2410119335035999
0.4986879032472431	0.2434220528386383
0.4987113521769298	0.2458562733670272
0.4987349055606932	0.2483148361006977
0.4987583689797221	0.2507979844617044
0.4987819033939089	0.2533059643063242
0.4988055560450754	0.2558390239493879
0.4988293295196641	0.2583974141888839
0.4988532211112696	0.2609813883307754
0.4988770948305369	0.2635912022140812
0.4989010055499833	0.2662271142362237
0.4989250567976586	0.2688893853785869
0.4989492263733628	0.2715782792323752
0.4989734968901414	0.2742940620246969
0.4989977722381944	0.2770370026449455
0.4990220741886550	0.2798073726713949
0.4990465212266419	0.2826054463981074
0.4990711135957988	0.2854315008620876
0.4990958613552842	0.2882858158707052
0.4991205668080639	0.2911686740294094
0.4991453083956348	0.2940803607697047
0.4991702050879784	0.2970211643774033
0.4991952694744504	0.2999913760211798
0.4992204970312689	0.3029912897813895
0.4992456125938753	0.3060212026792046
0.4992708964272033	0.3090814147059942
0.4992963232167141	0.3121722288530574
0.4993219306740995	0.3152939511415847
0.4993475413850133	0.3184468906530006
0.4993731998483336	0.3216313595595320
0.4993990563772401	0.3248476731551259
0.4994251271720728	0.3280961498866750
0.4994512628139503	0.3313771113855393
0.4994773349836541	0.3346908824993978
0.4995036238801095	0.3380377913243952
0.4995301479965040	0.3414181692376426
0.4995568569002158	0.3448323509300222
0.4995834390129889	0.3482806744393230
0.4996102106505036	0.3517634811837166
0.4996372405438947	0.3552811159955512
0.4996644758755058	0.3588339271555079
0.4996915978935363	0.3624222664270612
0.4997189777471618	0.3660464890913289
0.4997465755785465	0.3697069539822431
0.4997743445749416	0.3734040235220638
0.4998020529110040	0.3771380637572831
0.4998300595519705	0.3809094443948594
0.4998583524689323	0.3847185388388077
0.4998866635273381	0.3885657242271927
0.4999150338437073	0.3924513814694684
0.4999437377555001	0.3963758952841607
0.4999727824053717	0.4003396542370046
0.5000016659853818	0.4043430507793743
0.5000307887510427	0.4083864812871644
0.5000602876215853	0.4124703461000363
0.5000899946201742	0.4165950495610348
0.5001196355113122	0.4207610000566503
0.5001496184219539	0.4249686100572172
0.5001800305784513	0.4292182961577873
0.5002103334247080	0.4335104791193591
0.5002409158062048	0.4378455839105499
0.5002718886520423	0.4422240397496494
0.5003029890304724	0.4466462801471524
0.5003342537409959	0.4511127429486178
0.5003658955496406	0.4556238703780992
0.5003978279786665	0.4601801090818766
0.5004297697227901	0.4647819101726968
0.5004622136744100	0.4694297292744237
0.5004950170692435	0.4741240265671740
0.5005276886604492	0.4788652668328512
0.5005609604831731	0.4836539195011853
0.5005947015353481	0.4884904586961979
0.5006282310906089	0.4933753632831562
0.5006623964425716	0.4983091169159909
0.5006971342212120	0.5032922080851511
0.5007316286795827	0.5083251301660021
0.5007667749942717	0.5134083814676640
0.5008026169149852	0.5185424652823424
0.5008381370069258	0.5237278899351622
0.5008744092850064	0.5289651688345171
0.5009113728906502	0.5342548205228650
0.5009480798711130	0.5395973687280863
0.5009856350945383	0.5449933424153633
0.5010237505546140	0.5504432758395240
0.5010618004938769	0.5559477085979273
0.5011008458836775	0.5615071856839056
0.5011401659386527	0.5671222575407480
0.5011797596630929	0.5727934801161535
0.5012204721479772	0.5785214149173092
0.5012611075077867	0.5843066290664861
0.5013025080867267	0.5901496953571471
0.5013449637465643	0.5960511923107202
0.5013871455114984	0.6020117042338202
0.5014305726076571	0.6080318212761519
0.5014745653127231	0.6141121394889139
0.5015190077185946	0.6202532608838096
0.5015646362271013	0.6264557934926411
0.5016104858079877	0.6327203514275720
0.5016572870812451	0.6390475549418466
0.5017053522551799	0.6454380304912690
0.5017534944713052	0.6518924107961785
0.5018032985843957	0.6584113349041443
0.5018534479043232	0.6649954482531809
0.5019048661489528	0.6716454027357157
0.5019577303589385	0.6783618567630761
0.5020106673939234	0.6851454753307049
0.5020659963865827	0.6919969300840194
0.5021214321825357	0.6989168993848616
0.5021786832364507	0.7059060683787119
0.5022375587647466	0.7129651290624945
0.5022971106999036	0.7200947803531227
0.5023599149082197	0.7272957281566512
0.5024218374445912	0.7345686854382175
0.5024875222853949	0.7419143722926014
0.5025538490185094	0.7493335160155332
0.5026227400137884	0.7568268511756847
0.5026943243209234	0.7643951196874359
0.5027666403581827	0.7720390708843081
0.5028437750685318	0.7797594615931466
0.5029210550921616	0.7875570562090757
0.5030032609383766	0.7954326267711646
0.5030866407340656	0.8033869530388713
0.5031753867790776	0.8114208225692582
0.5032655271326650	0.8195350307949485
0.5033624577671346	0.8277303811029000
0.5034630407263971	0.8360076849139241
0.5035674640498169	0.8443677617630629
0.5036794892402641	0.8528114393806937
0.5037962651440326	0.8613395537745018
0.5039238598379270	0.8699529493122510
0.5040547209530276	0.8786524788053754
0.5042016800917772	0.8874390035934301
0.5043505936659179	0.8963133936293668
0.5045143516952567	0.9060183100141133
0.5047167179643970	0.9150784931142547
0.5049182137945598	0.9242292780453949
0.5051504807801307	0.9334715708258479
0.5054100500830684	0.9428062865341079
0.5057221551414971	0.9602902376469492
0.5057684898857981	0.9511330738839409
0.5059982030195435	0.9577862261982302
0.5063351679004842	0.9662592298276058
0.5067402623027338	0.9789848958955869
0.5069639825612012	0.9846020541474741
0.5071286893402995	0.9819206631465924
0.5072821627726829	0.9763518784647969
0.5077265071967502	0.9814601597484643
0.5081446084654171	0.9880031038878525
0.5090023549631130	0.9947052920763106
0.5099518943644064	0.9961728582532087
0.5107401553324808	0.9977015373710253
0.5152114360226340	0.9994740622962064
0.5163399459627308	0.9996985889391532
0.5188269025202843	0.9998087723786910
0.5266254241892302	0.9999552439815388
0.5278833470477553	0.9999823522026999
0.5383136539950721	0.9999952923945526
0.5410405054677698	0.9999978787662662
0.5476426001992475	0.9999993909971746
0.5496363054777947	0.9999997217927200
0.5561903781631943	0.9999999192601124
0.5585082771036188	0.9999999628836356
0.5653672476803759	0.9999999889519230
0.5675109292873782	0.9999999948899674
0.5741437059368071	0.9999999984611267
0.5763456825883720	0.9999999992906750
0.5831488502022262	0.9999999997861779
0.5856950524394675	0.9999999999018085
0.5925243599365528	0.9999999999704686
0.5953036299401747	0.9999999999864713
0.6020917095950543	0.9999999999959420
0.6049869465386755	0.9999999999981430
0.6117194221327307	0.9999999999994440
0.6146316802195769	0.9999999999997456
0.6213180711069280	0.9999999999999236
0.6241864988116809	0.9999999999999651
0.6308333009717028	0.9999999999999895
0.6336003802931151	0.9999999999999951
0.6399120725805446	0.9999999999999987
0.6435553363376604	0.9999999999999994
0.6444361171920019	1.0000364518701979
0.6444361171920517	1.0000408843996400
0.6599330341599987	1.0000417353984561
0.6627417106059033	1.0000419336644246
0.6662534115531907	1.0000426852316333
0.6669717762125772	1.0000427879860592
0.6954288957360810	1.0000428206902221
0.6954395446138152	1.0000428249171773
0.7157531066554833	1.0000428257042986
0.7365877695333817	1.0000428257169918
0.8286542894001834	1.0011760644385388
0.8321717783416338	1.0003401776036545
0.8412075932088563	1.0001110965485676
0.8531535408700515	1.0000345853777963
0.8557893089539635	1.0000155847403256
0.8664133128912752	1.0000090273267135
0.8695432227259193	1.0000074777796535
0.8806038842615455	1.0000069486735448
0.8832862425426568	1.0000068245031113
0.8850223617020077	1.0000050298846705
0.8875492086925862	1.0000045679388863
0.9082158420527657	1.0000043527453133
0.9156303279567534	1.0000043249294190
0.9257625289901781	1.0000021355637290
0.9309557103084175	1.0000015298692948
0.9424380363379784	1.0000014515737192
0.9475556908275389	1.0000012761728745
0.9585150582443401	0.9999953377309861
0.9610796351462957	0.9999945700164107
0.9851505217721662	0.9999939769899030
0.9950362722801570	0.9999791764701389
1.0343236960905837	0.9999344639265798
1.0758339916933413	0.9978051402605799
1.0789045154159671	0.9999566764194262
1.0926575145009045	0.9999848727811499
1.1770048456950080	0.9999521655541715
1.2484156531814896	0.9999963131384950
1.3138111569003810	0.9999971319318059
1.3575653549788547	0.9999971455840475
1.4012167140218095	0.9999971458121376
1.4431934236714294	0.9999987323485410
1.4471695779688785	0.9999989639316114
1.4566471405612043	0.9999991552485388
1.4646581730093655	0.9999991831747262
1.4836248405007755	0.9999991872503059
1.5122674382377437	0.9999991878452117
1.5296178167175019	0.9999991879221077
1.5537980555251734	0.9999991879432722
1.5640374448136467	0.9999991879460076
1.5877831179988457	0.9999991879467607
1.5980056456618519	0.9999991879468580
1.6217455923895250	0.9999991879468848
1.6319528281045068	0.9999991879468884
1.6550510820449917	0.9999991879468894
1.6800579162599376	0.9999991879468892
1.6901850826451579	0.9999991879468894
1.6904506565857149	0.9999991879468896
1.8853287872576800	0.9999992492239327
1.8853287933229543	1.0040062973082315
1.8876755569903141	1.0007197042232381
1.8927627434176726	1.0002989270640918
1.9073591681190918	1.0000565254132663
1.9113810327322989	1.0000250334681871
1.9176867000693476	1.0000058865116699
1.9218800223571337	1.0000034106648745
1.9317243864042930	1.0000018826999024
1.9358308952506100	1.0000016851904165
1.9450896849365804	1.0000015632789905
1.9492162963732504	1.0000015475207684
1.9586609650975995	1.0000015377910352
1.9622970637483799	0.9999968343710515
1.9622980631079283	0.9999962251344074
1.9840577753457234	0.9999959688686028
1.9865258701488464	0.9999958844621856
1.9903580257036080	0.9999958404265019
1.9987410498154856	0.9999958261650908
2.0058497543449771	0.9999958243216485
2.0213179004433757	0.9999958235452967
2.0262628950102020	0.9999958234449452
2.0403285892582543	0.9999958234026759
2.0460678225826925	0.9999958233972122
2.0606505263898214	0.9999958233949109
2.0660983996549276	0.9999958233946135
2.0804706087768818	0.9999958233944883
2.0860454526417644	0.9999958233944719
2.1004771284288482	0.9999958233944651
2.1050854347755252	0.9999958233944642
2.1146893499853436	0.9999958233944639
2.1150439186580932	0.9999958233944637
2.1161464829815233	0.9842819888586527
2.1161464829816232	0.9976585238731734
2.1170499676999004	0.9994133684585448
2.1383587490210059	0.9999038603284299
2.1503892405138125	0.9999655668559836
2.1743756890852572	0.9999825817291966
2.1862409960429181	0.9999847789768386
2.1977989104022693	0.9999850629487546
2.2188456783882264	0.9999854103366496
2.2387238221209627	0.9999854552393933
2.2475807286625948	0.9999970837412409
2.2475916109357610	0.9999985867710612
2.2613886082766173	0.9999996964369383
2.2657142118925422	0.9999998398694986
2.2741153580956466	0.9999999547962375
2.2780872403166645	0.9999999696516092
2.2875589608019831	0.9999999813276013
2.2916080062433681	0.9999999828368361
2.3008477618144432	0.9999999840109940
2.3049384202027885	0.9999999841627656
2.3139605031513253	0.9999999842803126
2.3180695056424461	0.9999999842955068
2.3269645302747630	0.9999999843072519
2.3310818062968086	0.9999999843087698
2.3399077634966852	0.9999999843099425
2.3440267136121338	0.9999999843100942
2.3528324692957292	0.9999999843102110
2.3569369579671804	0.9999999843102259
2.3654379402958452	0.9999999843102380
2.3693754521699590	0.9999999843102394
2.3782724225749883	1.0000294962878524
2.3782724225752996	1.0000335114188605
2.3813733380964859	1.0000414649155087
2.3816638589999060	1.0000424928303664
2.4048292343429805	1.0000426428629410
2.4484486130818466	1.0000426453689786
2.6470507792265519	0.9604409566614853
2.6470507792266518	0.9852344701713103
2.6472110750505133	0.9950868148730260
2.6479599786050292	0.9999800803746275
2.7902196802010737	1.0000058577389712
2.8149527196226498	1.0000063164377937
2.8330525586950439	1.0000063298612547
2.8559520512291985	1.0000063302580497
2.8760852175453149	1.0000063302760789
2.8781314807416516	1.0000974392818678
2.8895725590161745	1.0000260938642573
2.9599399038158345	0.9993997659762791
2.9633224997822563	0.9999270299831812
2.9899768125583250	0.9999897782725432
3.0619845363769871	1.0001972169953117
3.0630711096618750	1.0002239040222565
3.1167169821923024	0.9997788980911640
3.1543771282091853	0.9999462941870479
3.1594808384641517	1.0000051067012938
3.1711698040590086	1.0000017306883666
3.3811530133022143	0.9993845896346311
3.3835823964313905	0.9999206644508173
3.4087288724118721	0.9999847431295039
3.4687018270981125	0.9999947203116276
3.4925074746337517	0.9999959215571247
3.4956421853844906	0.9999960768188325
3.5176765418834024	0.9999960967112146
3.5396808643027815	0.9999960992821050
3.5479274409299344	0.9999990936878895
3.5504360234183689	0.9999994807258867
3.5529504914276320	0.9999995307532729
3.5747636700621110	0.9999995372171393
3.6025037780809210	0.9999995842401865
3.6053424513872381	0.9999995903183717
3.6081810903727223	0.9999995911040372
3.6439637979950232	0.9999995921050682
3.6508777010078628	0.9999995922344611
3.6808504614392801	0.9999995922700735
3.6924132530446063	0.9999995922746765
3.7148362631397656	0.9999995922759436
3.7264025740962756	0.9999995922761071
3.7487332984762394	0.9999995922761525
3.7600146006244568	0.9999995922761586
3.7879961135015350	0.9999995922761598
3.7897474630797188	0.9999995922761599
3.7901306218307336	0.9999995922761601
3.8110958802068993	1.0040066408287316
3.8131975296816223	1.0006513245417243
3.8181806307227206	1.0002215612757643
3.8403233869167321	1.0000400013431310
3.8458187031682218	1.0000164005191030
3.8508409755219941	1.0000041148393950
3.8552958053954427	1.0000025263420844
3.8676692411418698	1.0000016812065133
3.8723578670932106	1.0000015719627529
3.8827522720838306	1.0000015138914597
3.8873745048326285	1.0000015063851950
3.8983610266616164	1.0000015023944666
3.9030018020269992	1.0000015018786279
3.9064709470612358	0.9999870344444231
3.9064710219414898	0.9999851642217267
3.9282650232696836	0.9999846501870768
3.9398426989857525	0.9999845837390650
3.9415778371648948	0.9998257536684050
3.9415782667031998	0.9999260812073368
3.9633931840775727	0.9997958640726464
3.9635570020438475	0.9997311889982688
3.9986218157493663	0.9999322564844277
4.0127478435980368	0.9999805082683754
4.1267050197718271	0.9999849441944562
4.2955693427061306	0.9999866026827924
4.3263568457947486	0.9999963801445557
4.3295868744842210	0.9999978072821375
4.3375324819844341	0.9999994623256668
4.3499980672258047	0.9999997038700397
4.3558381480997941	0.9999998022413107
4.3620573467681165	0.9999998149559416
4.3676261974852286	0.9999998501021413
4.3710246277447915	0.9999998546451315
4.3802421874680029	0.9999998597106934
4.3827696473706057	0.9999998603654666
4.3913463988430790	0.9999998611238692
4.3961423602891818	0.9999998615103576
4.4064469190915379	0.9999998615603152
4.4155984712073391	0.9999998616013204
4.4202468596197688	0.9999998616066207
4.4337692568688727	0.9999998616093212
4.4400158902752658	0.9999998616096705
4.4547964873430770	0.9999998616098275
4.4618543085421472	0.9999998616098477
4.4737210942040182	0.9999998616098583
4.4793115586043353	0.9999998616098600
4.4863040271675674	0.9999998616098604
4.4893464867108772	0.9999998616098607
4.5053873366683002	0.9999998616098607
5.1796707612232202	1.0099998602259592
5.1797780851280457	1.0006672506876315
5.1906253172245016	1.0001089446650049
5.2090192793928303	1.0001037299609867
5.2140096290724047	0.9997145402272506
5.2393922424046240	0.9999601717276013
5.2905413354519695	0.9999919794828009
5.3544816843599881	0.9999944386779392
5.4956693948959119	1.0000026847151398
5.4965371778484737	1.0000037503542050
6.5196458361329936	0.9604037843520361
6.5196458361330940	0.9898039002116789
6.5199579028902557	1.0002978612314031
6.5314429861843450	1.0000464424530289
6.6033264291285105	0.9856925223163437
6.6034913288846857	1.0000340655848665
6.6329829632688151	0.9999550682011189
6.7396214819259939	1.0000098261592096
6.8320807641847487	0.9985549433948390
6.8384528722343472	1.0005253072390929
6.8451024645970291	0.9997113332485990
6.8473767732869835	0.9999273535597869
6.9658609270264673	0.9999913560061801
6.9660394110965997	0.9999996165231096
6.9780726474625050	1.0000006833760824
7.0420223865401077	1.0000415805352525
7.0420379335544387	1.0000468654767880
7.3107286968051106	1.0000085319618408
7.3696738462933240	1.0000072822827875
7.5639903617801387	1.0000072358991481
7.7716867836713206	0.9962915777003205
7.7720459763462184	0.9996145350613849
7.7839418517148253	0.9999323782153490
7.8013092734882266	0.9999831693799582
8.2759910583659035	1.0000029465110407
8.6536999382194892	1.0000033249754674
9.5098907683589822	0.9999988861136063
