0.0000000000000000	0.0000000000000000
0.4736925534605487	0.0000300000000000
0.4739194429419277	0.0000084815309350
0.4752062067869157	0.0000177750926129
0.4752362506877949	0.0000248546011106
0.4755117063236528	0.0000208185400178
0.4757113755478513	0.0000283498088230
0.4760550693789614	0.0000260359714810
0.4765182794391973	0.0000406643329285
0.4766894546740780	0.0000360718188649
0.4771280098480388	0.0000534015391125
0.4772428691698995	0.0000457342978351
0.4773105214480328	0.0000476870741475
0.4777724929156891	0.0000576870741475
0.4780923281773460	0.0000661669810049
0.4783280531553470	0.0000761669810049
0.4786175345093749	0.0000861669810049
0.4788408612920786	0.0000961669810049
0.4790512768373589	0.0001061669810049
0.4792260496772686	0.0001161669810049
0.4793937789310211	0.0001261669810049
0.4795416403545765	0.0001361669810049
0.4796807999116479	0.0001461669810049
0.4798091135400578	0.0001561669810049
0.4799286333646748	0.0001661669810049
0.4800412114423682	0.0001761669810049
0.4801473378354630	0.0001861669810049
0.4802477930981749	0.0001961669810049
0.4803420975810029	0.0002061669810049
0.4804332200738642	0.0002161669810049
0.4805188708350713	0.0002261669810049
0.4806020867908433	0.0002361669810049
0.4806798458801750	0.0002461669810049
0.4807564686695391	0.0002561669810049
0.4808282698708197	0.0002661669810049
0.4808992099760079	0.0002761669810049
0.4809655427532332	0.0002861669810049
0.4810313869856387	0.0002961669810049
0.4810932986907526	0.0003061669810049
0.4811544670393364	0.0003161669810049
0.4812125003577988	0.0003261669810049
0.4812697309294883	0.0003361669810049
0.4813244555394798	0.0003461669810049
0.4813781843405849	0.0003561669810049
0.4814299746810721	0.0003661669810049
0.4814808073295216	0.0003761669810049
0.4815299409221647	0.0003861669810049
0.4815779882763154	0.0003961669810049
0.4816247232864284	0.0004061669810049
0.4816704148126751	0.0004161669810049
0.4817149664558845	0.0004261669810049
0.4817583966438118	0.0004361669810049
0.4818009582244764	0.0004461669810049
0.4818424438418890	0.0004561669810049
0.4818831564334947	0.0004661669810049
0.4819227096644567	0.0004761669810049
0.4819617320447878	0.0004861669810049
0.4819996633390349	0.0004961669810049
0.4820371574006742	0.0005061669810049
0.4820735312639861	0.0005161669810049
0.4821096063263815	0.0005261669810049
0.4821445813240726	0.0005361669810049
0.4821793278942970	0.0005461669810049
0.4822129762820888	0.0005561669810049
0.4822465166737938	0.0005661669810049
0.4822788884956525	0.0005761669810049
0.4823111530967554	0.0005861669810049
0.4823424675750193	0.0005961669810049
0.4823737139627578	0.0006061669810049
0.4824039370691501	0.0006161669810049
0.4824340617681132	0.0006261669810049
0.4824634687620977	0.0006361669810049
0.4824925490955403	0.0006461669810049
0.4825210939480518	0.0006561669810049
0.4825492495185444	0.0006661669810049
0.4825769461862320	0.0006761669810049
0.4826042555375085	0.0006861669810049
0.4826311805741135	0.0006961669810049
0.4826576641546406	0.0007061669810049
0.4826838597405306	0.0007161669810049
0.4827095776572493	0.0007261669810049
0.4827350160599692	0.0007361669810049
0.4827601128346731	0.0007461669810049
0.4827848214514207	0.0007561669810049
0.4828092314892028	0.0007661669810049
0.4828333900276314	0.0007761669810049
0.4828570758678007	0.0007861669810049
0.4828806209236421	0.0007961669810049
0.4829038011333119	0.0008061669810049
0.4829267284578413	0.0008161669810049
0.4829492420540216	0.0008261669810049
0.4829716744438977	0.0008361669810049
0.4829936974264668	0.0008461669810049
0.4830156345420863	0.0008561669810049
0.4830370535751276	0.0008661669810049
0.4830584452508545	0.0008761669810049
0.4830793992072438	0.0008861669810049
0.4831003329333087	0.0008961669810049
0.4831208560767651	0.0009061669810049
0.4831413248046587	0.0009161669810049
0.4831614262239520	0.0009261669810049
0.4831813879531812	0.0009361669810049
0.4832010257680223	0.0009461669810049
0.4832205605776024	0.0009561669810049
0.4832398116866348	0.0009661669810049
0.4832589434821496	0.0009761669810049
0.4832778182930392	0.0009861669810049
0.4832965489277056	0.0009961669810049
0.4833150595859853	0.0010061669810049
0.4833334141079384	0.0010162286508149
0.4833516868815731	0.0010263909373230
0.4833699602798875	0.0010366548466963
0.4833882575637818	0.0010470213951632
0.4834065252766184	0.0010574916091149
0.4834248522609574	0.0010680665252060
0.4834431014132309	0.0010787471904581
0.4834614634101555	0.0010895346623627
0.4834796976985941	0.0011004300089863
0.4834980368251480	0.0011114343090761
0.4835163098760825	0.0011225486521669
0.4835346225583650	0.0011337741386886
0.4835529460808217	0.0011451118800754
0.4835712263113898	0.0011565629988762
0.4835895920614823	0.0011681286288649
0.4836078557144038	0.0011798099151536
0.4836261828991986	0.0011916080143051
0.4836445112304188	0.0012035240944482
0.4836628029082797	0.0012155593353927
0.4836811586878427	0.0012277149287466
0.4836994543205161	0.0012399920780341
0.4837177705532036	0.0012523919988144
0.4837361406446232	0.0012649159188026
0.4837544202890651	0.0012775650779906
0.4837727483496063	0.0012903407287705
0.4837911133308467	0.0013032441360582
0.4838094012501783	0.0013162765774188
0.4838277317733697	0.0013294393431930
0.4838461003264017	0.0013427337366249
0.4838643949591475	0.0013561610739911
0.4838827210082630	0.0013697226847311
0.4839010791202627	0.0013834199115784
0.4839194029726680	0.0013972541106942
0.4839377200985743	0.0014112266518011
0.4839560643892801	0.0014253389183191
0.4839744306986838	0.0014395923075023
0.4839927361145487	0.0014539882305774
0.4840110647514564	0.0014685281128831
0.4840294118325483	0.0014832133940120
0.4840477766454723	0.0014980455279521
0.4840660913725835	0.0015130259832317
0.4840844195624689	0.0015281562430640
0.4841027631248835	0.0015434378054946
0.4841211174887114	0.0015588721835495
0.4841394676047086	0.0015744609053850
0.4841577923377160	0.0015902055144389
0.4841761261488475	0.0016061075695833
0.4841944700483244	0.0016221686452791
0.4842128198429134	0.0016383903317319
0.4842311764529731	0.0016547742350492
0.4842495216275340	0.0016713219773997
0.4842678532075722	0.0016880351971737
0.4842861912290916	0.0017049155491454
0.4843045329899309	0.0017219647046369
0.4843228789483464	0.0017391843516833
0.4843412270849155	0.0017565761952001
0.4843595777634647	0.0017741419571521
0.4843779294283641	0.0017918833767236
0.4843962822195199	0.0018098022104908
0.4844146351503107	0.0018279002325957
0.4844329777826824	0.0018461792349217
0.4844513215964776	0.0018646410272709
0.4844696669031584	0.0018832874375436
0.4844880135611657	0.0019021203119190
0.4845063613701628	0.0019211415150382
0.4845247101246687	0.0019403529301886
0.4845430599165385	0.0019597564594905
0.4845614092785597	0.0019793540240854
0.4845797584704086	0.0019991475643262
0.4845981070681549	0.0020191390399695
0.4846164557888945	0.0020393304303691
0.4846348038627767	0.0020597237346728
0.4846531523906932	0.0020803209720195
0.4846715002058979	0.0021011241817397
0.4846898484172039	0.0021221354235571
0.4847081962109892	0.0021433567777927
0.4847265442084424	0.0021647903455707
0.4847448922509811	0.0021864382490264
0.4847632402503552	0.0022083026315167
0.4847815887896727	0.0022303856578318
0.4847999370310143	0.0022526895144101
0.4848182857724821	0.0022752164095542
0.4848366345210013	0.0022979685736498
0.4848549834507604	0.0023209482593863
0.4848733330038955	0.0023441577419802
0.4848916824054143	0.0023675993194000
0.4849100322783625	0.0023912753125940
0.4849283824838731	0.0024151880657199
0.4849467327996282	0.0024393399463771
0.4849650837319631	0.0024637333458409
0.4849834348431009	0.0024883706792993
0.4850017861829681	0.0025132543860923
0.4850201381652863	0.0025383869299532
0.4850384903158506	0.0025637707992528
0.4850568427222525	0.0025894085072453
0.4850751957294270	0.0026153025923178
0.4850935490395720	0.0026414556182410
0.4851119025712513	0.0026678701744234
0.4851302566120387	0.0026945488761676
0.4851486112254385	0.0027214943649293
0.4851669659805877	0.0027487093085786
0.4851853211238532	0.0027761964016644
0.4852036768848623	0.0028039583656810
0.4852220330442562	0.0028319979493378
0.4852403894501195	0.0028603179288312
0.4852587463077603	0.0028889211081195
0.4852771037593839	0.0029178103192007
0.4852954617030888	0.0029469884223927
0.4853138199293350	0.0029764583066166
0.4853321785673505	0.0030062228896827
0.4853505377470252	0.0030362851185796
0.4853688975508827	0.0030666479697653
0.4853872578061522	0.0030973144494630
0.4854056184197337	0.0031282875939576
0.4854239794758254	0.0031595704698972
0.4854423410566982	0.0031911661745962
0.4854607032145662	0.0032230778363422
0.4854790659990342	0.0032553086147056
0.4854974293257997	0.0032878617008526
0.4855157930698161	0.0033207403178611
0.4855341572877668	0.0033539477210398
0.4855525220194459	0.0033874871982501
0.4855708872997469	0.0034213620702327
0.4855892531529195	0.0034555756909350
0.4856076195984101	0.0034901314478443
0.4856259866497116	0.0035250327623228
0.4856443543148149	0.0035602830899460
0.4856627226005261	0.0035958859208455
0.4856810915077820	0.0036318447800539
0.4856994610399958	0.0036681632278544
0.4857178311939945	0.0037048448601329
0.4857362019444790	0.0037418933087343
0.4857545733062409	0.0037793122418216
0.4857729452903706	0.0038171053642399
0.4857913179016061	0.0038552764178823
0.4858096911346952	0.0038938291820612
0.4858280649948312	0.0039327674738818
0.4858464394773032	0.0039720951486207
0.4858648145895330	0.0040118161001069
0.4858831903278877	0.0040519342611080
0.4859015666959829	0.0040924536037190
0.4859199436945887	0.0041333781397561
0.4859383213284682	0.0041747119211537
0.4859566996008773	0.0042164590403653
0.4859750785213579	0.0042586236307689
0.4859934580911118	0.0043012098670765
0.4860118383195655	0.0043442219657473
0.4860302192110423	0.0043876641854047
0.4860486007724062	0.0044315408272587
0.4860669830140328	0.0044758562355314
0.4860853659397913	0.0045206147978867
0.4861037495602649	0.0045658209458656
0.4861221338831668	0.0046114791553242
0.4861405189159004	0.0046575939468774
0.4861589046714440	0.0047041698863462
0.4861772911564504	0.0047512115852097
0.4861956783806328	0.0047987237010617
0.4862140663583956	0.0048467109380724
0.4862324550969015	0.0048951780474532
0.4862508446073057	0.0049441298279277
0.4862692349047695	0.0049935711262071
0.4862876259983571	0.0050435068374691
0.4863060178997744	0.0050939419058438
0.4863244106240145	0.0051448813249022
0.4863428041829729	0.0051963301381512
0.4863611985880765	0.0052482934395326
0.4863795938535758	0.0053007763739280
0.4863979899952629	0.0053537841376673
0.4864163870238497	0.0054073219790440
0.4864347849525861	0.0054613951988344
0.4864531837965904	0.0055160091508227
0.4864715835715391	0.0055711692423309
0.4864899842880823	0.0056268809347542
0.4865083848321400	0.0056831497441018
0.4865267842270367	0.0057399812415428
0.4865451846571727	0.0057973810539583
0.4865635861284801	0.0058553548644978
0.4865819886461552	0.0059139084131429
0.4866003922166381	0.0059730474972743
0.4866187968328672	0.0060327779722470
0.4866372024868438	0.0060931057519694
0.4866556091729138	0.0061540368094890
0.4866740168848235	0.0062155771775840
0.4866924256189809	0.0062777329493598
0.4867108353740934	0.0063405102788534
0.4867292461509410	0.0064039153816420
0.4867476579520834	0.0064679545354585
0.4867660707817417	0.0065326340808130
0.4867844846455528	0.0065979604216212
0.4868028995504520	0.0066639400258375
0.4868213152381822	0.0067305794260958
0.4868397317609536	0.0067978852203568
0.4868581493450164	0.0068658640725603
0.4868765680016116	0.0069345227132858
0.4868949877430621	0.0070038679404188
0.4869134085828826	0.0070739066198229
0.4869318305355919	0.0071446456860211
0.4869502536167779	0.0072160921428813
0.4869686778428242	0.0072882530643101
0.4869871032308704	0.0073611355949531
0.4870055297986556	0.0074347469509025
0.4870239575645731	0.0075090944204117
0.4870423865468437	0.0075841853646157
0.4870608167626958	0.0076600272182618
0.4870792482285963	0.0077366274904444
0.4870976809604924	0.0078139937653489
0.4871161149740584	0.0078921337030024
0.4871345502848413	0.0079710550400325
0.4871529869085270	0.0080507655904328
0.4871714248609873	0.0081312732463370
0.4871898641585113	0.0082125859788005
0.4872083048178810	0.0082947118385885
0.4872267466994966	0.0083776589569744
0.4872451896384468	0.0084614355465443
0.4872636336748152	0.0085460499020098
0.4872820788475515	0.0086315104010298
0.4873005251945906	0.0087178255050402
0.4873189727530111	0.0088050037600906
0.4873374215592407	0.0088930537976914
0.4873558716491166	0.0089819843356683
0.4873743230580825	0.0090718041790250
0.4873927758213553	0.0091625222208152
0.4874112299740100	0.0092541474430233
0.4874296855511617	0.0093466889174536
0.4874481425880656	0.0094401558066282
0.4874666011199144	0.0095345573646944
0.4874850611692091	0.0096299029383414
0.4875035227401304	0.0097262019677248
0.4875219858384443	0.0098234639874020
0.4875404504715432	0.0099216986272761
0.4875589166484917	0.0100209156135490
0.4875773843800213	0.0101211247696845
0.4875958536785749	0.0102223360173812
0.4876143245583676	0.0103245593775551
0.4876327970354397	0.0104278049713306
0.4876512711276442	0.0105320830210439
0.4876697468547118	0.0106374038512544
0.4876882242381994	0.0107437778897671
0.4877067033013816	0.0108512156686649
0.4877251840691323	0.0109597278253515
0.4877436665678776	0.0110693251036051
0.4877621508255723	0.0111800183546412
0.4877806368716982	0.0112918185381876
0.4877991247372740	0.0114047367235695
0.4878176144548491	0.0115187840908053
0.4878361060566227	0.0116339719317134
0.4878545995739603	0.0117503116510307
0.4878730950378464	0.0118678147675410
0.4878915924790918	0.0119864929152163
0.4879100919285286	0.0121063578443685
0.4879285934171861	0.0122274214228122
0.4879470969764985	0.0123496956370403
0.4879656026385222	0.0124731925934109
0.4879841104361379	0.0125979245193450
0.4880026204032447	0.0127239037645386
0.4880211325749467	0.0128511428021841
0.4880396469877152	0.0129796542302058
0.4880581636793338	0.0131094507725077
0.4880766826657753	0.0132405452802326
0.4880952039481755	0.0133729507330350
0.4881137275334319	0.0135066802403654
0.4881322534335165	0.0136417470427691
0.4881507816622744	0.0137781645131969
0.4881693122356534	0.0139159461583291
0.4881878451719284	0.0140551056199122
0.4882063804919229	0.0141956566761115
0.4882249182192068	0.0143376132428726
0.4882434583800260	0.0144809893753014
0.4882620010032597	0.0146257992690545
0.4882805461204163	0.0147720572617451
0.4882990937656670	0.0149197778343624
0.4883176439550350	0.0150689756127060
0.4883361961129670	0.0152196653688331
0.4883547503207939	0.0153718620225216
0.4883733066596310	0.0155255806427471
0.4883918652106008	0.0156808364491744
0.4884104260525186	0.0158376448136659
0.4884289892610635	0.0159960212618024
0.4884475549094421	0.0161559814744204
0.4884661230690197	0.0163175412891649
0.4884846938099165	0.0164807167020567
0.4885032672015751	0.0166455238690770
0.4885218433133043	0.0168119791077679
0.4885404221955700	0.0169800988988455
0.4885590038663720	0.0171498998878341
0.4885775883501500	0.0173213988867126
0.4885961756774276	0.0174946128755799
0.4886147658845340	0.0176695590043359
0.4886333590133989	0.0178462545943795
0.4886519551083660	0.0180247171403232
0.4886705542151655	0.0182049643117265
0.4886891563814840	0.0183870139548436
0.4887077545283637	0.0185708840943918
0.4887263524820750	0.0187565929353356
0.4887449538131433	0.0189441588646892
0.4887635585618517	0.0191336004533360
0.4887821667724125	0.0193249364578696
0.4888007784931590	0.0195181858224483
0.4888193937767508	0.0197133676806730
0.4888380126802076	0.0199105013574798
0.4888566352647862	0.0201096063710545
0.4888752615910845	0.0203107024347650
0.4888938917197807	0.0205138094591125
0.4889125257123640	0.0207189475537037
0.4889311635752371	0.0209261370292410
0.4889498053135664	0.0211353983995332
0.4889684509415984	0.0213467523835286
0.4889871004823776	0.0215602199073642
0.4890057539673784	0.0217758221064376
0.4890244114362305	0.0219935803275023
0.4890430720519676	0.0222135161307770
0.4890617358651271	0.0224356512920851
0.4890804029881873	0.0226600078050060
0.4890990735315069	0.0228866078830559
0.4891177476045364	0.0231154739618863
0.4891364253164659	0.0233466287015052
0.4891551067768876	0.0235800949885202
0.4891737920964754	0.0238158959384051
0.4891924813876846	0.0240540548977889
0.4892111747654268	0.0242945954467665
0.4892298723473884	0.0245375414012342
0.4892485742053064	0.0247829168152463
0.4892672803823864	0.0250307459833984
0.4892859909281006	0.0252810534432324
0.4893047058985894	0.0255338639776646
0.4893234253570887	0.0257892026174409
0.4893421493743620	0.0260470946436153
0.4893608780288041	0.0263075655900511
0.4893796114064035	0.0265706412459516
0.4893983496008294	0.0268363476584107
0.4894170927117378	0.0271047111349950
0.4894358408399814	0.0273757582463446
0.4894545940889318	0.0276495158288082
0.4894733525652675	0.0279260109870959
0.4894921163796530	0.0282052710969669
0.4895108856091346	0.0284873238079368
0.4895296602836788	0.0287721970460162
0.4895484393518680	0.0290599190164760
0.4895672228155800	0.0293505182066412
0.4895860108126264	0.0296440233887074
0.4896048034843665	0.0299404636225941
0.4896236009740358	0.0302398682588202
0.4896424034278083	0.0305422669414084
0.4896612109958554	0.0308476896108223
0.4896800216182090	0.0311561665069302
0.4896988240932844	0.0314677281719991
0.4897176275719706	0.0317824054537195
0.4897364369944174	0.0321002295082567
0.4897552525053776	0.0324212318033392
0.4897740742467133	0.0327454441213726
0.4897929022593028	0.0330728985625859
0.4898117365991280	0.0334036275482118
0.4898305773374916	0.0337376638236937
0.4898494245608123	0.0340750404619304
0.4898682783705852	0.0344157908665493
0.4898871388835031	0.0347599487752145
0.4899060062222088	0.0351075482629662
0.4899248805166070	0.0354586237455962
0.4899437619047604	0.0358132099830519
0.4899626496558766	0.0361713420828824
0.4899815432272613	0.0365330555037109
0.4900004428793643	0.0368983860587482
0.4900193487497357	0.0372673699193354
0.4900382609900138	0.0376400436185293
0.4900571797620804	0.0380164440547144
0.4900761052359709	0.0383966084952619
0.4900950375910950	0.0387805745802140
0.4901139770176194	0.0391683803260157
0.4901329237174866	0.0395600641292755
0.4901518779048439	0.0399556647705684
0.4901708397977181	0.0403552214182736
0.4901898096177821	0.0407587736324562
0.4902087874577849	0.0411663613687807
0.4902277734273517	0.0415780249824688
0.4902467676582030	0.0419938052322931
0.4902657703040338	0.0424137432846156
0.4902847815381569	0.0428378807174618
0.4903037999411116	0.0432662595246364
0.4903228254730907	0.0436989221198828
0.4903418503369598	0.0441359113410811
0.4903608655365002	0.0445772704544921
0.4903798890439222	0.0450230431590373
0.4903989211520507	0.0454732735906272
0.4904179620206979	0.0459280063265341
0.4904370118151560	0.0463872863898001
0.4904560707183297	0.0468511592536987
0.4904751389307121	0.0473196708462351
0.4904942166715458	0.0477928675546970
0.4905133041801411	0.0482707962302434
0.4905324017173778	0.0487535041925453
0.4905515095544489	0.0492410392344704
0.4905706278880340	0.0497334496268148
0.4905897568280611	0.0502307841230829
0.4906088946786322	0.0507330919643129
0.4906280413247531	0.0512404228839568
0.4906471971011903	0.0517528271127957
0.4906663623641304	0.0522703553839244
0.4906855374771462	0.0527930589377641
0.4907047228133347	0.0533209895271411
0.4907239187586319	0.0538541994224120
0.4907431255722390	0.0543927414166368
0.4907623415024366	0.0549366688308023
0.4907815662320607	0.0554860355191098
0.4908008025617032	0.0560408958743014
0.4908200508027497	0.0566013048330451
0.4908392888059513	0.0571673178813754
0.4908585265553677	0.0577389910601899
0.4908777757172472	0.0583163809707911
0.4908970359051596	0.0588995447804996
0.4909163075215555	0.0594885402283040
0.4909355908748158	0.0600834256305867
0.4909548863021589	0.0606842598868917
0.4909741941724671	0.0612911024857599
0.4909935148873996	0.0619040135106178
0.4910128488731466	0.0625230536457240
0.4910321965729514	0.0631482841821810
0.4910515582865957	0.0637797670240026
0.4910709342805581	0.0644175646942425
0.4910903247198674	0.0650617403411841
0.4911097270472047	0.0657123577445954
0.4911291418238573	0.0663694813220404
0.4911485696254185	0.0670331761352604
0.4911680110475210	0.0677035078966130
0.4911874666189582	0.0683805429755800
0.4912069367243711	0.0690643484053362
0.4912264181308126	0.0697549918893905
0.4912458746866203	0.0704525418082848
0.4912653476363984	0.0711570672263680
0.4912848374247471	0.0718686378986315
0.4913043445424741	0.0725873242776183
0.4913238671628461	0.0733131975203939
0.4913434045580899	0.0740463294955986
0.4913629572386896	0.0747867927905556
0.4913825257554518	0.0755346607184618
0.4914021107040232	0.0762900073256460
0.4914217127277499	0.0770529073989017
0.4914413325013895	0.0778234364728916
0.4914609659665318	0.0786016708376205
0.4914806158005720	0.0793876875459964
0.4915002843935137	0.0801815644214567
0.4915199687745349	0.0809833800656705
0.4915396697775556	0.0817932138663272
0.4915593872706847	0.0826111460049906
0.4915790718997822	0.0834372574650407
0.4915987759603561	0.0842716300396912
0.4916184999616605	0.0851143463400885
0.4916382444931523	0.0859654898034896
0.4916580102092304	0.0868251447015247
0.4916777978174634	0.0876933961485399
0.4916976060951427	0.0885703301100264
0.4917174333352785	0.0894560334111272
0.4917372802708927	0.0903505937452379
0.4917571477160043	0.0912540996826913
0.4917770365345862	0.0921666406795175
0.4917969476493930	0.0930883070863133
0.4918168819604467	0.0940191901571775
0.4918368401022805	0.0949593820587496
0.4918567920793190	0.0959089758793375
0.4918767342656704	0.0968680656381314
0.4918966983254753	0.0978367462945137
0.4919166853019953	0.0988151137574595
0.4919366963102477	0.0998032648950330
0.4919567323407276	0.1008012975439842
0.4919767870632804	0.1018093105194255
0.4919968661814100	0.1028274036246201
0.4920169728718249	0.1038556776608664
0.4920371031515964	0.1048942344374758
0.4920572579096368	0.1059431767818508
0.4920774382126883	0.1070026085496688
0.4920976451543008	0.1080726346351650
0.4921178344876148	0.1091533609815179
0.4921380255350799	0.1102448945913320
0.4921582472534526	0.1113473435372444
0.4921785006541153	0.1124608169726178
0.4921987810547417	0.1135854251423431
0.4922190893656397	0.1147212793937676
0.4922394269598537	0.1158684921877068
0.4922597953211111	0.1170271771095848
0.4922801958379862	0.1181974488806816
0.4923006296110389	0.1193794233694900
0.4923210954675665	0.1205732176031848
0.4923415694047371	0.1217789497792151
0.4923620147309494	0.1229967392770079
0.4923824861197414	0.1242267066697775
0.4924029869364491	0.1254689737364757
0.4924235234136876	0.1267236634738415
0.4924440969846444	0.1279909001085787
0.4924647076165685	0.1292708091096657
0.4924853512726710	0.1305635172007609
0.4925060299020179	0.1318691523727679
0.4925267451233835	0.1331878438964964
0.4925474972229582	0.1345197223354609
0.4925681950687050	0.1358649195588148
0.4925889352858002	0.1372235687544026
0.4926097163531351	0.1385958044419450
0.4926305352068084	0.1399817624863636
0.4926513937617363	0.1413815801112284
0.4926722941224755	0.1427953959123409
0.4926932385459553	0.1442233498714628
0.4927142283411651	0.1456655833701785
0.4927352436725589	0.1471222392038790
0.4927562293517651	0.1485934615959170
0.4927772263637948	0.1500793962118744
0.4927982694301977	0.1515801901739945
0.4928193609006054	0.1530959920757329
0.4928405027183157	0.1546269519964916
0.4928616918314636	0.1561732215164562
0.4928829266624083	0.1577349537316208
0.4929042102344930	0.1593123032689372
0.4929255297390721	0.1609054263016280
0.4929467978714817	0.1625144805646421
0.4929681223103758	0.1641396253702900
0.4929895001078822	0.1657810216239945
0.4930109293499192	0.1674388318402364
0.4930323945620076	0.1691132201586405
0.4930539166149722	0.1708043523602282
0.4930754986283771	0.1725123958838297
0.4930971058965838	0.1742375198426673
0.4931186710624610	0.1759798950410920
0.4931402944327212	0.1777396939915039
0.4931619790174587	0.1795170909314199
0.4931837281178247	0.1813122618407342
0.4932055437937600	0.1831253844591416
0.4932274189552391	0.1849566383037343
0.4932493571404403	0.1868062046867720
0.4932712399488023	0.1886742667336419
0.4932931478989991	0.1905610094009769
0.4933151289608453	0.1924666194949847
0.4933371783621123	0.1943912856899329
0.4933592958563606	0.1963351985468324
0.4933814857228228	0.1982985505323012
0.4934037525850042	0.2002815360376257
0.4934259374717691	0.2022843513980028
0.4934481994325626	0.2043071949119828
0.4934705360559484	0.2063502668611009
0.4934929520663312	0.2084137695297132
0.4935154435077760	0.2104979072250092
0.4935380017611679	0.2126028862972617
0.4935605518837984	0.2147289151602322
0.4935831008194094	0.2168762043118370
0.4936057369846712	0.2190449663549533
0.4936284662014810	0.2212354160185033
0.4936512883622983	0.2234477701786867
0.4936741973988533	0.2256822478804742
0.4936971244630179	0.2279390703592785
0.4937200326930619	0.2302184610628716
0.4937430161195950	0.2325206456734988
0.4937660979552005	0.2348458521302334
0.4937892766174191	0.2371943106515347
0.4938125590340955	0.2395662537580489
0.4938358167180087	0.2419619162956285
0.4938591121427473	0.2443815354585853
0.4938825152449478	0.2468253508131687
0.4939060275568187	0.2492936043213031
0.4939296402819529	0.2517865403645135
0.4939533159637853	0.2543044057681564
0.4939769253840115	0.2568474498258393
0.4940006504478875	0.2594159243241007
0.4940244992154531	0.2620100835673428
0.4940484807860137	0.2646301844030147
0.4940725898242581	0.2672764862470478
0.4940966017638636	0.2699492511095213
0.4941206983083140	0.2726487436206196
0.4941449268812571	0.2753752310568273
0.4941693017511398	0.2781289833673932
0.4941938126439510	0.2809102732010658
0.4942182212779105	0.2837193759330756
0.4942427650390981	0.2865565696924065
0.4942674713853779	0.2894221353893327
0.4942922916245300	0.2923163567432241
0.4943172117696928	0.2952395203106541
0.4943420549427691	0.2981919155137607
0.4943670730791323	0.3011738346688965
0.4943922605878565	0.3041855730155847
0.4944176195575135	0.3072274287457391
0.4944429606351551	0.3102997030331934
0.4944683233992048	0.3134027000635253
0.4944938749035703	0.3165367270641599
0.4945196114382267	0.3197020943348042
0.4945454835960469	0.3228991152781529
0.4945712863457045	0.3261281064309340
0.4945972789483860	0.3293893874952437
0.4946234335762782	0.3326832813701982
0.4946498085452290	0.3360101141839010
0.4946760576880891	0.3393702153257433
0.4947025227146338	0.3427639174790010
0.4947292108539360	0.3461915566537944
0.4947560844591369	0.3496534722203310
0.4947828502644337	0.3531500069425359
0.4948098166668269	0.3566815070119613
0.4948370308075352	0.3602483220820787
0.4948645138428305	0.3638508053028963
0.4948918273658373	0.3674893133559218
0.4949193558207485	0.3711642064894792
0.4949471608588263	0.3748758485543708
0.4949752186355749	0.3786246070399150
0.4950031656142957	0.3824108531103173
0.4950313417519954	0.3862349616414240
0.4950598116033394	0.3900973112578345
0.4950884193840352	0.3939982843704100
0.4951170670364666	0.3979382672141110
0.4951460119564771	0.4019176498862534
0.4951752353852553	0.4059368263851171
0.4952044045575461	0.4099961946489711
0.4952338407417212	0.4140961565954620
0.4952636368723789	0.4182371181614145
0.4952935561631747	0.4224194893430301
0.4953234732654560	0.4266436842364592
0.4953538037465588	0.4309101210788255
0.4953845480858592	0.4352192222896153
0.4954150677531906	0.4395714145125104
0.4954459822409460	0.4439671286576337
0.4954773434936725	0.4484067999442077
0.4955087720964799	0.4528908679436513
0.4955403034261829	0.4574197766230886
0.4955723546594369	0.4619939743893164
0.4956046640559419	0.4666139141332127
0.4956369515471881	0.4712800532745460
0.4956697494168533	0.4759928538072895
0.4957029521714206	0.4807527823453589
0.4957361026556444	0.4855603101688150
0.4957697214944230	0.4904159132705005
0.4958038667951793	0.4953200724032070
0.4958379517985537	0.5002732731272429
0.4958725194801024	0.5052760058585151
0.4959076619569294	0.5103287659171029
0.4959427494291584	0.5154320535762776
0.4959784056091773	0.5205863741120432
0.4960146090477044	0.5257922378531653
0.4960508072370988	0.5310501602316933
0.4960876732251049	0.5363606618340072
0.4961250131617250	0.5417242684523467
0.4961624968067654	0.5471415111368699
0.4962007100333116	0.5526129262482353
0.4962392741133442	0.5581390555107146
0.4962781636534077	0.5637204460658254
0.4963179021452935	0.5693576505264855
0.4963577945380132	0.5750512270317478
0.4963982679631733	0.5808017393020691
0.4964397890158295	0.5866097566950919
0.4964810967974786	0.5924758542620441
0.4965234052875841	0.5984006128046638
0.4965665168283907	0.6043846189327085
0.4966096978452736	0.6104284651220337
0.4966542915630247	0.6165327497732511
0.4966989993511527	0.6226980772709797
0.4967445083958945	0.6289250580436890
0.4967914202567796	0.6352143086241250
0.4968380402630916	0.6415664517103631
0.4968864920831159	0.6479821162274696
0.4969351344914809	0.6544619373897458
0.4969849377044342	0.6610065567636428
0.4970361591544877	0.6676166223312803
0.4970874904472214	0.6742927885545930
0.4971405696071106	0.6810357164401362
0.4971944899186726	0.6878460736045349
0.4972494942858717	0.6947245343405795
0.4973065878745242	0.7016717796839820
0.4973634675392136	0.7086884974808213
0.4974235553563556	0.7157753824556283
0.4974834314593926	0.7229331362801831
0.4975458048185517	0.7301624676429831
0.4976098088493571	0.7374640923194118
0.4976751507345151	0.7448387332426069
0.4977438961146975	0.7522871205750353
0.4978121722826430	0.7598099917807862
0.4978849288946566	0.7674080916985939
0.4979582452985720	0.7750821726155781
0.4980352372246513	0.7828329943417326
0.4981147697133965	0.7906613242851499
0.4981967304264694	0.7985679375280009
0.4982831694922992	0.8065536169032822
0.4983717163507105	0.8146191530723159
0.4984671746718320	0.8227653446030377
0.4985615684115956	0.8309929980490665
0.4986663365455961	0.8393029280295554
0.4987718551850531	0.8476959573098511
0.4988886185699284	0.8561729168829511
0.4990064584020731	0.8647346460517816
0.4991354032438514	0.8733819925123010
0.4992718036722524	0.8821158124374260
0.4994212682127037	0.8909369705618010
0.4995794965934532	0.8998463402674192
0.4997505156928724	0.9088448036700919
0.4999436441373185	0.9179332517067922
0.5001418278102544	0.9268388219103296
0.5003852732198376	0.9361072101294314
0.5006157956282818	0.9437956582714881
0.5008860306257379	0.9532336148542034
0.5012955827240565	0.9627659510027442
0.5017769873508365	0.9723936105127711
0.5019426452535412	0.9702071541514118
0.5022377502276795	0.9795973515406933
0.5022465748266751	0.9767574647616190
0.5026145738254603	0.9862710159818391
0.5030051399854094	0.9901822568348517
0.5032901043461667	0.9910910108039536
0.5037859753035951	0.9926441031279408
0.5051616699783629	0.9938287874560513
0.5057023511934252	0.9971856834944457
0.5098861417335543	0.9993036703793804
0.5109882563447236	0.9995688080770636
0.5171159572256050	0.9998782702739479
0.5175982203757364	0.9999181583386982
0.5211130699940987	0.9999516909175378
0.5228784944096705	0.9999877006976040
0.5239590318547594	0.9999923525561791
0.5341417666570163	0.9999974549481204
0.5361698361062325	0.9999988666626611
0.5429558826738360	0.9999996598378730
0.5471439006850365	0.9999998477966792
0.5536328026399425	0.9999999549735045
0.5571444239259273	0.9999999796402081
0.5634931342431222	0.9999999939936092
0.5665760121562571	0.9999999972691475
0.5730801765093971	0.9999999991913817
0.5759160036112523	0.9999999996301736
0.5824057756628994	0.9999999998898002
0.5849911935065589	0.9999999999494672
0.5915608427878729	0.9999999999848802
0.5941065977668391	0.9999999999930645
0.6007671642558935	0.9999999999979213
0.6033864524900286	0.9999999999990471
0.6100955078503326	0.9999999999997143
0.6128088050546936	0.9999999999998693
0.6195378132595259	0.9999999999999608
0.6223578984920628	0.9999999999999819
0.6289764838256695	0.9999999999999948
0.6316376694595942	0.9999999999999977
0.6394231626383137	0.9999999999999993
0.6420898293049804	0.9999999999999997
0.6444361171919416	1.0014218566392479
0.6444361171919427	1.0016183948252138
0.6516341514376157	1.0002891307727739
0.6656280113417162	1.0001227031038729
0.6774860165135284	1.0000485833414599
0.6789537525155793	1.0000389373609595
0.6964752058048630	1.0000359121990690
0.7006145710026008	0.9999095633567334
0.7344295547003830	0.9999060254747297
0.7415439035896134	0.9997472732978094
0.7745229233727363	0.9998863636234719
0.7802740972632431	0.9999027630805732
0.8114136633522464	0.9999618673657354
0.8121418868044589	0.9999695031742318
0.8339901557062325	0.9999784139393604
0.8386274389756847	0.9999795656235072
0.8432600790727725	0.9999797144956050
0.8675132725503678	0.9999959842224877
0.8676927249699788	0.9999980870712593
0.9008448089933389	0.9999986658164642
0.9053741869492662	1.0000039324462742
0.9059401794921635	1.0000046879743743
0.9255864711495078	1.0000047856232401
0.9385644507748594	1.0000049920196432
0.9414039240510685	1.0000050313145348
0.9561379116737789	1.0000050363937119
0.9759015827092217	1.0000050416408350
0.9769065065974455	1.0000050429755027
0.9876122949833352	1.0000050431480196
1.0117630559796245	1.0000050433109731
1.0121045624395466	1.0000050433320353
1.0399663962035171	1.0000050433385792
1.0490362610727169	1.0000050433394250
1.0704069849776385	1.0000050433396899
1.1566703780284768	1.0014247923242410
1.1621367806755842	1.0001642237325015
1.1768891519784246	1.0000076831622970
1.2047489453182942	0.9999749107379912
1.5799249084043590	0.9999956550580718
1.8858179893589424	1.0004241171829895
1.8914930330941198	1.0001662423006030
1.9062712854285051	1.0000652279540652
1.9215719044731641	1.0000565395766636
1.9351832270488298	1.0000558408850129
1.9487598254803531	1.0000557850675489
1.9622959862216947	1.0000813201228589
2.0231244440848943	0.9606063161535559
2.0231244440849943	0.9850460176302547
2.0232851982793596	0.9948964778065580
2.0240117203464369	0.9999540672800826
2.2060085025474461	0.9999830235660681
2.2065342519480442	0.9999866598103511
2.2099024631232300	0.9999871297331342
2.2323095901054608	0.9999871904014788
2.2489869963838136	0.9999957053116784
2.2495364197500529	0.9999979043506967
2.2509371256297728	0.9999981885811193
2.2603194345085700	0.9999995634528299
2.2630172160242279	0.9999998247618346
2.2736949811377913	0.9999999565424162
2.2768519065870256	0.9999999824676303
2.2860943147564949	0.9999999954179637
2.2896861312740309	0.9999999979913248
2.2986592754465849	0.9999999992747822
2.3024523908764798	0.9999999995309150
2.3113550236631459	0.9999999996585929
2.3152617706800074	0.9999999996841205
2.3241350289107667	0.9999999996968431
2.3281036585184145	0.9999999996993887
2.3369649691409555	0.9999999997006571
2.3409680755258524	0.9999999997009110
2.3498260734725784	0.9999999997010374
2.3538485046513893	0.9999999997010626
2.3624893478319589	0.9999999997010753
2.3663454214111423	0.9999999997010780
2.3751149551668238	0.9999999997010793
2.3782724225749678	1.0014218563413662
2.3782724225749714	1.0016230346902604
2.3854300692502202	1.0002865085694470
2.3997370913020353	1.0001225482560581
2.4114750318799789	1.0000486667427078
2.4128598640305783	1.0000390570962008
2.4303103962020538	1.0000360424109678
2.4345644810916940	0.9999091188262976
2.4682896597452140	0.9999053296435433
2.4753094814840013	0.9997462060063628
2.5081558957567416	0.9998858838456338
2.5137732179585308	0.9999024100529657
2.5449874540885711	0.9999617387267005
2.5457186010544075	0.9999694034960787
2.5689886632651451	0.9999737295013309
2.5759130146477665	0.9999742886076243
2.5828286907884643	0.9999743608835870
2.6010189707876976	0.9999904876188316
2.6010952356289088	0.9999925720500829
2.6228673069253499	0.9999934500057299
2.6304238547138534	0.9999935634883900
2.6455366942489675	0.9999936112882274
2.6856112569145898	0.9999972649483575
2.7839208846001733	0.9999990212769436
2.7840869186754724	0.9999992502642949
2.7865624183735349	0.9999992798628059
2.7926181701407407	0.9999996735573983
2.7947505902341039	0.9999997748375044
2.7968281351337705	0.9999997879289170
2.8163301457214778	0.9999998128958765
2.8238327645520611	0.9999998171924042
2.8312775509407531	0.9999998665214083
2.8315547412287292	0.9999998728976580
2.8478213185691885	0.9999998769402737
2.8480909109200838	0.9999998774628212
2.8624937589782662	0.9999998777363439
2.8639308241324670	0.9999998777934991
2.8741523017810735	0.9999998778186411
2.8781314838727057	1.0000011358796266
2.8806271786769462	1.0000013222326207
2.8809492249067543	1.0000015330536869
2.9002628708476759	1.0000015681938317
2.9056274052497404	1.0000015735157777
2.9172277315737833	1.0000015784002363
2.9237602471265132	1.0000015790315935
2.9375206712004553	1.0000015793444417
2.9411765371674385	1.0000015794822572
2.9501609239796207	1.0000015795000712
2.9610503563828701	1.0000015795164015
2.9641244080073372	1.0000015795185124
2.9851956929315508	1.0000015795194146
2.9917863219483838	1.0000015795195312
3.0161871002547449	1.0000015795195667
3.0253429072149163	1.0000015795195716
3.0359423107016705	1.0000015795195736
3.0392213267919050	1.0000015795195740
3.0531103111931039	1.0000015795195740
3.0602371820215528	1.0100015953147699
3.0606048230258196	1.0001646526458423
3.0900110941878371	0.9998713995232892
3.1475254854401737	0.9999879010893290
3.1800961656751214	0.9999983354323361
3.8114637308986423	1.0000545563857288
3.8967307438768168	0.9606947839580399
3.8967307438769168	0.9901038079687507
3.8970518619486225	1.0002959416177766
3.9094707589501860	1.0000319064584007
3.9724226786649153	0.9856617354936592
3.9725877315330322	1.0000205390833814
4.0024151165957020	0.9999419630292168
4.1232241189743428	1.0000076861576432
5.4485826429053397	0.9604086699591178
5.4485826429053397	0.9898089353660295
5.4488683306835490	0.9987529659178170
5.4549722744177664	0.9997985883003387
5.4677240486933965	0.9999977781913025
5.4929581467773287	1.0000005544407273
5.4950115835958826	1.0000248435114971
5.4993511682840559	1.0000052296957114
5.8049487113028553	0.9988075912946465
5.8069627372819550	0.9998555507573138
5.8681108030178697	0.9999786809200680
5.8690345074124810	0.9999944912227665
5.9678932617253899	0.9999974398414622
6.0839354999809840	0.9999974977015293
6.2260532464341445	0.9999974988253827
6.3812239183011377	0.9999974988493285
6.5199579061722810	1.0000015600076508
6.6545915678211021	1.0000045173352461
6.6584631830244376	1.0000048995712956
6.8370982594395020	0.9999627822339313
6.8413725699077581	1.0000026772954569
7.1500663009359418	1.0000054275018733
7.8071793333063653	0.9999941989056371
8.1322928157679293	1.0000382420535610
8.3371190029008506	0.9999166492380571
8.4565089764845105	1.0000040776562245
8.5626863100232615	1.0000058036397836
8.5752864999671807	1.0000016432518057
8.7069696035996813	1.0000157006202883
8.7516862434420695	1.0000159351181694
9.4968436030690029	1.0000022330801306
9.9999992514983020	0.9999535309029695
