0.0000000000000000	0.0000000000000000
0.4718454994312511	0.0000300000000000
0.4721051822850453	0.0000166781710549
0.4729521807283729	0.0000201739645866
0.4730899276875987	0.0000296837581712
0.4731441784749402	0.0000328443102692
0.4736256848809954	0.0000232008582014
0.4741038441118616	0.0000405716421555
0.4742632074392020	0.0000342310613130
0.4746874885045178	0.0000415289139775
0.4750820530132850	0.0000515289139775
0.4751126251525479	0.0000486227490577
0.4753647813898142	0.0000586227490577
0.4757248421861832	0.0000689536931594
0.4760140456991864	0.0000789536931594
0.4762474825388555	0.0000889536931594
0.4764724831738351	0.0001003126430927
0.4766949356347074	0.0001103126430927
0.4768602247458349	0.0001203126430927
0.4770168188338070	0.0001303126430927
0.4771593124867842	0.0001403126430927
0.4772948193899570	0.0001503126430927
0.4774198719439444	0.0001603126430927
0.4775382441436486	0.0001703126430927
0.4776490395166469	0.0001803126430927
0.4777556649995008	0.0001903126430927
0.4778546438704304	0.0002003126430927
0.4779499492144896	0.0002103126430927
0.4780393914402431	0.0002203126430927
0.4781259807504218	0.0002303126430927
0.4782075342001659	0.0002403126430927
0.4782862189552685	0.0002503126430927
0.4783611787141535	0.0002603126430927
0.4784332569686868	0.0002703126430927
0.4785025965922874	0.0002803126430927
0.4785692806488139	0.0002903126430927
0.4786338827530003	0.0003003126430927
0.4786960656442100	0.0003103126430927
0.4787565142347913	0.0003203126430927
0.4788146103625423	0.0003303126430927
0.4788714114446299	0.0003403126430927
0.4789259805092234	0.0003503126430927
0.4789795418268265	0.0003603126430927
0.4790309556945195	0.0003703126430927
0.4790816298796056	0.0003803126430927
0.4791302756891849	0.0003903126430927
0.4791783595872851	0.0004003126430927
0.4792244896865755	0.0004103126430927
0.4792702321037719	0.0004203126430927
0.4793140054305677	0.0004303126430927
0.4793575948391480	0.0004403126430927
0.4793993378918707	0.0004503126430927
0.4794409407351590	0.0004603126430927
0.4794808961282885	0.0004703126430927
0.4795206631937207	0.0004803126430927
0.4795590057225580	0.0004903126430927
0.4795970667540568	0.0005003126430927
0.4796339280098061	0.0005103126430927
0.4796704575550805	0.0005203126430927
0.4797059428203203	0.0005303126430927
0.4797410166469621	0.0005403126430927
0.4797752246476296	0.0005503126430927
0.4798089443516640	0.0005603126430927
0.4798418683937347	0.0005703126430927
0.4798743290871168	0.0005803126430927
0.4799062058603205	0.0005903126430927
0.4799375883245920	0.0006003126430927
0.4799683301145432	0.0006103126430927
0.4799986028385984	0.0006203126430927
0.4800284671581619	0.0006303126430927
0.4800576933786722	0.0006403126430927
0.4800866742900136	0.0006503126430927
0.4801149404025545	0.0006603126430927
0.4801430379979481	0.0006703126430927
0.4801704722303461	0.0006803126430927
0.4801977622120382	0.0006903126430927
0.4802243508595332	0.0007003126430927
0.4802509140451624	0.0007103126430927
0.4802767100051806	0.0007203126430927
0.4803025194769635	0.0007303126430927
0.4803276380635083	0.0007403126430927
0.4803526953516458	0.0007503126430927
0.4803772118409668	0.0007603126430927
0.4804015603618115	0.0007703126430927
0.4804253824060728	0.0007803126430927
0.4804491722139416	0.0007903126430927
0.4804724415559019	0.0008003126430927
0.4804955229611038	0.0008103126430927
0.4805182269563364	0.0008203126430927
0.4805408127633968	0.0008303126430927
0.4805630163639284	0.0008403126430927
0.4805849576734644	0.0008503126430927
0.4806066078844708	0.0008603126430927
0.4806280759106801	0.0008703126430927
0.4806492840133664	0.0008803126430927
0.4806702780754125	0.0008903126430927
0.4806910237816477	0.0009003126430927
0.4807114689495468	0.0009103126430927
0.4807317310655413	0.0009203126430927
0.4807517404421632	0.0009303126430927
0.4807715955420493	0.0009403126430927
0.4807911773313979	0.0009503126430927
0.4808106343797586	0.0009603126430927
0.4808298018298025	0.0009703126430927
0.4808488713611985	0.0009803126430927
0.4808676342036931	0.0009903126430927
0.4808863282811690	0.0010003126430927
0.4809047050623385	0.0010103157695236
0.4809230426250283	0.0010204189272189
0.4809412348689695	0.0010306231164911
0.4809595750698535	0.0010409293476560
0.4809777845042215	0.0010513386411326
0.4809961057166729	0.0010618520275439
0.4810143486281775	0.0010724705478193
0.4810326531270033	0.0010831952532975
0.4810509345494675	0.0010940272058304
0.4810692131335975	0.0011049674778888
0.4810875381108048	0.0011160171526676
0.4811057946527790	0.0011271773241943
0.4811241435551151	0.0011384490974363
0.4811423935667036	0.0011498335884106
0.4811607120007297	0.0011613319242947
0.4811790204796692	0.0011729452435376
0.4811973008213534	0.0011846746959730
0.4812156584642807	0.0011965214429327
0.4812339205026931	0.0012084866573621
0.4812522355478431	0.0012205715239357
0.4812705696623329	0.0012327772391750
0.4812888483399424	0.0012451050115668
0.4813071829127065	0.0012575560616825
0.4813254969764325	0.0012701316222993
0.4813437920786517	0.0012828329385223
0.4813621341721269	0.0012956612679075
0.4813804444027407	0.0013086178805865
0.4813987457379916	0.0013217040593924
0.4814170866102100	0.0013349210999863
0.4814354083751220	0.0013482703109862
0.4814537083402221	0.0013617530140961
0.4814720416707678	0.0013753705442370
0.4814903894426497	0.0013891242496794
0.4815086829608991	0.0014030154921762
0.4815270047760616	0.0014170456470979
0.4815453515828110	0.0014312161035689
0.4815636759336072	0.0014455282646046
0.4815819839998730	0.0014599835472506
0.4816003129005375	0.0014745833827232
0.4816186602861679	0.0014893292165504
0.4816369897828666	0.0015042225087159
0.4816553009778753	0.0015192647338030
0.4816736281897735	0.0015344573811411
0.4816919679977108	0.0015498019549525
0.4817103196365515	0.0015652999745020
0.4817286381279329	0.0015809529742470
0.4817469579675933	0.0015967625039894
0.4817652884216443	0.0016127301290293
0.4817836260783658	0.0016288574303196
0.4818019713759871	0.0016451460046228
0.4818203209081939	0.0016615974646690
0.4818386411953886	0.0016782134393157
0.4818569682200439	0.0016949955737089
0.4818752992869353	0.0017119455294460
0.4818936355891782	0.0017290649847404
0.4819119740949390	0.0017463556345878
0.4819303159168776	0.0017638191909337
0.4819486586778867	0.0017814573828430
0.4819670033048106	0.0017992719566714
0.4819853479530666	0.0018172646762382
0.4820036861980059	0.0018354373230005
0.4820220212075064	0.0018537916962305
0.4820403575902688	0.0018723296131929
0.4820586958530119	0.0018910529093248
0.4820770350952864	0.0019099634384180
0.4820953756433138	0.0019290630728022
0.4821137170221420	0.0019483537035302
0.4821320591577727	0.0019678372405655
0.4821504008486773	0.0019875156129712
0.4821687421816400	0.0020073907691010
0.4821870833671654	0.0020274646767920
0.4822054242111196	0.0020477393235599
0.4822237652381630	0.0020682167167955
0.4822421058038017	0.0020888988839635
0.4822604469226489	0.0021097878728031
0.4822787874920600	0.0021308857515312
0.4822971285334701	0.0021521946090465
0.4823154693241191	0.0021737165551370
0.4823338103857411	0.0021954537206883
0.4823521516975200	0.0022174082578952
0.4823704929850848	0.0022395823404741
0.4823888350566480	0.0022619781638789
0.4824071768511999	0.0022845979455176
0.4824255191078827	0.0023074439249728
0.4824438616879289	0.0023305183642225
0.4824622044173899	0.0023538235478647
0.4824805479032640	0.0023773617833434
0.4824988914037977	0.0024011354011768
0.4825172353100636	0.0024251467551886
0.4825355799665224	0.0024493982227404
0.4825539246449093	0.0024738922049678
0.4825722698555663	0.0024986311270175
0.4825906157395406	0.0025236174382877
0.4826089617623562	0.0025488536126706
0.4826273083480093	0.0025743421487973
0.4826456556710722	0.0026000855702852
0.4826640031632602	0.0026260864259881
0.4826823511797736	0.0026523472902479
0.4827007000136391	0.0026788707631504
0.4827190491078697	0.0027056594707819
0.4827373986395951	0.0027327160654897
0.4827557488612134	0.0027600432261446
0.4827740997377860	0.0027876436584061
0.4827924509334930	0.0028155200949901
0.4828108026704970	0.0028436752959400
0.4828291551267389	0.0028721120488995
0.4828475082265211	0.0029008331693885
0.4828658617073260	0.0029298415010824
0.4828842157270944	0.0029591399160932
0.4829025704253539	0.0029887313152542
0.4829209259010784	0.0030186186284067
0.4829392818410390	0.0030488048146908
0.4829576382684102	0.0030792928628377
0.4829759952759718	0.0031100857914661
0.4829943529529901	0.0031411866493807
0.4830127113518787	0.0031725985158745
0.4830310704368546	0.0032043245010332
0.4830494300054551	0.0032363677460435
0.4830677901145909	0.0032687314235040
0.4830861508281110	0.0033014187377390
0.4831045121757569	0.0033344329251164
0.4831228741977864	0.0033677772543676
0.4831412369063692	0.0034014550269112
0.4831596003228358	0.0034354695771804
0.4831779644473835	0.0034698242729522
0.4831963291363418	0.0035045225156817
0.4832146944195020	0.0035395677408385
0.4832330603138932	0.0035749634182469
0.4832514268414762	0.0036107130524294
0.4832697940124746	0.0036468201829537
0.4832881618415225	0.0036832883847832
0.4833065303345056	0.0037201212686311
0.4833248994897222	0.0037573224813174
0.4833432693029171	0.0037948957061306
0.4833616397672241	0.0038328446631919
0.4833800108725463	0.0038711731098239
0.4833983826107127	0.0039098848409221
0.4834167549773337	0.0039489836893314
0.4834351279669135	0.0039884735262247
0.4834535015805944	0.0040283582614869
0.4834718758138415	0.0040686418441018
0.4834902506733217	0.0041093282625428
0.4835086261553133	0.0041504215451682
0.4835270022666015	0.0041919257606199
0.4835453790089178	0.0042338450182262
0.4835637563884869	0.0042761834684084
0.4835821344131853	0.0043189453030925
0.4836005130877522	0.0043621347561234
0.4836188924250657	0.0044057561036846
0.4836372724293256	0.0044498136647215
0.4836556531110061	0.0044943118013688
0.4836740344809337	0.0045392549193825
0.4836924165470171	0.0045846474685763
0.4837107993231278	0.0046304939432620
0.4837291828179331	0.0046767988826946
0.4837475670422856	0.0047235668715215
0.4837659520118747	0.0047708025402368
0.4837843377344677	0.0048185105656392
0.4838027242217504	0.0048666956712956
0.4838211114877417	0.0049153626280086
0.4838394995389418	0.0049645162542886
0.4838578883853473	0.0050141614168316
0.4838762780398376	0.0050643030309998
0.4838946685084498	0.0051149460613098
0.4839130598000960	0.0051660955219229
0.4839314519264437	0.0052177564771421
0.4839498448960877	0.0052699340419135
0.4839682387172705	0.0053226333823327
0.4839866334008915	0.0053758597161561
0.4840050289598232	0.0054296183133177
0.4840234254016601	0.0054839144964509
0.4840418227363936	0.0055387536414153
0.4840602209758071	0.0055941411778295
0.4840786201332811	0.0056500825896078
0.4840970202179038	0.0057065834155039
0.4841154212403257	0.0057636492496589
0.4841338232128234	0.0058212857421554
0.4841522261488069	0.0058794985995770
0.4841706298407333	0.0059382935855728
0.4841890343051484	0.0059976765214285
0.4842074397665501	0.0060576532866428
0.4842258462394150	0.0061182298195093
0.4842442537391235	0.0061794121177044
0.4842626622803350	0.0062412062388814
0.4842810718769387	0.0063036183012703
0.4842994825439718	0.0063666544842829
0.4843178942972655	0.0064303210291258
0.4843363071533880	0.0064946242394170
0.4843547211293863	0.0065595704818111
0.4843731362427746	0.0066251661866292
0.4843915525111916	0.0066914178484954
0.4844099699511334	0.0067583320269803
0.4844283884401175	0.0068259153472502
0.4844468078542906	0.0068941745007228
0.4844652282255321	0.0069631162457300
0.4844836495839935	0.0070327474081874
0.4845020719583606	0.0071030748822691
0.4845204953760865	0.0071741056310919
0.4845389198636048	0.0072458466874028
0.4845573454344815	0.0073183051542767
0.4845757720928796	0.0073914882058196
0.4845941998447020	0.0074654030878777
0.4846126286975176	0.0075400571187565
0.4846310586605807	0.0076154576899441
0.4846494897446052	0.0076916122668435
0.4846679219617428	0.0077685283895119
0.4846863553253719	0.0078462136734071
0.4847047898501164	0.0079246758101411
0.4847232255517036	0.0080039225682427
0.4847416624469729	0.0080839617939251
0.4847601005538266	0.0081648014118643
0.4847785398912038	0.0082464494259829
0.4847969804791269	0.0083289139202427
0.4848154223386228	0.0084122030594451
0.4848338654917966	0.0084963250900396
0.4848523099617898	0.0085812883409401
0.4848707557727716	0.0086671012243494
0.4848892029487079	0.0087537722365928
0.4849076515125889	0.0088413099589586
0.4849261014866952	0.0089297230585482
0.4849445489979791	0.0090190202891337
0.4849629968883000	0.0091092104920251
0.4849814463317361	0.0092003025969453
0.4849998973426909	0.0092923056229147
0.4850183499360607	0.0093852286791438
0.4850368041274065	0.0094790809659353
0.4850552599330350	0.0095738717755948
0.4850737173701319	0.0096696104933508
0.4850921764569144	0.0097663065982841
0.4851106372127169	0.0098639696642671
0.4851290996579362	0.0099626093609098
0.4851475638140095	0.0100622354545190
0.4851660297033926	0.0101628578090641
0.4851844973495135	0.0102644863871549
0.4852029667768133	0.0103671312510263
0.4852214380108015	0.0104708025635365
0.4852399110780832	0.0105755105891720
0.4852583860063960	0.0106812656950637
0.4852768628228461	0.0107880783520145
0.4852953415535697	0.0108959591355348
0.4853138221936789	0.0110049187268902
0.4853323047389316	0.0111149679141590
0.4853507891882942	0.0112261175933007
0.4853692755437970	0.0113383787692339
0.4853877638104258	0.0114517625569262
0.4854062539960192	0.0115662801824955
0.4854247461111930	0.0116819429843204
0.4854432401692992	0.0117987624141637
0.4854617361864014	0.0119167500383052
0.4854802341812662	0.0120359175386881
0.4854987341753711	0.0121562767140750
0.4855172361928543	0.0122778394812159
0.4855357402603057	0.0124006178760282
0.4855542464066215	0.0125246240547886
0.4855727546629003	0.0126498702953364
0.4855912650619889	0.0127763689982898
0.4856097776358941	0.0129041326882727
0.4856282924162365	0.0130331740151553
0.4856468094346695	0.0131635057553070
0.4856653287232612	0.0132951408128600
0.4856838503148464	0.0134280922209885
0.4857023742432001	0.0135623731431982
0.4857209000992334	0.0136979968746300
0.4857394278111285	0.0138349768433765
0.4857579574508842	0.0139733266118101
0.4857764890890650	0.0141130598779282
0.4857950227951534	0.0142541904767075
0.4858135586378941	0.0143967323814747
0.4858320966856334	0.0145406997052896
0.4858506369853988	0.0146861067023425
0.4858691795604578	0.0148329677693659
0.4858877244393711	0.0149812974470597
0.4859062716523850	0.0151311104215304
0.4859248212312445	0.0152824215257457
0.4859433732093950	0.0154352457410031
0.4859619276221938	0.0155895981984132
0.4859804845071315	0.0157454941803971
0.4859990439040623	0.0159029491222010
0.4860176058554200	0.0160619786134230
0.4860361704063349	0.0162225983995570
0.4860547376045513	0.0163848243835523
0.4860733075004043	0.0165486726273881
0.4860918801468529	0.0167141593536619
0.4861104555995443	0.0168813009471986
0.4861290339153706	0.0170501139566704
0.4861476151501654	0.0172206150962370
0.4861661993594538	0.0173928212471996
0.4861847865990088	0.0175667494596716
0.4862033769251881	0.0177424169542683
0.4862219703952891	0.0179198411238113
0.4862405670679054	0.0180990395350495
0.4862591669923981	0.0182800299304001
0.4862777701735814	0.0184628302297038
0.4862963766247553	0.0186474585320010
0.4863149863674593	0.0188339331173212
0.4863335994309210	0.0190222724484944
0.4863522158506657	0.0192124951729794
0.4863708356645858	0.0194046201247091
0.4863894589133531	0.0195986663259564
0.4864080856408377	0.0197946529892160
0.4864267158945235	0.0199925995191079
0.4864453497259017	0.0201925255142989
0.4864639869982650	0.0203944507694422
0.4864826271030817	0.0205983952771363
0.4865012701562703	0.0208043792299080
0.4865199162711222	0.0210124230222073
0.4865385655591529	0.0212225472524293
0.4865572181372630	0.0214347727249535
0.4865758741184394	0.0216491204522029
0.4865945236537061	0.0218656116567251
0.4866131745508994	0.0220842677732926
0.4866318293199220	0.0223051104510254
0.4866504879822057	0.0225281615555353
0.4866691505654075	0.0227534431710909
0.4866878171056045	0.0229809776028015
0.4867064876472471	0.0232107873788296
0.4867251622431731	0.0234428952526177
0.4867438409543987	0.0236773242051435
0.4867625238497904	0.0239140974471950
0.4867812110001509	0.0241532384216668
0.4867999024786281	0.0243947708058833
0.4868185983614946	0.0246387185139421
0.4868372987288939	0.0248851056990816
0.4868560036654128	0.0251339567560722
0.4868747132603158	0.0253852963236332
0.4868934276078302	0.0256391492868698
0.4869121468075011	0.0258955407797384
0.4869308709127253	0.0261544961875359
0.4869495999482984	0.0264160411494109
0.4869683339479469	0.0266802015609051
0.4869870729547040	0.0269470035765143
0.4870058170209051	0.0272164736122791
0.4870245657020208	0.0274886383484018
0.4870433184237972	0.0277635247318858
0.4870620753344079	0.0280411599792050
0.4870808365861322	0.0283215715789970
0.4870996023357559	0.0286047872947867
0.4871183727395879	0.0288908351677345
0.4871371479523192	0.0291797435194116
0.4871559281284356	0.0294715409546054
0.4871747134235817	0.0297662563641511
0.4871935039856409	0.0300639189277930
0.4872122988264073	0.0303645581170712
0.4872310977702123	0.0306682036982422
0.4872499021831125	0.0309748857352247
0.4872687121656112	0.0312846345925772
0.4872875278238840	0.0315974809385034
0.4873063492709757	0.0319134557478887
0.4873251766275641	0.0322325903053681
0.4873440100224414	0.0325549162084220
0.4873628495930974	0.0328804653705058
0.4873816954863625	0.0332092700242110
0.4874005478532892	0.0335413627244530
0.4874194068214306	0.0338767763516974
0.4874382723607719	0.0342155441152139
0.4874571359139798	0.0345576995563656
0.4874759928651677	0.0349032765519292
0.4874948556590540	0.0352523093174486
0.4875137244393261	0.0356048324106227
0.4875325993612725	0.0359608807347290
0.4875514805923634	0.0363204895420765
0.4875703683101352	0.0366836944374977
0.4875892626948287	0.0370505313818732
0.4876081639311631	0.0374210366956916
0.4876270722100770	0.0377952470626482
0.4876459877302063	0.0381731995332744
0.4876649106188741	0.0385549315286074
0.4876838409664174	0.0389404808438935
0.4877027788849915	0.0393298856523321
0.4877217244990751	0.0397231845088559
0.4877406779469254	0.0401204163539445
0.4877596393816035	0.0405216205174843
0.4877786089715042	0.0409268367226594
0.4877975869010466	0.0413361050898857
0.4878165720384804	0.0417494661407848
0.4878355640924352	0.0421669608021921
0.4878545633832286	0.0425886304102139
0.4878735700941601	0.0430145167143162
0.4878925844132210	0.0434446618814596
0.4879116065459271	0.0438791085002739
0.4879306367161583	0.0443178995852764
0.4879496751664461	0.0447610785811287
0.4879687221460066	0.0452086893669394
0.4879877779127406	0.0456607762606082
0.4880068427353446	0.0461173840232143
0.4880259168785305	0.0465785578634471
0.4880450004711701	0.0470443434420812
0.4880640776502773	0.0475147868765025
0.4880831518740827	0.0479899347452679
0.4881022365010023	0.0484698340927211
0.4881213314776738	0.0489545324336484
0.4881404349651452	0.0494440777579844
0.4881595472996536	0.0499385185355642
0.4881786688313904	0.0504379037209192
0.4881977999257643	0.0509422827581280
0.4882169409513254	0.0514517055857090
0.4882360921060498	0.0519662226415660
0.4882552536057235	0.0524858848679809
0.4882744256943166	0.0530107437166610
0.4882936086444228	0.0535408511538279
0.4883128026099989	0.0540762596653658
0.4883320037493133	0.0546170222620198
0.4883512166364487	0.0551631924846405
0.4883704415449659	0.0557148244094876
0.4883896770309969	0.0562719726535825
0.4884089225113106	0.0568346923801185
0.4884281783636783	0.0574030393039199
0.4884474449858870	0.0579770696969585
0.4884667227912478	0.0585568403939274
0.4884860122118425	0.0591424087978666
0.4885053137010139	0.0597338328858460
0.4885246145325814	0.0603311712147039
0.4885439042096092	0.0609344829268516
0.4885632074103991	0.0615438277561201
0.4885825243878005	0.0621592660336815
0.4886018554330432	0.0627808586940182
0.4886212008771356	0.0634086672809592
0.4886405589861673	0.0640427539537684
0.4886599293094940	0.0646831814933057
0.4886793124333222	0.0653300133082380
0.4886987087792223	0.0659833134413195
0.4887181187096721	0.0666431465757333
0.4887375426399481	0.0673095780414916
0.4887569810392806	0.0679826738219056
0.4887764344003157	0.0686625005601256
0.4887959032431132	0.0693491255657262
0.4888153879895752	0.0700426168213829
0.4888348889625668	0.0707430429895974
0.4888544032151050	0.0714504734194935
0.4888739313339382	0.0721649781536879
0.4888934739498261	0.0728866279352246
0.4889129928569677	0.0736154942145766
0.4889325214768006	0.0743516491567218
0.4889520668857694	0.0750951656482889
0.4889716295644062	0.0758461173047725
0.4889912099261777	0.0766045784778199
0.4890108084350926	0.0773706242625977
0.4890304192846286	0.0781443305052238
0.4890500476586803	0.0789257738102755
0.4890696919109017	0.0797150315483773
0.4890893529081953	0.0805121818638600
0.4891090312176581	0.0813173036824977
0.4891287274599253	0.0821304767193227
0.4891484423124617	0.0829517814865161
0.4891681765136795	0.0837812993013807
0.4891879308356386	0.0846191122943936
0.4892077058566222	0.0854653034173379
0.4892274688141940	0.0863199564515101
0.4892472286632782	0.0871831560160241
0.4892670073502038	0.0880549875761848
0.4892868056886059	0.0889355374519471
0.4893066245457911	0.0898248928264675
0.4893264648309951	0.0907231417547327
0.4893463272678882	0.0916303731722790
0.4893662125006261	0.0925466769040023
0.4893861212668519	0.0934721436730417
0.4894060530949910	0.0944068651097720
0.4894260052736436	0.0953509337608710
0.4894459789844109	0.0963044430984785
0.4894659751340958	0.0972674875294635
0.4894859946125883	0.0982401624047573
0.4895060118412179	0.0992225640288047
0.4895260153731448	0.1002147896690918
0.4895460374420409	0.1012169375657830
0.4895660861915239	0.1022291069414407
0.4895861595458439	0.1032513980108556
0.4896062568539123	0.1042839119909629
0.4896263792121821	0.1053267511108725
0.4896465277921835	0.1063800186219814
0.4896667038523430	0.1074438188082010
0.4896869084045083	0.1085182569962818
0.4897071423549471	0.1096034395662436
0.4897274033210139	0.1106994739619057
0.4897476875771942	0.1118064687015245
0.4897679282985313	0.1129245333885409
0.4897881980533147	0.1140537787224268
0.4898084981588244	0.1151943165096523
0.4898288296800030	0.1163462596747473
0.4898491938012850	0.1175097222714935
0.4898695918365831	0.1186848194942094
0.4898900186788117	0.1198716676891531
0.4899104758713483	0.1210703843660463
0.4899309647717831	0.1222810882097071
0.4899514802945719	0.1235038990918037
0.4899720249018336	0.1247389380827216
0.4899925204423821	0.1259863274635478
0.4900130516040365	0.1272461907381832
0.4900336170102622	0.1285186526455650
0.4900542162384159	0.1298038391720200
0.4900748509996730	0.1311018775637414
0.4900955231541048	0.1324128963393804
0.4901162344602298	0.1337370253027751
0.4901369863620372	0.1350743955558026
0.4901577743451381	0.1364251395113610
0.4901785988813879	0.1377893909064736
0.4901993693005054	0.1391672848155385
0.4902201775266398	0.1405589576636932
0.4902410285583319	0.1419645472403313
0.4902619240948293	0.1433841927127362
0.4902828643059927	0.1448180346398629
0.4903038318085997	0.1462662149862604
0.4903248390768915	0.1477288771361233
0.4903458906513513	0.1492061659074855
0.4903669886405568	0.1506982275665589
0.4903880385926642	0.1522052098422259
0.4904091248293312	0.1537272619406486
0.4904302562123871	0.1552645345600563
0.4904514342705610	0.1568171799056584
0.4904726613590642	0.1583853517047156
0.4904939400496018	0.1599692052217634
0.4905152731616443	0.1615688972739820
0.4905366549590288	0.1631845862467232
0.4905580307066695	0.1648164321091914
0.4905793947787543	0.1664645964302855
0.4906007989049744	0.1681292423945875
0.4906222576033846	0.1698105348185344
0.4906437767488905	0.1715086401667195
0.4906653489553794	0.1732237265683864
0.4906869767656490	0.1749559638340692
0.4907086636855552	0.1767055234724106
0.4907303165939126	0.1784725787071368
0.4907519942441863	0.1802573044942060
0.4907737371174401	0.1820598775391473
0.4907955397209743	0.1838804763145399
0.4908174059450204	0.1857192810776857
0.4908393397420142	0.1875764738884622
0.4908613284542530	0.1894522386273491
0.4908833043563189	0.1913467610136224
0.4909052724949447	0.1932602286237579
0.4909273093219567	0.1951928309099959
0.4909494193259716	0.1971447592190981
0.4909716060918005	0.1991162068112914
0.4909938670015979	0.2011073688794024
0.4910161994008598	0.2031184425681947
0.4910384959476440	0.2051496269938783
0.4910608221772188	0.2072011232638178
0.4910832315381620	0.2092731344964576
0.4911056997149055	0.2113658658414225
0.4911282461649752	0.2134795244998375
0.4911508766669633	0.2156143197448336
0.4911735349538994	0.2177704629422840
0.4911961647922671	0.2199481675717070
0.4912188873399362	0.2221476492474229
0.4912416968901311	0.2243691257398971
0.4912645996067130	0.2266128169972947
0.4912876008696600	0.2288789451672696
0.4913106148722438	0.2311677346189430
0.4913335864378031	0.2334794119651299
0.4913566549067366	0.2358142060847822
0.4913798270351168	0.2381723481456278
0.4914031088786742	0.2405540716270844
0.4914264939584044	0.2429596123433523
0.4914498542228241	0.2453892084667864
0.4914732444993266	0.2478431005514545
0.4914967482342195	0.2503215315569718
0.4915203421033103	0.2528247468725423
0.4915440457300030	0.2553529943412672
0.4915678218597827	0.2579065242846804
0.4915915371673691	0.2604855895275255
0.4916153838812249	0.2630904454228015
0.4916393585241129	0.2657213498770289
0.4916634589318129	0.2683785633757977
0.4916876653555441	0.2710623490095572
0.4917117465884547	0.2737729724996550
0.4917359750788954	0.2765107022246543
0.4917603373434843	0.2792758092468987
0.4917848442550400	0.2820685673393660
0.4918094689354947	0.2848892530127592
0.4918340117759232	0.2877381455428887
0.4918586898615029	0.2906155269983177
0.4918834925112410	0.2935216822682998
0.4919084623547795	0.2964568990909820
0.4919334777052448	0.2994214680818947
0.4919584892795824	0.3024156827627155
0.4919836687250736	0.3054398395903443
0.4920090293637465	0.3084942379862493
0.4920345256581830	0.3115791803661120
0.4920599235062812	0.3146949721697707
0.4920854657747911	0.3178419218914658
0.4921112048104153	0.3210203411103799
0.4921371490416699	0.3242305445214848
0.4921631168469263	0.3274728499666996
0.4921890633270359	0.3307475784663698
0.4922152211524957	0.3340550542510350
0.4922416048395583	0.3373956047935467
0.4922680900026113	0.3407695608414825
0.4922945448004966	0.3441772564498946
0.4923212128159744	0.3476190290143932
0.4923480851575214	0.3510952193045340
0.4923750931526449	0.3546061714975786
0.4924020522623018	0.3581522332125545
0.4924292754890288	0.3617337555446795
0.4924567529402252	0.3653510931001225
0.4924842896443565	0.3690046040311251
0.4925118153703054	0.3726946500714399
0.4925396339068082	0.3764215965721522
0.4925677477739780	0.3801858125378737
0.4925958733709055	0.3839876706632547
0.4926240375946101	0.3878275473698848
0.4926525283582791	0.3917058228435863
0.4926813391527740	0.3956228810720193
0.4927100511466064	0.3995791098827401
0.4927389563308393	0.4035749009815673
0.4927682133984586	0.4076106499913835
0.4927976603842704	0.4116867564912960
0.4928270969946799	0.4158036240562060
0.4928568592911807	0.4199616602967648
0.4928869788219571	0.4241612768997322
0.4929170123618744	0.4284028896687280
0.4929473567148325	0.4326869185654122
0.4929780772668880	0.4370137877510648
0.4930088953759437	0.4413839256285772
0.4930398239515449	0.4457977648848667
0.4930712159197812	0.4502557425337155
0.4931028902118494	0.4547582999590550
0.4931344731755429	0.4593058829586446
0.4931665431192941	0.4638989417882271
0.4931991351613200	0.4685379312061074
0.4932314398113704	0.4732233105181659
0.4932642796932561	0.4779555436233458
0.4932976888504955	0.4827350990595786
0.4933309388781900	0.4875624500501746
0.4933646381059153	0.4924380745506758
0.4933989528205869	0.4973624552961854
0.4934332018475719	0.5023360798491510
0.4934678234365166	0.5073594406476402
0.4935031622240570	0.5124330350541125
0.4935384453982097	0.5175573654046544
0.4935741245895234	0.5227329390587016
0.4936106327186406	0.5279602684492873
0.4936469887573289	0.5332398711337794
0.4936838688440784	0.5385722698451164
0.4937216546611123	0.5439579925435639
0.4937591315828952	0.5493975724689970
0.4937974029993169	0.5548915481936869
0.4938364461939910	0.5604404636756201
0.4938753084220739	0.5660448683123763
0.4939151871223544	0.5717053169954974
0.4939555598036490	0.5774223701654517
0.4939960251202468	0.5831965938671093
0.4940377515967863	0.5890285598057832
0.4940794393201858	0.5949188454038419
0.4941218713987514	0.6008680338578765
0.4941655117254620	0.6068767141964558
0.4942087906205942	0.6129454813384196
0.4942535503950515	0.6190749361518053
0.4942987034115289	0.6252656855133258
0.4943444690606242	0.6315183423684601
0.4943917078705354	0.6378335257921444
0.4944387772630735	0.6442118610500666
0.4944872769424221	0.6506539796605684
0.4945366987767187	0.6571605194571731
0.4945867211421181	0.6637321246517460
0.4946384531813544	0.6703694458982600
0.4946901838795617	0.6770731403572434
0.4947436911079930	0.6838438717608150
0.4947983072417433	0.6906823104784221
0.4948536049359064	0.6975891335832036
0.4949114148772388	0.7045650249190377
0.4949688595072159	0.7116106751682272
0.4950289085572486	0.7187267819199060
0.4950900692489924	0.7259140497391074
0.4951526546905171	0.7331731902364992
0.4952179481477019	0.7405049221388660
0.4952835119777135	0.7479099713602556
0.4953530033469239	0.7553890710738550
0.4954224589013471	0.7629429617845944
0.4954957484057174	0.7705723914024428
0.4955706735182119	0.7782781153164683
0.4956484569947439	0.7860608964696342
0.4957294579185672	0.7939215054343304
0.4958131064706511	0.8018607204886723
0.4959017367049287	0.8098793276935596
0.4959907838725419	0.8179781209704967
0.4960887570789279	0.8261579021801997
0.4961864572339240	0.8344194812019995
0.4962920530042884	0.8427636760140176
0.4964004929053556	0.8511913127741582
0.4965176162218548	0.8597032259018991
0.4966411094121066	0.8683002581609160
0.4967713825161015	0.8769832607425232
0.4969136412794534	0.8857530933499467
0.4970639456134448	0.8946106242834462
0.4972328664541993	0.9035567305262788
0.4974099551923206	0.9125922978315423
0.4976151087492870	0.9217182208098581
0.4978015770607110	0.9301563781367778
0.4980468413106684	0.9394579419181445
0.4983062516502377	0.9475511355107107
0.4986169083070460	0.9570266468658171
0.4986552412704587	0.9540394532927773
0.4988876715944235	0.9635798478257044
0.4994017998508217	0.9732156463039608
0.5000272870541658	0.9816880843734682
0.5000375721688481	0.9871636135286492
0.5004144484987870	0.9893045878953338
0.5008195488884403	0.9883181328671580
0.5009815036222602	0.9830754424037206
0.5015584764544123	0.9927451556158665
0.5019794124513081	0.9949264691304400
0.5047104019105493	0.9965983776624425
0.5052788610180731	0.9987477250841436
0.5060659280063967	0.9994172279488205
0.5123791996552517	0.9998266570303846
0.5158716063801442	0.9999101144627029
0.5205133739452283	0.9999706174223909
0.5223994088053141	0.9999870551571964
0.5266615530155364	0.9999963766860389
0.5300179056829799	0.9999981279304796
0.5374205408766466	0.9999993886573098
0.5393181233012410	0.9999997175035725
0.5461959307203998	0.9999999132154767
0.5498004531067789	0.9999999605998383
0.5566182519204615	0.9999999881627940
0.5601545057026418	0.9999999946241263
0.5667310884333329	0.9999999983984909
0.5699829008359644	0.9999999992712687
0.5765506131689498	0.9999999997833113
0.5795916409466888	0.9999999999010597
0.5861239778227391	0.9999999999705146
0.5889253919717599	0.9999999999865037
0.5954791955205638	0.9999999999959674
0.5981551464023006	0.9999999999981521
0.6047695532485629	0.9999999999994469
0.6074286997652365	0.9999999999997463
0.6140857407057962	0.9999999999999243
0.6167867755486716	0.9999999999999654
0.6235627545835062	0.9999999999999897
0.6262436643009425	0.9999999999999951
0.6327615614977766	0.9999999999999987
0.6359752060220136	0.9999999999999994
0.6386462621194777	0.9999999999999994
0.6444361171919415	1.0099999999999993
0.6448590295271038	1.0014486808994294
0.6465969978454585	1.0003838197542516
0.6649811298949655	1.0000846095419804
0.6720863531893034	1.0000257582336949
0.6725357061022272	1.0000177764248190
0.6886182514221120	1.0000068760426692
0.6905568533219394	1.0000054642981180
0.6938495829319508	1.0000052817548883
0.7132607550786654	0.9999900559477353
0.7157771001616384	0.9999880872673549
0.7182656052252003	0.9999878327558492
0.7416562588392782	0.9999687279863723
0.7416886594718848	0.9999662581482032
0.7627116293785158	0.9999650245531760
0.7683409919595690	0.9999655290959697
0.7949866420087678	0.9998469095142877
0.8675044836892345	0.9999599918447756
0.8890577777998204	0.9999616852098259
0.8892794921510048	0.9999621510382756
0.9052889437746123	0.9999949518334502
0.9053341560796550	0.9999991910778883
0.9274057500167513	1.0000004577967492
0.9276032568920822	1.0000006215270079
0.9384482085446532	1.0000006426903580
0.9578304626861143	1.0000006748934580
0.9582345502821976	1.0000006790560041
0.9750588324031455	1.0000006795940526
0.9938772264386433	1.0000006804572881
0.9943892422274464	1.0000006805688690
1.0104742618903801	1.0000006805832924
1.0289125298981614	1.0000006806043049
1.0295716171523248	1.0000006806094959
1.0387112921785877	1.0000006806101671
1.0514102663888309	1.0000006806110227
1.0600856979606954	1.0000006806112329
1.0703906263716678	1.0000006806112598
1.0820160926454185	1.0000006806112947
1.1015419034496687	1.0000006806112989
1.1143837156533787	1.0000006806112989
1.1566703780284755	1.0100006874174119
1.1570380971800669	1.0001658177709096
1.1862039312146684	0.9998545833829571
1.2359643252440797	0.9999971228117939
1.5799132628594230	0.9999966737003184
1.5991480397493334	0.9999990636472863
1.6468970461828960	0.9999990595599665
1.8858351494401149	1.0000497163975990
1.9613417485761333	1.0001075438724587
1.9616248299040548	1.0001150130528214
1.9735288048095898	1.0000237594518215
2.0232898904079977	0.9994088557221056
2.0270201265131416	0.9999236196298551
2.0544161013929823	0.9999848380119645
2.1709687192027474	0.9999927252057293
2.2050081328003062	0.9999936619738866
2.2580377104261671	0.9999989679140019
2.2581749654983150	0.9999996537403105
2.2693240567427084	0.9999999039448598
2.2710418202741516	0.9999999669919610
2.2792596203882680	0.9999999906267456
2.2826402986430825	0.9999999967282085
2.2911680004735575	0.9999999990386597
2.2949371564735639	0.9999999996397004
2.3035701247460105	0.9999999998682083
2.3074932607634286	0.9999999999278431
2.3161889180508628	0.9999999999505548
2.3201958180738318	0.9999999999564900
2.3289297933223749	0.9999999999587523
2.3329823447133724	0.9999999999593437
2.3417421263140019	0.9999999999595689
2.3458164790804705	0.9999999999596283
2.3545031484613257	0.9999999999596509
2.3587574676814933	0.9999999999596568
2.3683307726908258	0.9999999999596586
2.3711147507544839	0.9999999999596595
2.3742669257128175	0.9999999999596595
2.3782724225749678	1.0099999999592562
2.3786953349101778	1.0014486808594698
2.3804343886835633	1.0003843588653925
2.3988278587918694	1.0000843742293768
2.4060394166174670	1.0000257096649203
2.4064864415772367	1.0000177519341200
2.4224682608103376	1.0000068869372090
2.4244070900615307	1.0000054797752356
2.4277063869344415	1.0000052978247933
2.4471176105271035	0.9999900057912597
2.4496337685329688	0.9999880285451390
2.4521223160498513	0.9999877729261125
2.4754440214100439	0.9999685948184265
2.4754764384797641	0.9999661154977427
2.4964131423445814	0.9999646672911974
2.5012267454734598	0.9999652998436659
2.5282435199011513	0.9998465298874105
2.6009650536210440	0.9999592906517750
2.6226921480922876	0.9999609691769455
2.6227973131390594	0.9999614309267970
2.6304246639087645	0.9999615222892855
2.6384387772685742	0.9999615474358301
2.6496275127765401	0.9999930422366621
2.6496302078974812	0.9999971127496529
2.6714404771855000	0.9999976385761207
2.6866593274789081	0.9999981358510270
2.6896410916766693	0.9999982001244255
2.7114603075102472	0.9999982084272788
2.7332794133248113	0.9999982095004334
2.7550863095164964	0.9999982096391403
2.7768906144792900	0.9999982096570696
2.8310427906242821	0.9999985090670677
2.8310846614328433	0.9999985482736607
2.8436908825494758	0.9999985591381280
2.8469685285938344	0.9999985612917364
2.8565715771490368	0.9999985620451575
2.8591976899695775	0.9999985622039491
2.8698201835268100	0.9999985622566159
2.8719392286206422	0.9999985622701401
2.8781315236442970	0.9999987101085237
2.8781315531536928	0.9999987292181890
2.8820272962547158	0.9999987783598231
2.8920304465739330	0.9999987847118628
2.9008232366897637	0.9999987888411456
2.9021450725535791	0.9999987901959670
2.9266326934673295	0.9999987915704364
2.9310981219705052	0.9999987918222901
2.9491377627357354	0.9999987919078019
2.9575786814308227	0.9999987919209485
2.9732404122063367	0.9999987919245669
2.9776356468694085	0.9999987919252826
2.9851912826083606	0.9999987919253752
2.9988763432598895	0.9999987919254932
3.0058348863153332	0.9999987919255219
3.0228920456404360	0.9999987919255299
3.0305689536048805	0.9999987919255314
3.0351087677751538	0.9999987919255318
3.0467816611763241	0.9999987919255320
3.0499969141032865	0.9999987919255320
3.3462598238064665	0.9799988160870243
3.3462598238064665	0.9926065921091859
3.3462598238065664	0.9991305336431019
3.3587108693610177	0.9998752877362205
3.3822063188800624	0.9999705762401487
3.4241684092848543	0.9999964727513547
3.4979325547181266	0.9999989381633716
3.5133388067734774	0.9999993125106874
3.5628859821026637	0.9999993604465618
3.5739354986259819	0.9999993666427034
3.6089964375058323	0.9999993756553476
3.6276947752104984	0.9999993776210145
3.6347951022232161	0.9999993778750970
3.7133939864814209	0.9999993781424715
3.7148651786944282	0.9999993781770323
3.7187006229873343	0.9999993781814996
3.7422636889117453	0.9999993781820772
3.7686377187891504	0.9999993781821519
3.8114637309094324	1.0000059846592440
3.8139594818480083	1.0000069632248227
3.8330023022804878	1.0000070896069895
3.8451567237961286	1.0000071291765882
3.8635800473432043	1.0000071342892141
3.8910493214223711	1.0000071358896070
3.8970519003355113	1.0000354999486845
4.1887165908621808	1.0000186158639752
4.2456133406384824	1.0000135658041747
4.4784742194291036	1.0000069011045372
4.4805107549049383	1.0000060392699732
4.5029874250771984	1.0000024065342279
4.5036554183479947	1.0000019369515170
4.5370163769100538	1.0000018076896773
4.5472504161338172	1.0000017909800036
4.5806096614155800	1.0000017863799833
4.5908454150968296	1.0000017857853720
4.6242103354348698	1.0000017856217216
4.6344497480868556	1.0000017856005683
4.6678140455414878	1.0000017855947458
4.6780516601238666	1.0000017855939936
4.7114516807170803	1.0000017855937866
4.7215735258809692	1.0000017855937597
4.7543510835767426	1.0000017855937522
4.7658254574570762	1.0000017855937513
4.7905531371802930	1.0000017855937511
4.7912266543408393	1.0000017855937509
5.4485826429053503	0.9988033520859315
5.4506955978226248	0.9996757415788285
5.4570592571025935	0.9997994088520173
5.4696970251361368	0.9998227343425991
5.4707700894686777	0.9999714917420630
5.4949699143070410	0.9999910323843548
5.5166741968308068	0.9999935570421792
5.5343154087466004	0.9999964046893994
5.5466632981205546	0.9999990594623340
5.6450150719278041	1.0000016152973601
5.6904022648113477	1.0000017061902513
5.7385879671880895	1.0000017094237823
5.7935594367280840	1.0000017095388205
5.8523474986920130	1.0000017095429132
8.0627031518921797	1.0043534658365720
8.0634095395739589	1.0002460073304815
8.0652322220375972	1.0002768946471328
8.0819389556964403	1.0000538951873503
8.0940579267406303	1.0000377319542850
8.1080796243432687	1.0000360824183687
8.1232198067912353	1.0000358544811747
8.1405224204168896	1.0000358180958535
8.1586797847839190	1.0000358119997446
8.1649193009230210	1.0000098263298063
8.1674157460841208	1.0000060328508245
8.1863906391049088	1.0000058853094729
8.1867199615484427	1.0000053761949448
8.1902359163038057	1.0000052964247717
8.2081590788224261	1.0000052822769061
8.2146536694756627	1.0000052802117958
8.2286034665504140	1.0000052799984460
8.2292888660974786	1.0000052797039287
8.2350844369847049	1.0000052796573746
8.2486595622594674	1.0000052796475072
8.2521691456260715	1.0000052796402144
8.2608486263901337	1.0000052796389851
8.2691444909234519	1.0000052796385637
8.2754177196454606	1.0000052796383501
8.2868477048527520	1.0000052796383117
8.2886032477123130	1.0000052796382943
8.2983956886408166	1.0000052796382874
8.3091201362795619	1.0000052796382854
8.3121254768998831	1.0000052796382850
8.3162351233285836	0.9994461446929863
8.3162351233286067	0.9993736162152901
8.3373554090684205	0.9998694193233088
8.3573164991776974	0.9999042338258101
8.3724844650561518	0.9999728396702542
8.3761754009899949	0.9999852704357630
8.3919918882940543	0.9999856165598331
8.3960307386650221	0.9999863492911771
8.4187646777548508	0.9999880872709420
8.4216690007043518	0.9999884261228845
8.4539360338274179	0.9999884376387015
8.4565093830092692	0.9999987568921932
8.4594340604585945	1.0000002887978652
8.4784458410601147	1.0000005207876550
8.4975650856108675	1.0000005507421506
8.5076437791920316	1.0000005605691071
8.5252441215983481	1.0000005618392389
8.5378358303470279	1.0000005622514645
8.5549096298444880	1.0000005623047488
8.5626870296244864	1.0000007651394587
8.5651838650150651	1.0000007913576145
8.5760857802859309	1.0000007992081239
8.6080385998327191	1.0000007993962903
8.6456783816881302	1.0000007994011209
8.6768774726470408	1.0000007994013302
8.7013683648796167	1.0000921322984007
8.7068040947538687	1.0001034432398752
8.7296413775670114	1.0001050936384603
8.8425978928438642	0.9605009642781894
8.8425978928439637	0.9899040550334030
8.8429596529425751	1.0001347996148084
8.8550562408658084	0.9996374371629180
8.8726190523605482	1.0000197253498655
8.9542880171277197	1.0000087206510380
