0.0000000000000000	0.0000000000000000
0.4863596041747250	0.0000300000000000
0.4866192870285192	0.0000166781710549
0.4874662854718467	0.0000201739645866
0.4876040324310727	0.0000296837581712
0.4876582832184141	0.0000328443102692
0.4881397896244692	0.0000232008582014
0.4886179488553354	0.0000405716421555
0.4887773121826758	0.0000342310613130
0.4892015932479916	0.0000415289139775
0.4895961577567588	0.0000515289139775
0.4896267298960218	0.0000486227490577
0.4898788861332881	0.0000586227490577
0.4902389469296571	0.0000689536931594
0.4905281504426603	0.0000789536931594
0.4907615872823293	0.0000889536931594
0.4909865879173090	0.0001003126430927
0.4912090403781814	0.0001103126430927
0.4913743294893089	0.0001203126430927
0.4915309235772810	0.0001303126430927
0.4916734172302581	0.0001403126430927
0.4918089241334309	0.0001503126430927
0.4919339766874183	0.0001603126430927
0.4920523488871225	0.0001703126430927
0.4921631442601208	0.0001803126430927
0.4922697697429748	0.0001903126430927
0.4923687486139043	0.0002003126430927
0.4924640539579635	0.0002103126430927
0.4925534961837171	0.0002203126430927
0.4926400854938958	0.0002303126430927
0.4927216389436399	0.0002403126430927
0.4928003236987424	0.0002503126430927
0.4928752834576275	0.0002603126430927
0.4929473617121608	0.0002703126430927
0.4930167013357614	0.0002803126430927
0.4930833853922879	0.0002903126430927
0.4931479874964743	0.0003003126430927
0.4932101703876839	0.0003103126430927
0.4932706189782652	0.0003203126430927
0.4933287151060162	0.0003303126430927
0.4933855161881038	0.0003403126430927
0.4934400852526973	0.0003503126430927
0.4934936465703004	0.0003603126430927
0.4935450604379934	0.0003703126430927
0.4935957346230795	0.0003803126430927
0.4936443804326588	0.0003903126430927
0.4936924643307590	0.0004003126430927
0.4937385944300494	0.0004103126430927
0.4937843368472458	0.0004203126430927
0.4938281101740416	0.0004303126430927
0.4938716995826219	0.0004403126430927
0.4939134426353446	0.0004503126430927
0.4939550454786329	0.0004603126430927
0.4939950008717624	0.0004703126430927
0.4940347679371946	0.0004803126430927
0.4940731104660319	0.0004903126430927
0.4941111714975307	0.0005003126430927
0.4941480327532801	0.0005103126430927
0.4941845622985545	0.0005203126430927
0.4942200475637942	0.0005303126430927
0.4942551213904360	0.0005403126430927
0.4942893293911035	0.0005503126430927
0.4943230490951380	0.0005603126430927
0.4943559731372086	0.0005703126430927
0.4943884338305908	0.0005803126430927
0.4944203106037944	0.0005903126430927
0.4944516930680660	0.0006003126430927
0.4944824348580171	0.0006103126430927
0.4945127075820723	0.0006203126430927
0.4945425719016359	0.0006303126430927
0.4945717981221461	0.0006403126430927
0.4946007790334875	0.0006503126430927
0.4946290451460285	0.0006603126430927
0.4946571427414220	0.0006703126430927
0.4946845769738201	0.0006803126430927
0.4947118669555122	0.0006903126430927
0.4947384556030072	0.0007003126430927
0.4947650187886364	0.0007103126430927
0.4947908147486546	0.0007203126430927
0.4948166242204374	0.0007303126430927
0.4948417428069823	0.0007403126430927
0.4948668000951198	0.0007503126430927
0.4948913165844408	0.0007603126430927
0.4949156651052855	0.0007703126430927
0.4949394871495468	0.0007803126430927
0.4949632769574156	0.0007903126430927
0.4949865462993759	0.0008003126430927
0.4950096277045777	0.0008103126430927
0.4950323316998104	0.0008203126430927
0.4950549175068708	0.0008303126430927
0.4950771211074024	0.0008403126430927
0.4950990624169384	0.0008503126430927
0.4951207126279448	0.0008603126430927
0.4951421806541541	0.0008703126430928
0.4951633887568404	0.0008803126430928
0.4951843828188865	0.0008903126430927
0.4952051285251217	0.0009003126430927
0.4952255736930208	0.0009103126430927
0.4952458358090153	0.0009203126430928
0.4952658451856372	0.0009303126430927
0.4952857002855233	0.0009403126430927
0.4953052820748718	0.0009503126430927
0.4953247391232325	0.0009603126430927
0.4953439065732764	0.0009703126430927
0.4953629761046724	0.0009803126430927
0.4953817389471671	0.0009903126430927
0.4954004330246429	0.0010003126430927
0.4954188098058124	0.0010103157695237
0.4954371473685023	0.0010204189272189
0.4954553396124435	0.0010306231164911
0.4954736798133275	0.0010409293476560
0.4954918892476955	0.0010513386411326
0.4955102104601469	0.0010618520275439
0.4955284533716515	0.0010724705478193
0.4955467578704773	0.0010831952532975
0.4955650392929414	0.0010940272058305
0.4955833178770714	0.0011049674778888
0.4956016428542788	0.0011160171526677
0.4956198993962530	0.0011271773241943
0.4956382482985890	0.0011384490974363
0.4956564983101776	0.0011498335884106
0.4956748167442037	0.0011613319242947
0.4956931252231432	0.0011729452435377
0.4957114055648274	0.0011846746959731
0.4957297632077547	0.0011965214429328
0.4957480252461671	0.0012084866573621
0.4957663402913171	0.0012205715239357
0.4957846744058069	0.0012327772391750
0.4958029530834164	0.0012451050115668
0.4958212876561804	0.0012575560616825
0.4958396017199065	0.0012701316222993
0.4958578968221257	0.0012828329385223
0.4958762389156009	0.0012956612679075
0.4958945491462147	0.0013086178805866
0.4959128504814656	0.0013217040593924
0.4959311913536840	0.0013349210999864
0.4959495131185960	0.0013482703109862
0.4959678130836960	0.0013617530140961
0.4959861464142418	0.0013753705442370
0.4960044941861237	0.0013891242496794
0.4960227877043731	0.0014030154921762
0.4960411095195356	0.0014170456470980
0.4960594563262850	0.0014312161035689
0.4960777806770812	0.0014455282646046
0.4960960887433469	0.0014599835472507
0.4961144176440114	0.0014745833827232
0.4961327650296419	0.0014893292165504
0.4961510945263405	0.0015042225087159
0.4961694057213493	0.0015192647338031
0.4961877329332475	0.0015344573811411
0.4962060727411848	0.0015498019549525
0.4962244243800255	0.0015652999745020
0.4962427428714069	0.0015809529742470
0.4962610627110672	0.0015967625039894
0.4962793931651183	0.0016127301290293
0.4962977308218398	0.0016288574303196
0.4963160761194610	0.0016451460046228
0.4963344256516679	0.0016615974646690
0.4963527459388625	0.0016782134393157
0.4963710729635178	0.0016949955737089
0.4963894040304093	0.0017119455294460
0.4964077403326522	0.0017290649847404
0.4964260788384130	0.0017463556345878
0.4964444206603515	0.0017638191909337
0.4964627634213607	0.0017814573828430
0.4964811080482845	0.0017992719566715
0.4964994526965406	0.0018172646762382
0.4965177909414799	0.0018354373230006
0.4965361259509804	0.0018537916962306
0.4965544623337428	0.0018723296131929
0.4965728005964859	0.0018910529093248
0.4965911398387604	0.0019099634384181
0.4966094803867878	0.0019290630728022
0.4966278217656160	0.0019483537035303
0.4966461639012467	0.0019678372405656
0.4966645055921513	0.0019875156129713
0.4966828469251140	0.0020073907691010
0.4967011881106393	0.0020274646767920
0.4967195289545935	0.0020477393235600
0.4967378699816369	0.0020682167167955
0.4967562105472757	0.0020888988839635
0.4967745516661228	0.0021097878728032
0.4967928922355340	0.0021308857515312
0.4968112332769440	0.0021521946090465
0.4968295740675930	0.0021737165551370
0.4968479151292151	0.0021954537206884
0.4968662564409940	0.0022174082578952
0.4968845977285588	0.0022395823404742
0.4969029398001220	0.0022619781638789
0.4969212815946739	0.0022845979455177
0.4969396238513566	0.0023074439249728
0.4969579664314029	0.0023305183642225
0.4969763091608638	0.0023538235478648
0.4969946526467380	0.0023773617833434
0.4970129961472717	0.0024011354011768
0.4970313400535376	0.0024251467551886
0.4970496847099963	0.0024493982227405
0.4970680293883832	0.0024738922049679
0.4970863745990403	0.0024986311270175
0.4971047204830146	0.0025236174382877
0.4971230665058302	0.0025488536126706
0.4971414130914833	0.0025743421487973
0.4971597604145462	0.0026000855702853
0.4971781079067342	0.0026260864259881
0.4971964559232476	0.0026523472902480
0.4972148047571131	0.0026788707631504
0.4972331538513436	0.0027056594707819
0.4972515033830691	0.0027327160654897
0.4972698536046873	0.0027600432261446
0.4972882044812599	0.0027876436584061
0.4973065556769670	0.0028155200949902
0.4973249074139710	0.0028436752959401
0.4973432598702128	0.0028721120488995
0.4973616129699950	0.0029008331693885
0.4973799664508000	0.0029298415010824
0.4973983204705684	0.0029591399160933
0.4974166751688279	0.0029887313152542
0.4974350306445524	0.0030186186284068
0.4974533865845130	0.0030488048146908
0.4974717430118842	0.0030792928628378
0.4974901000194458	0.0031100857914661
0.4975084576964641	0.0031411866493808
0.4975268160953527	0.0031725985158746
0.4975451751803285	0.0032043245010333
0.4975635347489291	0.0032363677460436
0.4975818948580649	0.0032687314235041
0.4976002555715849	0.0033014187377391
0.4976186169192309	0.0033344329251165
0.4976369789412604	0.0033677772543676
0.4976553416498432	0.0034014550269113
0.4976737050663098	0.0034354695771804
0.4976920691908575	0.0034698242729522
0.4977104338798157	0.0035045225156818
0.4977287991629760	0.0035395677408386
0.4977471650573672	0.0035749634182470
0.4977655315849501	0.0036107130524295
0.4977838987559486	0.0036468201829538
0.4978022665849964	0.0036832883847833
0.4978206350779796	0.0037201212686312
0.4978390042331962	0.0037573224813174
0.4978573740463911	0.0037948957061307
0.4978757445106980	0.0038328446631920
0.4978941156160203	0.0038711731098240
0.4979124873541866	0.0039098848409222
0.4979308597208076	0.0039489836893314
0.4979492327103874	0.0039884735262248
0.4979676063240683	0.0040283582614870
0.4979859805573155	0.0040686418441018
0.4980043554167957	0.0041093282625429
0.4980227308987873	0.0041504215451683
0.4980411070100755	0.0041919257606200
0.4980594837523917	0.0042338450182262
0.4980778611319609	0.0042761834684085
0.4980962391566593	0.0043189453030926
0.4981146178312262	0.0043621347561235
0.4981329971685397	0.0044057561036847
0.4981513771727996	0.0044498136647216
0.4981697578544801	0.0044943118013688
0.4981881392244076	0.0045392549193825
0.4982065212904910	0.0045846474685764
0.4982249040666018	0.0046304939432621
0.4982432875614071	0.0046767988826947
0.4982616717857596	0.0047235668715216
0.4982800567553487	0.0047708025402369
0.4982984424779417	0.0048185105656393
0.4983168289652244	0.0048666956712957
0.4983352162312156	0.0049153626280087
0.4983536042824158	0.0049645162542887
0.4983719931288212	0.0050141614168317
0.4983903827833116	0.0050643030309999
0.4984087732519238	0.0051149460613099
0.4984271645435700	0.0051660955219230
0.4984455566699176	0.0052177564771422
0.4984639496395617	0.0052699340419136
0.4984823434607445	0.0053226333823328
0.4985007381443655	0.0053758597161561
0.4985191337032971	0.0054296183133178
0.4985375301451341	0.0054839144964510
0.4985559274798675	0.0055387536414154
0.4985743257192811	0.0055941411778296
0.4985927248767551	0.0056500825896078
0.4986111249613778	0.0057065834155040
0.4986295259837997	0.0057636492496590
0.4986479279562974	0.0058212857421555
0.4986663308922809	0.0058794985995771
0.4986847345842073	0.0059382935855729
0.4987031390486223	0.0059976765214286
0.4987215445100241	0.0060576532866429
0.4987399509828890	0.0061182298195094
0.4987583584825975	0.0061794121177045
0.4987767670238090	0.0062412062388815
0.4987951766204127	0.0063036183012704
0.4988135872874458	0.0063666544842830
0.4988319990407395	0.0064303210291259
0.4988504118968620	0.0064946242394171
0.4988688258728603	0.0065595704818112
0.4988872409862486	0.0066251661866293
0.4989056572546656	0.0066914178484955
0.4989240746946074	0.0067583320269805
0.4989424931835915	0.0068259153472503
0.4989609125977646	0.0068941745007229
0.4989793329690061	0.0069631162457301
0.4989977543274675	0.0070327474081875
0.4990161767018346	0.0071030748822693
0.4990346001195605	0.0071741056310920
0.4990530246070788	0.0072458466874029
0.4990714501779555	0.0073183051542769
0.4990898768363536	0.0073914882058197
0.4991083045881760	0.0074654030878779
0.4991267334409916	0.0075400571187566
0.4991451634040547	0.0076154576899442
0.4991635944880792	0.0076916122668436
0.4991820267052168	0.0077685283895121
0.4992004600688459	0.0078462136734072
0.4992188945935904	0.0079246758101413
0.4992373302951776	0.0080039225682428
0.4992557671904468	0.0080839617939253
0.4992742052973005	0.0081648014118644
0.4992926446346778	0.0082464494259830
0.4993110852226009	0.0083289139202428
0.4993295270820968	0.0084122030594452
0.4993479702352706	0.0084963250900397
0.4993664147052638	0.0085812883409402
0.4993848605162456	0.0086671012243495
0.4994033076921819	0.0087537722365929
0.4994217562560629	0.0088413099589588
0.4994402062301692	0.0089297230585484
0.4994586537414530	0.0090190202891339
0.4994771016317740	0.0091092104920252
0.4994955510752101	0.0092003025969455
0.4995140020861649	0.0092923056229149
0.4995324546795347	0.0093852286791440
0.4995509088708804	0.0094790809659355
0.4995693646765090	0.0095738717755950
0.4995878221136059	0.0096696104933509
0.4996062812003885	0.0097663065982846
0.4996247419561909	0.0098639696642676
0.4996432044014102	0.0099626093609103
0.4996616685574836	0.0100622354545195
0.4996801344468666	0.0101628578090646
0.4996986020929875	0.0102644863871554
0.4997170715202873	0.0103671312510268
0.4997355427542755	0.0104708025635370
0.4997540158215573	0.0105755105891725
0.4997724907498700	0.0106812656950642
0.4997909675663201	0.0107880783520150
0.4998094462970438	0.0108959591355353
0.4998279269371529	0.0110049187268907
0.4998464094824057	0.0111149679141595
0.4998648939317682	0.0112261175933013
0.4998833802872710	0.0113383787692344
0.4999018685538998	0.0114517625569267
0.4999203587394932	0.0115662801824960
0.4999388508546670	0.0116819429843210
0.4999573449127732	0.0117987624141643
0.4999758409298755	0.0119167500383058
0.4999943389247403	0.0120359175386887
0.5000128389188451	0.0121562767140752
0.5000313409363283	0.0122778394812161
0.5000498450037797	0.0124006178760284
0.5000683511500955	0.0125246240547889
0.5000868594063743	0.0126498702953370
0.5001053698054628	0.0127763689982900
0.5001238823793681	0.0129041326882730
0.5001423971597105	0.0130331740151559
0.5001609141781435	0.0131635057553072
0.5001794334667352	0.0132951408128606
0.5001979550583204	0.0134280922209891
0.5002164789866742	0.0135623731431993
0.5002350048427074	0.0136979968746311
0.5002535325546026	0.0138349768433775
0.5002720621943583	0.0139733266118111
0.5002905938325390	0.0141130598779288
0.5003091275386274	0.0142541904767082
0.5003276633813681	0.0143967323814754
0.5003462014291075	0.0145406997052903
0.5003647417288728	0.0146861067023432
0.5003832843039319	0.0148329677693666
0.5004018291828451	0.0149812974470604
0.5004203763958590	0.0151311104215307
0.5004389259747185	0.0152824215257459
0.5004574779528690	0.0154352457410034
0.5004760323656677	0.0155895981984130
0.5004945892506054	0.0157454941803969
0.5005131486475363	0.0159029491222008
0.5005317105988939	0.0160619786134227
0.5005502751498089	0.0162225983995572
0.5005688423480253	0.0163848243835531
0.5005874122438784	0.0165486726273889
0.5006059848903269	0.0167141593536627
0.5006245603430183	0.0168813009471989
0.5006431386588446	0.0170501139566707
0.5006617198936394	0.0172206150962373
0.5006803041029277	0.0173928212471998
0.5006988913424827	0.0175667494596713
0.5007174816686620	0.0177424169542681
0.5007360751387629	0.0179198411238105
0.5007546718113792	0.0180990395350487
0.5007732717358719	0.0182800299303987
0.5007918749170552	0.0184628302297025
0.5008104813682291	0.0186474585319996
0.5008290911109331	0.0188339331173198
0.5008477041743948	0.0190222724484936
0.5008663205941396	0.0192124951729786
0.5008849404080596	0.0194046201247083
0.5009035636568269	0.0195986663259549
0.5009221903843115	0.0197946529892145
0.5009408206379974	0.0199925995191070
0.5009594544693756	0.0201925255142986
0.5009780917417389	0.0203944507694412
0.5009967318465556	0.0205983952771361
0.5010153748997441	0.0208043792299071
0.5010340210145960	0.0210124230222065
0.5010526703026268	0.0212225472524284
0.5010713228807369	0.0214347727249526
0.5010899788619133	0.0216491204522027
0.5011086283971801	0.0218656116567249
0.5011272792943733	0.0220842677732924
0.5011459340633960	0.0223051104510258
0.5011645927256797	0.0225281615555364
0.5011832553088815	0.0227534431710920
0.5012019218490786	0.0229809776028032
0.5012205923907211	0.0232107873788307
0.5012392669866471	0.0234428952526188
0.5012579456978727	0.0236773242051453
0.5012766285932645	0.0239140974471969
0.5012953157436250	0.0241532384216686
0.5013140072221022	0.0243947708058852
0.5013327031049687	0.0246387185139440
0.5013514034723680	0.0248851056990827
0.5013701084088868	0.0251339567560733
0.5013888180037899	0.0253852963236344
0.5014075323513042	0.0256391492868702
0.5014262515509751	0.0258955407797388
0.5014449756561993	0.0261544961875364
0.5014637046917724	0.0264160411494114
0.5014824386914208	0.0266802015609047
0.5015011776981779	0.0269470035765139
0.5015199217643791	0.0272164736122795
0.5015386704454948	0.0274886383484031
0.5015574231672713	0.0277635247318871
0.5015761800778820	0.0280411599792062
0.5015949413296062	0.0283215715789983
0.5016137070792299	0.0286047872947880
0.5016324774830619	0.0288908351677358
0.5016512526957932	0.0291797435194129
0.5016700328719097	0.0294715409546076
0.5016888181670558	0.0297662563641534
0.5017076087291149	0.0300639189277943
0.5017264035698813	0.0303645581170717
0.5017452025136863	0.0306682036982427
0.5017640069265864	0.0309748857352243
0.5017828169090851	0.0312846345925767
0.5018016325673579	0.0315974809385020
0.5018204540144495	0.0319134557478873
0.5018392813710379	0.0322325903053667
0.5018581147659152	0.0325549162084206
0.5018769543365713	0.0328804653705053
0.5018958002298364	0.0332092700242095
0.5019146525967630	0.0335413627244514
0.5019335115649045	0.0338767763516969
0.5019523771042458	0.0342155441152134
0.5019712406574538	0.0345576995563663
0.5019900976086417	0.0349032765519299
0.5020089604025280	0.0352523093174483
0.5020278291828000	0.0356048324106223
0.5020467041047464	0.0359608807347286
0.5020655853358372	0.0363204895420751
0.5020844730536090	0.0366836944374952
0.5021033674383024	0.0370505313818695
0.5021222686746368	0.0374210366956879
0.5021411769535508	0.0377952470626456
0.5021600924736802	0.0381731995332728
0.5021790153623480	0.0385549315286058
0.5021979457098912	0.0389404808438908
0.5022168836284654	0.0393298856523305
0.5022358292425489	0.0397231845088543
0.5022547826903992	0.0401204163539417
0.5022737441250773	0.0405216205174815
0.5022927137149780	0.0409268367226565
0.5023116916445205	0.0413361050898840
0.5023306767819542	0.0417494661407819
0.5023496688359090	0.0421669608021891
0.5023686681267024	0.0425886304102109
0.5023876748376339	0.0430145167143130
0.5024066891566947	0.0434446618814552
0.5024257112894008	0.0438791085002693
0.5024447414596320	0.0443178995852718
0.5024637799099199	0.0447610785811241
0.5024828268894804	0.0452086893669361
0.5025018826562144	0.0456607762606063
0.5025209474788184	0.0461173840232111
0.5025400216220043	0.0465785578634424
0.5025591052146439	0.0470443434420778
0.5025781823937511	0.0475147868764979
0.5025972566175564	0.0479899347452619
0.5026163412444760	0.0484698340927136
0.5026354362211474	0.0489545324336395
0.5026545397086188	0.0494440777579768
0.5026736520431272	0.0499385185355565
0.5026927735748641	0.0504379037209114
0.5027119046692380	0.0509422827581201
0.5027310456947991	0.0514517055857025
0.5027501968495236	0.0519662226415609
0.5027693583491973	0.0524858848679773
0.5027885304377904	0.0530107437166572
0.5028077133878965	0.0535408511538226
0.5028269073534727	0.0540762596653621
0.5028461084927871	0.0546170222620161
0.5028653213799225	0.0551631924846352
0.5028845462884397	0.0557148244094822
0.5029037817744707	0.0562719726535770
0.5029230272547843	0.0568346923801130
0.5029422831071521	0.0574030393039143
0.5029615497293608	0.0579770696969528
0.5029808275347216	0.0585568403939233
0.5030001169553163	0.0591424087978624
0.5030194184444876	0.0597338328858399
0.5030387192760551	0.0603311712146967
0.5030580089530828	0.0609344829268426
0.5030773121538727	0.0615438277561109
0.5030966291312742	0.0621592660336722
0.5031159601765169	0.0627808586940106
0.5031353056206093	0.0634086672809496
0.5031546637296410	0.0640427539537606
0.5031740340529678	0.0646831814932996
0.5031934171767960	0.0653300133082318
0.5032128135226961	0.0659833134413132
0.5032322234531458	0.0666431465757249
0.5032516473834218	0.0673095780414831
0.5032710857827543	0.0679826738218969
0.5032905391437893	0.0686625005601147
0.5033100079865869	0.0693491255657152
0.5033294927330488	0.0700426168213718
0.5033489937060405	0.0707430429895862
0.5033685079585786	0.0714504734194800
0.5033880360774119	0.0721649781536763
0.5034075786932998	0.0728866279352129
0.5034270976004412	0.0736154942145637
0.5034466262202743	0.0743516491567108
0.5034661716292430	0.0750951656482777
0.5034857343078798	0.0758461173047589
0.5035053146696513	0.0766045784778083
0.5035249131785663	0.0773706242625860
0.5035445240281022	0.0781443305052100
0.5035641524021539	0.0789257738102614
0.5035837966543754	0.0797150315483653
0.5036034576516690	0.0805121818638502
0.5036231359611318	0.0813173036824901
0.5036428322033991	0.0821304767193172
0.5036625470559355	0.0829517814865082
0.5036822812571533	0.0837812993013753
0.5037020355791124	0.0846191122943879
0.5037218106000960	0.0854653034173320
0.5037415735576679	0.0863199564515073
0.5037613334067521	0.0871831560160212
0.5037811120936776	0.0880549875761793
0.5038009104320798	0.0889355374519416
0.5038207292892649	0.0898248928264618
0.5038405695744689	0.0907231417547243
0.5038604320113620	0.0916303731722705
0.5038803172440998	0.0925466769039910
0.5039002260103256	0.0934721436730302
0.5039201578384647	0.0944068651097603
0.5039401100171172	0.0953509337608563
0.5039600837278846	0.0963044430984664
0.5039800798775695	0.0972674875294512
0.5040000993560620	0.0982401624047475
0.5040201165846916	0.0992225640287931
0.5040401201166186	0.1002147896690827
0.5040601421855146	0.1012169375657714
0.5040801909349976	0.1022291069414289
0.5041002642893175	0.1032513980108406
0.5041203615973860	0.1042839119909506
0.5041404839556558	0.1053267511108599
0.5041606325356571	0.1063800186219657
0.5041808085958166	0.1074438188081852
0.5042010131479819	0.1085182569962657
0.5042212470984208	0.1096034395662304
0.5042415080644876	0.1106994739618954
0.5042617923206679	0.1118064687015119
0.5042820330420050	0.1129245333885280
0.5043023027967884	0.1140537787224136
0.5043226029022981	0.1151943165096389
0.5043429344234768	0.1163462596747368
0.5043632985447588	0.1175097222714860
0.5043836965800569	0.1186848194942018
0.5044041234222855	0.1198716676891452
0.5044245806148221	0.1210703843660348
0.5044450695152568	0.1222810882096955
0.5044655850380456	0.1235038990917924
0.5044861296453074	0.1247389380827135
0.5045066251858560	0.1259863274635440
0.5045271563475104	0.1272461907381826
0.5045477217537361	0.1285186526455643
0.5045683209818899	0.1298038391720192
0.5045889557431469	0.1311018775637369
0.5046096278975787	0.1324128963393757
0.5046303392037037	0.1337370253027702
0.5046510911055111	0.1350743955557977
0.5046718790886120	0.1364251395113559
0.5046927036248618	0.1377893909064721
0.5047134740439794	0.1391672848155375
0.5047342822701137	0.1405589576636957
0.5047551333018059	0.1419645472403337
0.5047760288383032	0.1433841927127346
0.5047969690494666	0.1448180346398610
0.5048179365520736	0.1462662149862591
0.5048389438203654	0.1477288771361219
0.5048599953948252	0.1492061659074796
0.5048810933840306	0.1506982275665528
0.5049021433361380	0.1522052098422210
0.5049232295728050	0.1537272619406394
0.5049443609558609	0.1552645345600467
0.5049655390140348	0.1568171799056485
0.5049867661025380	0.1583853517047054
0.5050080447930756	0.1599692052217529
0.5050293779051181	0.1615688972739710
0.5050507597025026	0.1631845862467075
0.5050721354501432	0.1648164321091733
0.5050934995222280	0.1664645964302668
0.5051149036484481	0.1681292423945689
0.5051363623468583	0.1698105348185153
0.5051578814923643	0.1715086401667043
0.5051794536988532	0.1732237265683753
0.5052010815091228	0.1749559638340576
0.5052227684290290	0.1767055234723985
0.5052444213373863	0.1784725787071224
0.5052660989876601	0.1802573044941957
0.5052878418609139	0.1820598775391364
0.5053096444644480	0.1838804763145238
0.5053315106884941	0.1857192810776690
0.5053534444854880	0.1875764738884499
0.5053754331977267	0.1894522386273321
0.5053974090997927	0.1913467610136075
0.5054193772384185	0.1932602286237424
0.5054414140654305	0.1951928309099847
0.5054635240694454	0.1971447592190864
0.5054857108352743	0.1991162068112792
0.5055079717450718	0.2011073688793949
0.5055303041443338	0.2031184425681920
0.5055526006911178	0.2051496269938722
0.5055749269206926	0.2072011232638060
0.5055973362816358	0.2092731344964461
0.5056198044583793	0.2113658658414103
0.5056423509084490	0.2134795244998245
0.5056649814104371	0.2156143197448198
0.5056876396973732	0.2177704629422729
0.5057102695357409	0.2199481675717006
0.5057329920834102	0.2221476492474212
0.5057558016336051	0.2243691257399004
0.5057787043501870	0.2266128169973030
0.5058017056131340	0.2288789451672719
0.5058247196157177	0.2311677346189487
0.5058476911812771	0.2334794119651405
0.5058707596502106	0.2358142060847867
0.5058939317785908	0.2381723481456319
0.5059172136221483	0.2405540716270938
0.5059405987018785	0.2429596123433673
0.5059639589662982	0.2453892084668024
0.5059873492428006	0.2478431005514701
0.5060108529776935	0.2503215315569828
0.5060344468467843	0.2528247468725527
0.5060581504734770	0.2553529943412771
0.5060819266032567	0.2579065242846855
0.5061056419108432	0.2604855895275360
0.5061294886246990	0.2630904454228115
0.5061534632675869	0.2657213498770383
0.5061775636752870	0.2683785633758128
0.5062017700990182	0.2710623490095756
0.5062258513319288	0.2737729724996665
0.5062500798223695	0.2765107022246652
0.5062744420869584	0.2792758092469090
0.5062989489985140	0.2820685673393755
0.5063235736789686	0.2848892530127639
0.5063481165193972	0.2877381455428926
0.5063727946049769	0.2906155269983162
0.5063975972547149	0.2935216822682975
0.5064225670982534	0.2964568990909788
0.5064475824487187	0.2994214680818870
0.5064725940230562	0.3024156827626998
0.5064977734685474	0.3054398395903275
0.5065231341072203	0.3084942379862314
0.5065486304016568	0.3115791803660878
0.5065740282497549	0.3146949721697491
0.5065995705182649	0.3178419218914499
0.5066253095538891	0.3210203411103629
0.5066512537851436	0.3242305445214597
0.5066772215904000	0.3274728499666698
0.5067031680705096	0.3307475784663403
0.5067293258959693	0.3340550542509969
0.5067557095830318	0.3373956047934999
0.5067821947460849	0.3407695608414315
0.5068086495439701	0.3441772564498419
0.5068353175594480	0.3476190290143475
0.5068621899009950	0.3510952193044863
0.5068891978961184	0.3546061714975272
0.5069161570057753	0.3581522332125011
0.5069433802325024	0.3617337555446314
0.5069708576836988	0.3653510931000739
0.5069983943878300	0.3690046040310734
0.5070259201137789	0.3726946500713784
0.5070537386502817	0.3764215965720886
0.5070818525174515	0.3801858125378155
0.5071099781143790	0.3839876706631951
0.5071381423380836	0.3878275473698303
0.5071666331017526	0.3917058228435292
0.5071954438962475	0.3956228810719598
0.5072241558900799	0.3995791098826776
0.5072530610743128	0.4035749009815042
0.5072823181419320	0.4076106499913177
0.5073117651277439	0.4116867564912352
0.5073412017381533	0.4158036240561421
0.5073709640346542	0.4199616602967000
0.5074010835654306	0.4241612768996643
0.5074311171053478	0.4284028896686653
0.5074614614583061	0.4326869185653542
0.5074921820103615	0.4370137877510060
0.5075230001194172	0.4413839256285156
0.5075539286950184	0.4457977648847933
0.5075853206632547	0.4502557425336465
0.5076169949553229	0.4547582999589862
0.5076485779190164	0.4593058829585803
0.5076806478627676	0.4638989417881586
0.5077132399047936	0.4685379312060469
0.5077455445548439	0.4732233105181025
0.5077783844367296	0.4779555436232865
0.5078117935939690	0.4827350990595152
0.5078450436216635	0.4875624500501116
0.5078787428493888	0.4924380745506171
0.5079130575640605	0.4973624552961222
0.5079473065910454	0.5023360798490887
0.5079819281799901	0.5073594406475814
0.5080172669675306	0.5124330350540570
0.5080525501416833	0.5175573654046004
0.5080882293329969	0.5227329390586424
0.5081247374621142	0.5279602684492314
0.5081610935008024	0.5332398711337173
0.5081979735875519	0.5385722698450567
0.5082357594045858	0.5439579925435019
0.5082732363263688	0.5493975724689426
0.5083115077427904	0.5548915481936258
0.5083505509374645	0.5604404636755571
0.5083894131655474	0.5660448683123126
0.5084292918658280	0.5717053169954431
0.5084696645471225	0.5774223701653937
0.5085101298637204	0.5831965938670522
0.5085518563402598	0.5890285598057189
0.5085935440636593	0.5949188454037828
0.5086359761422249	0.6008680338578172
0.5086796164689354	0.6068767141964020
0.5087228953640678	0.6129454813383732
0.5087676551385252	0.6190749361517571
0.5088128081550024	0.6252656855132686
0.5088585738040978	0.6315183423684090
0.5089058126140090	0.6378335257920908
0.5089528820065470	0.6442118610500048
0.5090013816858955	0.6506539796604972
0.5090508035201921	0.6571605194570949
0.5091008258855915	0.6637321246516719
0.5091525579248278	0.6703694458981815
0.5092042886230350	0.6770731403571685
0.5092577958514665	0.6838438717607435
0.5093124119852166	0.6906823104783544
0.5093677096793798	0.6975891335831433
0.5094255196207121	0.7045650249189749
0.5094829642506893	0.7116106751681640
0.5095430133007222	0.7187267819198524
0.5096041739924658	0.7259140497390482
0.5096667594339905	0.7331731902364349
0.5097320528911751	0.7405049221387967
0.5097976167211868	0.7479099713601807
0.5098671080903974	0.7553890710737868
0.5099365636448204	0.7629429617845255
0.5100098531491908	0.7705723914023709
0.5100847782616851	0.7782781153163992
0.5101625617382173	0.7860608964695657
0.5102435626620402	0.7939215054342557
0.5103272112141243	0.8018607204885970
0.5104158414484017	0.8098793276934818
0.5105048886160150	0.8179781209704142
0.5106028618224006	0.8261579021801203
0.5107005619773970	0.8344194812019190
0.5108061577477616	0.8427636760139361
0.5109145976488283	0.8511913127740763
0.5110317209653277	0.8597032259018174
0.5111552141555793	0.8683002581608343
0.5112854872595743	0.8769832607424467
0.5114277460229257	0.8857530933498742
0.5115780503569174	0.8946106242833708
0.5117469711976711	0.9035567305262012
0.5119240599357935	0.9125922978314626
0.5121292134927586	0.9217182208097775
0.5123156818041847	0.9301563781366868
0.5125609460541398	0.9394579419180560
0.5128203563937092	0.9475511355106034
0.5131310130505166	0.9570266468657103
0.5131693460139208	0.9540394532925744
0.5134017763378851	0.9635798478255004
0.5139159045942823	0.9732156463037540
0.5145413917976266	0.9816880843732634
0.5145516769123006	0.9871636135285501
0.5149285532422411	0.9893045878952428
0.5153336536318549	0.9883181328669779
0.5154956083657107	0.9830754424034723
0.5160725811978497	0.9927451556157858
0.5164935171947513	0.9949264691304389
0.5192245066540774	0.9965983776624436
0.5197929657615776	0.9987477250841427
0.5205800327498724	0.9994172279488203
0.5268933043987118	0.9998266570303846
0.5303857111235872	0.9999101144627032
0.5350274786886984	0.9999706174223909
0.5369135135487820	0.9999870551571964
0.5411756577590573	0.9999963766860387
0.5445320104269071	0.9999981279304796
0.5519346456190187	0.9999993886573098
0.5538322280446002	0.9999997175035726
0.5607100354676930	0.9999999132154767
0.5643145578545562	0.9999999605998384
0.5711323566908957	0.9999999881627942
0.5746686104247463	0.9999999946241261
0.5812451931834270	0.9999999983984906
0.5844970052122554	0.9999999992712686
0.5910647163294583	0.9999999997833111
0.5941057376154956	0.9999999999010596
0.6006380630828266	0.9999999999705144
0.6034394979254065	0.9999999999865036
0.6099932081657400	0.9999999999959674
0.6126693163916144	0.9999999999981521
0.6192831455295146	0.9999999999994469
0.6219450241798725	0.9999999999997466
0.6286110238966954	0.9999999999999241
0.6313118742584169	0.9999999999999651
0.6379689027283946	0.9999999999999897
0.6407361401184918	0.9999999999999953
0.6444361172694846	1.0000001494210686
0.6444361174018766	1.0000001687351725
0.6648005869653767	1.0000001896406898
0.6648099902930754	1.0000001927312141
0.6719799550720029	1.0000001980021502
0.6730315460363686	1.0000001987554923
0.6898691902013802	1.0000001993947627
0.6901482493459843	1.0000001994773944
0.6959966658704821	1.0000001995449057
0.6970675525139973	1.0000001997329782
0.6993173980560787	1.0000001997572885
0.7053942728961442	1.0000001997794894
0.7128941873259562	1.0000001997838597
0.7135516723753667	1.0000001997904369
0.7154240054188058	1.0000001997912866
0.7169694366914573	1.0000001998056012
0.7171368696957814	1.0000001998074515
0.7206390368436997	1.0000001998112744
0.7213357766476753	1.0000001998128007
0.7234864036784545	1.0000001998154391
0.7252851913577570	1.0000001998159769
0.7305509921768992	1.0000001998167438
0.7373016107717231	1.0000001998175148
0.7388408005101971	1.0000001998177137
0.7408161577570672	1.0000001998177932
0.7430717180914264	1.0000001998179613
0.7460389164962719	1.0000001998180970
0.7479144938072800	1.0000001998182151
0.7485533548391463	1.0000001998183043
0.7522822142437711	1.0000001998183159
0.7526017919252259	1.0000001998689014
0.7550989036849247	1.0000001999015724
0.7576703241705842	1.0000001999281389
0.7645493078683001	1.0000001999322168
0.7663508355150055	1.0000001999360288
0.7686395051408373	1.0000001999395520
0.7713692332235150	1.0000001999427808
0.7741342391025446	1.0000001999457502
0.7762057366960742	1.0000001999484880
0.7953316785068697	1.0000001999499242
0.8016674373427181	1.0000001999506825
0.8043152392829541	1.0000001999510533
0.8089090644221111	1.0000001999512160
0.8165537803914319	1.0000001999512496
0.8242409408207511	1.0000001999512591
0.8248254420880432	1.0000001999512671
0.8286542894002061	1.0002281687002905
0.8286542894004771	1.0002575931041058
0.8848847242217179	0.9997558674635317
0.9182521303135247	0.9999443661573104
0.9231730984359294	0.9999984444499989
0.9348953640082830	0.9999673611993365
0.9848592973040809	1.0000234749420156
1.3188702067983182	0.9604236451636683
1.3188702067983182	0.9853776584101090
1.3190126704669356	0.9981871495507740
1.3195871520877769	0.9995449983271256
1.3360106322592957	0.9999263750912445
1.3509549880606440	0.9999744059030240
1.3651488305292854	0.9999944786043152
1.3729596141912042	0.9999974066822799
1.3939084431063185	0.9999982074245219
1.4043401005269311	0.9999983109248259
1.4194779974504323	0.9999983545022202
1.4270359428874049	0.9999983601350555
1.4421481331609982	0.9999983625075640
1.4497039320036402	0.9999983628142358
1.4547827707349739	0.9999986695903058
1.4547855879587832	0.9999987092443068
1.4764326572946882	0.9999987150773801
1.4765680748573342	0.9999987209570195
1.4771402926125852	0.9999987328397801
1.4841678597363379	0.9999987351357580
1.4971197427174603	0.9999987363262434
1.5034617674761761	0.9999987364801262
1.5161096744691713	0.9999987365610271
1.5221630784196334	0.9999987365714845
1.5319271236312888	0.9999995008528754
1.5335912002265133	0.9999998371308398
1.5408419199464507	0.9999999238472734
1.5479169629678147	0.9999999644509132
1.5532410136757668	0.9999999737839714
1.5612345465314961	0.9999999781829497
1.5653885713662392	0.9999999791795485
1.5736415105331081	0.9999999796477259
1.5772264891608656	0.9999999797544787
1.5847089015247640	0.9999999798081759
1.5883040406083586	0.9999999798201555
1.5960999343110640	0.9999999798262165
1.5996603721876526	0.9999999798275598
1.6075722270142536	0.9999999798282404
1.6111343602716646	0.9999999798283907
1.6190857386336841	0.9999999798284670
1.6226738179444995	0.9999999798284839
1.6308420100293890	0.9999999798284921
1.6343946251080121	0.9999999798284940
1.6400234742913207	0.9999999798284950
1.6428624760014681	0.9999999798284953
1.6467485401433410	0.9999999798284953
1.6506537128550056	1.0099999796267805
1.6510826503992040	1.0024439796945084
1.6524975594498788	1.0005421101887846
1.6531369628216603	1.0001640049996687
1.6701181678792394	1.0000407408872309
1.6738111505712576	1.0000115754554613
1.6858842058449179	1.0000031422050957
1.6901415679200646	1.0000013067789604
1.7050503358356064	1.0000007908661104
1.7067297756424364	0.9999989171883301
1.7096854409546123	0.9999984459915660
1.7301033597333961	0.9999982237761670
1.7378898425041920	0.9999981950522674
1.7475988572623968	0.9999960069817698
1.7528058514231739	0.9999954015320169
1.7642871861060443	0.9999953232670875
1.7694829877031408	0.9999951356522787
1.7802955028203620	0.9999892015020561
1.7828655124753852	0.9999884343325045
1.8133434795767176	0.9999881205960673
1.8165637388994134	0.9999732733709157
2.1465413602732322	0.9999960070107723
2.1465413602733254	0.9999989455363049
2.1468752478415434	1.0011740435945693
2.1531622449229020	1.0001705253059003
2.1709092561683807	1.0000418007466738
2.1741745855348094	1.0000413584047438
2.1960542406762400	0.9999304119748837
2.2498163063745853	0.9999819554043969
2.7420205288357176	0.9999994668522466
2.7519291430876209	1.0000017294823587
2.7614685689459311	1.0000020218851471
2.7833051335567411	1.0000020596537191
2.8051378937325757	1.0000020645342689
2.8179698154094339	1.0000351996870953
3.0691052503356628	0.9604344552284818
3.0691052503356628	0.9898355099803741
3.0694180584113746	1.0003012870393797
3.0808832167043287	1.0000026852514707
3.5563572863373403	0.9873671263902892
3.5565218238059328	0.9981629508757697
3.5593283647823113	0.9997620170565034
3.5654918745110371	0.9999412682243579
3.5944613340036846	0.9999642327960400
3.6197607720614187	0.9999941911619019
3.6452259123194581	0.9999980494757430
3.6756834650118577	0.9999991113849577
3.6872859367525783	0.9999992486388860
3.7098404473655919	0.9999992863143479
3.7214283665305761	0.9999992911842629
3.7438536228893851	0.9999992925245279
3.7554171211519551	0.9999992926977703
3.7778412058006943	0.9999992927454516
3.7894042396274270	0.9999992927516147
3.8118290887479640	0.9999992927533108
3.8233921804198663	0.9999992927535304
3.8458103708531310	0.9999992927535908
3.8572804621013526	0.9999992927535983
3.8801133250641273	0.9999992927536007
3.8912391161851496	0.9999992927536010
3.8930808943850015	0.9999992927536010
8.4096643941154330	1.0099992856811257
8.4101592451356009	1.0001864810947352
8.4385112997063594	0.9998332423135865
8.4810123663268175	0.9999967077674249
8.8807822184645371	0.9999998466662819
9.2838676242870619	0.9999999130933226
9.6768245748127555	0.9999999143289315
