0.0000000000000000	0.0000000000000000
0.5187744790471031	0.0000300000000000
0.5190540205540746	0.0000109051053157
0.5193629517783879	0.0000148500333275
0.5199577981519481	0.0000248500333275
0.5200261259488066	0.0000181704288694
0.5200605936696191	0.0000258330503234
0.5206703240784606	0.0000325050636169
0.5208528356784546	0.0000228689836947
0.5214572648368712	0.0000427858944549
0.5216346424077679	0.0000346147793630
0.5216530934692458	0.0000375003007377
0.5221958660674723	0.0000479437198663
0.5225833660122918	0.0000576530403477
0.5228981600037117	0.0000676530403477
0.5231660351153695	0.0000776530403477
0.5234077652994238	0.0000883880837744
0.5236373530170403	0.0000983880837744
0.5238241447199973	0.0001083880837744
0.5240030998966665	0.0001183880837744
0.5241578507712807	0.0001283880837744
0.5243089838809331	0.0001383880837744
0.5244437274428158	0.0001483880837744
0.5245705720977030	0.0001583880837744
0.5246864418098495	0.0001683880837744
0.5247991045831150	0.0001783880837744
0.5249030025819073	0.0001883880837744
0.5250056468319408	0.0001983880837744
0.5250991902535900	0.0002083880837744
0.5251915027409381	0.0002183880837744
0.5252765742407007	0.0002283880837744
0.5253603717161932	0.0002383880837744
0.5254383814810267	0.0002483880837744
0.5255148897095870	0.0002583880837744
0.5255869259127095	0.0002683880837744
0.5256573891678767	0.0002783880837744
0.5257243156634703	0.0002883880837744
0.5257896242825920	0.0002983880837744
0.5258520181519279	0.0003083880837744
0.5259128260550134	0.0003183880837744
0.5259713180374128	0.0003283880837744
0.5260282689172932	0.0003383880837744
0.5260833558329381	0.0003483880837744
0.5261369295236397	0.0003583880837744
0.5261889818470833	0.0003683880837744
0.5262394735720961	0.0003783880837744
0.5262888113212483	0.0003883880837744
0.5263367264707591	0.0003983880837744
0.5263836115647933	0.0004083880837744
0.5264290404021450	0.0004183880837744
0.5264737092373745	0.0004283880837744
0.5265169891799498	0.0004383880837744
0.5265596381990213	0.0004483880837744
0.5266008917987863	0.0004583880837744
0.5266416513639220	0.0004683880837744
0.5266810505073851	0.0004783880837744
0.5267201336936232	0.0004883880837744
0.5267578648223926	0.0004983880837744
0.5267953994828964	0.0005083880837744
0.5268316147023936	0.0005183880837744
0.5268677084537791	0.0005283880837744
0.5269025174307254	0.0005383880837744
0.5269372029190489	0.0005483880837744
0.5269707857793159	0.0005583880837744
0.5270041991357226	0.0005683880837744
0.5270365445863108	0.0005783880837744
0.5270686705947264	0.0005883880837744
0.5271000090255168	0.0005983880837744
0.5271310965134959	0.0006083880837744
0.5271613370077057	0.0006183880837744
0.5271913414000274	0.0006283880837744
0.5272207297430094	0.0006383880837744
0.5272497035395927	0.0006483880837743
0.5272782699714443	0.0006583880837744
0.5273062786852090	0.0006683880837743
0.5273340076907580	0.0006783880837743
0.5273611748672761	0.0006883880837744
0.5273881248690760	0.0006983880837743
0.5274144760305902	0.0007083880837743
0.5274406442027186	0.0007183880837744
0.5274663052824884	0.0007283880837743
0.5274917155325443	0.0007383880837743
0.5275167555500508	0.0007483880837743
0.5275414362303336	0.0007583880837743
0.5275657288737174	0.0007683880837743
0.5275899367014582	0.0007783880837743
0.5276135064272025	0.0007883880837743
0.5276370248246339	0.0007983880837743
0.5276601000390312	0.0008083880837743
0.5276830939566525	0.0008183880837743
0.5277054963464944	0.0008283880837742
0.5277278988272212	0.0008383880837743
0.5277498335669679	0.0008483880837743
0.5277717367292606	0.0008583880837743
0.5277931678594545	0.0008683880837743
0.5278144763391568	0.0008783880837743
0.5278354099485825	0.0008883880837743
0.5278562498910373	0.0008983880837743
0.5278767578456721	0.0009083880837743
0.5278971504578236	0.0009183880837744
0.5279172386539519	0.0009283880837744
0.5279371785792258	0.0009383880837744
0.5279568555385460	0.0009483880837744
0.5279763263098008	0.0009583880837744
0.5279955674315208	0.0009683880837744
0.5280146262074544	0.0009783880837744
0.5280334935899754	0.0009883880837743
0.5280521656739003	0.0009983880837743
0.5280706710804072	0.0010083880837743
0.5280889628072857	0.0010184719646121
0.5281072725851151	0.0010286566842582
0.5281255337482043	0.0010389432511008
0.5281438674237852	0.0010493326836118
0.5281621166534188	0.0010598260104479
0.5281804796359763	0.0010704242705524
0.5281987170052622	0.0010811285132580
0.5282170686802728	0.0010919397983906
0.5282353326139766	0.0011028591963744
0.5282536596929976	0.0011138877883382
0.5282719688325851	0.0011250266662216
0.5282902668189212	0.0011362769328838
0.5283086257486987	0.0011476397022126
0.5283268950156921	0.0011591160992348
0.5283452471439573	0.0011707072602272
0.5283635466474056	0.0011824143328294
0.5283818631105398	0.0011942384761577
0.5284002263680911	0.0012061808609193
0.5284185070883611	0.0012182426695285
0.5284368524143830	0.0012304250962237
0.5284551831404973	0.0012427293471859
0.5284734895046665	0.0012551566406578
0.5284918497373784	0.0012677082070644
0.5285101644590069	0.0012803852891350
0.5285284840816529	0.0012931891420264
0.5285468481204895	0.0013061210334466
0.5285651625973512	0.0013191822437811
0.5285834857647386	0.0013323740662189
0.5286018458308810	0.0013456978068812
0.5286201749756140	0.0013591547849499
0.5286384950065338	0.0013727463327994
0.5286568453536399	0.0013864737961275
0.5286752031830574	0.0014003385340887
0.5286935152750352	0.0014143419194296
0.5287118526213734	0.0014284853386239
0.5287302146086038	0.0014427701920101
0.5287485537694573	0.0014571978939302
0.5287668762126985	0.0014717698728695
0.5287852197499032	0.0014864875715982
0.5288035785394479	0.0015013524473142
0.5288219268261452	0.0015163659717873
0.5288402523740670	0.0015315296315052
0.5288585907148537	0.0015468449278203
0.5288769425285057	0.0015623133770984
0.5288953032998014	0.0015779365108694
0.5289136457672122	0.0015937158759780
0.5289319776243712	0.0016096530347379
0.5289503175467066	0.0016257495650852
0.5289686657170449	0.0016420070607361
0.5289870192613071	0.0016584271313434
0.5290053781215227	0.0016750114026568
0.5290237280100452	0.0016917615166834
0.5290420640424183	0.0017086791318502
0.5290604052186221	0.0017257659231687
0.5290787499607177	0.0017430235824004
0.5290970978997437	0.0017604538182243
0.5291154480168676	0.0017780583564065
0.5291337998687704	0.0017958389399706
0.5291521528609583	0.0018137973293703
0.5291705064157138	0.0018319353026640
0.5291888603934339	0.0018502546556906
0.5292072141398105	0.0018687572022475
0.5292255678734692	0.0018874447742700
0.5292439208426868	0.0019063192220127
0.5292622706472396	0.0019253824142328
0.5292806215283795	0.0019446362383752
0.5292989731760489	0.0019640826007589
0.5293173249633514	0.0019837234267665
0.5293356758267275	0.0020035606610342
0.5293540268576861	0.0020235962676445
0.5293723769869839	0.0020438322303210
0.5293907274789487	0.0020642705526242
0.5294090771455584	0.0020849132581505
0.5294274267252195	0.0021057623907320
0.5294457758973646	0.0021268200146394
0.5294641250666491	0.0021480882147858
0.5294824740596819	0.0021695690969337
0.5295008235383760	0.0021912647879030
0.5295191726079569	0.0022131774357820
0.5295375221249701	0.0022353092101399
0.5295558715394130	0.0022576623022412
0.5295742211010408	0.0022802389252637
0.5295925711745438	0.0023030413145163
0.5296109210518475	0.0023260717276615
0.5296292714220583	0.0023493324449382
0.5296476219645455	0.0023728257693876
0.5296659726175720	0.0023965540270816
0.5296843239527526	0.0024205195673524
0.5297026752749148	0.0024447247630260
0.5297210268719357	0.0024691720106562
0.5297393792211255	0.0024938637307628
0.5297577315248106	0.0025188023680703
0.5297760841647453	0.0025439903917510
0.5297944375428699	0.0025694302956685
0.5298127909897781	0.0025951245986251
0.5298311447577067	0.0026210758446114
0.5298494991848562	0.0026472866030576
0.5298678539337272	0.0026737594690882
0.5298862089364407	0.0027004970637790
0.5299045644800979	0.0027275020344169
0.5299229207262212	0.0027547770547610
0.5299412771232711	0.0027823248253086
0.5299596339199787	0.0028101480735617
0.5299779913030173	0.0028382495542973
0.5299963493537154	0.0028666320498403
0.5300147076492208	0.0028952983703388
0.5300330663593227	0.0029242513540422
0.5300514255935985	0.0029534938675827
0.5300697853880979	0.0029830288062585
0.5300881455323856	0.0030128590943210
0.5301065059533807	0.0030429876852642
0.5301248667676717	0.0030734175621168
0.5301432280732788	0.0031041517377380
0.5301615899464837	0.0031351932551154
0.5301799524093612	0.0031665451876665
0.5301983151959487	0.0031982106395432
0.5302166783857023	0.0032301927459387
0.5302350420389876	0.0032624946733982
0.5302534062078276	0.0032951196201322
0.5302717709262976	0.0033280708163335
0.5302901362259520	0.0033613515244967
0.5303085021205135	0.0033949650397416
0.5303268686178475	0.0034289146901389
0.5303452355723117	0.0034632038370404
0.5303636019704718	0.0034978358754107
0.5303819680444314	0.0035328142341647
0.5304003346787592	0.0035681423765064
0.5304187018950509	0.0036038238002715
0.5304370696968314	0.0036398620382742
0.5304554381007370	0.0036762606586569
0.5304738071052512	0.0037130232652436
0.5304921767235391	0.0037501534978959
0.5305105469523754	0.0037876550328749
0.5305289177936694	0.0038255315832037
0.5305472892402886	0.0038637868990357
0.5305656612958565	0.0039024247680259
0.5305840339578277	0.0039414490157063
0.5306024072297766	0.0039808635058634
0.5306207811138858	0.0040206721409220
0.5306391556136851	0.0040608788623313
0.5306575307360453	0.0041014876509546
0.5306759064830007	0.0041425025274640
0.5306942828662626	0.0041839275527387
0.5307126598864477	0.0042257668282662
0.5307310375534039	0.0042680244965488
0.5307494158729064	0.0043107047415144
0.5307677948525231	0.0043538117889297
0.5307861744979362	0.0043973499068190
0.5308045548009961	0.0044413234058872
0.5308229357624333	0.0044857366399461
0.5308413173803461	0.0045305940063455
0.5308596996546983	0.0045758999464088
0.5308780825925291	0.0046216589458730
0.5308964661930599	0.0046678755353319
0.5309148504617907	0.0047145542906851
0.5309332354076005	0.0047616998335920
0.5309516210340700	0.0048093168319278
0.5309700073503354	0.0048574100002470
0.5309883943675557	0.0049059841002494
0.5310067820925329	0.0049550439412520
0.5310251705367612	0.0050045943806645
0.5310435597141642	0.0050546403244712
0.5310619496319100	0.0051051867277159
0.5310803403001542	0.0051562385949930
0.5310987317313473	0.0052078009809430
0.5311171239337245	0.0052598789907526
0.5311355169155746	0.0053124777806600
0.5311539106873445	0.0053656025584665
0.5311723052611395	0.0054192585840511
0.5311907006436820	0.0054734511698915
0.5312090968438387	0.0055281856815904
0.5312274938724287	0.0055834675384065
0.5312458917416655	0.0056393022137905
0.5312642904599602	0.0056956952359286
0.5312826900370132	0.0057526521882879
0.5313010904840352	0.0058101787101708
0.5313194918137365	0.0058682804972725
0.5313378940396015	0.0059269633022451
0.5313562971720753	0.0059862329352676
0.5313747012232670	0.0060460952646202
0.5313931062064403	0.0061065562172665
0.5314115121359585	0.0061676217794393
0.5314299190268912	0.0062292979972337
0.5314483268950010	0.0062915909772061
0.5314667357540396	0.0063545068869782
0.5314851456183327	0.0064180519558481
0.5315035565030279	0.0064822324754066
0.5315219684238868	0.0065470548001607
0.5315403813972795	0.0066125253481622
0.5315587954400618	0.0066786506016437
0.5315772105695833	0.0067454371076601
0.5315956268036349	0.0068128914787366
0.5316140441604548	0.0068810203935238
0.5316324626578366	0.0069498305974592
0.5316508823125524	0.0070193289034338
0.5316693031406249	0.0070895221924681
0.5316877251573505	0.0071604174143928
0.5317061483775595	0.0072320215885366
0.5317245728159374	0.0073043418044220
0.5317429984870313	0.0073773852224662
0.5317614254052914	0.0074511590746910
0.5317798535851225	0.0075256706654379
0.5317982830410755	0.0076009273720922
0.5318167137878571	0.0076769366458130
0.5318351458405306	0.0077537060122711
0.5318535792144732	0.0078312430723936
0.5318720139247187	0.0079095555031178
0.5318904499634123	0.0079886510581490
0.5319088873260009	0.0080685375687304
0.5319273260110465	0.0081492229444179
0.5319457660201250	0.0082307151738622
0.5319642073575039	0.0083130223256009
0.5319826500299688	0.0083961525488567
0.5320010940465535	0.0084801140743451
0.5320195394183753	0.0085649152150885
0.5320379861585242	0.0086505643672393
0.5320564342818708	0.0087370700109115
0.5320748838050324	0.0088244407110206
0.5320933347455491	0.0089126851181306
0.5321117871205867	0.0090018119693121
0.5321302409472461	0.0090918300890054
0.5321486962427473	0.0091827483898954
0.5321671530246591	0.0092745758737945
0.5321856113111332	0.0093673216325324
0.5322040711209095	0.0094609948488577
0.5322225324733614	0.0095556047973466
0.5322409953885702	0.0096511608453202
0.5322594596157119	0.0097476724537735
0.5322779250614587	0.0098451491783110
0.5322963917726380	0.0099436006700941
0.5323148597950421	0.0100430366767951
0.5323333291736170	0.0101434670435632
0.5323517999526958	0.0102449017139990
0.5323702721762236	0.0103473507311389
0.5323887458879114	0.0104508242384505
0.5324072211314241	0.0105553324808352
0.5324256979503839	0.0106608858056437
0.5324441763883964	0.0107674946637003
0.5324626564890564	0.0108751696103376
0.5324811382938628	0.0109839213064409
0.5324996218422908	0.0110937605195056
0.5325181071722488	0.0112046981247005
0.5325365943204932	0.0113167451059476
0.5325550833229756	0.0114299125570073
0.5325735742152036	0.0115442116825773
0.5325920669989841	0.0116596537994029
0.5326105616777368	0.0117762503373971
0.5326290582587622	0.0118940128407711
0.5326475567529583	0.0120129529691787
0.5326660571745914	0.0121330824988706
0.5326845595411246	0.0122544133238595
0.5327030638730788	0.0123769574570983
0.5327215701939267	0.0125007270316697
0.5327400785300178	0.0126257343019866
0.5327585889105331	0.0127519916450062
0.5327771013674535	0.0128795115614562
0.5327956159336852	0.0130083066770709
0.5328141326419318	0.0131383897438418
0.5328326515249328	0.0132697736412802
0.5328511726157165	0.0134024713776930
0.5328696959478554	0.0135364960914702
0.5328882215557257	0.0136718610523846
0.5329067494747577	0.0138085796629082
0.5329252797416729	0.0139466654595373
0.5329438123947126	0.0140861321141328
0.5329623474737911	0.0142269934352739
0.5329808850204611	0.0143692633696269
0.5329994250779297	0.0145129560033230
0.5330179676911051	0.0146580855633566
0.5330365129066658	0.0148046664189899
0.5330550607717084	0.0149527130831802
0.5330736113319512	0.0151022402140119
0.5330921645909938	0.0152532626161517
0.5331107205520663	0.0154057952423130
0.5331292792231604	0.0155598531947363
0.5331478406169227	0.0157154517266840
0.5331664047504915	0.0158726062439512
0.5331849716453844	0.0160313323063909
0.5332035413274314	0.0161916456294548
0.5332221050502777	0.0163535620857490
0.5332406711455384	0.0165170977066066
0.5332592397639037	0.0166822686836729
0.5332778107792249	0.0168490913705097
0.5332963842624041	0.0170175822842151
0.5333149602860859	0.0171877581070574
0.5333335389244702	0.0173596356881285
0.5333521202493406	0.0175332320450096
0.5333707043307782	0.0177085643654596
0.5333892912378447	0.0178856500091144
0.5334078810392249	0.0180645065092061
0.5334264738038328	0.0182451515742985
0.5334450696013932	0.0184276030900412
0.5334636685026362	0.0186118791209419
0.5334822705795329	0.0187979979121517
0.5335008759055534	0.0189859778912731
0.5335194845220965	0.0191758376701863
0.5335380964473214	0.0193675960468881
0.5335567117082296	0.0195612720073565
0.5335753303354819	0.0197568847274295
0.5335939523637502	0.0199544535747042
0.5336125778300680	0.0201539981104509
0.5336312067721836	0.0203555380915553
0.5336498392379907	0.0205590934724704
0.5336684752800032	0.0207646844071953
0.5336871149555756	0.0209723312512675
0.5337057583271320	0.0211820545637801
0.5337244054620638	0.0213938751094178
0.5337430564326264	0.0216078138605114
0.5337617113107533	0.0218238919991171
0.5337803701687212	0.0220421309191082
0.5337990330799824	0.0222625522282994
0.5338177001199516	0.0224851777505830
0.5338363713666614	0.0227100295280883
0.5338550468396280	0.0229371298233692
0.5338737265555497	0.0231665011216025
0.5338924102315332	0.0233981661328182
0.5339110972539098	0.0236321477941463
0.5339297877256718	0.0238684692720873
0.5339484817552801	0.0241071539648076
0.5339671794513400	0.0243482255044562
0.5339858809228291	0.0245917077595010
0.5340045862797761	0.0248376248370955
0.5340232956339035	0.0250860010854658
0.5340420090992808	0.0253368610963203
0.5340607267929951	0.0255902297072829
0.5340794488358452	0.0258461320043563
0.5340981750533349	0.0261045933243994
0.5341169041737360	0.0263656392576437
0.5341356379973052	0.0266292956502201
0.5341543765780566	0.0268955886067217
0.5341731199625378	0.0271645444927890
0.5341918682071232	0.0274361899377163
0.5342106213783390	0.0277105518370928
0.5342293795526466	0.0279876573554643
0.5342481428163194	0.0282675339290183
0.5342669112654532	0.0285502092683090
0.5342856850007359	0.0288357113609919
0.5343044565757907	0.0291240684746012
0.5343232240779220	0.0294153091593464
0.5343419974384532	0.0297094622509395
0.5343607767468238	0.0300065568734492
0.5343795620999354	0.0303066224421840
0.5343983527366734	0.0306096886666063
0.5344171483178266	0.0309157855532727
0.5344359489693922	0.0312249434088047
0.5344547547956792	0.0315371928428928
0.5344735659107299	0.0318525647713217
0.5344923824342286	0.0321710904190344
0.5345112044923370	0.0324928013232255
0.5345300322185972	0.0328177293364582
0.5345488657548318	0.0331459066298224
0.5345677052516847	0.0334773656961211
0.5345865508688478	0.0338121393530825
0.5346054027691342	0.0341502607466139
0.5346242611170666	0.0344917633540810
0.5346431260749309	0.0348366809876216
0.5346619976988777	0.0351850477974986
0.5346808760633371	0.0355368982754735
0.5346997612606318	0.0358922672582273
0.5347186534008330	0.0362511899308106
0.5347375526083185	0.0366137018301193
0.5347564590155640	0.0369798388484213
0.5347753726250143	0.0373496372369066
0.5347942920631081	0.0377231336092746
0.5348132175917479	0.0381003649453665
0.5348321494758846	0.0384813685948198
0.5348510879851905	0.0388661822807670
0.5348700333059426	0.0392548441035743
0.5348889855869220	0.0396473925446106
0.5349079449882451	0.0400438664700576
0.5349269116823453	0.0404443051347573
0.5349458858550774	0.0408487481861045
0.5349648677068762	0.0412572356679645
0.5349838574532433	0.0416698080246439
0.5350028384613474	0.0420865061048916
0.5350218196300903	0.0425073711659416
0.5350408096702043	0.0429324448775999
0.5350598087701082	0.0433617693263747
0.5350788169936580	0.0437953870196389
0.5350978344338424	0.0442333408898345
0.5351168611738680	0.0446756742987335
0.5351358953846874	0.0451224310417195
0.5351549373497784	0.0455736553521370
0.5351739873572164	0.0460293919056584
0.5351930457025904	0.0464896858247159
0.5352121126911749	0.0469545826829633
0.5352311886395353	0.0474241285097934
0.5352502738007308	0.0478983697948918
0.5352693683490004	0.0483773534928418
0.5352884724775623	0.0488611270277709
0.5353075864007535	0.0493497382980497
0.5353267103548731	0.0498432356810298
0.5353458414371949	0.0503416680378407
0.5353649821384630	0.0508450847182177
0.5353841336542821	0.0513535355653997
0.5354032951269126	0.0518670709210537
0.5354224656038413	0.0523857416302657
0.5354416453755259	0.0529095990465671
0.5354608347562307	0.0534386950370342
0.5354800340856039	0.0539730819874056
0.5354992437227785	0.0545128128072796
0.5355184388298554	0.0550579409353510
0.5355376374031920	0.0556085203447042
0.5355568477213866	0.0561646055481516
0.5355760701441935	0.0567262516036323
0.5355953048594212	0.0572935141196682
0.5356145520797303	0.0578664492608641
0.5356338120481566	0.0584451137534740
0.5356530850375381	0.0590295648910078
0.5356723696062109	0.0596198605399178
0.5356916651282532	0.0602160591453161
0.5357109721200560	0.0608182197367698
0.5357302911097191	0.0614264019341365
0.5357496224185905	0.0620406659534769
0.5357689663860142	0.0626610726130132
0.5357883233861169	0.0632876833391425
0.5358076938302704	0.0639205601725335
0.5358270781615824	0.0645597657742572
0.5358464768423412	0.0652053634319986
0.5358658902458713	0.0658574170663193
0.5358853178283245	0.0665159912369831
0.5359047576869677	0.0671811511493512
0.5359241868229663	0.0678529626608433
0.5359436122875292	0.0685314922874500
0.5359630519820155	0.0692168072103247
0.5359825064342708	0.0699089752824272
0.5360019762005146	0.0706080650352510
0.5360214618070092	0.0713141456856016
0.5360409635965474	0.0720272871424580
0.5360604819700037	0.0727475600138807
0.5360800168227935	0.0734750356140200
0.5360995633151474	0.0742097859701601
0.5361191241115764	0.0749518838298629
0.5361386999899052	0.0757014026681609
0.5361582916290797	0.0764584166948445
0.5361778995559098	0.0772230008617941
0.5361975243423986	0.0779952308704130
0.5362171666106659	0.0787751831791186
0.5362368270361979	0.0795629350109099
0.5362565048828684	0.0803585643610195
0.5362761512151047	0.0811621500046307
0.5362958180276803	0.0819737715046784
0.5363155029758838	0.0827935092197246
0.5363352054283180	0.0836214443119234
0.5363549261308631	0.0844576587550428
0.5363746658811185	0.0853022353425910
0.5363944255100658	0.0861552576960174
0.5364142056879523	0.0870168102729760
0.5364340069898460	0.0878869783757055
0.5364538300776397	0.0887658481594648
0.5364736750879852	0.0896535066410606
0.5364935388065024	0.0905500417074718
0.5365134223079999	0.0914555421245486
0.5365333264980753	0.0923700975457934
0.5365532521619349	0.0932937985212520
0.5365731396821828	0.0942267365064632
0.5365930505332874	0.0951690038715256
0.5366129859027541	0.0961206939102396
0.5366329406034475	0.0970819008493393
0.5366529175206984	0.0980527198578329
0.5366729162188935	0.0990332470564117
0.5366929376825140	0.1000235795269742
0.5367129829595669	0.1010238153222440
0.5367330531694897	0.1020340534754664
0.5367531494519966	0.1030543940102209
0.5367732726167310	0.1040849379503234
0.5367934235668325	0.1051257873298252
0.5368135986513671	0.1061770452031233
0.5368337316985634	0.1072388156551564
0.5368538889914323	0.1083112038117101
0.5368740736548596	0.1093943158498293
0.5368942867668497	0.1104882590083301
0.5369145293397831	0.1115931415984160
0.5369348024998001	0.1127090730143998
0.5369551074938782	0.1138361637445410
0.5369754393593655	0.1149745253819878
0.5369957995433098	0.1161242706358082
0.5370161893229419	0.1172855133421682
0.5370366100898895	0.1184583684755896
0.5370570282405455	0.1196429521603464
0.5370774212766798	0.1208393816819521
0.5370978498683721	0.1220477754987702
0.5371183116851692	0.1232682532537566
0.5371388047989463	0.1245009357862936
0.5371593308146277	0.1257459451441595
0.5371798914768183	0.1270034045956002
0.5372004884335333	0.1282734386415577
0.5372211230125707	0.1295561730279720
0.5372417938275240	0.1308517347582548
0.5372624981581807	0.1321602521058340
0.5372831537152712	0.1334818546268914
0.5373038407398899	0.1348166731731606
0.5373245672136158	0.1361648399048947
0.5373453346876430	0.1375264883039442
0.5373661449030827	0.1389017531869849
0.5373869944975221	0.1402907707188511
0.5374078779844100	0.1416936784260405
0.5374287921680710	0.1431106152102977
0.5374497488042119	0.1445417213623994
0.5374707014876202	0.1459871385760256
0.5374916436228021	0.1474470099617861
0.5375126333316633	0.1489214800614007
0.5375336653087464	0.1504106948620114
0.5375547417011681	0.1519148018106284
0.5375758648549664	0.1534339498287340
0.5375970373443512	0.1549682893270175
0.5376182613989249	0.1565179722202862
0.5376395304383107	0.1580831519424881
0.5376607582087715	0.1596639834619108
0.5376820101818628	0.1612606232965264
0.5377033145213087	0.1628732295294880
0.5377246582816473	0.1645019618247824
0.5377460571358303	0.1661469814430282
0.5377675060370115	0.1678084512574599
0.5377890074985092	0.1694865357700379
0.5378105649606704	0.1711814011277426
0.5378320824112305	0.1728932151390201
0.5378536293791819	0.1746221472904145
0.5378752389943545	0.1763683687633182
0.5378969047300761	0.1781320524509538
0.5379186303692405	0.1799133729754663
0.5379404192669134	0.1817125067052222
0.5379622746780101	0.1835296317722771
0.5379841369992396	0.1853649280900000
0.5380059575254922	0.1872185773709031
0.5380278423581102	0.1890907631446159
0.5380497953943241	0.1909816707760575
0.5380718201716056	0.1928914874838174
0.5380939180963895	0.1948204023586520
0.5381160824796167	0.1967686063822396
0.5381382652913302	0.1987362924460623
0.5381604190399626	0.2007236553705212
0.5381826513986160	0.2027308919242256
0.5382049667904730	0.2047582008434715
0.5382273400113277	0.2068057828519016
0.5382497808355927	0.2088738406804212
0.5382723038280414	0.2109625790872225
0.5382947702391053	0.2130722048780896
0.5383172952868134	0.2152029269268757
0.5383399026355019	0.2173549561961444
0.5383625957786747	0.2195285057581033
0.5383853798980796	0.2217237908156885
0.5384082607130927	0.2239410287238483
0.5384311060786073	0.2261804390110821
0.5384539520196147	0.2284422434011887
0.5384768927987417	0.2307266658351994
0.5384999343872250	0.2330339324935481
0.5385230813793138	0.2353642718184820
0.5385463236946224	0.2377179145366635
0.5385695008912816	0.2400950936820279
0.5385927490176968	0.2424960446188481
0.5386161104475805	0.2449210050650374
0.5386395733131528	0.2473702151156873
0.5386631200970664	0.2498439172668436
0.5386867166304345	0.2523423564395087
0.5387102741549727	0.2548657800038996
0.5387339590410314	0.2574144378039441
0.5387577618775206	0.2599885821819825
0.5387816870748066	0.2625884680038025
0.5388057338056048	0.2652143526838465
0.5388296570956974	0.2678664962106906
0.5388536986987129	0.2705451611728025
0.5388778698403667	0.2732506127845249
0.5389021803214807	0.2759831189123718
0.5389266300085198	0.2787429501014979
0.5389509720233483	0.2815303796025152
0.5389754559941171	0.2843456833985351
0.5390000749018201	0.2871891402325226
0.5390248231561358	0.2900610316348542
0.5390496674961637	0.2929616419512001
0.5390744487453554	0.2958912583707139
0.5390993909322949	0.2988501709544145
0.5391245068223894	0.3018386726639628
0.5391497976228922	0.3048570593906069
0.5391750369282158	0.3079056299845130
0.5392003178158808	0.3109846862843607
0.5392257868427469	0.3140945331472077
0.5392514505931956	0.3172354784786813
0.5392772479599474	0.3204078332634647
0.5393029609819671	0.3236119115960946
0.5393288357143770	0.3268480307120487
0.5393549095490088	0.3301165110191698
0.5393811841499881	0.3334176761293546
0.5394073585097416	0.3367518528906464
0.5394337168032080	0.3401193714195481
0.5394603047751729	0.3435205651337388
0.5394870545991867	0.3469557707850698
0.5395137462891713	0.3504253284929134
0.5395405965257531	0.3539295817778454
0.5395677063236992	0.3574688775956257
0.5395950612373998	0.3610435663715754
0.5396222807519251	0.3646540020352959
0.5396496821580767	0.3683005420556469
0.5396773663361011	0.3719835474762074
0.5397053240786741	0.3757033829509677
0.5397331478598073	0.3794604167804843
0.5397611723004463	0.3832550209482945
0.5397895031993578	0.3870875711577823
0.5398180321424199	0.3909584468693570
0.5398465099507369	0.3948680313380460
0.5398752960795554	0.3988167116514190
0.5399043577643755	0.4028048787679393
0.5399334474346434	0.4068329275556222
0.5399626966230573	0.4109012568311843
0.5399923263300639	0.4150102693994983
0.5400221617822955	0.4191603720934958
0.5400518837621200	0.4233519758144271
0.5400820158224939	0.4275854955725727
0.5401125663164708	0.4318613505283019
0.5401429997749465	0.4361799640335922
0.5401736789920553	0.4405417636739352
0.5402048295830268	0.4449471813106673
0.5402361695572517	0.4493966531237744
0.5402674675772702	0.4538906196550135
0.5402992563734614	0.4584295258515613
0.5403314688811819	0.4630138211100787
0.5403635268539598	0.4676439593211792
0.5403960349808365	0.4723203989143879
0.5404291195307915	0.4770436029035336
0.5404620209324471	0.4818140389325667
0.5404953410512395	0.4866321793218973
0.5405292727321356	0.4914985011151135
0.5405631158318237	0.4964134861262692
0.5405974031181027	0.5013776209875401
0.5406322967178685	0.5063913971974193
0.5406671258539071	0.5114553111694000
0.5407024470478138	0.5165698642810937
0.5407384345656207	0.5217355629239083
0.5407743137487948	0.5269529185531427
0.5408107776594567	0.5322224477386792
0.5408479734482416	0.5375446722160709
0.5408850266175078	0.5429201189382237
0.5409227601559961	0.5483493201275985
0.5409611643825830	0.5538328133288786
0.5409996364969774	0.5593711414621745
0.5410388071838705	0.5649648528768032
0.5410785200347835	0.5706145014055721
0.5411184771683042	0.5763206464196250
0.5411593805417676	0.5820838528838251
0.5412005211808906	0.5879046914126614
0.5412421729277529	0.5937837383267860
0.5412850553797056	0.5997215757100495
0.5413276783791955	0.6057187914671464
0.5413714134755698	0.6117759793818198
0.5414159975897322	0.6178937391756352
0.5414607054087884	0.6240726765673896
0.5415069857044380	0.6303134033330654
0.5415531331835635	0.6366165373663935
0.5416005826999478	0.6429827027400538
0.5416490753136023	0.6494125297674599
0.5416977669687929	0.6559066550651276
0.5417482018594894	0.6624657216157752
0.5417988665093914	0.6690903788319358
0.5418509370282047	0.6757812826202511
0.5419043805171588	0.6825390954464484
0.5419580839064914	0.6893644864009143
0.5420143002936798	0.6962581312649271
0.5420703484241850	0.7032207125775739
0.5421285592523851	0.7102529197033560
0.5421880020764765	0.7173554489003940
0.5422488995489657	0.7245290033893980
0.5423121225579242	0.7317742934232867
0.5423753928688722	0.7390920363575235
0.5424422658161357	0.7464829567210941
0.5425096309705602	0.7539477862883024
0.5425800711588811	0.7614872641511845
0.5426523254845500	0.7691021367926979
0.5427267145307640	0.7767931581606197
0.5428052549030425	0.7845610897422286
0.5428837943705420	0.7924067006396462
0.5429689044323898	0.8003307676460484
0.5430538353200786	0.8083340753225131
0.5431449548978516	0.8164174160757436
0.5432384217767162	0.8245815902365040
0.5433376026255775	0.8328274061388656
0.5434408069212059	0.8411556802002544
0.5435493156018592	0.8495672370022553
0.5436662073750747	0.8580629093722740
0.5437853580380958	0.8666435384660004
0.5439189702444296	0.8753099738506632
0.5440533859175085	0.8840630735891671
0.5442041418780893	0.8929037043250595
0.5443664973038506	0.9018327413683132
0.5445393235412842	0.9108510687819984
0.5447357869597520	0.9199595794698200
0.5449539465271015	0.9291591752645193
0.5452034265063416	0.9384507670171665
0.5454849594839742	0.9466951101809502
0.5457888890571089	0.9550127020368879
0.5461162144708085	0.9645628290572569
0.5465474542158497	0.9765259026510485
0.5466861346339680	0.9823678243423745
0.5468324185766310	0.9794031833586682
0.5469079022875677	0.9737542459286539
0.5473282895340159	0.9841686279027387
0.5474730896005049	0.9879556945444166
0.5477911627812860	0.9902136248095771
0.5486873642221757	0.9844523077584613
0.5492446654238463	0.9947747431786131
0.5497437816555450	0.9957662870093171
0.5521911012886477	0.9982926264526467
0.5545305705751126	0.9991357736465738
0.5559466985284186	0.9995366861509560
0.5596075493094997	0.9997005690299821
0.5611405346061481	0.9998245333426129
0.5612925322538871	0.9999284985464908
0.5662646775515234	0.9999712839264183
0.5675013460851311	0.9999857091321858
0.5756874995336939	0.9999937440398224
0.5797121503362905	0.9999981204256593
0.5841922611230588	0.9999991764613640
0.5906862149167773	0.9999997591366073
0.5944464934393709	0.9999998917737168
0.6006867381452572	0.9999999682405520
0.6036799051782088	0.9999999856098123
0.6101183264347390	0.9999999957639818
0.6129666361557967	0.9999999980646523
0.6194583181861801	0.9999999994249076
0.6219920793635585	0.9999999997361023
0.6285335071018476	0.9999999999210698
0.6309898477918047	0.9999999999637613
0.6376488770244664	0.9999999999891328
0.6402058822686101	0.9999999999950151
0.6469289775544419	0.9999999999985049
0.6496152154009779	0.9999999999993148
0.6563524028021916	0.9999999999997949
0.6591349890918828	0.9999999999999059
0.6658687571413573	0.9999999999999720
0.6686693024255016	0.9999999999999872
0.6754704930603850	0.9999999999999960
0.6783879473767052	0.9999999999999982
0.6847184919857391	0.9999999999999996
0.6869861499783041	0.9999999999999997
0.6887446335916788	0.9999999999999997
0.6916349585086451	1.0099999999999996
0.6920527276216502	1.0016558493116465
0.6938390644895784	1.0005962792767380
0.7083828344431119	1.0001138354979866
0.7201246803716169	1.0000814739318324
0.7296900479474913	1.0000236966600531
0.7328130939695616	1.0000150066567133
0.7428386836698910	1.0000137412028267
0.7477140211161484	1.0000040088422899
0.7507556972299865	1.0000025612540751
0.7667277378083246	1.0000007683188417
0.7688511247198612	1.0000003148228660
0.7763015073345899	1.0000001123702498
0.7815931485257039	1.0000000692805211
0.7890880046250005	1.0000000498905177
0.7935726466087034	1.0000000459326390
0.8002210365006833	1.0000000439738530
0.8045555765095667	1.0000000435912102
0.8103465445399286	1.0000000433792795
0.8145884447404627	1.0000000433397809
0.8210022542729648	1.0000000433171519
0.8249356571443622	1.0000000433130247
0.8314899558127635	1.0000000433106102
0.8351966689153708	1.0000000433101750
0.8419787077422562	1.0000000433099168
0.8455172955599140	1.0000000433098706
0.8525910929646767	1.0000000433098433
0.8559295258775867	1.0000000433098382
0.8580162167382566	1.0000000121726857
0.8580162171434372	1.0000000081479066
0.8756709940613429	1.0000000022725910
0.8760480307880908	1.0000000014372110
0.8856098260954125	1.0000000004372156
0.8866024968456726	1.0000000002893294
0.8978980773083320	1.0000000001487777
0.8990448597732279	1.0000000001271168
0.9011214153107674	1.0000000000869189
0.9026078386540693	1.0000000000811826
0.9082552115655845	1.0000000000673250
0.9095199078078527	1.0000000000655338
0.9206025268388792	1.0000000000652005
0.9248848859337682	1.0000000000629101
0.9249903369538470	1.0000000000626139
0.9376603269441776	1.0000000000622578
0.9450062727827344	1.0000000000621971
0.9463314015528244	1.0000000000621880
0.9507683761342918	1.0000000000621576
0.9515186874396091	1.0000000000621536
0.9583097345147357	0.9999999856359478
0.9608053373804075	0.9999999813892367
0.9716162446475365	0.9999999808403082
0.9801145536145819	0.9999999503065552
0.9826503561684798	0.9999999413332190
0.9934259520454237	0.9999999401733274
1.0034098031543055	0.9999999396422016
1.0067187237810082	0.9999999395735485
1.0152316061782554	0.9999999395417332
1.0209940788105363	0.9999999395376206
1.0278844436269723	0.9999999395351242
1.0316598123771850	0.9999999395348016
1.0378211896300003	0.9999999395345800
1.0416148564373950	0.9999999395345515
1.0475616676038402	0.9999999395345304
1.0510902278400220	0.9999999395345276
1.0540913658472590	0.9999758186396922
1.0540913658474640	0.9999734956320928
1.0714492224004155	0.9999700498868870
1.0741805413551850	0.9999696030671149
1.0899835789329395	0.9999640295835835
1.0902046005619475	0.9999633090846199
1.1120014451024760	0.9999631112655605
1.1158407940076067	0.9999630359969564
1.1259006139158938	0.9999630152882949
1.1346839194795693	0.9999630111909869
1.1555403387647321	0.9998973925732475
1.1555403759011131	0.9999625263075022
1.1773739409272701	0.9999625171691227
1.1983503639437945	0.9999074166329390
1.1983504138630114	0.9998763734774839
1.2202092354980767	0.9998745496689365
1.2701344831497761	0.9999782438982839
1.2943318336529730	0.9999933741989304
1.3187688011616694	0.9999936255713584
1.3581080948265722	0.9999984827045302
1.3796726252364615	0.9999986705611957
1.4014384667327695	0.9999986784409546
1.4128312952330258	0.9999986789867045
1.4237886116235319	0.9999986790320599
1.4345083900244513	0.9999986790362122
1.4451251083355008	0.9999986790366160
1.4559444668433643	0.9999986790366571
1.4669292941072998	0.9999986790366614
1.4722204291451080	0.9999988277515215
1.4917205324535805	0.9999988302116425
1.4932520156058382	0.9999988423313083
1.5091338730871566	0.9999988483407647
1.5349173602910144	0.9999988489839208
1.5555302958134178	0.9999988490372761
1.5725573356377334	0.9999988490415603
1.5886929050174672	0.9999988490419021
1.6088140691552015	0.9999988490419259
1.6290810168490280	0.9999988490419272
1.6304128606865544	0.9999988490419275
1.6375579753372449	0.9999988490419275
1.6477237247038710	1.0099988375323468
1.6481011116518514	1.0001680393473849
1.6721742703457547	0.9998495829112513
1.7200836550167891	0.9999963424961023
3.3510981805568276	0.9999986029952246
4.2618620347739959	0.9999995240737446
4.2729083003047945	0.9999996431567406
4.2792554921304147	0.9999996759316050
4.3023820988669019	0.9999996801680593
4.3039308135618430	0.9999998854904686
4.3043227462820051	0.9999999131963445
4.3257993572986564	0.9999999167775970
4.3264587990455281	0.9999999177632570
4.3495848410498601	0.9999999178906630
4.3604459281562793	0.9999999179257288
4.3835719507724829	0.9999999179302613
4.3944338595462193	0.9999999179315089
4.4026742444664650	0.9999999299713340
4.4026745363108102	0.9999999315275984
4.4244621907433226	0.9999999317289221
4.4244675233730550	0.9999999317843320
4.4475943861061840	0.9999999317914942
4.4502163003380542	0.9999999324855056
4.4503934589671426	0.9999999325771846
4.4720290573698591	0.9999999325890352
4.4723669711303584	0.9999999325922967
4.4790868755715776	0.9999999326325749
4.4793150793895702	0.9999999326377810
4.4944961718473895	0.9999999326388758
4.4970992258219580	0.9999999326391767
4.5011099235065508	0.9999999326415734
4.5014637253293071	0.9999999326418832
4.5160876096530016	0.9999999326419622
4.5193918126189798	0.9999999326419839
4.5206468786936211	0.9999999326421289
4.5210693268247280	0.9999999326421480
4.5369064003655604	0.9999999326421531
4.5393642655089934	0.9999999326421617
4.5399353616236260	0.9999999326421641
4.5517952715645906	0.9999999326421647
4.5524949288703045	0.9999999326421654
4.5547438359126202	0.9999999326421655
4.5560067516716911	0.9999999326421657
4.5571961242674837	0.9999999326421658
4.5643925512311743	1.0099999319685828
4.5649160784276024	1.0003846683269391
4.5815783644713095	1.0000238042238265
4.5961691245183580	1.0000021709426969
4.6202899496873187	1.0000010792653424
4.6411359956386207	1.0000010199584037
4.6630609713317046	0.9999075727597188
4.7940256655197508	0.9999861530336934
4.8163087993569080	0.9999979022823884
4.8385629204501948	0.9999981362964183
4.8562489695813298	0.9999981407177844
4.8633019228162775	0.9999981426047752
4.8938702631063808	0.9999981426865919
4.9398491261567505	0.9999981426886502
4.9872190981428499	0.9999981426886999
5.0556517947532127	0.9999981426887009
6.3103056379709397	0.9999996188441608
6.3121591376049651	0.9999999291460495
9.0659381888947195	0.9999999464348505
9.0828730413149330	0.9999999486695846
