0.0000000000000000	0.0000000000000000
0.5153878136616729	0.0000300000000000
0.5156474965154670	0.0000166781710549
0.5164944949587946	0.0000201739645866
0.5166322419180206	0.0000296837581712
0.5166864927053617	0.0000328443102692
0.5171679991114171	0.0000232008582014
0.5176461583422833	0.0000405716421555
0.5178055216696237	0.0000342310613130
0.5182298027349395	0.0000415289139775
0.5186243672437068	0.0000515289139775
0.5186549393829697	0.0000486227490577
0.5189070956202360	0.0000586227490577
0.5192671564166050	0.0000689536931594
0.5195563599296082	0.0000789536931594
0.5197897967692773	0.0000889536931594
0.5200147974042569	0.0001003126430927
0.5202372498651293	0.0001103126430927
0.5204025389762568	0.0001203126430927
0.5205591330642289	0.0001303126430927
0.5207016267172060	0.0001403126430927
0.5208371336203789	0.0001503126430927
0.5209621861743663	0.0001603126430927
0.5210805583740704	0.0001703126430927
0.5211913537470687	0.0001803126430927
0.5212979792299227	0.0001903126430927
0.5213969581008522	0.0002003126430927
0.5214922634449114	0.0002103126430927
0.5215817056706650	0.0002203126430927
0.5216682949808437	0.0002303126430927
0.5217498484305878	0.0002403126430927
0.5218285331856903	0.0002503126430927
0.5219034929445754	0.0002603126430927
0.5219755711991086	0.0002703126430927
0.5220449108227092	0.0002803126430927
0.5221115948792356	0.0002903126430927
0.5221761969834221	0.0003003126430927
0.5222383798746317	0.0003103126430927
0.5222988284652130	0.0003203126430927
0.5223569245929640	0.0003303126430927
0.5224137256750516	0.0003403126430927
0.5224682947396452	0.0003503126430927
0.5225218560572482	0.0003603126430927
0.5225732699249412	0.0003703126430927
0.5226239441100274	0.0003803126430927
0.5226725899196067	0.0003903126430927
0.5227206738177069	0.0004003126430927
0.5227668039169974	0.0004103126430927
0.5228125463341937	0.0004203126430927
0.5228563196609894	0.0004303126430927
0.5228999090695697	0.0004403126430927
0.5229416521222925	0.0004503126430927
0.5229832549655808	0.0004603126430927
0.5230232103587104	0.0004703126430927
0.5230629774241425	0.0004803126430927
0.5231013199529799	0.0004903126430928
0.5231393809844788	0.0005003126430928
0.5231762422402281	0.0005103126430928
0.5232127717855024	0.0005203126430927
0.5232482570507421	0.0005303126430927
0.5232833308773840	0.0005403126430927
0.5233175388780514	0.0005503126430927
0.5233512585820859	0.0005603126430927
0.5233841826241565	0.0005703126430927
0.5234166433175387	0.0005803126430927
0.5234485200907424	0.0005903126430928
0.5234799025550140	0.0006003126430928
0.5235106443449651	0.0006103126430928
0.5235409170690203	0.0006203126430928
0.5235707813885838	0.0006303126430928
0.5236000076090941	0.0006403126430928
0.5236289885204355	0.0006503126430928
0.5236572546329764	0.0006603126430928
0.5236853522283700	0.0006703126430928
0.5237127864607681	0.0006803126430928
0.5237400764424602	0.0006903126430928
0.5237666650899552	0.0007003126430928
0.5237932282755844	0.0007103126430928
0.5238190242356026	0.0007203126430928
0.5238448337073854	0.0007303126430928
0.5238699522939303	0.0007403126430928
0.5238950095820678	0.0007503126430928
0.5239195260713888	0.0007603126430928
0.5239438745922335	0.0007703126430928
0.5239676966364947	0.0007803126430927
0.5239914864443634	0.0007903126430927
0.5240147557863237	0.0008003126430927
0.5240378371915255	0.0008103126430927
0.5240605411867583	0.0008203126430927
0.5240831269938186	0.0008303126430927
0.5241053305943503	0.0008403126430927
0.5241272719038863	0.0008503126430927
0.5241489221148926	0.0008603126430927
0.5241703901411019	0.0008703126430927
0.5241915982437882	0.0008803126430927
0.5242125923058344	0.0008903126430927
0.5242333380120696	0.0009003126430927
0.5242537831799686	0.0009103126430927
0.5242740452959631	0.0009203126430927
0.5242940546725851	0.0009303126430927
0.5243139097724712	0.0009403126430927
0.5243334915618197	0.0009503126430927
0.5243529486101804	0.0009603126430927
0.5243721160602244	0.0009703126430927
0.5243911855916205	0.0009803126430928
0.5244099484341150	0.0009903126430928
0.5244286425115908	0.0010003126430927
0.5244470192927603	0.0010103157695236
0.5244653568554501	0.0010204189272189
0.5244835490993913	0.0010306231164911
0.5245018893002753	0.0010409293476560
0.5245200987346433	0.0010513386411325
0.5245384199470947	0.0010618520275439
0.5245566628585994	0.0010724705478193
0.5245749673574251	0.0010831952532975
0.5245932487798893	0.0010940272058305
0.5246115273640193	0.0011049674778887
0.5246298523412266	0.0011160171526676
0.5246481088832008	0.0011271773241943
0.5246664577855368	0.0011384490974362
0.5246847077971253	0.0011498335884105
0.5247030262311514	0.0011613319242946
0.5247213347100910	0.0011729452435376
0.5247396150517751	0.0011846746959730
0.5247579726947025	0.0011965214429327
0.5247762347331149	0.0012084866573620
0.5247945497782649	0.0012205715239357
0.5248128838927547	0.0012327772391750
0.5248311625703642	0.0012451050115668
0.5248494971431283	0.0012575560616825
0.5248678112068544	0.0012701316222993
0.5248861063090736	0.0012828329385223
0.5249044484025489	0.0012956612679076
0.5249227586331627	0.0013086178805867
0.5249410599684136	0.0013217040593925
0.5249594008406321	0.0013349210999865
0.5249777226055441	0.0013482703109864
0.5249960225706441	0.0013617530140963
0.5250143559011899	0.0013753705442372
0.5250327036730719	0.0013891242496796
0.5250509971913212	0.0014030154921764
0.5250693190064837	0.0014170456470981
0.5250876658132331	0.0014312161035691
0.5251059901640293	0.0014455282646047
0.5251242982302949	0.0014599835472508
0.5251426271309594	0.0014745833827232
0.5251609745165898	0.0014893292165505
0.5251793040132885	0.0015042225087160
0.5251976152082972	0.0015192647338031
0.5252159424201954	0.0015344573811411
0.5252342822281327	0.0015498019549525
0.5252526338669735	0.0015652999745021
0.5252709523583550	0.0015809529742471
0.5252892721980154	0.0015967625039896
0.5253076026520664	0.0016127301290295
0.5253259403087879	0.0016288574303198
0.5253442856064091	0.0016451460046230
0.5253626351386160	0.0016615974646693
0.5253809554258106	0.0016782134393159
0.5253992824504660	0.0016949955737091
0.5254176135173574	0.0017119455294462
0.5254359498196004	0.0017290649847407
0.5254542883253611	0.0017463556345881
0.5254726301472997	0.0017638191909340
0.5254909729083089	0.0017814573828434
0.5255093175352328	0.0017992719566718
0.5255276621834888	0.0018172646762385
0.5255460004284281	0.0018354373230009
0.5255643354379286	0.0018537916962309
0.5255826718206910	0.0018723296131932
0.5256010100834341	0.0018910529093251
0.5256193493257085	0.0019099634384183
0.5256376898737359	0.0019290630728025
0.5256560312525641	0.0019483537035305
0.5256743733881948	0.0019678372405658
0.5256927150790993	0.0019875156129715
0.5257110564120621	0.0020073907691012
0.5257293975975874	0.0020274646767922
0.5257477384415417	0.0020477393235602
0.5257660794685851	0.0020682167167959
0.5257844200342239	0.0020888988839639
0.5258027611530710	0.0021097878728035
0.5258211017224822	0.0021308857515316
0.5258394427638923	0.0021521946090469
0.5258577835545413	0.0021737165551374
0.5258761246161633	0.0021954537206888
0.5258944659279423	0.0022174082578957
0.5259128072155070	0.0022395823404746
0.5259311492870702	0.0022619781638793
0.5259494910816221	0.0022845979455182
0.5259678333383050	0.0023074439249734
0.5259861759183513	0.0023305183642232
0.5260045186478122	0.0023538235478654
0.5260228621336863	0.0023773617833440
0.5260412056342200	0.0024011354011774
0.5260595495404858	0.0024251467551891
0.5260778941969446	0.0024493982227410
0.5260962388753315	0.0024738922049684
0.5261145840859887	0.0024986311270181
0.5261329299699629	0.0025236174382883
0.5261512759927784	0.0025488536126711
0.5261696225784316	0.0025743421487979
0.5261879699014944	0.0026000855702858
0.5262063173936825	0.0026260864259887
0.5262246654101959	0.0026523472902485
0.5262430142440614	0.0026788707631510
0.5262613633382919	0.0027056594707824
0.5262797128700174	0.0027327160654903
0.5262980630916356	0.0027600432261452
0.5263164139682082	0.0027876436584066
0.5263347651639152	0.0028155200949907
0.5263531169009192	0.0028436752959406
0.5263714693571611	0.0028721120489001
0.5263898224569433	0.0029008331693891
0.5264081759377482	0.0029298415010831
0.5264265299575167	0.0029591399160940
0.5264448846557762	0.0029887313152549
0.5264632401315007	0.0030186186284074
0.5264815960714613	0.0030488048146915
0.5264999524988324	0.0030792928628383
0.5265183095063941	0.0031100857914668
0.5265366671834124	0.0031411866493815
0.5265550255823009	0.0031725985158752
0.5265733846672769	0.0032043245010341
0.5265917442358774	0.0032363677460444
0.5266101043450132	0.0032687314235048
0.5266284650585332	0.0033014187377398
0.5266468264061791	0.0033344329251171
0.5266651884282086	0.0033677772543682
0.5266835511367914	0.0034014550269119
0.5267019145532580	0.0034354695771811
0.5267202786778057	0.0034698242729528
0.5267386433667639	0.0035045225156823
0.5267570086499243	0.0035395677408392
0.5267753745443153	0.0035749634182475
0.5267937410718982	0.0036107130524299
0.5268121082428967	0.0036468201829542
0.5268304760719446	0.0036832883847837
0.5268488445649276	0.0037201212686315
0.5268672137201442	0.0037573224813178
0.5268855835333391	0.0037948957061310
0.5269039539976461	0.0038328446631923
0.5269223251029683	0.0038711731098243
0.5269406968411348	0.0039098848409227
0.5269590692077557	0.0039489836893318
0.5269774421973356	0.0039884735262252
0.5269958158110165	0.0040283582614876
0.5270141900442638	0.0040686418441026
0.5270325649037439	0.0041093282625436
0.5270509403857355	0.0041504215451690
0.5270693164970237	0.0041919257606208
0.5270876932393399	0.0042338450182269
0.5271060706189091	0.0042761834684093
0.5271244486436075	0.0043189453030934
0.5271428273181744	0.0043621347561243
0.5271612066554879	0.0044057561036855
0.5271795866597477	0.0044498136647223
0.5271979673414282	0.0044943118013694
0.5272163487113557	0.0045392549193830
0.5272347307774391	0.0045846474685768
0.5272531135535499	0.0046304939432625
0.5272714970483552	0.0046767988826951
0.5272898812727077	0.0047235668715222
0.5273082662422968	0.0047708025402373
0.5273266519648897	0.0048185105656396
0.5273450384521724	0.0048666956712960
0.5273634257181636	0.0049153626280090
0.5273818137693638	0.0049645162542890
0.5274002026157693	0.0050141614168320
0.5274185922702597	0.0050643030310004
0.5274369827388719	0.0051149460613104
0.5274553740305181	0.0051660955219236
0.5274737661568657	0.0052177564771427
0.5274921591265098	0.0052699340419143
0.5275105529476926	0.0053226333823333
0.5275289476313135	0.0053758597161567
0.5275473431902452	0.0054296183133183
0.5275657396320821	0.0054839144964514
0.5275841369668156	0.0055387536414160
0.5276025352062291	0.0055941411778300
0.5276209343637032	0.0056500825896084
0.5276393344483258	0.0057065834155044
0.5276577354707477	0.0057636492496594
0.5276761374432455	0.0058212857421561
0.5276945403792290	0.0058794985995778
0.5277129440711553	0.0059382935855735
0.5277313485355704	0.0059976765214290
0.5277497539969721	0.0060576532866433
0.5277681604698370	0.0061182298195098
0.5277865679695455	0.0061794121177049
0.5278049765107570	0.0062412062388819
0.5278233861073607	0.0063036183012708
0.5278417967743938	0.0063666544842835
0.5278602085276874	0.0064303210291261
0.5278786213838100	0.0064946242394175
0.5278970353598084	0.0065595704818119
0.5279154504731967	0.0066251661866299
0.5279338667416137	0.0066914178484964
0.5279522841815555	0.0067583320269811
0.5279707026705395	0.0068259153472507
0.5279891220847126	0.0068941745007234
0.5280075424559542	0.0069631162457308
0.5280259638144156	0.0070327474081882
0.5280443861887827	0.0071030748822702
0.5280628096065086	0.0071741056310929
0.5280812340940270	0.0072458466874041
0.5280996596649037	0.0073183051542780
0.5281180863233017	0.0073914882058207
0.5281365140751242	0.0074654030878790
0.5281549429279399	0.0075400571187581
0.5281733728910030	0.0076154576899459
0.5281918039750275	0.0076916122668456
0.5282102361921651	0.0077685283895140
0.5282286695557942	0.0078462136734090
0.5282471040805387	0.0079246758101430
0.5282655397821259	0.0080039225682445
0.5282839766773951	0.0080839617939270
0.5283024147842489	0.0081648014118664
0.5283208541216261	0.0082464494259851
0.5283392947095493	0.0083289139202452
0.5283577365690452	0.0084122030594476
0.5283761797222190	0.0084963250900421
0.5283946241922122	0.0085812883409426
0.5284130700031940	0.0086671012243522
0.5284315171791304	0.0087537722365959
0.5284499657430114	0.0088413099589618
0.5284684157171178	0.0089297230585517
0.5284868632284017	0.0090190202891374
0.5285053111187227	0.0091092104920290
0.5285237605621588	0.0092003025969493
0.5285422115731137	0.0092923056229190
0.5285606641664835	0.0093852286791484
0.5285791183578292	0.0094790809659400
0.5285975741634578	0.0095738717755995
0.5286160316005547	0.0096696104933555
0.5286344906873373	0.0097663065982892
0.5286529514431397	0.0098639696642723
0.5286714138883589	0.0099626093609147
0.5286898780444322	0.0100622354545237
0.5287083439338153	0.0101628578090688
0.5287268115799362	0.0102644863871596
0.5287452810072361	0.0103671312510314
0.5287637522412243	0.0104708025635420
0.5287822253085060	0.0105755105891776
0.5288007002368188	0.0106812656950693
0.5288191770532689	0.0107880783520198
0.5288376557839924	0.0108959591355398
0.5288561364241016	0.0110049187268950
0.5288746189693543	0.0111149679141638
0.5288931034187168	0.0112261175933053
0.5289115897742196	0.0113383787692384
0.5289300780408484	0.0114517625569308
0.5289485682264418	0.0115662801825002
0.5289670603416157	0.0116819429843255
0.5289855543997218	0.0117987624141689
0.5290040504168241	0.0119167500383104
0.5290225484116889	0.0120359175386937
0.5290410484057938	0.0121562767140807
0.5290595504232770	0.0122778394812216
0.5290780544907284	0.0124006178760340
0.5290965606370442	0.0125246240547945
0.5291150688933230	0.0126498702953427
0.5291335792924116	0.0127763689982957
0.5291520918663168	0.0129041326882788
0.5291706066466593	0.0130331740151618
0.5291891236650922	0.0131635057553131
0.5292076429536839	0.0132951408128666
0.5292261645452692	0.0134280922209952
0.5292446884736229	0.0135623731432054
0.5292632143296562	0.0136979968746373
0.5292817420415513	0.0138349768433838
0.5293002716813070	0.0139733266118174
0.5293188033194878	0.0141130598779352
0.5293373370255762	0.0142541904767146
0.5293558728683169	0.0143967323814819
0.5293744109160562	0.0145406997052968
0.5293929512158215	0.0146861067023498
0.5294114937908806	0.0148329677693733
0.5294300386697939	0.0149812974470672
0.5294485858828077	0.0151311104215375
0.5294671354616672	0.0152824215257528
0.5294856874398177	0.0154352457410103
0.5295042418526165	0.0155895981984200
0.5295227987375541	0.0157454941804040
0.5295413581344850	0.0159029491222080
0.5295599200858426	0.0160619786134299
0.5295784846367576	0.0162225983995645
0.5295970518349741	0.0163848243835605
0.5296156217308271	0.0165486726273963
0.5296341943772757	0.0167141593536702
0.5296527698299670	0.0168813009472065
0.5296713481457933	0.0170501139566784
0.5296899293805881	0.0172206150962450
0.5297085135898765	0.0173928212472077
0.5297271008294314	0.0175667494596792
0.5297456911556108	0.0177424169542761
0.5297642846257117	0.0179198411238186
0.5297828812983280	0.0180990395350569
0.5298014812228207	0.0182800299304070
0.5298200844040040	0.0184628302297108
0.5298386908551779	0.0186474585320080
0.5298573005978818	0.0188339331173284
0.5298759136613436	0.0190222724485022
0.5298945300810883	0.0192124951729873
0.5299131498950084	0.0194046201247171
0.5299317731437756	0.0195986663259638
0.5299503998712602	0.0197946529892235
0.5299690301249461	0.0199925995191161
0.5299876639563244	0.0201925255143078
0.5300063012286876	0.0203944507694505
0.5300249413335043	0.0205983952771454
0.5300435843866929	0.0208043792299165
0.5300622305015448	0.0210124230222160
0.5300808797895755	0.0212225472524381
0.5300995323676856	0.0214347727249623
0.5301181883488620	0.0216491204522125
0.5301368378841288	0.0218656116567344
0.5301554887813220	0.0220842677733020
0.5301741435503448	0.0223051104510355
0.5301928022126284	0.0225281615555462
0.5302114647958303	0.0227534431711019
0.5302301313360274	0.0229809776028133
0.5302488018776699	0.0232107873788408
0.5302674764735958	0.0234428952526290
0.5302861551848215	0.0236773242051556
0.5303048380802132	0.0239140974472073
0.5303235252305737	0.0241532384216792
0.5303422167090509	0.0243947708058959
0.5303609125919174	0.0246387185139547
0.5303796129593167	0.0248851056990936
0.5303983178958356	0.0251339567560843
0.5304170274907386	0.0253852963236455
0.5304357418382529	0.0256391492868815
0.5304544610379238	0.0258955407797502
0.5304731851431480	0.0261544961875479
0.5304919141787211	0.0264160411494230
0.5305106481783696	0.0266802015609165
0.5305293871851267	0.0269470035765258
0.5305481312513278	0.0272164736122915
0.5305668799324436	0.0274886383484152
0.5305856326542200	0.0277635247318993
0.5306043895648307	0.0280411599792186
0.5306231508165550	0.0283215715790108
0.5306419165661787	0.0286047872948006
0.5306606869700107	0.0288908351677486
0.5306794621827420	0.0291797435194258
0.5306982423588584	0.0294715409546206
0.5307170276540045	0.0297662563641665
0.5307358182160636	0.0300639189278076
0.5307546130568300	0.0303645581170853
0.5307734120006350	0.0306682036982564
0.5307922164135351	0.0309748857352382
0.5308110263960338	0.0312846345925907
0.5308298420543066	0.0315974809385161
0.5308486635013983	0.0319134557479016
0.5308674908579867	0.0322325903053811
0.5308863242528640	0.0325549162084351
0.5309051638235200	0.0328804653705200
0.5309240097167851	0.0332092700242245
0.5309428620837118	0.0335413627244665
0.5309617210518532	0.0338767763517121
0.5309805865911945	0.0342155441152288
0.5309994501444025	0.0345576995563812
0.5310183070955904	0.0349032765519450
0.5310371698894767	0.0352523093174635
0.5310560386697487	0.0356048324106377
0.5310749135916951	0.0359608807347442
0.5310937948227860	0.0363204895420908
0.5311126825405578	0.0366836944375111
0.5311315769252511	0.0370505313818856
0.5311504781615856	0.0374210366957041
0.5311693864404995	0.0377952470626620
0.5311883019606289	0.0381731995332894
0.5312072248492967	0.0385549315286226
0.5312261551968399	0.0389404808439077
0.5312450931154141	0.0393298856523477
0.5312640387294977	0.0397231845088716
0.5312829921773480	0.0401204163539592
0.5313019536120260	0.0405216205174992
0.5313209232019267	0.0409268367226744
0.5313399011314692	0.0413361050899021
0.5313588862689029	0.0417494661408002
0.5313778783228578	0.0421669608022075
0.5313968776136512	0.0425886304102295
0.5314158843245826	0.0430145167143319
0.5314348986436435	0.0434446618814742
0.5314539207763496	0.0438791085002886
0.5314729509465808	0.0443178995852912
0.5314919893968686	0.0447610785811437
0.5315110363764292	0.0452086893669560
0.5315300921431632	0.0456607762606264
0.5315491569657671	0.0461173840232314
0.5315682311089530	0.0465785578634629
0.5315873147015926	0.0470443434420985
0.5316063918806999	0.0475147868765207
0.5316254661045052	0.0479899347452849
0.5316445507314248	0.0484698340927369
0.5316636457080962	0.0489545324336630
0.5316827491955677	0.0494440777580006
0.5317018615300760	0.0499385185355805
0.5317209830618129	0.0504379037209357
0.5317401141561868	0.0509422827581446
0.5317592551817479	0.0514517055857273
0.5317784063364724	0.0519662226415860
0.5317975678361462	0.0524858848680026
0.5318167399247392	0.0530107437166829
0.5318359228748454	0.0535408511538485
0.5318551168404214	0.0540762596653856
0.5318743179797358	0.0546170222620398
0.5318935308668712	0.0551631924846592
0.5319127557753884	0.0557148244095065
0.5319319912614194	0.0562719726536015
0.5319512367417331	0.0568346923801377
0.5319704925941008	0.0574030393039393
0.5319897592163095	0.0579770696969780
0.5320090370216704	0.0585568403939488
0.5320283264422651	0.0591424087978882
0.5320476279314363	0.0597338328858660
0.5320669287630040	0.0603311712147254
0.5320862184400317	0.0609344829268715
0.5321055216408216	0.0615438277561402
0.5321248386182230	0.0621592660337019
0.5321441696634658	0.0627808586940406
0.5321635151075581	0.0634086672809800
0.5321828732165899	0.0640427539537913
0.5322022435399166	0.0646831814933306
0.5322216266637448	0.0653300133082631
0.5322410230096449	0.0659833134413449
0.5322604329400946	0.0666431465757569
0.5322798568703706	0.0673095780415154
0.5322992952697031	0.0679826738219298
0.5323187486307381	0.0686625005601479
0.5323382174735357	0.0693491255657488
0.5323577022199977	0.0700426168214058
0.5323772031929893	0.0707430429896206
0.5323967174455274	0.0714504734195148
0.5324162455643607	0.0721649781537114
0.5324357881802486	0.0728866279352484
0.5324553070873902	0.0736154942146020
0.5324748357072232	0.0743516491567496
0.5324943811161920	0.0750951656483170
0.5325139437948287	0.0758461173047987
0.5325335241566003	0.0766045784778485
0.5325531226655152	0.0773706242626266
0.5325727335150512	0.0781443305052517
0.5325923618891029	0.0789257738103036
0.5326120061413243	0.0797150315484080
0.5326316671386180	0.0805121818638933
0.5326513454480808	0.0813173036825338
0.5326710416903481	0.0821304767193614
0.5326907565428844	0.0829517814865529
0.5327104907441023	0.0837812993014204
0.5327302450660614	0.0846191122944335
0.5327500200870450	0.0854653034173782
0.5327697830446169	0.0863199564515519
0.5327895428937011	0.0871831560160664
0.5328093215806265	0.0880549875762250
0.5328291199190287	0.0889355374519878
0.5328489387762139	0.0898248928265085
0.5328687790614178	0.0907231417547716
0.5328886414983109	0.0916303731723183
0.5329085267310487	0.0925466769040394
0.5329284354972745	0.0934721436730792
0.5329483673254136	0.0944068651098098
0.5329683195040662	0.0953509337609064
0.5329882932148335	0.0963044430985170
0.5330082893645185	0.0972674875295023
0.5330283088430110	0.0982401624047992
0.5330483260716407	0.0992225640288486
0.5330683296035676	0.1002147896691390
0.5330883516724637	0.1012169375658293
0.5331084004219466	0.1022291069414875
0.5331284737762666	0.1032513980108998
0.5331485710843351	0.1042839119910105
0.5331686934426049	0.1053267511109205
0.5331888420226062	0.1063800186220270
0.5332090180827657	0.1074438188082471
0.5332292226349310	0.1085182569963284
0.5332494565853698	0.1096034395662939
0.5332697175514367	0.1106994739619595
0.5332900018076171	0.1118064687015801
0.5333102425289542	0.1129245333885971
0.5333305122837376	0.1140537787224835
0.5333508123892473	0.1151943165097096
0.5333711439104259	0.1163462596748084
0.5333915080317080	0.1175097222715585
0.5334119060670061	0.1186848194942751
0.5334323329092346	0.1198716676892194
0.5334527901017713	0.1210703843661099
0.5334732790022060	0.1222810882097714
0.5334937945249948	0.1235038990918703
0.5335143391322565	0.1247389380827923
0.5335348346728052	0.1259863274636205
0.5335553658344596	0.1272461907382601
0.5335759312406853	0.1285186526456427
0.5335965304688390	0.1298038391720986
0.5336171652300961	0.1311018775638172
0.5336378373845279	0.1324128963394570
0.5336585486906529	0.1337370253028524
0.5336793005924603	0.1350743955558809
0.5337000885755612	0.1364251395114399
0.5337209131118110	0.1377893909065569
0.5337416835309285	0.1391672848156200
0.5337624917570629	0.1405589576637793
0.5337833427887551	0.1419645472404183
0.5338042383252524	0.1433841927128204
0.5338251785364158	0.1448180346399477
0.5338461460390228	0.1462662149863482
0.5338671533073146	0.1477288771362120
0.5338882048817744	0.1492061659075707
0.5339093028709798	0.1506982275666449
0.5339303528230872	0.1522052098423107
0.5339514390597542	0.1537272619407303
0.5339725704428101	0.1552645345601386
0.5339937485009840	0.1568171799057415
0.5340149755894872	0.1583853517047995
0.5340362542800248	0.1599692052218481
0.5340575873920673	0.1615688972740674
0.5340789691894517	0.1631845862468050
0.5341003449370925	0.1648164321092766
0.5341217090091773	0.1664645964303714
0.5341431131353974	0.1681292423946766
0.5341645718338076	0.1698105348186244
0.5341860909793136	0.1715086401668148
0.5342076631858025	0.1732237265684868
0.5342292909960721	0.1749559638341704
0.5342509779159783	0.1767055234725125
0.5342726308243356	0.1784725787072333
0.5342943084746093	0.1802573044943081
0.5343160513478632	0.1820598775392501
0.5343378539513973	0.1838804763146388
0.5343597201754434	0.1857192810777853
0.5343816539724373	0.1875764738885676
0.5344036426846760	0.1894522386274534
0.5344256185867420	0.1913467610137255
0.5344475867253677	0.1932602286238618
0.5344696235523797	0.1951928309100955
0.5344917335563946	0.1971447592191985
0.5345139203222234	0.1991162068113926
0.5345361812320210	0.2011073688795093
0.5345585136312829	0.2031184425683075
0.5345808101780671	0.2051496269939953
0.5346031364076419	0.2072011232639306
0.5346255457685851	0.2092731344965743
0.5346480139453286	0.2113658658415400
0.5346705603953983	0.2134795244999559
0.5346931908973864	0.2156143197449527
0.5347158491843225	0.2177704629424024
0.5347384790226902	0.2199481675718317
0.5347612015703594	0.2221476492475537
0.5347840111205544	0.2243691257400343
0.5348069138371363	0.2266128169974384
0.5348299151000833	0.2288789451674089
0.5348529291026670	0.2311677346190851
0.5348759006682264	0.2334794119652784
0.5348989691371598	0.2358142060849260
0.5349221412655401	0.2381723481457727
0.5349454231090975	0.2405540716272362
0.5349688081888277	0.2429596123435107
0.5349921684532475	0.2453892084669433
0.5350155587297499	0.2478431005516125
0.5350390624646428	0.2503215315571297
0.5350626563337336	0.2528247468727008
0.5350863599604263	0.2553529943414263
0.5351101360902061	0.2579065242848441
0.5351338513977926	0.2604855895276962
0.5351576981116484	0.2630904454229737
0.5351816727545363	0.2657213498772018
0.5352057731622364	0.2683785633759778
0.5352299795859676	0.2710623490097409
0.5352540608188782	0.2737729724998335
0.5352782893093189	0.2765107022248335
0.5353026515739078	0.2792758092470790
0.5353271584854634	0.2820685673395475
0.5353517831659181	0.2848892530129448
0.5353763260063467	0.2877381455430756
0.5354010040919264	0.2906155269985047
0.5354258067416644	0.2935216822684876
0.5354507765852029	0.2964568990911706
0.5354757919356683	0.2994214680820881
0.5355008035100058	0.3024156827629029
0.5355259829554970	0.3054398395905323
0.5355513435941699	0.3084942379864381
0.5355768398886064	0.3115791803663000
0.5356022377367046	0.3146949721699575
0.5356277800052145	0.3178419218916601
0.5356535190408387	0.3210203411105749
0.5356794632720934	0.3242305445216871
0.5357054310773498	0.3274728499669071
0.5357313775574594	0.3307475784665701
0.5357575353829190	0.3340550542512286
0.5357839190699817	0.3373956047937474
0.5358104042330348	0.3407695608416891
0.5358368590309200	0.3441772564501015
0.5358635270463978	0.3476190290146000
0.5358903993879448	0.3510952193047402
0.5359174073830684	0.3546061714977913
0.5359443664927253	0.3581522332127671
0.5359715897194524	0.3617337555448999
0.5359990671706487	0.3653510931003497
0.5360266038747801	0.3690046040313584
0.5360541296007290	0.3726946500716655
0.5360819481372318	0.3764215965723779
0.5361100620044016	0.3801858125381064
0.5361381876013290	0.3839876706634862
0.5361663518250337	0.3878275473701235
0.5361948425887026	0.3917058228438249
0.5362236533831976	0.3956228810722569
0.5362523653770300	0.3995791098829840
0.5362812705612630	0.4035749009818192
0.5363105276288822	0.4076106499916354
0.5363399746146941	0.4116867564915459
0.5363694112251035	0.4158036240564548
0.5363991735216044	0.4199616602970218
0.5364292930523807	0.4241612768999872
0.5364593265922980	0.4284028896689807
0.5364896709452562	0.4326869185656714
0.5365203914973117	0.4370137877513327
0.5365512096063675	0.4413839256288505
0.5365821381819688	0.4457977648851457
0.5366135301502051	0.4502557425340007
0.5366452044422733	0.4547582999593399
0.5366767874059668	0.4593058829589362
0.5367088573497181	0.4638989417885323
0.5367414493917440	0.4685379312064146
0.5367737540417944	0.4732233105184773
0.5368065939236801	0.4779555436236618
0.5368400030809195	0.4827350990598916
0.5368732531086140	0.4875624500504878
0.5369069523363393	0.4924380745509945
0.5369412670510110	0.4973624552964992
0.5369755160779959	0.5023360798494658
0.5370101376669406	0.5073594406479592
0.5370454764544811	0.5124330350544336
0.5370807596286338	0.5175573654049774
0.5371164388199474	0.5227329390590191
0.5371529469490647	0.5279602684496083
0.5371893029877530	0.5332398711341109
0.5372261830745025	0.5385722698454493
0.5372639688915365	0.5439579925438983
0.5373014458133194	0.5493975724693343
0.5373397172297412	0.5548915481940316
0.5373787604244153	0.5604404636759655
0.5374176226524983	0.5660448683127330
0.5374575013527788	0.5717053169958597
0.5374978740340735	0.5774223701658252
0.5375383393506713	0.5831965938674807
0.5375800658272109	0.5890285598061630
0.5376217535506104	0.5949188454042249
0.5376641856291761	0.6008680338582714
0.5377078259558866	0.6068767141968532
0.5377511048510190	0.6129454813388221
0.5377958646254765	0.6190749361522161
0.5378410176419538	0.6252656855137402
0.5378867832910492	0.6315183423688766
0.5379340221009604	0.6378335257925698
0.5379810914934986	0.6442118610504908
0.5380295911728471	0.6506539796609968
0.5380790130071440	0.6571605194576133
0.5381290353725433	0.6637321246521868
0.5381807674117798	0.6703694458987033
0.5382324981099870	0.6770731403576845
0.5382860053384185	0.6838438717612662
0.5383406214721688	0.6906823104788854
0.5383959191663321	0.6975891335836751
0.5384537291076645	0.7045650249195132
0.5385111737376418	0.7116106751687038
0.5385712227876746	0.7187267819203886
0.5386323834794186	0.7259140497395864
0.5386949689209433	0.7331731902369883
0.5387602623781279	0.7405049221393532
0.5388258262081400	0.7479099713607495
0.5388953175773504	0.7553890710743557
0.5389647731317739	0.7629429617850942
0.5390380626361443	0.7705723914029476
0.5391129877486387	0.7782781153169741
0.5391907712251712	0.7860608964701470
0.5392717721489945	0.7939215054348536
0.5393554207010786	0.8018607204892023
0.5394440509353569	0.8098793276940961
0.5395330981029700	0.8179781209710391
0.5396310713093559	0.8261579021807451
0.5397287714643529	0.8344194812025502
0.5398343672347176	0.8427636760145752
0.5399428071357847	0.8511913127747188
0.5400599304522840	0.8597032259024691
0.5401834236425375	0.8683002581614950
0.5403136967465323	0.8769832607431061
0.5404559555098847	0.8857530933505409
0.5406062598438766	0.8946106242840453
0.5407751806846317	0.9035567305268831
0.5409522694227568	0.9125922978321548
0.5411574229797240	0.9217182208104752
0.5413438912911478	0.9301563781372413
0.5415891555410999	0.9394579419186122
0.5418485658806744	0.9475511355110422
0.5421592225374821	0.9570266468661517
0.5421975555008675	0.9540394532927560
0.5424299858248338	0.9635798478256818
0.5429441140812381	0.9732156463039401
0.5435696012845984	0.9816880843732172
0.5435798863992474	0.9871636135285493
0.5439567627291891	0.9893045878952399
0.5443618631188348	0.9883181328669698
0.5445238178526577	0.9830754424034556
0.5451007906847956	0.9927451556157855
0.5455217266816980	0.9949264691304399
0.5482527161410241	0.9965983776624465
0.5488211752485044	0.9987477250841447
0.5496082422368151	0.9994172279488213
0.5559215138856631	0.9998266570303849
0.5594139206105518	0.9999101144627032
0.5640556881756311	0.9999706174223907
0.5659417230357054	0.9999870551571964
0.5702038672459567	0.9999963766860387
0.5735602199134653	0.9999981279304796
0.5809628551059629	0.9999993886573098
0.5828604375322142	0.9999997175035723
0.5897382449451164	0.9999999132154767
0.5933427673239787	0.9999999605998383
0.6001605661858059	0.9999999881627942
0.6036968199712134	0.9999999946241261
0.6102734026201715	0.9999999983984906
0.6135252146564195	0.9999999992712686
0.6200929262512438	0.9999999997833111
0.6231339493618968	0.9999999999010597
0.6296662781291966	0.9999999999705146
0.6324676996216476	0.9999999999865037
0.6390215315076141	0.9999999999959672
0.6416974936569706	0.9999999999981521
0.6483116548545013	0.9999999999994469
0.6509709755159067	0.9999999999997463
0.6576256609237081	0.9999999999999241
0.6603301610345488	0.9999999999999653
0.6670153897608673	0.9999999999999897
0.6697024335564877	0.9999999999999953
0.6764824736730543	0.9999999999999987
0.6795345383050112	0.9999999999999996
0.6856299862386126	1.0000000000000000
0.6895982402068666	1.0000000000000002
0.6916349585086466	1.0004686969054288
0.6916775690205555	1.0044016023020412
0.6938310578880125	1.0011045127626712
0.6963433348110027	1.0004595398574294
0.7093734038922858	1.0001108021459197
0.7127950601301252	1.0000467790831895
0.7200758806111091	1.0000154903332961
0.7241414225240105	1.0000102150312578
0.7284409864653986	1.0000057647662173
0.7302282448141562	1.0000026421469572
0.7340682301601432	1.0000019090522640
0.7447522852466308	1.0000014364595895
0.7481026998811485	1.0000009508804677
0.7514325979949822	1.0000008332407642
0.7592024882309508	1.0000007927874699
0.7620080717728527	1.0000007697107736
0.7669918057809715	1.0000006987649923
0.7697195129780334	1.0000006567666744
0.7761281011979407	1.0000006513379835
0.7764545348131774	1.0000006429620885
0.7831482646794087	1.0000006399503292
0.7840490232057117	1.0000006364436120
0.7904300492257430	1.0000006352553374
0.7964514851524765	1.0000006345657126
0.8010158716877233	1.0000006344023218
0.8084013734672369	1.0000006343194381
0.8126049858829006	1.0000006343006911
0.8197988298454226	1.0000006342912513
0.8236608376443731	1.0000006342891730
0.8310158232371759	1.0000006342881276
0.8346113624318514	1.0000006342879013
0.8420252867270828	1.0000006342877872
0.8454278687856475	1.0000006342877628
0.8529546380751837	1.0000006342877505
0.8560444462780940	1.0000006342877479
0.8580162163165329	1.0000001503332840
0.8580162163261262	1.0000000877773623
0.8738936040332163	1.0000000238527149
0.8746341695307960	1.0000000144095413
0.8819164388635480	1.0000000045527020
0.8832757129880551	1.0000000030558995
0.8944818492016212	1.0000000018778934
0.8956515855069540	1.0000000016877186
0.8974796798964325	1.0000000012103654
0.8985437801015169	1.0000000011433354
0.9056300820745621	1.0000000009688954
0.9064451842903448	1.0000000009448238
0.9226763000845825	1.0000000009184984
0.9231540056693066	1.0000000009145704
0.9349845803875293	1.0000000009112124
0.9360980238008623	1.0000000009106915
0.9462905588995703	1.0000000009102792
0.9497327219378287	1.0000000009102237
0.9583097605634324	1.0000000002926543
0.9608053212181443	1.0000000002128278
0.9609518384301831	1.0000000000182283
0.9720903320093546	0.9999999999397632
0.9798439638283075	0.9999999999296206
0.9801432205218680	0.9999999986184211
0.9826462076618561	0.9999999984489359
0.9827974490723846	0.9999999980369675
0.9939411738773191	0.9999999978710041
1.0016902751922396	0.9999999978495521
1.0036058117854028	0.9999999978201192
1.0125569588293690	0.9999999978093089
1.0178629487365178	0.9999999978067056
1.0239718399003308	0.9999999978054613
1.0290063447497013	0.9999999978052059
1.0349634520509359	0.9999999978050726
1.0394510272239950	0.9999999978050468
1.0455145624396227	0.9999999978050328
1.0498462230778924	0.9999999978050303
1.0540913658469269	0.9996431602415611
1.0540913658469404	0.9995898697459916
1.0711757531288109	0.9995509524493895
1.0873575311200836	0.9999217841622541
1.1260412115770233	0.9999777282480318
1.1656568539872034	0.9999860443721255
1.1682047992295981	0.9999861835291941
1.1904197913423140	0.9999871635276050
1.1984390632649207	0.9999912177816134
1.2036845934429763	0.9999918225550147
1.2219885791678065	0.9999919142074034
1.2395841454674779	0.9999919278543139
1.2560526125839495	0.9999919301854689
1.2566604614043919	0.9999919304867981
1.2701345106354855	0.9999970684685856
1.2726328229832031	0.9999978309719370
1.2916351750030342	0.9999979294723101
1.3016737777855014	0.9999979608991256
1.3105123877334823	0.9999979649602234
1.3188663634577678	0.9999979668318036
1.3249815152971871	0.9999979670737255
1.3368440317848731	0.9999979671859632
1.3429184473114557	0.9999979672004716
1.3499980439403518	0.9999979672093298
1.3546143796040813	0.9999979672104745
1.3581042401651513	0.9999993904219423
1.3593536226241367	0.9999997584489732
1.3678688367118959	0.9999998408433395
1.3707093669318364	0.9999999082372933
1.3829454141255486	0.9999999240694053
1.3935401507487513	0.9999999302410245
1.4016317924998212	0.9999999313374573
1.4085287106440489	0.9999999318823485
1.4144554355161680	0.9999999319734679
1.4209599873569374	0.9999999320247088
1.4260359380066714	0.9999999320330514
1.4325465894585907	0.9999999320381150
1.4371536359346360	0.9999999320389268
1.4440824871419158	0.9999999320394424
1.4483442562881155	0.9999999320395242
1.4554312695627420	0.9999999320395779
1.4595064996870388	0.9999999320395866
1.4665367582886311	0.9999999320395924
1.4704524858388757	0.9999999320395934
1.4722204291231848	1.0000023030745826
1.4722204291243342	1.0000026095493282
1.4878326201013277	1.0000027312927682
1.4887154178093156	1.0000027538018419
1.5073312075060306	1.0000028436507109
1.5075695854563049	1.0000028557238831
1.5269709254544459	1.0000028639579432
1.5276700039125055	1.0000028652500625
1.5430779214883432	1.0000028658907398
1.5461805604444210	1.0000028659979325
1.5584615631912699	1.0000028660488651
1.5628964881540020	1.0000028660574711
1.5742024182616121	1.0000028660615341
1.5789614278126596	1.0000028660622216
1.5929474334203506	1.0000028660624902
1.5977281172672384	1.0000028660625380
1.6107515593203248	1.0000028660625562
1.6160987538043370	1.0000028660625597
1.6315701626185768	1.0000028660625606
1.6332192274506587	1.0000028660625606
2.0206770173297302	0.9800028087413094
2.0206770173297302	0.9999934791919232
2.1666714734451551	0.9999980168567935
2.4956089039485732	0.9999985531704189
2.5179954893205214	0.9999986225965598
3.3407717691038776	0.9999992780888592
3.3435384616533335	0.9999993628167778
3.3514176429839786	0.9999994594338796
4.3089863250510163	0.9999995127536849
4.3100295792624834	0.9999995274286992
4.4096893348089852	0.9999995305552964
4.4135048810687403	0.9999995314158224
4.4573489313036054	0.9999995315960489
4.4612092627546600	0.9999995316456524
4.4860382922913642	0.9999995316561121
4.4899518307753077	0.9999995316589909
4.5078128705756946	0.9999995316596132
4.5117021721093709	0.9999995316597847
4.5272480600319822	0.9999995316598222
4.5311373133649671	0.9999995316598326
4.5456818759339290	0.9999995316598350
4.5506373537983356	0.9999995316598355
4.5602277435056591	0.9999995316598359
4.5643925512311743	1.0035967432573156
4.5664338298173286	1.0009321021481610
4.5686533987137521	1.0002555114095428
4.5816898655637912	1.0000698968786497
4.5874967643925570	1.0000317020718283
4.6053971558753597	1.0000211814677826
4.6070125209604784	1.0000190002907685
4.6251581969663640	1.0000183989339144
4.6291326508955013	1.0000182798216819
4.6477948622666823	1.0000182470366217
4.6509602878065728	1.0000182405509803
4.6630609309056306	0.9985682350493275
4.6630609413523754	0.9983790844230859
4.6698511308463004	0.9997317429949065
4.6829932680449309	0.9999022712238805
4.7105472291857229	0.9999551808086657
4.7173673244787881	0.9999878700589736
4.7250326595852812	0.9999920809582049
4.7417912615557771	0.9999944202532622
4.7468889854388392	0.9999947223159112
4.7674257706025873	0.9999955051805602
4.7706035886418610	0.9999956194546267
4.7917277445346542	0.9999956404777396
4.7941514345018543	0.9999990223873979
4.7967176721925604	0.9999994595094905
4.8076486310317241	0.9999995894585437
4.8164008971478243	1.0000001175185775
4.8196819659865779	1.0000002648564990
4.8295063947087007	1.0000002839012156
4.8402026275233290	1.0000003025553503
4.8419146304469312	1.0000003049665762
4.8587458986380199	1.0000003056935596
4.8628574842795969	1.0000003063408973
4.8678254496798248	1.0000003064961001
4.8795815593168825	1.0000003065462324
4.8858989640605301	1.0000003065762046
4.8934401151364950	1.0000003065800787
4.8942620577854550	1.0000003065836809
4.9011800090397744	1.0000003065871210
4.9041319436814153	1.0000003065875658
4.9254088077413050	1.0000003065883436
4.9289207239626265	1.0000003065884442
4.9402450521895647	1.0000003065885674
4.9481461858625053	1.0000003065885865
4.9620465229537913	1.0000003065885890
4.9724129701542052	1.0000003065886043
4.9754536966321732	1.0000003065886061
4.9875690447068362	1.0000003065886087
4.9899136875650409	1.0000003065886089
5.0137650089534453	1.0000003065886092
5.0345678484490017	1.0000003065886092
