0.0000000000000000	0.0000000000000000
0.5417104640309603	0.0000300000000000
0.5418972288439367	0.0000078776730257
0.5434145323861590	0.0000158291630674
0.5436635736273902	0.0000361203924970
0.5436829122352727	0.0000294699731591
0.5440746945801600	0.0000355227683211
0.5444496231374131	0.0000382100182477
0.5446477215359412	0.0000456220627354
0.5451081701227862	0.0000528577179262
0.5455093007599856	0.0000628577179262
0.5458580425013867	0.0000724077311186
0.5461587220055171	0.0000824077311186
0.5464169596109933	0.0000924077311186
0.5466461085553700	0.0001041075631561
0.5468803643087988	0.0001141075631561
0.5470498566762384	0.0001241075631561
0.5472052475839960	0.0001341075631561
0.5473498967732957	0.0001441075631561
0.5474852897838914	0.0001541075631561
0.5476102859585932	0.0001641075631561
0.5477283207011077	0.0001741075631561
0.5478372156012576	0.0001841075631561
0.5479435766055348	0.0001941075631561
0.5480407587845120	0.0002041075631561
0.5481345892467671	0.0002141075631561
0.5482223567241754	0.0002241075631561
0.5483074868563648	0.0002341075631561
0.5483877048815673	0.0002441075631561
0.5484649815941062	0.0002541075631561
0.5485389269424069	0.0002641075631561
0.5486103065404230	0.0002741075631561
0.5486788532885470	0.0002841075631561
0.5487446772890682	0.0002941075631561
0.5488085939982070	0.0003041075631561
0.5488699927618290	0.0003141075631561
0.5489298320086012	0.0003241075631561
0.5489871053394979	0.0003341075631561
0.5490433719964868	0.0003441075631561
0.5490972752551428	0.0003541075631561
0.5491503632853380	0.0003641075631561
0.5492010447107135	0.0003741075631561
0.5492512624935861	0.0003841075631561
0.5492992168405704	0.0003941075631561
0.5493468961345299	0.0004041075631561
0.5493923545172598	0.0004141075631561
0.5494377103171297	0.0004241075631561
0.5494810806113465	0.0004341075631561
0.5495241814898471	0.0004441075631561
0.5495656693155372	0.0004541075631561
0.5496068237869736	0.0004641075631561
0.5496465824810247	0.0004741075631561
0.5496858902049840	0.0004841075631561
0.5497240538334049	0.0004941075631561
0.5497617196652075	0.0005041075631561
0.5497984111578151	0.0005141075631561
0.5498345333043441	0.0005241075631561
0.5498698316824675	0.0005341075631561
0.5499045003805911	0.0005441075631561
0.5499384949688755	0.0005541075631561
0.5499718554667781	0.0005641075631561
0.5500046986713428	0.0005741075631561
0.5500369116899300	0.0005841075631561
0.5500686104780821	0.0005941075631561
0.5500996088399207	0.0006041075631561
0.5501303373704145	0.0006141075631561
0.5501603252541675	0.0006241075631561
0.5501900168788367	0.0006341075631561
0.5502191024974387	0.0006441075631561
0.5502478501994497	0.0006541075631561
0.5502759845029485	0.0006641075631561
0.5503039187314644	0.0006741075631561
0.5503311897150676	0.0006841075631561
0.5503583150719779	0.0006941075631561
0.5503848071301144	0.0007041075631561
0.5504111094502273	0.0007141075631561
0.5504368891019389	0.0007241075631561
0.5504624467622189	0.0007341075631561
0.5504874868987746	0.0007441075631561
0.5505124517190718	0.0007541075631561
0.5505367806515851	0.0007641075631561
0.5505610076039394	0.0007741075631561
0.5505848681540152	0.0007841075631561
0.5506083912096508	0.0007941075631561
0.5506315820333644	0.0008041075631561
0.5506545884854013	0.0008141075631561
0.5506772955328192	0.0008241075631561
0.5506996459559605	0.0008341075631561
0.5507217535934720	0.0008441075631561
0.5507436163957407	0.0008541075631561
0.5507652733835623	0.0008641075631561
0.5507866613707968	0.0008741075631561
0.5508077685302747	0.0008841075631561
0.5508285781263357	0.0008941075631561
0.5508492505621596	0.0009041075631561
0.5508696192273038	0.0009141075631561
0.5508898710792098	0.0009241075631561
0.5509097926403187	0.0009341075631561
0.5509296318271777	0.0009441075631561
0.5509491298675526	0.0009541075631561
0.5509685656671148	0.0009641075631562
0.5509876392835937	0.0009741075631562
0.5510066831218974	0.0009841075631562
0.5510253578201774	0.0009941075631562
0.5510439855717324	0.0010041075631562
0.5510622949117474	0.0010141486387877
0.5510806269142106	0.0010242901251756
0.5510988515287640	0.0010345330264273
0.5511171701792587	0.0010448783566916
0.5511354202752072	0.0010553271402585
0.5511537257942181	0.0010658804116611
0.5511720084564058	0.0010765392157777
0.5511902923053985	0.0010873046079355
0.5512086143874273	0.0010981776540148
0.5512268782223388	0.0011091594305549
0.5512452445677510	0.0011202510248605
0.5512634819009303	0.0011314535351091
0.5512818179585872	0.0011427680704602
0.5513001095928731	0.0011541957511648
0.5513184110390266	0.0011657377086764
0.5513367620637933	0.0011773950857632
0.5513550305181961	0.0011891690366208
0.5513733740208031	0.0012010607269871
0.5513916789012386	0.0012130713342570
0.5514099836568490	0.0012252020475995
0.5514283515136895	0.0012374540680756
0.5514466278722251	0.0012498286087563
0.5514649534597393	0.0012623268948438
0.5514833115348555	0.0012749501637923
0.5515015967948700	0.0012876996654302
0.5515199311038951	0.0013005766620845
0.5515382857760897	0.0013135824287053
0.5515565791586482	0.0013267182529923
0.5515749133860783	0.0013399854355223
0.5515932800793383	0.0013533852898775
0.5516115739478535	0.0013669191427762
0.5516299016237849	0.0013805883342040
0.5516482609192624	0.0013943942175461
0.5516665837537749	0.0014083381597215
0.5516849009016380	0.0014224215413187
0.5517032449037423	0.0014366457567319
0.5517216098322167	0.0014510122142992
0.5517399191970555	0.0014655223364422
0.5517582464472077	0.0014801775598067
0.5517765911270278	0.0014949793354047
0.5517949533698859	0.0015099291287587
0.5518132774598103	0.0015250284200463
0.5518316026664003	0.0015402787042468
0.5518499431919900	0.0015556814912892
0.5518682937725026	0.0015712383062021
0.5518866552080092	0.0015869506892642
0.5519049797111257	0.0016028201961569
0.5519233097543587	0.0016188483981185
0.5519416494349133	0.0016350368820996
0.5519599952050646	0.0016513872509206
0.5519783474040135	0.0016679011234298
0.5519967033176563	0.0016845801346641
0.5520150426584559	0.0017014259360108
0.5520333769845165	0.0017184401953709
0.5520517153569443	0.0017356245973246
0.5520700577303043	0.0017529808432978
0.5520884026263745	0.0017705106517308
0.5521067499329256	0.0017882157582481
0.5521250986106060	0.0018060979158305
0.5521434483645665	0.0018241588949888
0.5521617986827370	0.0018424004839387
0.5521801491996779	0.0018608244887781
0.5521984997707778	0.0018794327336658
0.5522168498889234	0.0018982270610025
0.5522351998227836	0.0019172093316125
0.5522535490101296	0.0019363814249287
0.5522718979944644	0.0019557452391779
0.5522902460907634	0.0019753026915697
0.5523085942028377	0.0019950557184854
0.5523269414832556	0.0020150062756702
0.5523452891012756	0.0020351563384269
0.5523636358361845	0.0020555079018111
0.5523819829726556	0.0020760629808292
0.5524003294610590	0.0020968236106375
0.5524186761605457	0.0021177918467439
0.5524370226747527	0.0021389697652114
0.5524553691880345	0.0021603594628635
0.5524737160126015	0.0021819630574921
0.5524920625833312	0.0022037826880671
0.5525104097994893	0.0022258205149478
0.5525287566952203	0.0022480787200973
0.5525471039137165	0.0022705595072983
0.5525654514413456	0.0022932651023712
0.5525837989492376	0.0023161977533949
0.5526021471346878	0.0023393597309289
0.5526204952563230	0.0023627533282382
0.5526388436722763	0.0023863808615206
0.5526571927698386	0.0024102446701358
0.5526755417863236	0.0024343471168372
0.5526938912572942	0.0024586905880055
0.5527122412796143	0.0024832774938856
0.5527305913644469	0.0025081102688245
0.5527489419545242	0.0025331913715127
0.5527672931143220	0.0025585232852278
0.5527856443823003	0.0025841085180801
0.5528039961235630	0.0026099496032609
0.5528223485960727	0.0026360490992935
0.5528407011484411	0.0026624095902865
0.5528590540886353	0.0026890336861893
0.5528774077053772	0.0027159240230512
0.5528957616929030	0.0027430832632817
0.5529141159444748	0.0027705140959146
0.5529324707131722	0.0027982192368737
0.5529508261734631	0.0028262014292424
0.5529691819348108	0.0028544634435349
0.5529875380367232	0.0028830080779702
0.5530058946373387	0.0029118381587499
0.5530242518889149	0.0029409565403374
0.5530426096437762	0.0029703661057407
0.5530609677069018	0.0030000697667981
0.5530793262178729	0.0030300704644662
0.5530976852750434	0.0030603711691108
0.5531160449688667	0.0030909748808020
0.5531344052479733	0.0031218846296100
0.5531527658800918	0.0031531034759062
0.5531711269551307	0.0031846345106653
0.5531894885389504	0.0032164808557719
0.5532078506876531	0.0032486456643296
0.5532262134407759	0.0032811321209729
0.5532445768280714	0.0033139434421826
0.5532629408068098	0.0033470828766045
0.5532813052356328	0.0033805537053706
0.5532996701553308	0.0034143592424243
0.5533180356012262	0.0034485028348486
0.5533364015971394	0.0034829878631970
0.5533547681663983	0.0035178177418291
0.5533731353206846	0.0035529959192474
0.5533915030756252	0.0035885258784399
0.5534098714350948	0.0036244111372242
0.5534282404105353	0.0036606552485965
0.5534466100011453	0.0036972618010824
0.5534649802170977	0.0037342344190932
0.5534833510559926	0.0037715767632840
0.5535017225238817	0.0038092925309168
0.5535200946142003	0.0038473854562260
0.5535384673352522	0.0038858593107882
0.5535568406839126	0.0039247179038961
0.5535752146683968	0.0039639650829352
0.5535935892901678	0.0040036047337644
0.5536119645570742	0.0040436407811020
0.5536303404751649	0.0040840771889131
0.5536487170151108	0.0041249179608022
0.5536670940516369	0.0041661671404103
0.5536854716005544	0.0042078288118144
0.5537038496856550	0.0042499070999326
0.5537222283201138	0.0042924061709320
0.5537406075222857	0.0043353302326412
0.5537589873082728	0.0043786835349676
0.5537773676905705	0.0044224703703172
0.5537957486878942	0.0044666950740205
0.5538141303092075	0.0045113620247606
0.5538325125679869	0.0045564756450082
0.5538508954788346	0.0046020404014583
0.5538692790507805	0.0046480608054728
0.5538876632978146	0.0046945414135275
0.5539060482316586	0.0047414868276629
0.5539244338621784	0.0047889016959394
0.5539428202035092	0.0048367907128988
0.5539612072666747	0.0048851586200277
0.5539795950619928	0.0049340102062279
0.5539979836005631	0.0049833503082903
0.5540163728797014	0.0050331838113730
0.5540347628965470	0.0050835156494867
0.5540531536529845	0.0051343508059814
0.5540715451535038	0.0051856943140411
0.5540899373988304	0.0052375512571815
0.5541083303936476	0.0052899267697535
0.5541267241459401	0.0053428260374509
0.5541451186624665	0.0053962542978255
0.5541635139494421	0.0054502168408038
0.5541819100159225	0.0055047190092117
0.5542003068733569	0.0055597661993037
0.5542187045321540	0.0056153638612969
0.5542371030017826	0.0056715174999097
0.5542555022939626	0.0057282326749090
0.5542739024222000	0.0057855150016581
0.5542923034016005	0.0058433701516748
0.5543107052447630	0.0059018038531914
0.5543291079651360	0.0059608218917234
0.5543475115778154	0.0060204301106407
0.5543659160991244	0.0060806344117471
0.5543843215464915	0.0061414407558646
0.5544027279372841	0.0062028551634232
0.5544211352852326	0.0062648837150577
0.5544395436040468	0.0063275325522081
0.5544579529072629	0.0063908078777302
0.5544763632084581	0.0064547159565073
0.5544947745210735	0.0065192631160723
0.5545131868586209	0.0065844557472329
0.5545316002345609	0.0066503003047054
0.5545500146624882	0.0067168033077525
0.5545684301560566	0.0067839713408302
0.5545868467285080	0.0068518110542384
0.5546052643931020	0.0069203291647806
0.5546236831636379	0.0069895324564286
0.5546421030545683	0.0070594277809930
0.5546605240809742	0.0071300220588029
0.5546789462585646	0.0072013222793910
0.5546973696035765	0.0072733355021849
0.5547157941327323	0.0073460688572070
0.5547342198631132	0.0074195295457790
0.5547526468121722	0.0074937248412370
0.5547710749977687	0.0075686620896493
0.5547895044381783	0.0076443487105456
0.5548079351521774	0.0077207921976508
0.5548263671590182	0.0077980001196274
0.5548448004785567	0.0078759801208237
0.5548632351311857	0.0079547399220320
0.5548816711379692	0.0080342873212521
0.5549001085190705	0.0081146301944646
0.5549185472937533	0.0081957764964090
0.5549369874806607	0.0082777342613729
0.5549554290979326	0.0083605116039868
0.5549738721634274	0.0084441167200269
0.5549923166840496	0.0085285578872269
0.5550107626530695	0.0086138434660990
0.5550292100665183	0.0086999819007601
0.5550476589230396	0.0087869817197674
0.5550661092238320	0.0088748515369651
0.5550845609724847	0.0089636000523351
0.5551030141749385	0.0090532360528583
0.5551214688394563	0.0091437684133870
0.5551399249765026	0.0092352060975207
0.5551583825987421	0.0093275581584957
0.5551768417209603	0.0094208337400806
0.5551953023598231	0.0095150420774813
0.5552137645337663	0.0096101924982561
0.5552322282628956	0.0097062944232388
0.5552506935688535	0.0098033573674710
0.5552691604747974	0.0099013909411460
0.5552876290053830	0.0100004048505575
0.5553060991851326	0.0101004088990629
0.5553245710378930	0.0102014129880535
0.5553430445871934	0.0103034271179340
0.5553615198565499	0.0104064613891131
0.5553799968697207	0.0105105260030044
0.5553984756508643	0.0106156312630344
0.5554169562246335	0.0107217875756645
0.5554354385460726	0.0108290054514213
0.5554539222613005	0.0109372955059352
0.5554724074256038	0.0110466684609946
0.5554908940928341	0.0111571351456046
0.5555093823156950	0.0112687064970608
0.5555278721459863	0.0113813935620312
0.5555463636348723	0.0114952074976519
0.5555648568331371	0.0116101595726283
0.5555833517914258	0.0117262611683544
0.5556018485602710	0.0118435237800381
0.5556203471901306	0.0119619590178383
0.5556388477309777	0.0120815786080164
0.5556573502094154	0.0122023943940963
0.5556758546366389	0.0123244183380373
0.5556943610258991	0.0124476625214181
0.5557128693926142	0.0125721391466324
0.5557313797544754	0.0126978605380990
0.5557498921315517	0.0128248391434803
0.5557684065463964	0.0129530875349154
0.5557869230241110	0.0130826184102643
0.5558054415922216	0.0132134445943671
0.5558239622805943	0.0133455790403106
0.5558424851213858	0.0134790348307141
0.5558610096706463	0.0136138251790215
0.5558795292005907	0.0137499634308118
0.5558980511176447	0.0138874630651201
0.5559165754496880	0.0140263376957711
0.5559351022277609	0.0141666010727290
0.5559536314849204	0.0143082670834560
0.5559721632540562	0.0144513497542905
0.5559906975681989	0.0145958632518334
0.5560092344608120	0.0147418218843514
0.5560277739660907	0.0148892401031953
0.5560463161192672	0.0150381325042273
0.5560648609569016	0.0151885138292695
0.5560834085171615	0.0153403989675623
0.5561019588400949	0.0154938029572376
0.5561205119677852	0.0156487409868098
0.5561390679443377	0.0158052283966782
0.5561576267859235	0.0159632806806454
0.5561761884929008	0.0161229134874518
0.5561947530731690	0.0162841426223259
0.5562133205408152	0.0164469840485487
0.5562318909128132	0.0166114538890339
0.5562504642093433	0.0167775684279238
0.5562690404541055	0.0169453441122031
0.5562876196745024	0.0171147975533252
0.5563062019015984	0.0172859455288586
0.5563247871701255	0.0174588049841476
0.5563433755185317	0.0176333930339895
0.5563619664524617	0.0178097269643295
0.5563805598314330	0.0179878242339723
0.5563991557492329	0.0181677024763122
0.5564177543001381	0.0183493795010751
0.5564363555790903	0.0185328732960857
0.5564549596786500	0.0187182020290462
0.5564735666883190	0.0189053840493372
0.5564921766953682	0.0190944378898301
0.5565107897856274	0.0192853822687283
0.5565294060442304	0.0194782360914158
0.5565480255563242	0.0196730184523296
0.5565666483496090	0.0198697486368528
0.5565852744530632	0.0200684461232208
0.5566039039031833	0.0202691305844532
0.5566225367436614	0.0204718218902979
0.5566411730251458	0.0206765401092009
0.5566598128035313	0.0208833055102923
0.5566784561363495	0.0210921385653959
0.5566971030835255	0.0213030599510497
0.5567157537078424	0.0215160905505597
0.5567344080752080	0.0217312514560649
0.5567530662549578	0.0219485639706261
0.5567717283201759	0.0221680496103321
0.5567903943480732	0.0223897301064358
0.5568090644203808	0.0226136274075006
0.5568277386232973	0.0228397636815751
0.5568464170427132	0.0230681613183910
0.5568650997641779	0.0232988429315746
0.5568837868165540	0.0235318313608896
0.5569024782192215	0.0237671496744988
0.5569211740009431	0.0240048211712433
0.5569398741999625	0.0242448693829554
0.5569585787404353	0.0244873180767856
0.5569772867684888	0.0247321912575534
0.5569959974895097	0.0249795131701292
0.5570147109663198	0.0252293083018309
0.5570334283039372	0.0254816013848491
0.5570521496323384	0.0257364173986969
0.5570708750807926	0.0259937815726844
0.5570896047788741	0.0262537193884104
0.5571083305762233	0.0265162565822950
0.5571270541433813	0.0267814191481181
0.5571457825339368	0.0270492333395992
0.5571645158626614	0.0273197256729956
0.5571832542373348	0.0275929229297261
0.5572019976903110	0.0278688521590239
0.5572207462680078	0.0281475406806148
0.5572395000245772	0.0284290160874205
0.5572582590223132	0.0287133062482939
0.5572770233320972	0.0290004393107776
0.5572957930338914	0.0292904437038853
0.5573145682172488	0.0295833481409246
0.5573333489812174	0.0298791816223341
0.5573521354343718	0.0301779734385583
0.5573709276890734	0.0304797531729430
0.5573897258604835	0.0307845507046730
0.5574085300680084	0.0310923962117200
0.5574273404124993	0.0314033201738374
0.5574461561343335	0.0317173533755767
0.5574649767847023	0.0320345269093332
0.5574838024968555	0.0323548721784273
0.5575026334145338	0.0326784209002116
0.5575214696826284	0.0330052051092131
0.5575403114569053	0.0333352571603059
0.5575591588994038	0.0336686097319090
0.5575780121765282	0.0340052958292282
0.5575968714601311	0.0343453487875208
0.5576157369286601	0.0346888022753963
0.5576346087682227	0.0350356902981507
0.5576534871703472	0.0353860472011315
0.5576723722245553	0.0357399076731438
0.5576912640175967	0.0360973067498753
0.5577101626501069	0.0364582798173734
0.5577290682373350	0.0368228626155470
0.5577479809098236	0.0371910912417026
0.5577669008133216	0.0375630021541197
0.5577858281077041	0.0379386321756601
0.5578047629581000	0.0383180184974173
0.5578237042778545	0.0387011986823911
0.5578426518451929	0.0390882106692152
0.5578615850434963	0.0394790927759077
0.5578805236304309	0.0398738837036673
0.5578994694259910	0.0402726225407041
0.5579184225624455	0.0406753487661107
0.5579373831931521	0.0410821022537723
0.5579563514889067	0.0414929232763101
0.5579753276303662	0.0419078525090722
0.5579943118097173	0.0423269310341624
0.5580133042317735	0.0427502003445050
0.5580323051152266	0.0431777023479502
0.5580513146940070	0.0436094793714302
0.5580703331740364	0.0440455741651451
0.5580893606539211	0.0444860299067965
0.5581083972546397	0.0449308902058654
0.5581274431201544	0.0453801991079246
0.5581464981484883	0.0458340010990032
0.5581655607324293	0.0462923411099946
0.5581846312016535	0.0467552645210953
0.5582037098925517	0.0472228171663075
0.5582227971438013	0.0476950453379703
0.5582418932994391	0.0481719957913487
0.5582609986046765	0.0486537157492615
0.5582801102291003	0.0491402529067528
0.5582992304677076	0.0496316554358202
0.5583183604884463	0.0501279719901799
0.5583375005553080	0.0506292517100812
0.5583566509497022	0.0511355442271820
0.5583758119723180	0.0516468996694527
0.5583949695017689	0.0521633686661477
0.5584141205809865	0.0526850023528089
0.5584332834917690	0.0532118523763365
0.5584524561975532	0.0537439709000993
0.5584716387562279	0.0542814106091008
0.5584908314811960	0.0548242247151903
0.5585100347079273	0.0553724669623409
0.5585292487953319	0.0559261916319656
0.5585484741257105	0.0564854535482856
0.5585677110903486	0.0570503080837669
0.5585869600305426	0.0576208111646032
0.5586062211618141	0.0581970192762501
0.5586254947390688	0.0587789894690124
0.5586447810573112	0.0593667793637033
0.5586640804393020	0.0599604471573420
0.5586833921786779	0.0605600516289146
0.5587027148835521	0.0611656521452024
0.5587220491108628	0.0617773086666562
0.5587413953340182	0.0623950817533240
0.5587607539126296	0.0630190325708578
0.5587801252426540	0.0636492228965651
0.5587995097462964	0.0642857151255291
0.5588189003415610	0.0649285722767833
0.5588382720701062	0.0655778579995513
0.5588576587846875	0.0662336365795486
0.5588770609412517	0.0668959729453435
0.5588964787780761	0.0675649326747957
0.5589159119227145	0.0682405820015443
0.5589353581508207	0.0689229878215594
0.5589548180017693	0.0696122176997731
0.5589742920503952	0.0703083398767702
0.5589937809018503	0.0710114232755384
0.5590132851793512	0.0717215375082958
0.5590328039296891	0.0724387528833768
0.5590523340763357	0.0731631404122088
0.5590718808714703	0.0738947718163290
0.5590914448326887	0.0746337195344914
0.5591110259967618	0.0753800567298350
0.5591306217609385	0.0761338572971335
0.5591502329467513	0.0768951958701047
0.5591698600715947	0.0776641478288079
0.5591894567004210	0.0784407893070939
0.5592090695270887	0.0792251972001660
0.5592287005346224	0.0800174491721676
0.5592483503491950	0.0808176236638898
0.5592680196464775	0.0816257999005298
0.5592877089623146	0.0824420578995367
0.5593074187491278	0.0832664784785312
0.5593271456547901	0.0840991432633144
0.5593468902315998	0.0849401346959454
0.5593666533145490	0.0857895360429071
0.5593864357897665	0.0866474314033382
0.5594062384613460	0.0875139057173702
0.5594260619365745	0.0883890447745423
0.5594459068932580	0.0892729352222895
0.5594657740833181	0.0901656645745111
0.5594856287583669	0.0910673212202567
0.5595054800039092	0.0919779944324605
0.5595253517967339	0.0928977743767837
0.5595452450999124	0.0938267521205491
0.5595651606525555	0.0947650196417565
0.5595850955739446	0.0957126698381746
0.5596050494845627	0.0966697965365576
0.5596250282175922	0.0976364945019230
0.5596450325721561	0.0986128594469408
0.5596650597450212	0.0995989880414112
0.5596851091943784	0.1005949779218252
0.5597051820294796	0.1016009277010443
0.5597252794226900	0.1026169369780561
0.5597453956558796	0.1036431063478348
0.5597654763364960	0.1046795374113114
0.5597855851725130	0.1057263327854260
0.5598057230153379	0.1067835961132826
0.5598258884795424	0.1078514320744174
0.5598460793104988	0.1089299463951589
0.5598662969252632	0.1100192458591127
0.5598865425335426	0.1111194383177030
0.5599068172121476	0.1122306327008794
0.5599271221541903	0.1133529390278866
0.5599474586467632	0.1144864684181667
0.5599678240172198	0.1156313331023463
0.5599881994553255	0.1167876464333691
0.5600085443130833	0.1179555228977046
0.5600289095932145	0.1191350781266827
0.5600493070185966	0.1203264289079467
0.5600697380496640	0.1215296931970232
0.5600902041381315	0.1227449901289905
0.5601107049740719	0.1239724400302818
0.5601312365688665	0.1252121644305825
0.5601518006192565	0.1264642860748849
0.5601723989280368	0.1277289289356345
0.5601930332499853	0.1290062182249891
0.5602136506427744	0.1302962804072390
0.5602342699046466	0.1315992432113101
0.5602549288974596	0.1329152356434259
0.5602756228397509	0.1342443879998592
0.5602963538187897	0.1355868318798564
0.5603171237467500	0.1369427001986528
0.5603379342889052	0.1383121272006388
0.5603587872800502	0.1396952484726457
0.5603796707329657	0.1410922009573706
0.5604005879839878	0.1425031229669439
0.5604214534146573	0.1439281541966099
0.5604423539269815	0.1453674357385750
0.5604632988829732	0.1468211100959621
0.5604842904139929	0.1482893211969247
0.5605053303615880	0.1497722144088957
0.5605264122478846	0.1512699365529872
0.5605475383203167	0.1527826359185161
0.5605687110567266	0.1543104622777048
0.5605899214938886	0.1558535669004786
0.5606110789999280	0.1574121025694818
0.5606322906838300	0.1589862235951806
0.5606535505066258	0.1605760858311306
0.5606748577695233	0.1621818466894455
0.5606962009519892	0.1638036651563380
0.5607175988228886	0.1654417018078972
0.5607390537510404	0.1670961188259806
0.5607605592855548	0.1687670800142413
0.5607819996196729	0.1704547508143803
0.5608034900743435	0.1721592983225277
0.5608250392664779	0.1738808913057570
0.5608466498743085	0.1756197002188127
0.5608683231941406	0.1773758972209972
0.5608900525312301	0.1791496561932071
0.5609118418532871	0.1809411527551402
0.5609336416012914	0.1827505642826893
0.5609554056904780	0.1845780699255167
0.5609772319229345	0.1864238506247673
0.5609991235628328	0.1882880891310125
0.5610210796066938	0.1901709700223202
0.5610431040189822	0.1920726797225475
0.5610652005116787	0.1939934065197743
0.5610873150879873	0.1959333405849736
0.5611094041997667	0.1978926739908217
0.5611315633844366	0.1998716007307270
0.5611537971646572	0.2018703167380328
0.5611761097055479	0.2038890199054153
0.5611984876003242	0.2059279101044692
0.5612209303456313	0.2079871892055150
0.5612433336477031	0.2100670610975673
0.5612657698915470	0.2121677317085437
0.5612882925532867	0.2142894090256279
0.5613109067430108	0.2164323031158815
0.5613336021302552	0.2185966261470356
0.5613563838866734	0.2207825924085070
0.5613791693406195	0.2229904183325905
0.5614019515677884	0.2252203225159160
0.5614248055032096	0.2274725257410793
0.5614477488230836	0.2297472509984939
0.5614707879153535	0.2320447235084758
0.5614939287140998	0.2343651707435609
0.5615170511766315	0.2367088224510015
0.5615401998802714	0.2390759106755151
0.5615634494118408	0.2414666697822741
0.5615868064235779	0.2438813364800941
0.5616102670271060	0.2463201498448934
0.5616338120174580	0.2487833513433407
0.5616572547225425	0.2512711848567702
0.5616808112541610	0.2537838967053349
0.5617044886722642	0.2563217356723856
0.5617282949352924	0.2588849530291157
0.5617522171379856	0.2614738025594057
0.5617761043997295	0.2640885405850000
0.5618000269071334	0.2667294259908450
0.5618240638079129	0.2693967202507563
0.5618482351037977	0.2720906874532630
0.5618725382662214	0.2748115943277945
0.5618968266931056	0.2775597102710772
0.5619211587336554	0.2803353073737823
0.5619456453572658	0.2831386604475242
0.5619702610916226	0.2859700470519972
0.5619949955620367	0.2888297475225107
0.5620196768258598	0.2917180449977420
0.5620444570795452	0.2946352254477136
0.5620693949447635	0.2975815777021883
0.5620944971163297	0.3005573934792058
0.5621197410546342	0.3035629674140042
0.5621448566238834	0.3065985970881499
0.5621701336001091	0.3096645830590379
0.5621955879574376	0.3127612288896256
0.5622212348468936	0.3158888411785229
0.5622468612286250	0.3190477295903087
0.5622725701331922	0.3222382068862052
0.5622984386637678	0.3254605889550620
0.5623244920617784	0.3287151948446149
0.5623506329256113	0.3320023467930562
0.5623767606599452	0.3353223702609898
0.5624031015731358	0.3386755939635937
0.5624296728876216	0.3420623499032366
0.5624563336956551	0.3454829734022666
0.5624829271182191	0.3489378031362838
0.5625097562065574	0.3524271811676481
0.5625368395372369	0.3559514529793213
0.5625640966817522	0.3595109675091116
0.5625912311634732	0.3631060771841997
0.5626186053239157	0.3667371379560423
0.5626462622073181	0.3704045093356039
0.5626740532204556	0.3741085544289661
0.5627018345452841	0.3778496399732504
0.5627298393024881	0.3816281363729850
0.5627581441103803	0.3854444177367138
0.5627864788353255	0.3892988619140736
0.5628149289051725	0.3931918505332127
0.5628436867146133	0.3971237690385374
0.5628727226134996	0.4010950067289218
0.5629016116635259	0.4051059567962091
0.5629308198773332	0.4091570163641696
0.5629603990757476	0.4132485865278101
0.5629900400781068	0.4173810723930877
0.5630197291299749	0.4215548831170244
0.5630498033276021	0.4257704319481946
0.5630803025741420	0.4300281362676711
0.5631105430552422	0.4343284176303470
0.5631411735491392	0.4386717018066523
0.5631722456652102	0.4430584188247189
0.5632033835423136	0.4474890030129701
0.5632346439455755	0.4519638930431004
0.5632663613027026	0.4564835319735364
0.5632983356213018	0.4610483672932725
0.5633303483326650	0.4656588509662124
0.5633627889501057	0.4703154394758779
0.5633956380504689	0.4750185938706344
0.5634284393119606	0.4797687798093438
0.5634617278530678	0.4845664676074369
0.5634954977774441	0.4894121322835057
0.5635291423045530	0.4943062536063455
0.5635633592919134	0.4992493161424157
0.5635981031264130	0.5042418093038361
0.5636327110870902	0.5092842273968813
0.5636679560816079	0.5143770696708504
0.5637037329955709	0.5195208403675595
0.5637394347038127	0.5247160487712386
0.5637758213418366	0.5299632092589440
0.5638127017121359	0.5352628413515299
0.5638495956207109	0.5406154697650400
0.5638872640089413	0.5460216244626829
0.5639253306643617	0.5514818407073030
0.5639635908873335	0.5569966591143762
0.5640026938070376	0.5625666257055245
0.5640420434322678	0.5681922919625793
0.5640818780094392	0.5738742148822097
0.5641225833983822	0.5796129570310237
0.5641633301569328	0.5854090866013365
0.5642048481924832	0.5912631774673540
0.5642473013197924	0.5971758092420241
0.5642897636481459	0.6031475673344368
0.5643332510979946	0.6091790430077831
0.5643773919544480	0.6152708334378597
0.5644218722485579	0.6214235417722336
0.5644678876660500	0.6276377771899598
0.5645136803169852	0.6339141549618624
0.5645607599098719	0.6402532965114776
0.5646088615920417	0.6466558294765899
0.5646572482006851	0.6531223877713599
0.5647074510948795	0.6596536116490729
0.5647574817972241	0.6662501477655693
0.5648093362546371	0.6729126492432265
0.5648620646418679	0.6796417757356634
0.5649155385934613	0.6864381934930155
0.5649710837662821	0.6933025754279429
0.5650266035905467	0.7002356011822232
0.5650842853926987	0.7072379571940499
0.5651431185090035	0.7143103367659959
0.5652030507733043	0.7214534401336576
0.5652655995247498	0.7286679745349882
0.5653283840704755	0.7359546542803395
0.5653941157296360	0.7433142008231373
0.5654607365250364	0.7507473428313655
0.5655301600560545	0.7582548162596792
0.5656015287909743	0.7658373644222718
0.5656749141382988	0.7734957380664963
0.5657517958935798	0.7812306954471659
0.5658298705499220	0.7890430024016427
0.5659135058087654	0.7969334324256644
0.5659965032796411	0.8049027667499201
0.5660866065163898	0.8129517944174147
0.5661777396159353	0.8210813123615859
0.5662757908246366	0.8292921254852027
0.5663761075003277	0.8375850467400523
0.5664834600866807	0.8459608972074477
0.5665961447025347	0.8544205061795181
0.5667148442046939	0.8629647112413127
0.5668425369295024	0.8715943583537279
0.5669775157909559	0.8803103019372663
0.5671266121292328	0.8891134049566382
0.5672780881137152	0.8980045390062060
0.5674456058402824	0.9074882066309893
0.5676429451441366	0.9165630886973010
0.5678466447016838	0.9257287195842738
0.5680877543498833	0.9347461746795933
0.5683592130729077	0.9435976061561011
0.5686595304225487	0.9530335822176610
0.5689775501798278	0.9671526130770656
0.5690390297826825	0.9608691523750916
0.5693149241782455	0.9668073845534002
0.5697041077042697	0.9737472849674929
0.5701237396321284	0.9820216083449890
0.5702187429527453	0.9876761094996248
0.5706665420451746	0.9897490028197461
0.5710614826649986	0.9887323288704741
0.5712339362717447	0.9837690474798604
0.5718385690922698	0.9929164888696500
0.5722074027279370	0.9956284448759806
0.5750923871518503	0.9976542565848214
0.5769980420472078	0.9985088169364512
0.5773822375152384	0.9993388142490697
0.5803087347620749	0.9995604948433222
0.5803102561963007	0.9996963614880052
0.5823513965417569	0.9998811366708537
0.5864303412871332	0.9999561015880786
0.5907117914400499	0.9999755745897514
0.5942233017106030	0.9999923482648115
0.5968674184212454	0.9999964474567486
0.6038996458694932	0.9999989733258676
0.6068626610576041	0.9999995055871238
0.6142321886602462	0.9999998450572630
0.6160635723526312	0.9999999275790997
0.6229350259186563	0.9999999777282048
0.6257846571283624	0.9999999897785357
0.6327655846031339	0.9999999969069332
0.6359807622125292	0.9999999985876110
0.6427566240424120	0.9999999995764079
0.6459448092039610	0.9999999998067785
0.6526252366082650	0.9999999999422939
0.6557165078972536	0.9999999999736469
0.6623288112760825	0.9999999999921333
0.6652547192143544	0.9999999999964021
0.6718412896275167	0.9999999999989249
0.6746338140045556	0.9999999999995077
0.6812383208872788	0.9999999999998527
0.6839724045096052	0.9999999999999326
0.6906131176230703	0.9999999999999799
0.6933008552656560	0.9999999999999908
0.7000999220931716	0.9999999999999971
0.7028692898580871	0.9999999999999986
0.7084972432823693	0.9999999999999993
0.7096361321712582	0.9999999999999996
0.7098322106026308	0.9999999999999997
0.7112251724794636	0.9999999999999998
0.7122651724794636	1.0000000000000000
0.7130422985791705	1.0000000000000000
0.7161894752800768	1.0100000000000000
0.7166845002788392	1.0014478707112338
0.7215036627297247	1.0002191776928726
0.7284617179080179	1.0000541073650351
0.7566215905585382	1.0000140782089930
0.7571154194615215	1.0000077502713760
0.7704859167809820	1.0000061407511613
0.7779082621852688	1.0000059303623741
0.7950376454637937	1.0000012927240349
0.7951122584819257	1.0000006932501126
0.8188121962783736	0.9999997529747294
0.8206012981599246	0.9999996314331173
0.8424514113757229	0.9999994719664793
0.8443881056191567	0.9999994513536283
0.8660703056626087	0.9999994246940123
0.8680175184597627	0.9999994212479870
0.8896894850660151	0.9999994167968806
0.8916380412436745	0.9999994162215313
0.9133085235440527	0.9999994154784648
0.9152571567506835	0.9999994153824163
0.9362249121771138	0.9999992467296489
0.9387255074905032	0.9999992221116627
0.9580190666516782	0.9999981742162192
1.4082482937979772	0.9997329076769033
1.4284570441950584	0.9999206715278671
1.4369313333213503	1.0000114338919344
1.8242330759782019	0.9605545103728172
1.8242330759782019	0.9851320640629716
1.8243936965044154	0.9949833847035983
1.8251288101927883	0.9999762838870447
2.0034440470019819	0.9999997492083051
2.0996777336375367	1.0000000394722874
2.1501783885298180	1.0000000437448118
2.1661010599153658	1.0000014470751879
2.2097101731098401	1.0000014969923774
2.2436980784911955	1.0000014987681749
2.2776851412884067	1.0000014988313510
2.3116735092162779	1.0000014988335983
2.3456034528166008	1.0000014988336783
2.3776221932689303	1.0000014988336814
2.3947277785837846	1.0000014988336816
2.5603769773894745	1.0000961342601575
2.5717717623183067	1.0000133248027829
3.0932988787926226	0.9604669550121210
3.0932988787927225	0.9852892001958381
3.0934593679906421	0.9956360848819310
3.0934633173812167	0.9994628166343115
3.1052069742530581	0.9999204847919975
3.1221340308513614	0.9999773601570219
3.1330365202505948	0.9999947398382354
3.1543278746944994	0.9999954810212189
3.1758470701007786	0.9999955150124713
3.1984010704260184	0.9999955165364289
3.2206266381341266	0.9999955166066979
3.2525444289209045	0.9999955166087854
3.2846139268951369	0.9999955166088380
3.3023728459616195	0.9999955166088397
3.3026186776126281	1.0013404697641044
3.3041142327447095	1.0015804422575798
3.3103851556650152	1.0003107645553138
3.3240479405890961	1.0002156975868508
3.3242713330557740	1.0000392556110766
3.3282486862095837	1.0000068618525400
3.3326962418944368	1.0000026744065311
3.3448586882400235	0.9999996946985090
3.3477824813602637	0.9999993078226121
3.3559507865878793	0.9999990680767816
3.3597533745673576	0.9999990370830035
3.3604185891875207	0.9999435120361162
3.3604198337627640	0.9999363322923817
3.3824079219530208	0.9995301102439529
3.3824576636166506	0.9997792287099972
3.4002108809204543	0.9999177319518224
3.5436932914151544	0.9999861734907851
3.5443420443641704	0.9999950113506718
3.5561763488833744	0.9999976583933733
3.5656253242552611	0.9999980000472614
3.5786320482828744	0.9999981109729759
3.5873233031431884	0.9999981253042300
3.5933124404956946	0.9999981330097886
3.5985539916588438	0.9999981340058047
3.6048405258621368	0.9999981346503497
3.6091954638956913	0.9999981347336644
3.6166729731692011	0.9999981347920673
3.6206933547451454	0.9999981347996163
3.6303683295906866	0.9999981348048778
3.6344122801556296	0.9999981348055579
3.6433636707550918	0.9999981348060486
3.6472903247807356	0.9999981348061120
3.6577608796618333	0.9999981348061564
3.6618316177150776	0.9999981348061621
3.6707358469866125	0.9999981348061661
3.6742226472004513	0.9999981348061667
3.6759334302743913	0.9999981348061667
3.6775376837724054	1.0099981161542284
3.6779053410036116	1.0001780809538188
3.7253227884659816	0.9997509550857449
3.7647962090640821	0.9999092790479157
3.7738607058358515	0.9999869580017375
3.9229108527349692	0.9999976685263496
3.9501455009232722	0.9999981228595619
3.9709635514805783	0.9999981440165220
3.9929740440718069	0.9999981449639079
4.0037338016220811	0.9999981450330975
4.0212820391563895	0.9999981450378368
4.0389623231616252	0.9999981450381482
4.0420236802588585	0.9999981451696321
4.0705944225434063	0.9999981451878239
4.0945048043967676	0.9999981451885058
4.0962266086320289	0.9999981451887419
4.1196458179740549	0.9999981451887630
4.1374814989178335	0.9999981451887648
4.1543127242476858	1.0001324972222587
4.1628321873417775	1.0001375838940776
4.2135916482391860	0.9605322352706398
4.2135916482392863	0.9899362833012105
4.2139089797974139	1.0002329152242453
4.2258251136872982	0.9999736904384755
4.5468578957296399	0.9999976445555836
4.5684644321435091	0.9999981160021223
4.5889854035613356	0.9999981279103535
4.6113199976675867	0.9999981281847765
4.6304592228096570	0.9999981281940624
4.6453153442636408	0.9999981281946628
4.6674405950994515	0.9999981281946977
4.6833497023907835	0.9999981281947004
4.7240043582023521	0.9999981281947006
5.6755460744625239	1.0109992817232643
5.6756892175588805	1.0027864286654686
5.6776857492123005	1.0006497279375888
5.6796555892456064	1.0001930986571006
5.6862738184331301	1.0000443008714293
5.6937154766067488	1.0000133692472410
5.6975514711811623	1.0000091899520771
5.7191647193395978	1.0000015741371251
5.7203430920938763	1.0000005890467722
5.7375667496913785	1.0000000452952338
5.7423346378588311	0.9999999749992133
5.7619048946760012	0.9999999394994603
5.7660229845101201	0.9999999334853217
5.7697730873588773	0.9999999327079356
5.7717015637600975	0.9999999324102291
5.7800434797670164	0.9999999322712620
5.8007009839874408	0.9999999321690953
5.8024852374733333	0.9999999321558891
5.8181669937037528	0.9999999321490100
5.8230444758581674	0.9999999321481206
5.8430812411415260	0.9999999321476750
5.8471905973957847	0.9999999321475995
5.8509574206162203	0.9999999321475896
5.8527147278506746	0.9999999321475860
5.8613731805653844	0.9999999321475843
5.8651244531986677	0.9999999321475830
5.8734441773568324	0.9999999321475829
5.8757331338519201	0.9999999321475829
