0.0000000000000000	0.0000000000000000
0.5317489724344444	0.0000300000000000
0.5319758619158234	0.0000084815309350
0.5332626257608113	0.0000177750926129
0.5332926696616906	0.0000248546011106
0.5335681252975485	0.0000208185400178
0.5337677945217469	0.0000283498088230
0.5341114883528570	0.0000260359714810
0.5345746984130930	0.0000406643329285
0.5347458736479738	0.0000360718188649
0.5351844288219345	0.0000534015391125
0.5352992881437952	0.0000457342978351
0.5353669404219287	0.0000476870741475
0.5358289118895849	0.0000576870741475
0.5361487471512418	0.0000661669810049
0.5363844721292428	0.0000761669810049
0.5366739534832706	0.0000861669810049
0.5368972802659744	0.0000961669810049
0.5371076958112547	0.0001061669810049
0.5372824686511644	0.0001161669810049
0.5374501979049169	0.0001261669810049
0.5375980593284723	0.0001361669810049
0.5377372188855436	0.0001461669810049
0.5378655325139535	0.0001561669810049
0.5379850523385705	0.0001661669810049
0.5380976304162639	0.0001761669810049
0.5382037568093586	0.0001861669810049
0.5383042120720706	0.0001961669810049
0.5383985165548986	0.0002061669810049
0.5384896390477598	0.0002161669810049
0.5385752898089670	0.0002261669810049
0.5386585057647389	0.0002361669810049
0.5387362648540707	0.0002461669810049
0.5388128876434347	0.0002561669810049
0.5388846888447153	0.0002661669810049
0.5389556289499035	0.0002761669810049
0.5390219617271288	0.0002861669810049
0.5390878059595344	0.0002961669810049
0.5391497176646483	0.0003061669810049
0.5392108860132321	0.0003161669810049
0.5392689193316945	0.0003261669810049
0.5393261499033839	0.0003361669810049
0.5393808745133755	0.0003461669810049
0.5394346033144806	0.0003561669810049
0.5394863936549678	0.0003661669810049
0.5395372263034173	0.0003761669810049
0.5395863598960603	0.0003861669810049
0.5396344072502111	0.0003961669810049
0.5396811422603240	0.0004061669810049
0.5397268337865707	0.0004161669810049
0.5397713854297801	0.0004261669810049
0.5398148156177074	0.0004361669810049
0.5398573771983721	0.0004461669810049
0.5398988628157847	0.0004561669810049
0.5399395754073903	0.0004661669810049
0.5399791286383523	0.0004761669810049
0.5400181510186834	0.0004861669810049
0.5400560823129306	0.0004961669810049
0.5400935763745698	0.0005061669810049
0.5401299502378817	0.0005161669810049
0.5401660253002771	0.0005261669810049
0.5402010002979682	0.0005361669810049
0.5402357468681926	0.0005461669810049
0.5402693952559844	0.0005561669810049
0.5403029356476894	0.0005661669810049
0.5403353074695482	0.0005761669810049
0.5403675720706511	0.0005861669810049
0.5403988865489149	0.0005961669810049
0.5404301329366534	0.0006061669810049
0.5404603560430458	0.0006161669810049
0.5404904807420088	0.0006261669810049
0.5405198877359934	0.0006361669810049
0.5405489680694360	0.0006461669810049
0.5405775129219474	0.0006561669810049
0.5406056684924402	0.0006661669810049
0.5406333651601278	0.0006761669810049
0.5406606745114042	0.0006861669810049
0.5406875995480093	0.0006961669810049
0.5407140831285364	0.0007061669810049
0.5407402787144264	0.0007161669810049
0.5407659966311450	0.0007261669810049
0.5407914350338650	0.0007361669810049
0.5408165318085688	0.0007461669810049
0.5408412404253164	0.0007561669810049
0.5408656504630985	0.0007661669810049
0.5408898090015271	0.0007761669810048
0.5409134948416965	0.0007861669810049
0.5409370398975378	0.0007961669810049
0.5409602201072077	0.0008061669810049
0.5409831474317370	0.0008161669810049
0.5410056610279174	0.0008261669810049
0.5410280934177935	0.0008361669810049
0.5410501164003626	0.0008461669810049
0.5410720535159821	0.0008561669810049
0.5410934725490233	0.0008661669810049
0.5411148642247503	0.0008761669810049
0.5411358181811396	0.0008861669810049
0.5411567519072046	0.0008961669810049
0.5411772750506610	0.0009061669810050
0.5411977437785547	0.0009161669810050
0.5412178451978480	0.0009261669810050
0.5412378069270771	0.0009361669810050
0.5412574447419183	0.0009461669810050
0.5412769795514984	0.0009561669810050
0.5412962306605308	0.0009661669810050
0.5413153624560456	0.0009761669810050
0.5413342372669351	0.0009861669810049
0.5413529679016016	0.0009961669810050
0.5413714785598812	0.0010061669810050
0.5413898330818344	0.0010162286508150
0.5414081058554692	0.0010263909373232
0.5414263792537836	0.0010366548466964
0.5414446765376779	0.0010470213951634
0.5414629442505144	0.0010574916091150
0.5414812712348536	0.0010680665252062
0.5414995203871270	0.0010787471904583
0.5415178823840516	0.0010895346623629
0.5415361166724902	0.0011004300089865
0.5415544557990443	0.0011114343090764
0.5415727288499786	0.0011225486521671
0.5415910415322612	0.0011337741386888
0.5416093650547179	0.0011451118800757
0.5416276452852861	0.0011565629988765
0.5416460110353786	0.0011681286288652
0.5416642746883000	0.0011798099151539
0.5416826018730948	0.0011916080143054
0.5417009302043151	0.0012035240944485
0.5417192218821759	0.0012155593353930
0.5417375776617389	0.0012277149287469
0.5417558732944122	0.0012399920780343
0.5417741895270998	0.0012523919988147
0.5417925596185194	0.0012649159188028
0.5418108392629613	0.0012775650779909
0.5418291673235025	0.0012903407287708
0.5418475323047429	0.0013032441360585
0.5418658202240745	0.0013162765774191
0.5418841507472659	0.0013294393431933
0.5419025193002980	0.0013427337366252
0.5419208139330437	0.0013561610739914
0.5419391399821591	0.0013697226847313
0.5419574980941588	0.0013834199115786
0.5419758219465641	0.0013972541106944
0.5419941390724704	0.0014112266518013
0.5420124833631762	0.0014253389183194
0.5420308496725799	0.0014395923075025
0.5420491550884448	0.0014539882305776
0.5420674837253524	0.0014685281128833
0.5420858308064443	0.0014832133940122
0.5421041956193683	0.0014980455279522
0.5421225103464794	0.0015130259832317
0.5421408385363649	0.0015281562430641
0.5421591820987793	0.0015434378054947
0.5421775364626072	0.0015588721835496
0.5421958865786045	0.0015744609053851
0.5422142113116120	0.0015902055144390
0.5422325451227434	0.0016061075695834
0.5422508890222203	0.0016221686452792
0.5422692388168093	0.0016383903317320
0.5422875954268690	0.0016547742350493
0.5423059406014300	0.0016713219773999
0.5423242721814681	0.0016880351971738
0.5423426102029875	0.0017049155491455
0.5423609519638267	0.0017219647046370
0.5423792979222423	0.0017391843516834
0.5423976460588115	0.0017565761952003
0.5424159967373607	0.0017741419571523
0.5424343484022601	0.0017918833767238
0.5424527011934159	0.0018098022104911
0.5424710541242067	0.0018279002325960
0.5424893967565785	0.0018461792349220
0.5425077405703737	0.0018646410272712
0.5425260858770545	0.0018832874375440
0.5425444325350618	0.0019021203119193
0.5425627803440589	0.0019211415150385
0.5425811290985647	0.0019403529301889
0.5425994788904346	0.0019597564594908
0.5426178282524557	0.0019793540240857
0.5426361774443047	0.0019991475643265
0.5426545260420510	0.0020191390399698
0.5426728747627906	0.0020393304303695
0.5426912228366728	0.0020597237346732
0.5427095713645893	0.0020803209720199
0.5427279191797940	0.0021011241817401
0.5427462673910999	0.0021221354235574
0.5427646151848852	0.0021433567777930
0.5427829631823384	0.0021647903455709
0.5428013112248771	0.0021864382490266
0.5428196592242511	0.0022083026315169
0.5428380077635687	0.0022303856578321
0.5428563560049103	0.0022526895144104
0.5428747047463781	0.0022752164095544
0.5428930534948972	0.0022979685736500
0.5429114024246564	0.0023209482593866
0.5429297519777915	0.0023441577419804
0.5429481013793103	0.0023675993194002
0.5429664512522585	0.0023912753125942
0.5429848014577691	0.0024151880657201
0.5430031517735242	0.0024393399463774
0.5430215027058591	0.0024637333458412
0.5430398538169969	0.0024883706792996
0.5430582051568641	0.0025132543860926
0.5430765571391823	0.0025383869299536
0.5430949092897466	0.0025637707992530
0.5431132616961485	0.0025894085072455
0.5431316147033229	0.0026153025923179
0.5431499680134678	0.0026414556182411
0.5431683215451470	0.0026678701744234
0.5431866755859345	0.0026945488761676
0.5432050301993343	0.0027214943649293
0.5432233849544835	0.0027487093085786
0.5432417400977489	0.0027761964016644
0.5432600958587581	0.0028039583656810
0.5432784520181521	0.0028319979493379
0.5432968084240154	0.0028603179288314
0.5433151652816561	0.0028889211081196
0.5433335227332798	0.0029178103192009
0.5433518806769848	0.0029469884223930
0.5433702389032310	0.0029764583066169
0.5433885975412465	0.0030062228896830
0.5434069567209211	0.0030362851185798
0.5434253165247787	0.0030666479697655
0.5434436767800481	0.0030973144494632
0.5434620373936296	0.0031282875939579
0.5434803984497213	0.0031595704698974
0.5434987600305941	0.0031911661745963
0.5435171221884620	0.0032230778363422
0.5435354849729300	0.0032553086147057
0.5435538482996956	0.0032878617008527
0.5435722120437120	0.0033207403178613
0.5435905762616627	0.0033539477210400
0.5436089409933418	0.0033874871982504
0.5436273062736428	0.0034213620702328
0.5436456721268154	0.0034555756909351
0.5436640385723059	0.0034901314478444
0.5436824056236074	0.0035250327623228
0.5437007732887107	0.0035602830899460
0.5437191415744219	0.0035958859208456
0.5437375104816778	0.0036318447800540
0.5437558800138917	0.0036681632278546
0.5437742501678904	0.0037048448601330
0.5437926209183749	0.0037418933087345
0.5438109922801369	0.0037793122418219
0.5438293642642664	0.0038171053642400
0.5438477368755019	0.0038552764178823
0.5438661101085910	0.0038938291820610
0.5438844839687269	0.0039327674738817
0.5439028584511989	0.0039720951486205
0.5439212335634288	0.0040118161001068
0.5439396093017835	0.0040519342611080
0.5439579856698787	0.0040924536037190
0.5439763626684845	0.0041333781397561
0.5439947403023641	0.0041747119211538
0.5440131185747731	0.0042164590403653
0.5440314974952537	0.0042586236307690
0.5440498770650076	0.0043012098670767
0.5440682572934613	0.0043442219657474
0.5440866381849382	0.0043876641854048
0.5441050197463021	0.0044315408272589
0.5441234019879286	0.0044758562355315
0.5441417849136871	0.0045206147978867
0.5441601685341607	0.0045658209458656
0.5441785528570626	0.0046114791553244
0.5441969378897963	0.0046575939468777
0.5442153236453400	0.0047041698863466
0.5442337101303464	0.0047512115852101
0.5442520973545287	0.0047987237010622
0.5442704853322916	0.0048467109380729
0.5442888740707974	0.0048951780474535
0.5443072635812016	0.0049441298279280
0.5443256538786654	0.0049935711262072
0.5443440449722530	0.0050435068374694
0.5443624368736704	0.0050939419058442
0.5443808295979105	0.0051448813249027
0.5443992231568689	0.0051963301381518
0.5444176175619726	0.0052482934395335
0.5444360128274718	0.0053007763739287
0.5444544089691589	0.0053537841376678
0.5444728059977456	0.0054073219790445
0.5444912039264821	0.0054613951988349
0.5445096027704864	0.0055160091508233
0.5445280025454351	0.0055711692423314
0.5445464032619782	0.0056268809347546
0.5445648038060359	0.0056831497441021
0.5445832032009326	0.0057399812415431
0.5446016036310686	0.0057973810539584
0.5446200051023760	0.0058553548644980
0.5446384076200510	0.0059139084131430
0.5446568111905340	0.0059730474972744
0.5446752158067631	0.0060327779722473
0.5446936214607397	0.0060931057519697
0.5447120281468097	0.0061540368094895
0.5447304358587194	0.0062155771775843
0.5447488445928768	0.0062777329493600
0.5447672543479893	0.0063405102788537
0.5447856651248369	0.0064039153816423
0.5448040769259792	0.0064679545354586
0.5448224897556375	0.0065326340808132
0.5448409036194487	0.0065979604216215
0.5448593185243479	0.0066639400258376
0.5448777342120781	0.0067305794260962
0.5448961507348494	0.0067978852203570
0.5449145683189123	0.0068658640725605
0.5449329869755074	0.0069345227132860
0.5449514067169579	0.0070038679404187
0.5449698275567785	0.0070739066198230
0.5449882495094878	0.0071446456860213
0.5450066725906738	0.0072160921428817
0.5450250968167201	0.0072882530643105
0.5450435222047663	0.0073611355949535
0.5450619487725515	0.0074347469509029
0.5450803765384690	0.0075090944204121
0.5450988055207396	0.0075841853646163
0.5451172357365918	0.0076600272182624
0.5451356672024922	0.0077366274904448
0.5451540999343883	0.0078139937653493
0.5451725339479543	0.0078921337030025
0.5451909692587371	0.0079710550400324
0.5452094058824228	0.0080507655904327
0.5452278438348831	0.0081312732463370
0.5452462831324071	0.0082125859788002
0.5452647237917767	0.0082947118385882
0.5452831656733923	0.0083776589569741
0.5453016086123426	0.0084614355465440
0.5453200526487109	0.0085460499020092
0.5453384978214472	0.0086315104010293
0.5453569441684862	0.0087178255050394
0.5453753917269066	0.0088050037600895
0.5453938405331363	0.0088930537976906
0.5454122906230123	0.0089819843356677
0.5454307420319782	0.0090718041790244
0.5454491947952510	0.0091625222208146
0.5454676489479057	0.0092541474430228
0.5454861045250574	0.0093466889174530
0.5455045615619613	0.0094401558066274
0.5455230200938100	0.0095345573646935
0.5455414801431047	0.0096299029383402
0.5455599417140260	0.0097262019677236
0.5455784048123399	0.0098234639874008
0.5455968694454387	0.0099216986272747
0.5456153356223872	0.0100209156135472
0.5456338033539168	0.0101211247696826
0.5456522726524704	0.0102223360173794
0.5456707435322631	0.0103245593775532
0.5456892160093352	0.0104278049713290
0.5457076901015397	0.0105320830210423
0.5457261658286073	0.0106374038512528
0.5457446432120948	0.0107437778897651
0.5457631222752770	0.0108512156686626
0.5457816030430278	0.0109597278253495
0.5458000855417731	0.0110693251036031
0.5458185697994677	0.0111800183546389
0.5458370558455936	0.0112918185381853
0.5458555437111694	0.0114047367235671
0.5458740334287445	0.0115187840908029
0.5458925250305181	0.0116339719317109
0.5459110185478557	0.0117503116510282
0.5459295140117417	0.0118678147675382
0.5459480114529871	0.0119864929152134
0.5459665109024240	0.0121063578443656
0.5459850123910814	0.0122274214228093
0.5460035159503939	0.0123496956370377
0.5460220216124175	0.0124731925934079
0.5460405294100333	0.0125979245193423
0.5460590393771401	0.0127239037645359
0.5460775515488421	0.0128511428021810
0.5460960659616105	0.0129796542302027
0.5461145826532292	0.0131094507725050
0.5461331016396707	0.0132405452802299
0.5461516229220709	0.0133729507330318
0.5461701465073272	0.0135066802403618
0.5461886724074118	0.0136417470427654
0.5462072006361697	0.0137781645131928
0.5462257312095485	0.0139159461583245
0.5462442641458236	0.0140551056199080
0.5462627994658181	0.0141956566761072
0.5462813371931020	0.0143376132428683
0.5462998773539212	0.0144809893752966
0.5463184199771548	0.0146257992690492
0.5463369650943114	0.0147720572617393
0.5463555127395621	0.0149197778343565
0.5463740629289301	0.0150689756127001
0.5463926150868621	0.0152196653688276
0.5464111692946890	0.0153718620225161
0.5464297256335261	0.0155255806427415
0.5464482841844960	0.0156808364491692
0.5464668450264137	0.0158376448136607
0.5464854082349587	0.0159960212617977
0.5465039738833373	0.0161559814744152
0.5465225420429148	0.0163175412891591
0.5465411127838116	0.0164807167020503
0.5465596861754701	0.0166455238690706
0.5465782622871993	0.0168119791077609
0.5465968411694651	0.0169800988988385
0.5466154228402670	0.0171498998878271
0.5466340073240450	0.0173213988867055
0.5466525946513227	0.0174946128755727
0.5466711848584289	0.0176695590043280
0.5466897779872938	0.0178462545943710
0.5467083740822609	0.0180247171403152
0.5467269731890605	0.0182049643117184
0.5467455753553790	0.0183870139548360
0.5467641735022587	0.0185708840943839
0.5467827714559701	0.0187565929353282
0.5468013727870383	0.0189441588646817
0.5468199775357467	0.0191336004533284
0.5468385857463076	0.0193249364578619
0.5468571974670541	0.0195181858224406
0.5468758127506458	0.0197133676806646
0.5468944316541026	0.0199105013574708
0.5469130542386812	0.0201096063710459
0.5469316805649794	0.0203107024347558
0.5469503106936757	0.0205138094591038
0.5469689446862590	0.0207189475536949
0.5469875825491320	0.0209261370292315
0.5470062242874614	0.0211353983995236
0.5470248699154934	0.0213467523835189
0.5470435194562725	0.0215602199073538
0.5470621729412734	0.0217758221064271
0.5470808304101253	0.0219935803274910
0.5470994910258624	0.0222135161307656
0.5471181548390219	0.0224356512920730
0.5471368219620820	0.0226600078049930
0.5471554925054016	0.0228866078830429
0.5471741665784312	0.0231154739618738
0.5471928442903606	0.0233466287014920
0.5472115257507824	0.0235800949885075
0.5472302110703703	0.0238158959383931
0.5472489003615795	0.0240540548977767
0.5472675937393217	0.0242945954467542
0.5472862913212833	0.0245375414012218
0.5473049931792013	0.0247829168152345
0.5473236993562813	0.0250307459833866
0.5473424099019956	0.0252810534432212
0.5473611248724843	0.0255338639776532
0.5473798443309836	0.0257892026174295
0.5473985683482570	0.0260470946436037
0.5474172970026990	0.0263075655900395
0.5474360303802984	0.0265706412459398
0.5474547685747244	0.0268363476583996
0.5474735116856329	0.0271047111349838
0.5474922598138765	0.0273757582463341
0.5475110130628269	0.0276495158287976
0.5475297715391626	0.0279260109870852
0.5475485353535481	0.0282052710969569
0.5475673045830297	0.0284873238079267
0.5475860792575740	0.0287721970460060
0.5476048583257631	0.0290599190164658
0.5476236417894751	0.0293505182066309
0.5476424297865216	0.0296440233886970
0.5476612224582617	0.0299404636225846
0.5476800199479309	0.0302398682588096
0.5476988224017034	0.0305422669413969
0.5477176299697505	0.0308476896108107
0.5477364405921041	0.0311561665069192
0.5477552430671796	0.0314677281719885
0.5477740465458657	0.0317824054537079
0.5477928559683126	0.0321002295082459
0.5478116714792728	0.0324212318033284
0.5478304932206085	0.0327454441213616
0.5478493212331980	0.0330728985625748
0.5478681555730232	0.0334036275481996
0.5478869963113867	0.0337376638236815
0.5479058435347075	0.0340750404619191
0.5479246973444805	0.0344157908665388
0.5479435578573983	0.0347599487752039
0.5479624251961041	0.0351075482629566
0.5479812994905022	0.0354586237455854
0.5480001808786557	0.0358132099830410
0.5480190686297718	0.0361713420828704
0.5480379622011565	0.0365330555036987
0.5480568618532595	0.0368983860587360
0.5480757677236309	0.0372673699193231
0.5480946799639089	0.0376400436185159
0.5481135987359755	0.0380164440547008
0.5481325242098660	0.0383966084952471
0.5481514565649901	0.0387805745802002
0.5481703959915146	0.0391683803260030
0.5481893426913819	0.0395600641292639
0.5482082968787391	0.0399556647705555
0.5482272587716134	0.0403552214182617
0.5482462285916774	0.0407587736324442
0.5482652064316802	0.0411663613687698
0.5482841924012470	0.0415780249824578
0.5483031866320983	0.0419938052322833
0.5483221892779292	0.0424137432846070
0.5483412005120523	0.0428378807174531
0.5483602189150070	0.0432662595246277
0.5483792444469860	0.0436989221198728
0.5483982693108552	0.0441359113410715
0.5484172845103955	0.0445772704544812
0.5484363080178175	0.0450230431590263
0.5484553401259461	0.0454732735906163
0.5484743809945932	0.0459280063265231
0.5484934307890513	0.0463872863897890
0.5485124896922250	0.0468511592536861
0.5485315579046074	0.0473196708462224
0.5485506356454412	0.0477928675546857
0.5485697231540365	0.0482707962302334
0.5485888206912732	0.0487535041925366
0.5486079285283444	0.0492410392344617
0.5486270468619294	0.0497334496268060
0.5486461758019565	0.0502307841230740
0.5486653136525277	0.0507330919643055
0.5486844602986486	0.0512404228839478
0.5487036160750858	0.0517528271127867
0.5487227813380259	0.0522703553839154
0.5487419564510416	0.0527930589377534
0.5487611417872301	0.0533209895271304
0.5487803377325273	0.0538541994224013
0.5487995445461344	0.0543927414166259
0.5488187604763320	0.0549366688307912
0.5488379852059561	0.0554860355190985
0.5488572215355986	0.0560408958742901
0.5488764697766451	0.0566013048330319
0.5488957077798468	0.0571673178813630
0.5489149455292630	0.0577389910601757
0.5489341946911426	0.0583163809707769
0.5489534548790549	0.0588995447804838
0.5489727264954508	0.0594885402282897
0.5489920098487112	0.0600834256305742
0.5490113052760544	0.0606842598868809
0.5490306131463626	0.0612911024857490
0.5490499338612951	0.0619040135106069
0.5490692678470420	0.0625230536457111
0.5490886155468468	0.0631482841821680
0.5491079772604911	0.0637797670239895
0.5491273532544535	0.0644175646942294
0.5491467436937628	0.0650617403411728
0.5491661460211003	0.0657123577445860
0.5491855607977528	0.0663694813220311
0.5492049885993140	0.0670331761352511
0.5492244300214165	0.0677035078966037
0.5492438855928536	0.0683805429755687
0.5492633556982666	0.0690643484053247
0.5492828371047080	0.0697549918893777
0.5493022936605158	0.0704525418082700
0.5493217666102937	0.0711570672263511
0.5493412563986425	0.0718686378986165
0.5493607635163695	0.0725873242776032
0.5493802861367415	0.0733131975203788
0.5493998235319854	0.0740463294955835
0.5494193762125850	0.0747867927905405
0.5494389447293472	0.0755346607184446
0.5494585296779185	0.0762900073256288
0.5494781317016453	0.0770529073988866
0.5494977514752849	0.0778234364728764
0.5495173849404272	0.0786016708376072
0.5495370347744675	0.0793876875459853
0.5495567033674091	0.0801815644214434
0.5495763877484303	0.0809833800656574
0.5495960887514511	0.0817932138663141
0.5496158062445802	0.0826111460049754
0.5496354908736776	0.0834372574650231
0.5496551949342514	0.0842716300396713
0.5496749189355558	0.0851143463400661
0.5496946634670475	0.0859654898034647
0.5497144291831256	0.0868251447014971
0.5497342167913586	0.0876933961485122
0.5497540250690378	0.0885703301099961
0.5497738523091735	0.0894560334110943
0.5497936992447878	0.0903505937452074
0.5498135666898993	0.0912540996826582
0.5498334555084813	0.0921666406794869
0.5498533666232881	0.0930883070862798
0.5498733009343417	0.0940191901571410
0.5498932590761755	0.0949593820587128
0.5499132110532140	0.0959089758792988
0.5499331532395654	0.0968680656380900
0.5499531172993702	0.0978367462944694
0.5499731042758902	0.0988151137574123
0.5499931152841426	0.0998032648949883
0.5500131513146225	0.1008012975439393
0.5500332060371753	0.1018093105193795
0.5500532851553049	0.1028274036245738
0.5500733918457198	0.1038556776608197
0.5500935221254913	0.1048942344374290
0.5501136768835317	0.1059431767818038
0.5501338571865833	0.1070026085496217
0.5501540641281958	0.1080726346351205
0.5501742534615098	0.1091533609814745
0.5501944445089749	0.1102448945912884
0.5502146662273476	0.1113473435372006
0.5502349196280103	0.1124608169725736
0.5502552000286368	0.1135854251423019
0.5502755083395348	0.1147212793937232
0.5502958459337487	0.1158684921876622
0.5503162142950061	0.1170271771095367
0.5503366148118811	0.1181974488806300
0.5503570485849337	0.1193794233694348
0.5503775144414613	0.1205732176031259
0.5503979883786319	0.1217789497791544
0.5504184337048442	0.1229967392769471
0.5504389050936362	0.1242267066697157
0.5504594059103438	0.1254689737364101
0.5504799423875824	0.1267236634737754
0.5505005159585392	0.1279909001085157
0.5505211265904633	0.1292708091095988
0.5505417702465657	0.1305635172006938
0.5505624488759127	0.1318691523727040
0.5505831640972783	0.1331878438964322
0.5506039161968530	0.1345197223353984
0.5506246140425999	0.1358649195587555
0.5506453542596952	0.1372235687543466
0.5506661353270301	0.1385958044418925
0.5506869541807035	0.1399817624863148
0.5507078127356314	0.1413815801111794
0.5507287130963705	0.1427953959122878
0.5507496575198503	0.1442233498714094
0.5507706473150601	0.1456655833701243
0.5507916626464540	0.1471222392038248
0.5508126483256601	0.1485934615958602
0.5508336453376899	0.1500793962118215
0.5508546884040928	0.1515801901739415
0.5508757798745004	0.1530959920756798
0.5508969216922107	0.1546269519964341
0.5509181108053586	0.1561732215163946
0.5509393456363033	0.1577349537315591
0.5509606292083880	0.1593123032688712
0.5509819487129670	0.1609054263015632
0.5510032168453767	0.1625144805645815
0.5510245412842708	0.1641396253702292
0.5510459190817771	0.1657810216239295
0.5510673483238142	0.1674388318401714
0.5510888135359026	0.1691132201585745
0.5511103355888671	0.1708043523601622
0.5511319176022721	0.1725123958837681
0.5511535248704789	0.1742375198426064
0.5511750900363561	0.1759798950410313
0.5511967134066162	0.1777396939914389
0.5512183979913537	0.1795170909313550
0.5512401470917196	0.1813122618406645
0.5512619627676549	0.1831253844590677
0.5512838379291340	0.1849566383036606
0.5513057761143352	0.1868062046866986
0.5513276589226973	0.1886742667335687
0.5513495668728940	0.1905610094009026
0.5513715479347403	0.1924666194949104
0.5513935973360072	0.1943912856898589
0.5514157148302555	0.1963351985467536
0.5514379046967177	0.1982985505322226
0.5514601715588990	0.2002815360375417
0.5514823564456640	0.2022843513979196
0.5515046184064575	0.2043071949118950
0.5515269550298433	0.2063502668610186
0.5515493710402261	0.2084137695296258
0.5515718624816709	0.2104979072249204
0.5515944207350627	0.2126028862971682
0.5516169708576933	0.2147289151601445
0.5516395197933043	0.2168762043117498
0.5516621559585662	0.2190449663548719
0.5516848851753759	0.2212354160184220
0.5517077073361932	0.2234477701786007
0.5517306163727482	0.2256822478803889
0.5517535434369129	0.2279390703591878
0.5517764516669568	0.2302184610627759
0.5517994350934899	0.2325206456734072
0.5518225169290953	0.2348458521301371
0.5518456955913139	0.2371943106514392
0.5518689780079903	0.2395662537579481
0.5518922356919036	0.2419619162955275
0.5519155311166422	0.2443815354584848
0.5519389342188427	0.2468253508130694
0.5519624465307135	0.2492936043211988
0.5519860592558476	0.2517865403644074
0.5520097349376801	0.2543044057680497
0.5520333443579063	0.2568474498257281
0.5520570694217823	0.2594159243239907
0.5520809181893479	0.2620100835672339
0.5521048997599085	0.2646301844029068
0.5521290087981529	0.2672764862469352
0.5521530207377583	0.2699492511094012
0.5521771172822086	0.2726487436204920
0.5522013458551517	0.2753752310566943
0.5522257207250344	0.2781289833672619
0.5522502316178456	0.2809102732009295
0.5522746402518052	0.2837193759329447
0.5522991840129928	0.2865565696922769
0.5523238903592725	0.2894221353891976
0.5523487105984246	0.2923163567430880
0.5523736307435875	0.2952395203105166
0.5523984739166637	0.2981919155136249
0.5524234920530270	0.3011738346687621
0.5524486795617511	0.3041855730154459
0.5524740385314081	0.3072274287455954
0.5524993796090497	0.3102997030330446
0.5525247423730995	0.3134027000633783
0.5525502938774649	0.3165367270640156
0.5525760304121213	0.3197020943346623
0.5526019025699417	0.3228991152780157
0.5526277053195993	0.3261281064307991
0.5526536979222807	0.3293893874951017
0.5526798525501728	0.3326832813700519
0.5527062275191236	0.3360101141837496
0.5527324766619837	0.3393702153255823
0.5527589416885283	0.3427639174788362
0.5527856298278304	0.3461915566536254
0.5528125034330313	0.3496534722201603
0.5528392692383283	0.3531500069423629
0.5528662356407215	0.3566815070117924
0.5528934497814296	0.3602483220819055
0.5529209328167249	0.3638508053027257
0.5529482463397318	0.3674893133557521
0.5529757747946431	0.3711642064893141
0.5530035798327209	0.3748758485542096
0.5530316376094696	0.3786246070397581
0.5530595845881903	0.3824108531101487
0.5530877607258899	0.3862349616412564
0.5531162305772339	0.3900973112576634
0.5531448383579298	0.3939982843702430
0.5531734860103612	0.3979382672139477
0.5532024309303717	0.4019176498860912
0.5532316543591499	0.4059368263849515
0.5532608235314407	0.4099961946488015
0.5532902597156157	0.4140961565952914
0.5533200558462734	0.4182371181612371
0.5533499751370693	0.4224194893428565
0.5533798922393506	0.4266436842362828
0.5534102227204533	0.4309101210786404
0.5534409670597537	0.4352192222894307
0.5534714867270851	0.4395714145123214
0.5535024012148405	0.4439671286574504
0.5535337624675669	0.4484067999440240
0.5535651910703745	0.4528908679434649
0.5535967224000774	0.4574197766228927
0.5536287736333313	0.4619939743891221
0.5536610830298364	0.4666139141330133
0.5536933705210825	0.4712800532743401
0.5537261683907477	0.4759928538070914
0.5537593711453150	0.4807527823451549
0.5537925216295388	0.4855603101686143
0.5538261404683174	0.4904159132702925
0.5538602857690738	0.4953200724030010
0.5538943707724480	0.5002732731270252
0.5539289384539966	0.5052760058582914
0.5539640809308237	0.5103287659168733
0.5539991684030526	0.5154320535760494
0.5540348245830715	0.5205863741118111
0.5540710280215987	0.5257922378529269
0.5541072262109930	0.5310501602314585
0.5541440921989991	0.5363606618337702
0.5541814321356192	0.5417242684521107
0.5542189157806596	0.5471415111366399
0.5542571290072057	0.5526129262479993
0.5542956930872385	0.5581390555104785
0.5543345826273018	0.5637204460655881
0.5543743211191875	0.5693576505262391
0.5544142135119073	0.5750512270315006
0.5544546869370673	0.5808017393018150
0.5544962079897235	0.5866097566948286
0.5545375157713726	0.5924758542617705
0.5545798242614779	0.5984006128043922
0.5546229358022846	0.6043846189324353
0.5546661168191674	0.6104284651217530
0.5547107105369183	0.6165327497729660
0.5547554183250466	0.6226980772706926
0.5548009273697881	0.6289250580433988
0.5548478392306735	0.6352143086238315
0.5548944592369852	0.6415664517100640
0.5549429110570092	0.6479821162271658
0.5549915534653745	0.6544619373894439
0.5550413566783277	0.6610065567633410
0.5550925781283813	0.6676166223309709
0.5551439094211148	0.6742927885542870
0.5551969885810039	0.6810357164398297
0.5552509088925660	0.6878460736042310
0.5553059132597650	0.6947245343402805
0.5553630068484178	0.7016717796836827
0.5554198865131068	0.7086884974805213
0.5554799743302488	0.7157753824553265
0.5555398504332859	0.7229331362798865
0.5556022237924447	0.7301624676426813
0.5556662278232504	0.7374640923191065
0.5557315697084081	0.7448387332422944
0.5558003150885910	0.7522871205747238
0.5558685912565358	0.7598099917804669
0.5559413478685491	0.7674080916982665
0.5560146642724647	0.7750821726152503
0.5560916561985435	0.7828329943414034
0.5561711886872892	0.7906613242848165
0.5562531494003613	0.7985679375276636
0.5563395884661917	0.8065536169029389
0.5564281353246022	0.8146191530719632
0.5565235936457240	0.8227653446026874
0.5566179873854870	0.8309929980487112
0.5567227555194868	0.8393029280291934
0.5568282741589445	0.8476959573094865
0.5569450375438183	0.8561729168825783
0.5570628773759638	0.8647346460514015
0.5571918222177409	0.8733819925119132
0.5573282226461429	0.8821158124370283
0.5574776871865910	0.8909369705613995
0.5576359155673420	0.8998463402670116
0.5578069346667592	0.9088448036696850
0.5580000631112071	0.9179332517063798
0.5581982467841371	0.9268388219099469
0.5584416921937237	0.9361072101290483
0.5586722146021623	0.9437956582711825
0.5589424495996255	0.9532336148538938
0.5593520016979406	0.9627659510024338
0.5598334063247162	0.9723936105124596
0.5599990642274484	0.9702071541514795
0.5602941692015783	0.9795973515408454
0.5603029938005837	0.9767574647617435
0.5606709927993710	0.9862710159819741
0.5610615589593247	0.9901822568349574
0.5613465233201088	0.9910910108040125
0.5618423942774938	0.9926441031279654
0.5632180889523406	0.9938287874560738
0.5637587701673243	0.9971856834944574
0.5679425607074434	0.9993036703793833
0.5690446753186089	0.9995688080770655
0.5751723761994980	0.9998782702739482
0.5756546393496279	0.9999181583386983
0.5791694889679246	0.9999516909175380
0.5809349133835585	0.9999877006976038
0.5820154508286127	0.9999923525561790
0.5921981856308154	0.9999974549481208
0.5942262550796927	0.9999988666626612
0.6010123016488030	0.9999996598378728
0.6052003196635716	0.9999998477966791
0.6116892215910454	0.9999999549735042
0.6152008428786511	0.9999999796402080
0.6215495531059666	0.9999999939936094
0.6246324312113937	0.9999999972691472
0.6311365952409209	0.9999999991913817
0.6339724212551220	0.9999999996301738
0.6404621990006910	0.9999999998898002
0.6430476192527211	0.9999999999494673
0.6496172704387241	0.9999999999848802
0.6521630300539304	0.9999999999930647
0.6588237545562386	0.9999999999979216
0.6614428065900916	0.9999999999990470
0.6681520274196822	0.9999999999997141
0.6708641931917054	0.9999999999998690
0.6775705040757961	0.9999999999999606
0.6803704057473795	0.9999999999999819
0.6869472584997902	0.9999999999999948
0.6899035451153829	0.9999999999999973
0.6962793114702971	0.9999999999999993
0.6992126448036304	0.9999999999999996
0.7038583028526463	1.0000000000000000
0.7135721668599472	1.0000000000000000
0.7226630759508628	1.0100000000000000
0.7230870306327130	1.0016024873341520
0.7248114258231905	1.0005356164131003
0.7392459417290500	1.0001268172285416
0.7424140908189413	1.0000386443544751
0.7468622807211388	1.0000216239856741
0.7826446875230835	0.9999477983491549
0.7834622806106935	0.9999773978267306
0.8832876959705636	0.9999391370655579
0.8836770760278685	0.9999183711327493
0.9432001879400294	0.9999298909438439
1.0532712932112331	0.9999560054863377
1.0532728552730350	0.9999802515019840
1.0671364182079817	0.9999908187638532
1.0736058728944560	0.9999921843291327
1.0954750052480646	0.9999923604613317
1.1174801860632448	0.9999923831499531
1.1394170667100552	0.9999923860788331
1.1612563466669494	0.9999923864573638
1.1741118817581651	0.9999987020938715
1.1744297297842059	0.9999995184239110
1.1769297436960555	0.9999996239377604
1.2104780931583690	0.9999997895728009
1.2109463055577683	0.9999998109827225
1.2273333294117952	0.9999998137501559
1.2448834411976692	0.9999998177386679
1.2459204586416872	0.9999998187235405
1.2551457709178269	0.9999998188508449
1.2677552167704149	0.9999998190131875
1.2764675004117525	0.9999998190530291
1.2935035732659566	0.9999998190639947
1.3018985879363485	0.9999998190661635
1.3174657864095924	0.9999998190667606
1.3245589790939720	0.9999998190668786
1.3401112491373921	0.9999998190669109
1.3470101883986976	0.9999998190669179
1.3534619657309443	0.9999998190669186
1.3655384939084230	0.9999998190669199
1.3805214945676945	0.9999998190669198
1.3937215113255281	0.9999998190669198
1.5048308150064273	0.9799998226855814
1.5048308150065273	0.9999255792536353
1.5053925045363910	0.9999809441562288
2.0627381687301054	1.0000094663780765
2.2683518016839805	1.0000977046233124
2.2797975628917611	1.0000146623223296
3.0164472829126390	0.9957702073223510
3.0165727983978612	0.9989268983651518
3.0285739286975670	0.9997597982852786
3.0346282771032205	0.9999147041705881
3.0561875544134756	0.9999570962163732
3.0619918552407257	0.9999654992162963
3.0733650152917025	0.9999665850513778
3.0830044394729610	0.9999925984222278
3.0998812871877313	0.9999960101475671
3.1278716424922761	0.9999979565211806
3.1342043967041806	0.9999995326538935
3.1363255695469143	0.9999998088300691
3.1525045939321759	0.9999998546284473
3.1544577439029808	0.9999998713540622
3.1546840405028962	0.9999999151339020
3.1555533015535078	0.9999999232342700
3.1622300064048421	0.9999999844426352
3.1626772535876091	0.9999999923544078
3.1826318768040105	0.9999999939703252
3.1841653209785261	0.9999999952018706
3.1851414915158305	0.9999999954087927
3.1909626807983975	0.9999999978192866
3.1912019569766716	0.9999999981347704
3.2106043140372762	0.9999999981975036
3.2125479603613107	0.9999999982474398
3.2135296851938064	0.9999999982545570
3.2215497256464429	0.9999999983499638
3.2215972721236130	0.9999999983626419
3.2429801292265563	0.9999999983649017
3.2430273707718138	0.9999999983668322
3.2438680217939755	0.9999999983670821
3.2530303325154319	0.9999999983708980
3.2530733556154749	0.9999999983714036
3.2745298989820815	0.9999999983715456
3.2745660925596423	0.9999999983715755
3.2846619256944924	0.9999999983717305
3.2849832100708456	0.9999999983717520
3.3026186776127577	1.0001436700900681
3.3245468855567979	1.0001464047721715
3.3310398824652445	1.0002746146813852
3.3547417315399199	1.0001384782382445
3.3643324988307297	0.9999477220355946
3.3798467378691766	0.9999838005590977
3.6779054164738407	1.0004733503687187
3.6973786749102291	1.0001409240662631
3.7026038601455022	1.0000483467025945
3.7136841001030265	1.0000140506274644
3.7154398438040839	1.0000067217861881
3.7221661423971608	0.9999982088166787
3.7382746037954591	0.9999951109664548
3.7446553522171286	0.9999943963422150
3.7464495805654550	0.9999865051412469
3.7491138981534506	0.9999854849020543
3.7727022432290753	0.9999837258392169
3.7748933338092834	0.9999650635297491
3.8062740899263403	0.9999090972333937
3.8405246908674067	0.9999758411300872
3.8409703434999725	0.9999844919013950
3.8523888772554011	0.9999868741310880
3.8634852520126235	0.9999873456398642
3.8667422639999733	0.9999874993049062
3.8781073500298016	0.9999875311526523
3.8837245348802591	0.9999875416676733
3.8958528596445592	0.9999875438539179
3.9018301662338990	0.9999875445763691
3.9140578259882592	0.9999875447266103
3.9170385214884327	0.9999876513991490
3.9208631552221935	0.9999876807430681
3.9213577452380464	0.9999877048602726
3.9378836905499339	0.9999977578741668
3.9378931568953153	0.9999990572731970
3.9594127658224005	0.9999992833665483
3.9794286450525527	0.9999992871888004
3.9818988968356344	0.9999992888386977
3.9902277038802567	0.9999992890519632
3.9984014160137615	0.9999992891204862
4.0090217680294549	0.9999992891293437
4.0146183601896066	0.9999992891324014
4.0233722369618539	0.9999992891328494
4.0299775146866947	0.9999992891329994
4.0387844837958484	0.9999992891330223
4.0420214571621633	0.9999994870405189
4.0420214580617726	0.9999995126219933
4.0638239394379143	0.9999995169942401
4.0832132129963812	0.9999995170700081
4.0926537447773859	0.9999995170930073
4.1032046435938474	0.9999995170960460
4.1089758594320900	0.9999995170968915
4.1181091469365319	0.9999995170970615
4.1206497950315679	0.9999995170971177
4.1276576290268681	0.9999995170971310
4.1311966298274037	0.9999995170971356
4.1400838705966478	0.9999995170971367
4.1441023459222270	0.9999995170971369
4.1476171788562155	0.9999995170971371
4.1486533405449970	0.9999995170971371
