0.0000000000000000	0.0000000000000000
0.5546697726462675	0.0000300000000000
0.5548948016271463	0.0000085962033118
0.5564113335874108	0.0000150389791190
0.5564765033379520	0.0000254648691181
0.5567756737434434	0.0000240981002929
0.5572618702017359	0.0000266496409724
0.5576519936434097	0.0000302189810998
0.5580261512513905	0.0000402189810998
0.5581776783708642	0.0000422264648576
0.5585887993236340	0.0000532332490903
0.5589637278808870	0.0000639704110789
0.5592810965931976	0.0000739704110789
0.5595413602754455	0.0000839704110789
0.5597738586435190	0.0000939704110789
0.5599898865436442	0.0001039704110789
0.5601715709954295	0.0001139704110789
0.5603472654084456	0.0001239704110789
0.5605000029024786	0.0001339704110789
0.5606487718383855	0.0001439704110789
0.5607803858482223	0.0001539704110789
0.5609084106251209	0.0001639704110789
0.5610238073480026	0.0001739704110789
0.5611361447132767	0.0001839704110789
0.5612378273703169	0.0001939704110789
0.5613365410020886	0.0002039704110789
0.5614311048467711	0.0002139704110790
0.5615200778438979	0.0002239704110790
0.5616050737018198	0.0002339704110790
0.5616862210922244	0.0002439704110790
0.5617635699055461	0.0002539704110790
0.5618382137657829	0.0002639704110790
0.5619093135151809	0.0002739704110790
0.5619784338239251	0.0002839704110790
0.5620441714350196	0.0002939704110790
0.5621084493482011	0.0003039704110790
0.5621696734322479	0.0003139704110790
0.5622298406322891	0.0003239704110790
0.5622871855603482	0.0003339704110790
0.5623437271954237	0.0003439704110790
0.5623975517669363	0.0003539704110790
0.5624508851449519	0.0003639704110790
0.5625017766394015	0.0003739704110790
0.5625522377973690	0.0003839704110790
0.5626003344240085	0.0003939704110790
0.5626482206011411	0.0004039704110790
0.5626938877246007	0.0004139704110790
0.5627393305692704	0.0004239704110789
0.5627828720699581	0.0004339704110790
0.5628261461786201	0.0004439704110790
0.5628677224432331	0.0004539704110790
0.5629089410510779	0.0004639704110790
0.5629487481827041	0.0004739704110790
0.5629881637874652	0.0004839704110790
0.5630263775268587	0.0004939704110790
0.5630641297518616	0.0005039704110790
0.5631008620432121	0.0005139704110790
0.5631370938323930	0.0005239704110790
0.5631724552038024	0.0005339704110790
0.5632072705226530	0.0005439704110790
0.5632413570203725	0.0005539704110790
0.5632748785239334	0.0005639704110790
0.5633076983276143	0.0005739704110790
0.5633399272067077	0.0005839704110790
0.5633716893452327	0.0005939704110790
0.5634028846366013	0.0006039704110790
0.5634335271226797	0.0006139704110790
0.5634636060367276	0.0006239704110790
0.5634934140405502	0.0006339704110790
0.5635224250103761	0.0006439704110790
0.5635513116767508	0.0006539704110790
0.5635794441681152	0.0006639704110790
0.5636074528559145	0.0006739704110790
0.5636347311564883	0.0006839704110790
0.5636619406065954	0.0006939704110790
0.5636884051761695	0.0007039704110790
0.5637148947575248	0.0007139704110790
0.5637405460911561	0.0007239704110790
0.5637662649892022	0.0007339704110790
0.5637912936291604	0.0007439704110790
0.5638162154465930	0.0007539704110790
0.5638406667185230	0.0007639704110790
0.5638649222429839	0.0007739704110790
0.5638886799277778	0.0007839704110790
0.5639123444342065	0.0007939704110790
0.5639355795135028	0.0008039704110790
0.5639585579630400	0.0008139704110791
0.5639811996026516	0.0008239704110791
0.5640036732473798	0.0008339704110791
0.5640258538564578	0.0008439704110791
0.5640477032449396	0.0008539704110790
0.5640692947747978	0.0008639704110791
0.5640906616119519	0.0008739704110791
0.5641118127360211	0.0008839704110791
0.5641327166534615	0.0008939704110791
0.5641534306963284	0.0009039704110791
0.5641738244023460	0.0009139704110791
0.5641940347119040	0.0009239704110791
0.5642139624970601	0.0009339704110791
0.5642337681077172	0.0009439704110791
0.5642532702985127	0.0009539704110791
0.5642726804612218	0.0009639704110791
0.5642917740024662	0.0009739704110791
0.5643107993584306	0.0009839704110791
0.5643294929870641	0.0009939704110791
0.5643481457091273	0.0010039704110791
0.5643664566974371	0.0010140101151899
0.5643848084199862	0.0010241502163418
0.5644030211340144	0.0010343917185052
0.5644213617978179	0.0010447356356902
0.5644396026472095	0.0010551829920471
0.5644579269554638	0.0010657348219676
0.5644762012736982	0.0010763921701872
0.5644945049962771	0.0010871560918891
0.5645128179145771	0.0010980276528080
0.5645310990290545	0.0011090079293361
0.5645494554119719	0.0011200980086294
0.5645677101384786	0.0011312989887158
0.5645860607018975	0.0011426119786029
0.5646043433356515	0.0011540380983889
0.5646226585257906	0.0011655784793728
0.5646409995801424	0.0011772342641665
0.5646592819271397	0.0011890066068082
0.5646776361606719	0.0012008966728763
0.5646959317500622	0.0012129056396051
0.5647142485054174	0.0012250346960011
0.5647326157916135	0.0012372850429612
0.5647508923273745	0.0012496578933908
0.5647692283393049	0.0012621544723247
0.5647875763069981	0.0012747760170480
0.5648058695618623	0.0012875237772185
0.5648242131369828	0.0013003990149906
0.5648425578438014	0.0013134030051405
0.5648608577344179	0.0013265370351920
0.5648792001528683	0.0013398024055439
0.5648975568218580	0.0013532004295994
0.5649158558959221	0.0013667324338954
0.5649341905739790	0.0013803997582343
0.5649525529883832	0.0013942037558166
0.5649708668186879	0.0014081457933748
0.5649891898556731	0.0014222272513085
0.5650075362916044	0.0014364495238216
0.5650258968531945	0.0014508140190598
0.5650442063120009	0.0014653221592505
0.5650625357082458	0.0014799753808430
0.5650808840067980	0.0014947751346514
0.5650992470860248	0.0015097228859979
0.5651175629684503	0.0015248201148579
0.5651358915799558	0.0015400683160064
0.5651542330078140	0.0015554689991665
0.5651725858768399	0.0015710236891581
0.5651909423840632	0.0015867339260497
0.5652092647535089	0.0016026012653103
0.5652275971050293	0.0016186272779633
0.5652459377167739	0.0016348135507429
0.5652642849976847	0.0016511616862504
0.5652826379249174	0.0016676733031129
0.5653009948906766	0.0016843500361440
0.5653193271695707	0.0017011935365054
0.5653376626381171	0.0017182054718705
0.5653560020581300	0.0017353875265892
0.5653743454321488	0.0017527414018551
0.5653926910601151	0.0017702688158737
0.5654110392979810	0.0017879715040324
0.5654293883362689	0.0018058512190727
0.5654477389974298	0.0018239097312635
0.5654660895010545	0.0018421488285761
0.5654844409469878	0.0018605703168619
0.5655027914664291	0.0018791760200305
0.5655211425332650	0.0018979677802308
0.5655394923099357	0.0019169474580331
0.5655578397887708	0.0019361169326134
0.5655761888847557	0.0019554781019395
0.5655945378327611	0.0019750328829589
0.5656128868803910	0.0019947832117885
0.5656312350379222	0.0020147310439064
0.5656495826964120	0.0020348783543455
0.5656679299434634	0.0020552271378890
0.5656862769684199	0.0020757794092679
0.5657046238076783	0.0020965372033607
0.5657229708412779	0.0021175025753943
0.5657413175321830	0.0021386776011482
0.5657596648671771	0.0021600643771597
0.5657780116288789	0.0021816650209313
0.5657963587800052	0.0022034816711406
0.5658147059039693	0.0022255164878520
0.5658330531095366	0.0022477716527304
0.5658514008711560	0.0022702493692577
0.5658697484098277	0.0022929518629503
0.5658880964522844	0.0023158813815798
0.5659064446321348	0.0023390401953955
0.5659247929592787	0.0023624305973494
0.5659431420324555	0.0023860549033230
0.5659614909821691	0.0024099154523563
0.5659798402912133	0.0024340146068799
0.5659981902638426	0.0024583547529488
0.5660165402093539	0.0024829383004783
0.5660348906050041	0.0025077676834831
0.5660532416385582	0.0025328453603179
0.5660715927287326	0.0025581738139211
0.5660899442731517	0.0025837555520604
0.5661082965728896	0.0026095931075809
0.5661266489346399	0.0026356890386567
0.5661450016910764	0.0026620459290432
0.5661633551390564	0.0026886663883336
0.5661817089278689	0.0027155530522170
0.5662000629868178	0.0027427085827391
0.5662184174876757	0.0027701356685665
0.5662367726287145	0.0027978370252522
0.5662551278870092	0.0028258153955048
0.5662734834482274	0.0028540735494598
0.5662918394851942	0.0028826142849545
0.5663101961640602	0.0029114404278041
0.5663285531248581	0.0029405548320821
0.5663469103903619	0.0029699603804029
0.5663652681146882	0.0029996599842069
0.5663836263959886	0.0030296565840491
0.5664019853355829	0.0030599531498896
0.5664203445857411	0.0030905526813886
0.5664387042106892	0.0031214582082025
0.5664570643100878	0.0031526727902846
0.5664754249462813	0.0031841995181875
0.5664937861822633	0.0032160415133694
0.5665121480532750	0.0032482019285031
0.5665305104046703	0.0032806839477880
0.5665488731970777	0.0033134907872660
0.5665672364776843	0.0033466256951386
0.5665856002914179	0.0033800919520900
0.5666039646677128	0.0034138928716108
0.5666223296339307	0.0034480318003270
0.5666406952068277	0.0034825121183302
0.5666590613999720	0.0035173372395135
0.5666774282218714	0.0035525106119086
0.5666957956775767	0.0035880357180275
0.5667141637709024	0.0036239160752079
0.5667325325011238	0.0036601552359599
0.5667509018704133	0.0036967567883194
0.5667692718759962	0.0037337243562027
0.5667876425202478	0.0037710615997647
0.5668060137986843	0.0038087722157624
0.5668243857151538	0.0038468599379199
0.5668427582652644	0.0038853285372990
0.5668611314555984	0.0039241818226721
0.5668795052810701	0.0039634236408989
0.5668978797488288	0.0040030578773079
0.5669162548560676	0.0040430884560810
0.5669346306082922	0.0040835193406419
0.5669530070073309	0.0041243545340482
0.5669713840569639	0.0041655980793888
0.5669897617640776	0.0042072540601827
0.5670081401304289	0.0042493266007845
0.5670265191665416	0.0042918198667924
0.5670448988740274	0.0043347380654604
0.5670632792609412	0.0043780854461151
0.5670816603353586	0.0044218663005763
0.5671000421024356	0.0044660849635821
0.5671184245740640	0.0045107458132180
0.5671368077527656	0.0045558532713502
0.5671551916336198	0.0046014118040636
0.5671735762169400	0.0046474259221043
0.5671919614972977	0.0046939001813254
0.5672103474757911	0.0047408391831386
0.5672287341556289	0.0047882475749701
0.5672471215365681	0.0048361300507198
0.5672655096236976	0.0048844913512270
0.5672838984236650	0.0049333362647394
0.5673022879397152	0.0049826696273869
0.5673206781795080	0.0050324963236606
0.5673390691539104	0.0050828212868973
0.5673574608684097	0.0051336494997662
0.5673758533322616	0.0051849859947637
0.5673942465581362	0.0052368358547112
0.5674126405564527	0.0052892042132584
0.5674310353373403	0.0053420962553908
0.5674494309139915	0.0053955172179446
0.5674678273017150	0.0054494723901239
0.5674862245125463	0.0055039671140251
0.5675046225593482	0.0055590067851653
0.5675230214568402	0.0056145968530171
0.5675414212208858	0.0056707428215474
0.5675598218650046	0.0057274502497628
0.5675782234001698	0.0057847247522605
0.5675966258381455	0.0058425719997831
0.5676150291911829	0.0059009977197809
0.5676334334720362	0.0059600076969788
0.5676518386927358	0.0060196077739486
0.5676702448630556	0.0060798038516880
0.5676886519937067	0.0061406018902049
0.5677070600961719	0.0062020079091070
0.5677254691826729	0.0062640279881979
0.5677438792660693	0.0063266682680798
0.5677622903598213	0.0063899349507604
0.5677807024773708	0.0064538343002679
0.5677991156312018	0.0065183726432706
0.5678175298345522	0.0065835563697033
0.5678359451013253	0.0066493919334003
0.5678543614459622	0.0067158858527342
0.5678727788834373	0.0067830447112615
0.5678911974291564	0.0068508751583742
0.5679096170990071	0.0069193839099578
0.5679280379092662	0.0069885777490573
0.5679464598766926	0.0070584635265477
0.5679648830184394	0.0071290481618131
0.5679833073521894	0.0072003386434312
0.5680017328960723	0.0072723420298655
0.5680201596687859	0.0073450654501641
0.5680385876895194	0.0074185161046656
0.5680570169780891	0.0074927012657121
0.5680754475533448	0.0075676282783694
0.5680938794332062	0.0076433045611530
0.5681123126347826	0.0077197376067647
0.5681307471746091	0.0077969349828325
0.5681491821399572	0.0078749043326608
0.5681676148764353	0.0079536533759874
0.5681860490780443	0.0080331899097474
0.5682044847539431	0.0081135218088448
0.5682229218945699	0.0081946570269333
0.5682413604877367	0.0082766035972026
0.5682598005244699	0.0083593696331746
0.5682782419988560	0.0084429633295063
0.5682966849078862	0.0085273929628016
0.5683151292514086	0.0086126668924296
0.5683335750319375	0.0086987935613537
0.5683520222545365	0.0087857814969671
0.5683704709266177	0.0088736393119368
0.5683889210577178	0.0089623757050564
0.5684073726594050	0.0090519994621071
0.5684258257451382	0.0091425194567284
0.5684442803301519	0.0092339446512959
0.5684627364314226	0.0093262840978087
0.5684811940675826	0.0094195469387867
0.5684996531812975	0.0095137424081748
0.5685181134764519	0.0096088798322566
0.5685365749998643	0.0097049686305794
0.5685550377958547	0.0098020183168851
0.5685735019067581	0.0099000385000541
0.5685919673733546	0.0099990388850546
0.5686104342350392	0.0100990292739052
0.5686289025300700	0.0102000195666444
0.5686473722958094	0.0103020197623106
0.5686658435689229	0.0104050399599335
0.5686843163855869	0.0105090903595330
0.5687027907817166	0.0106141812631285
0.5687212667931775	0.0107203230757597
0.5687397444559553	0.0108275263065172
0.5687582238063218	0.0109358015695824
0.5687767048810281	0.0110451595852785
0.5687951877173151	0.0111556111811315
0.5688136723529255	0.0112671672929431
0.5688321588260948	0.0113798389658725
0.5688506471755963	0.0114936373555313
0.5688691374404211	0.0116085737290865
0.5688876296575978	0.0117246594663774
0.5689061238436769	0.0118419060610414
0.5689246199997375	0.0119603251216521
0.5689431181298429	0.0120799283728688
0.5689616182411049	0.0122007276565975
0.5689801203437370	0.0123227349331635
0.5689986244509941	0.0124459622824948
0.5690171305790139	0.0125704219053200
0.5690356387467027	0.0126961261243731
0.5690541489756609	0.0128230873856166
0.5690726612901440	0.0129513182594728
0.5690911757170373	0.0130808314420676
0.5691096922858421	0.0132116397564886
0.5691282110286836	0.0133437561540539
0.5691467319803412	0.0134771937155942
0.5691652551780598	0.0136119656527502
0.5691837806592106	0.0137480853092781
0.5692023084605621	0.0138855661623707
0.5692208386186637	0.0140244218239941
0.5692393711702106	0.0141646660422339
0.5692579061523942	0.0143063127026561
0.5692764436032429	0.0144493758296830
0.5692949835619511	0.0145938695879800
0.5693135260691817	0.0147398082838598
0.5693320711670780	0.0148872063666988
0.5693506188993109	0.0150360784303658
0.5693691693111664	0.0151864392146696
0.5693877224496647	0.0153383036068158
0.5694062783230482	0.0154916866428844
0.5694248369371864	0.0156466035093128
0.5694433983042340	0.0158030695444056
0.5694619624393533	0.0159611002398500
0.5694805293610267	0.0161207112422483
0.5694990988089478	0.0162819183546708
0.5695176704367664	0.0164447375382173
0.5695362443133828	0.0166091849135997
0.5695548205079359	0.0167752767627358
0.5695733990901214	0.0169430295303632
0.5695919801305115	0.0171124598256670
0.5696105637008806	0.0172835844239240
0.5696291498745382	0.0174564202681631
0.5696477387263994	0.0176309844708453
0.5696663303330113	0.0178072943155541
0.5696849247713539	0.0179853672587100
0.5697035221160923	0.0181652209312970
0.5697221224403756	0.0183468731406096
0.5697407258166006	0.0185303418720153
0.5697593323171273	0.0187156452907359
0.5697779420148490	0.0189028017436432
0.5697965549834635	0.0190918297610795
0.5698151712568023	0.0192827480586901
0.5698337908537776	0.0194755755392769
0.5698524138013329	0.0196703312946696
0.5698710401341718	0.0198670346076160
0.5698896698945474	0.0200657049536916
0.5699083031286987	0.0202663620032283
0.5699269398854697	0.0204690256232604
0.5699455783611745	0.0206737158794929
0.5699642103369896	0.0208804530382876
0.5699828461980477	0.0210892575686700
0.5700014859853673	0.0213001501443570
0.5700201297451032	0.0215131516458007
0.5700387775288276	0.0217282831622593
0.5700574293936544	0.0219455659938822
0.5700760854021388	0.0221650216538204
0.5700947456222503	0.0223866718703593
0.5701134101221053	0.0226105385890634
0.5701320789705683	0.0228366439749534
0.5701507522257702	0.0230650104147032
0.5701694293384256	0.0232956605188506
0.5701881099405033	0.0235286171240386
0.5702067941075397	0.0237639032952787
0.5702254819207113	0.0240015423282311
0.5702441734668483	0.0242415577515139
0.5702628688385357	0.0244839733290285
0.5702815681342984	0.0247288130623187
0.5703002714579356	0.0249761011929420
0.5703189789131579	0.0252258622048717
0.5703376906045347	0.0254781208269204
0.5703564066382286	0.0257329020351891
0.5703751270000798	0.0259902310555418
0.5703938500640985	0.0262501333660970
0.5704125777854218	0.0265126346997574
0.5704313102842229	0.0267777610467555
0.5704500476554206	0.0270455386572234
0.5704687899402758	0.0273159940437953
0.5704875371880679	0.0275891539842333
0.5705062894560505	0.0278650455240755
0.5705250468099853	0.0281436959793168
0.5705438093246864	0.0284251329391101
0.5705625770840229	0.0287093842685005
0.5705813501809827	0.0289964781111853
0.5706001287178302	0.0292864428922970
0.5706189128033962	0.0295793073212198
0.5706377025488859	0.0298751003944326
0.5706564972914203	0.0301738513983767
0.5706752966471468	0.0304755899123604
0.5706941008184258	0.0307803458114838
0.5707129099825244	0.0310881492695989
0.5707317242392704	0.0313990307622955
0.5707505437007766	0.0317130210699182
0.5707693684916546	0.0320301512806177
0.5707881987459984	0.0323504527934245
0.5708070346017624	0.0326739573213594
0.5708258762018766	0.0330006968945722
0.5708447236953702	0.0333307038635174
0.5708635632782844	0.0336640109021516
0.5708824035432865	0.0340006510111730
0.5709012504246235	0.0343406575212842
0.5709201040685049	0.0346840640964962
0.5709389646256920	0.0350309047374620
0.5709578321677687	0.0353812137848366
0.5709767067450408	0.0357350259226843
0.5709955884249652	0.0360923761819113
0.5710144772922845	0.0364532999437296
0.5710333734489197	0.0368178329431664
0.5710522770140410	0.0371860112725985
0.5710711866062127	0.0375578713853246
0.5710901023042091	0.0379334500991774
0.5711090243516557	0.0383127846001702
0.5711279529935406	0.0386959124461714
0.5711468884779021	0.0390828715706326
0.5711658310169979	0.0394737002863383
0.5711847807353494	0.0398684372892009
0.5712037377793552	0.0402671216620936
0.5712227023105991	0.0406697928787150
0.5712416745012674	0.0410764908075031
0.5712606545354302	0.0414872557155777
0.5712796426104031	0.0419021282727339
0.5712986389380935	0.0423211495554623
0.5713176437454018	0.0427443610510163
0.5713366572635198	0.0431718046615252
0.5713556796038260	0.0436035227081411
0.5713747108762756	0.0440395579352226
0.5713937497096716	0.0444799535145738
0.5714127959008470	0.0449247530497199
0.5714318497309975	0.0453740005802182
0.5714509114963474	0.0458277405860196
0.5714699782533122	0.0462860179918805
0.5714890294296933	0.0467488781718006
0.5715080897461371	0.0472163669535184
0.5715271594723502	0.0476885306230526
0.5715462388579956	0.0481654159292824
0.5715653280367469	0.0486470700885750
0.5715844271755711	0.0491335407894602
0.5716035364665576	0.0496248761973539
0.5716226539122404	0.0501211249593278
0.5716417800997461	0.0506223362089214
0.5716609170859388	0.0511285595710114
0.5716800648429385	0.0516398451667227
0.5716992215557058	0.0521562436183904
0.5717183876377896	0.0526778060545758
0.5717375633570130	0.0532045841151217
0.5717567490023618	0.0537366299562715
0.5717759448854361	0.0542739962558330
0.5717951513421915	0.0548167362183904
0.5718143687339221	0.0553649035805745
0.5718335974321018	0.0559185526163818
0.5718528378214509	0.0564777381425470
0.5718720901493285	0.0570425155239714
0.5718913546421883	0.0576129406792121
0.5719106315678500	0.0581890700860027
0.5719299206035624	0.0587709607868640
0.5719491993810910	0.0593586703947320
0.5719684750652294	0.0599522570986794
0.5719877623354193	0.0605517796696649
0.5720070616591370	0.0611572974663615
0.5720263735250485	0.0617688704410257
0.5720456982476837	0.0623865591454368
0.5720650361374128	0.0630104247368907
0.5720843875351921	0.0636405289842606
0.5721037528153760	0.0642769342741014
0.5721231323888535	0.0649197036168436
0.5721425267024119	0.0655689006530125
0.5721619361531742	0.0662245896595416
0.5721813583153353	0.0668868355561360
0.5722007932439743	0.0675557039116993
0.5722202414299367	0.0682312609508145
0.5722397034016549	0.0689135735603246
0.5722591797247285	0.0696027092959282
0.5722786709824885	0.0702987363888860
0.5722981777494947	0.0710017237527746
0.5723177003839142	0.0717117409903011
0.5723372059785763	0.0724288584002035
0.5723567160431432	0.0731531469842064
0.5723762380793898	0.0738846784540469
0.5723957757698923	0.0746235252385867
0.5724153284891668	0.0753697604909713
0.5724348969623588	0.0761234580958810
0.5724544818483198	0.0768846926768406
0.5724740836329807	0.0776535396036076
0.5724937028583913	0.0784300749996420
0.5725133401101198	0.0792143757496392
0.5725329960226384	0.0800065195071335
0.5725526712837775	0.0808065847022050
0.5725723654783819	0.0816146505492251
0.5725920760932303	0.0824307970547153
0.5726118038445590	0.0832551050252601
0.5726315494948907	0.0840876560755120
0.5726513068348014	0.0849285326362663
0.5726710365101289	0.0857778179626276
0.5726907869438627	0.0866355961422516
0.5727105587674179	0.0875019521036718
0.5727303525033656	0.0883769716247101
0.5727501687556275	0.0892607413409579
0.5727700054073608	0.0901533487543672
0.5727898615619336	0.0910548822419127
0.5728097382222864	0.0919654310643312
0.5728296362540534	0.0928850853749745
0.5728495563960968	0.0938139362287251
0.5728694994753392	0.0947520755910098
0.5728894663902231	0.0956995963469178
0.5729094541051708	0.0966565923103893
0.5729294589197197	0.0976231582334906
0.5729494291849718	0.0985993898158279
0.5729694165009023	0.0995853837139860
0.5729894275872746	0.1005812375511259
0.5730094634454859	0.1015870499266365
0.5730295251411621	0.1026029204259041
0.5730496137688684	0.1036289496301626
0.5730697300780725	0.1046652391264636
0.5730898732912237	0.1057118915177274
0.5731100405838681	0.1067690104329050
0.5731302332747218	0.1078367005372327
0.5731504527546064	0.1089150675426061
0.5731707001453942	0.1100042182180321
0.5731909489163559	0.1111042604002116
0.5732111801511559	0.1122153030042159
0.5732314431675264	0.1133374560342573
0.5732517365359679	0.1144708305946022
0.5732720579135403	0.1156155389005469
0.5732924087533537	0.1167716942895525
0.5733127902901106	0.1179394112324481
0.5733332017078915	0.1191188053447744
0.5733536371339467	0.1203099933982243
0.5733741072668082	0.1215130933322095
0.5733946070927199	0.1227282242655337
0.5734151211647806	0.1239555065081870
0.5734356011616365	0.1251950615732670
0.5734561155043181	0.1264470121889970
0.5734766658451552	0.1277114823108857
0.5734972537492635	0.1289885971339951
0.5735178805029051	0.1302784831053375
0.5735385415758631	0.1315812679363906
0.5735592374420473	0.1328970806157578
0.5735799701000627	0.1342260514219158
0.5736007413857181	0.1355683119361316
0.5736215393269972	0.1369239950554955
0.5736422943247369	0.1382932350060533
0.5736630933200670	0.1396761673561102
0.5736839301065711	0.1410729290296734
0.5737047929828876	0.1424836583199680
0.5737256973396760	0.1439084949031663
0.5737466455176206	0.1453475798521940
0.5737676396267699	0.1468010556507127
0.5737886769399358	0.1482690662072207
0.5738097559956545	0.1497517568692941
0.5738307785575917	0.1512492744379893
0.5738518415768092	0.1527617671823691
0.5738729531747515	0.1542893848541909
0.5738941158272600	0.1558322787027351
0.5739153285990969	0.1573906014897611
0.5739365874332597	0.1589645075046581
0.5739578949933927	0.1605541525797068
0.5739792541345796	0.1621596941055036
0.5740005955672439	0.1637812910465564
0.5740219248091054	0.1654191039570261
0.5740433099221515	0.1670732949965945
0.5740647464567156	0.1687440279465639
0.5740862375429892	0.1704314682260289
0.5741077864905584	0.1721357829082847
0.5741293958856847	0.1738571407373718
0.5741510627452855	0.1755957121447483
0.5741726939664838	0.1773516692662000
0.5741943448303265	0.1791251859588653
0.5742160578677885	0.1809164378184517
0.5742378362703444	0.1827256021966406
0.5742596810013244	0.1845528582186078
0.5742815664397115	0.1863983868007960
0.5743035154577828	0.1882623706688081
0.5743254716179642	0.1901449943754940
0.5743474105009556	0.1920464443192519
0.5743694236721220	0.1939669087624438
0.5743915077130709	0.1959065778500645
0.5744136608261391	0.1978656436285627
0.5744358874813835	0.1998443000648528
0.5744581917322865	0.2018427430654963
0.5744804722164633	0.2038611704961465
0.5745027656553093	0.2058997822011083
0.5745251153676993	0.2079587800231152
0.5745475452877334	0.2100383678233467
0.5745700599671979	0.2121387515015838
0.5745926611582178	0.2142601390166019
0.5746153051940203	0.2164027404067631
0.5746378960774959	0.2185667678108298
0.5746605758504579	0.2207524354889347
0.5746833496293698	0.2229599598438247
0.5747062186549763	0.2251895594422679
0.5747291581588497	0.2274414550366934
0.5747521489142740	0.2297158695870647
0.5747750751700964	0.2320130282829338
0.5747981057564480	0.2343331585657653
0.5748212390625674	0.2366764901514206
0.5748444713600325	0.2390432550529327
0.5748678092677391	0.2414336876034620
0.5748911612600004	0.2438480244794952
0.5749145114283338	0.2462865047242898
0.5749379391063536	0.2487493697715375
0.5749614757446213	0.2512368634692561
0.5749851308508825	0.2537492321039450
0.5750088998816736	0.2562867244249823
0.5750325712733235	0.2588495916692371
0.5750563603961281	0.2614380875859345
0.5750802763239670	0.2640524684617994
0.5751043230187363	0.2666929931464186
0.5751284622936806	0.2693599230778772
0.5751525273958809	0.2720535223086565
0.5751766874124095	0.2747740575317479
0.5752009916177870	0.2775217981070673
0.5752254438372105	0.2802970160881432
0.5752500342190250	0.2830999862490191
0.5752745374980154	0.2859309861115049
0.5752991196632441	0.2887902959726182
0.5753238647134361	0.2916781989323390
0.5753487607983873	0.2945949809216685
0.5753737763627957	0.2975409307308827
0.5753987090412241	0.3005163400381914
0.5754238214010146	0.3035215034385666
0.5754490850899046	0.3065567184729455
0.5754744896284862	0.3096222856576790
0.5754998898656254	0.3127185085142536
0.5755253558169200	0.3158456935993907
0.5755510123867889	0.3190041505353873
0.5755768586685110	0.3221941920407465
0.5756028094591460	0.3254161339611541
0.5756286667126800	0.3286702953007685
0.5756547349812198	0.3319569982537809
0.5756810115892549	0.3352765682363155
0.5757075038640045	0.3386293339186801
0.5757338628721903	0.3420156272578613
0.5757604074410373	0.3454357835304465
0.5757871617622090	0.3488901413657494
0.5758141638186172	0.3523790427794078
0.5758410318016314	0.3559028332072021
0.5758681409501143	0.3594618615392673
0.5758954686163752	0.3630564801546551
0.5759230152747927	0.3666870449561996
0.5759504255641703	0.3703539154057545
0.5759781134522888	0.3740574545598134
0.5760060844870033	0.3777980291054154
0.5760342028207674	0.3815760093964722
0.5760622418986439	0.3853917694904405
0.5760905823944401	0.3892456871853442
0.5761192408877459	0.3931381440572014
0.5761479655922050	0.3970695254977714
0.5761767154663775	0.4010402207527489
0.5762057933430246	0.4050506229602700
0.5762352312645137	0.4091011291898686
0.5762645222368104	0.4131921404817657
0.5762941042585669	0.4173240618865789
0.5763240244835519	0.4214973025054422
0.5763540721496568	0.4257122755304945
0.5763842358776273	0.4299693982857992
0.5764147434445716	0.4342690922686547
0.5764455755137409	0.4386117831913350
0.5764762867969072	0.4429979010232523
0.5765074831911203	0.4474278800334777
0.5765390297755676	0.4519021588338131
0.5765704968615391	0.4564211804221547
0.5766023357469600	0.4609853922263781
0.5766346828709529	0.4655952461486398
0.5766670004974064	0.4702511986101331
0.5766995630920333	0.4749537105962419
0.5767327223681937	0.4797032477022085
0.5767659889558290	0.4845002801792275
0.5767993665900192	0.4893452829810264
0.5768333810025744	0.4942387358108305
0.5768676490345748	0.4991811231689342
0.5769019536678699	0.5041729344006255
0.5769369377679966	0.5092146637446370
0.5769722451616875	0.5143068103820834
0.5770075951558641	0.5194498784859110
0.5770436803899734	0.5246443772707773
0.5770800655356929	0.5298908210434884
0.5771165605122889	0.5351897292539309
0.5771539140858670	0.5405416265464622
0.5771914210284660	0.5459470428119226
0.5772292206593085	0.5514065132400446
0.5772680257137078	0.5569205783724444
0.5773067038807946	0.5624897841561751
0.5773460178089385	0.5681146819977417
0.5773864112933769	0.5737958288177132
0.5774263568718155	0.5795337871058860
0.5774674278096983	0.5853291249769437
0.5775091594009069	0.5911824162267082
0.5775509616003206	0.5970942403889729
0.5775941114011521	0.6030651827928694
0.5776372357570334	0.6090958346207938
0.5776812166683017	0.6151867929670065
0.5777264180577484	0.6213386608966822
0.5777714134575950	0.6275520475056446
0.5778178303725041	0.6338275679807064
0.5778648296726608	0.6401658436605185
0.5779125640699263	0.6465675020971163
0.5779617201778375	0.6530331771180857
0.5780108908993873	0.6595635088892617
0.5780615145480990	0.6661591439781614
0.5781133077892536	0.6728207354179444
0.5781654814058175	0.6795489427721266
0.5782200907829410	0.6863444321998419
0.5782740580456642	0.6932078765218356
0.5783306740191517	0.7001399552870489
0.5783878723581118	0.7071413548399257
0.5784464896565908	0.7142127683883185
0.5785073737145165	0.7213548960721986
0.5785684412351322	0.7285684450329231
0.5786327935952218	0.7358541294832486
0.5786971368553235	0.7432126707780838
0.5787649348377899	0.7506447974858617
0.5788339256478447	0.7581512454607171
0.5789048457253467	0.7657327579153201
0.5789795982359036	0.7733900854944741
0.5790547541319796	0.7811239863494227
0.5791351422682005	0.7889352262129202
0.5792154946439934	0.7968245784750481
0.5793016779588370	0.8047928242598025
0.5793894626415216	0.8128407525024057
0.5794822998593946	0.8209691600274311
0.5795786108517178	0.8291788516277033
0.5796776545108666	0.8374706401439777
0.5797856072833353	0.8458453465454148
0.5798961054129383	0.8543038000108683
0.5800173295617312	0.8628468380109808
0.5801405822994349	0.8714753063910944
0.5802806691076164	0.8801900594550072
0.5804219320673712	0.8889919600495606
0.5805834263513378	0.8985438100126618
0.5807679817785047	0.9075292481127888
0.5809509513821864	0.9166045405939187
0.5811661973166766	0.9258496856036924
0.5814063481336286	0.9348945332257851
0.5816647587589530	0.9442434785580436
0.5819311083018265	0.9607408420077116
0.5819597105837547	0.9522983575532297
0.5821946883045801	0.9590050210865231
0.5825495390650780	0.9669234409902685
0.5826018590933556	0.9644547753963973
0.5828668491738406	0.9717698411681487
0.5828733178163796	0.9697685915590587
0.5832006737683370	0.9807143365475147
0.5834916549232988	0.9853535642778865
0.5838290289217137	0.9785780969686425
0.5842816497347020	0.9899101300151053
0.5846378443755968	0.9926007489183567
0.5855755874084526	0.9947658979171702
0.5863526738357342	0.9961199042377918
0.5864332277772858	0.9969255417524512
0.5906373253071805	0.9990684616244984
0.5915121467906858	0.9993407684845849
0.5948243609397971	0.9997238169374806
0.5962226227356771	0.9998739526732983
0.5976792946903313	0.9999412193949202
0.6009444460306316	0.9999653950762432
0.6060096762958905	0.9999895197864818
0.6087374064540535	0.9999949300550466
0.6166712969540257	0.9999985003507170
0.6184137506127831	0.9999993151299748
0.6262074286253995	0.9999997926035367
0.6287462933983826	0.9999999021096982
0.6353183094357684	0.9999999698684737
0.6374491306548963	0.9999999860455977
0.6444328070447671	0.9999999957522598
0.6472796890931041	0.9999999980517428
0.6541959978310681	0.9999999994125337
0.6572707271872553	0.9999999997315004
0.6640432823269536	0.9999999999195333
0.6671393379790701	0.9999999999632481
0.6738284291268641	0.9999999999890152
0.6768428966494020	0.9999999999949786
0.6834688230854902	0.9999999999984996
0.6863554074719178	0.9999999999993134
0.6929652838456426	0.9999999999997947
0.6957538412053955	0.9999999999999060
0.7023788095173743	0.9999999999999718
0.7050877825641162	0.9999999999999872
0.7118603894571555	0.9999999999999962
0.7145515019493867	0.9999999999999982
0.7195317813482588	1.0000405491930653
0.7195317813483957	1.0000457892166259
0.7380302938359862	1.0000483903073176
0.7396951434345029	1.0000488059922177
0.7537882603698249	1.0000489348613646
0.7544441141727630	1.0000489631032279
0.7630551957050510	1.0000489728405648
0.7649202873817734	1.0000489751742954
0.7745288031814623	1.0000489756567574
0.7764615517121937	1.0000489758227882
0.7834193567202523	1.0000489758628339
0.7857722611928439	1.0000489758778246
0.7931333931477815	1.0000489758815441
0.7963295864341107	1.0000489758829572
0.9545044694143497	0.9604470364380927
0.9545044694144499	0.9925090765423051
0.9545044694145499	0.9992159472832818
0.9553575210370244	0.9973478914208207
0.9555089365992291	0.9993148776345545
0.9687706095059158	0.9999023920672758
0.9688633444917600	0.9999771328687663
0.9921563138843078	0.9999866806629584
1.0175378500879204	0.9999987993777235
1.0177892538127957	1.0000003654858181
1.0490190567851476	1.0000007964042530
1.0592692959433585	1.0000008520945765
1.0830163362329213	1.0000008674230918
1.0932587361926718	1.0000008694042355
1.1170066938060998	1.0000008699495286
1.1272457656553192	1.0000008700200120
1.1509941246970097	1.0000008700394110
1.1612338512778044	1.0000008700419185
1.1849711383471686	1.0000008700426088
1.1952265787929552	1.0000008700426981
1.2190404313203573	1.0000008700427228
1.2290505300586625	1.0000008700427256
1.2515836884828073	1.0000008700427265
1.2543842812840669	1.0000008700427268
1.2568132374780949	1.0000008700427268
1.2720448049015800	1.0100008787431540
1.2725164812157064	1.0012830062207958
1.2742263071957312	1.0001734476868769
1.2827614394341944	1.0000243030822307
1.3020845947973485	0.9999616569309442
1.3028973594825501	0.9999767444932964
1.4114826261213094	0.9999977531050963
1.8926151522477583	0.9999558313475596
2.0047292322955443	0.9999932101080770
2.0047303159370169	0.9999980421057815
2.0264714496825067	0.9999986685870879
2.0264875981549402	0.9999988412999956
2.0340920451542086	0.9999988754833069
2.0363332892705137	0.9999988927070139
2.0446634431893966	0.9999988949333449
2.0477556673321593	0.9999988963074221
2.0582652098565939	0.9999988966958350
2.0876019955239746	0.9999988967483725
2.0929060278912024	0.9999988967619238
2.1141283197803085	0.9999988967647707
2.1276337287978579	0.9999988967655729
2.1303218859766040	0.9999988968660707
2.1342120649288310	0.9999988968937155
2.1501524897312425	0.9999988969015690
2.1630461433890344	0.9999988969032089
2.1779876211682607	0.9999988969036705
2.1899026133490938	0.9999988969037670
2.2050447022733204	0.9999988969037941
2.2175403976791421	0.9999988969037996
2.2333404903072434	0.9999988969038011
2.2383220154053434	0.9999988969038013
2.2440507044550109	0.9999988969038015
2.2461802586442081	0.9999988969057715
2.2499994406783319	0.9999988969063140
2.2659423055647361	0.9999988969064685
2.2789116312628477	0.9999988969065006
2.2946331270108793	0.9999988969065093
2.3054222725230011	0.9999988969065112
2.3183762971222013	0.9999988969065118
2.3216168658277478	0.9999988969065119
2.3350409161495604	1.0001536139119416
2.3375298830028806	1.0001735448143303
2.3587168111139398	0.9999232197759544
2.3763343080532615	0.9998918822911097
2.3829754287465854	0.9999725972320235
2.3870991020162013	0.9999834404884497
2.5319227798304622	0.9999952740976371
2.5347218818472714	0.9999968013574491
2.5565036208931189	0.9999969992026417
2.5783334378305103	0.9999970247336121
2.6002382732365383	0.9999970280288683
2.6220822680965048	0.9999970284547292
2.6547288367546686	0.9999992931712312
2.6550465733703685	0.9999995859044433
2.6575426873716808	0.9999996237424568
2.6904421897138633	0.9999996832089862
2.6907339230222309	0.9999996908956142
2.7071031720926024	0.9999996918891859
2.7261131270013657	0.9999996932590682
2.7268628994659609	0.9999996935966096
2.7364675488365204	0.9999996936402400
2.7486924919139799	0.9999996936958787
2.7575523403703848	0.9999996937095338
2.7678711200565314	0.9999996937112988
2.7793735773153427	0.9999996937135495
2.7885098528049612	0.9999996937141021
2.8055788680880913	0.9999996937142538
2.8140043752050810	0.9999996937142837
2.8213849794508672	0.9999996937142880
2.8351414744821630	0.9999996937142926
2.8420122098899845	0.9999996937142941
2.8530276516802746	0.9999996937142944
2.8696818493838170	0.9999996937142943
2.8801783789431052	0.9999996937142945
9.8145250457816342	1.0012926003871407
9.8170229658656716	1.0004651065656454
9.8315839111795125	1.0000875402054452
9.8565780100013782	1.0000254801523552
9.8796559267370636	0.9998709617089054
9.9421168625759169	0.9999797331392632
