0.0000000000000000	0.0000000000000000
0.5869963971982203	0.0000300000000000
0.5872252264656945	0.0000154368731273
0.5880407269885288	0.0000254368731273
0.5882180202328368	0.0000318396898956
0.5886504843532081	0.0000289067441463
0.5892027656353903	0.0000470615172634
0.5894003567318086	0.0000402424040458
0.5897385228287867	0.0000470042574417
0.5901285610086239	0.0000570042574417
0.5901884227857919	0.0000544618458163
0.5903760453869934	0.0000627747396159
0.5906638513078277	0.0000727747396159
0.5909693795604412	0.0000827747396159
0.5912254631003394	0.0000938142022176
0.5914698494320629	0.0001038142022176
0.5916463808611577	0.0001138142022176
0.5918223137546759	0.0001238142022176
0.5919726266375039	0.0001338142022176
0.5921201305544536	0.0001438142022176
0.5922490527742523	0.0001538142022176
0.5923749452674026	0.0001638142022176
0.5924880628224986	0.0001738142022176
0.5925990279931588	0.0001838142022176
0.5926989481465945	0.0001938142022176
0.5927984610328227	0.0002038142022176
0.5928896236939911	0.0002138142022176
0.5929789290252507	0.0002238142022176
0.5930610520766194	0.0002338142022176
0.5931421473701300	0.0002438142022176
0.5932178629607002	0.0002538142022176
0.5932920263752803	0.0002638142022176
0.5933622595800697	0.0002738142022176
0.5934307891232288	0.0002838142022176
0.5934962338590498	0.0002938142022176
0.5935598139106419	0.0003038142022176
0.5936210699041650	0.0003138142022176
0.5936804371731622	0.0003238142022176
0.5937379867461232	0.0003338142022176
0.5937936367263303	0.0003438142022176
0.5938479023978198	0.0003538142022176
0.5939003545995736	0.0003638142022176
0.5939515975917924	0.0003738142022176
0.5940010529215698	0.0003838142022176
0.5940496846402803	0.0003938142022176
0.5940966112059352	0.0004038142022176
0.5941428815784608	0.0004138142022176
0.5941874622774929	0.0004238142022176
0.5942315864848722	0.0004338142022176
0.5942740999295746	0.0004438142022176
0.5943162595376473	0.0004538142022176
0.5943568440099894	0.0004638142022176
0.5943972079976935	0.0004738142022176
0.5944360442156222	0.0004838142022176
0.5944747339756681	0.0004938142022176
0.5945119839759500	0.0005038142022176
0.5945490793837099	0.0005138142022176
0.5945848740381980	0.0005238142022176
0.5946204627677779	0.0005338142022176
0.5946549446581809	0.0005438142022176
0.5946891506943160	0.0005538142022176
0.5947224253129314	0.0005638142022176
0.5947554009843555	0.0005738142022176
0.5947876019347532	0.0005838142022176
0.5948193026543172	0.0005938142022176
0.5948503607594681	0.0006038142022176
0.5948810958698724	0.0006138142022176
0.5949111473347813	0.0006238142022176
0.5949407872209176	0.0006338142022176
0.5949700123801470	0.0006438142022176
0.5949986452010235	0.0006538142022176
0.5950269917364034	0.0006638142022176
0.5950547387771212	0.0006738142022176
0.5950822575176389	0.0006838142022176
0.5951091775411391	0.0006938142022176
0.5951359460897170	0.0007038142022176
0.5951620443538084	0.0007138142022176
0.5951880469195696	0.0007238142022176
0.5952134675714590	0.0007338142022176
0.5952387156732237	0.0007438142022176
0.5952635248138024	0.0007538142022176
0.5952880635397232	0.0007638142022176
0.5953121361299134	0.0007738142022176
0.5953361864044904	0.0007838142022176
0.5953595823738178	0.0007938142022176
0.5953829496809561	0.0008038142022176
0.5954058198966780	0.0008138142022176
0.5954286747952284	0.0008238142022176
0.5954509339894092	0.0008338142022176
0.5954731419888093	0.0008438142022176
0.5954949420108931	0.0008538142022176
0.5955166566641404	0.0008638142022176
0.5955380090196645	0.0008738142022176
0.5955591786312647	0.0008838142022176
0.5955799895341460	0.0008938142022176
0.5956006592917807	0.0009038142022176
0.5956210495187979	0.0009138142022176
0.5956412789737016	0.0009238142022176
0.5956612548990542	0.0009338142022176
0.5956810408893970	0.0009438142022176
0.5957006113461639	0.0009538142022176
0.5957199752628141	0.0009638142022176
0.5957391504229225	0.0009738142022176
0.5957580966570862	0.0009838142022176
0.5957768885220251	0.0009938142022176
0.5957954392666749	0.0010038142022176
0.5958138607773881	0.0010138523442398
0.5958320966642805	0.0010239908676821
0.5958504214628114	0.0010342307763590
0.5958686550915306	0.0010445730841226
0.5958870059288984	0.0010550188149638
0.5959052278617684	0.0010655690031134
0.5959235789301260	0.0010762246931445
0.5959418194549805	0.0010869869400760
0.5959601454363608	0.0010978568094767
0.5959784288001887	0.0011088353775715
0.5959967287853641	0.0011199237313472
0.5960150598022236	0.0011311229686607
0.5960333308751655	0.0011424341983472
0.5960516936042474	0.0011538585403307
0.5960699557701575	0.0011653971257340
0.5960882822164733	0.0011770510969914
0.5961066068860795	0.0011888216079613
0.5961248964288610	0.0012007098240409
0.5961432574266441	0.0012127169222813
0.5961615415847096	0.0012248440915041
0.5961798611538774	0.0012370925324192
0.5961982210524013	0.0012494634577434
0.5962165019055231	0.0012619580923208
0.5962348368751985	0.0012745776732440
0.5962531823831742	0.0012873234499765
0.5962714771053562	0.0013001966844762
0.5962898168899082	0.0013131986513210
0.5963081640456304	0.0013263306378342
0.5963264633617887	0.0013395939442125
0.5963447997493704	0.0013529898836547
0.5963631637262480	0.0013665197824912
0.5963814605719316	0.0013801849803161
0.5963997882488949	0.0013939868301193
0.5964181462571462	0.0014079266984205
0.5964364732536398	0.0014220059654046
0.5964547886697708	0.0014362260250587
0.5964731299251667	0.0014505882853093
0.5964914899573522	0.0014650941681624
0.5965098099347076	0.0014797451098440
0.5965281332533368	0.0014945425609424
0.5965464725994596	0.0015094879865518
0.5965648281035421	0.0015245828664174
0.5965831688040344	0.0015398286950816
0.5966014889069823	0.0015552269820323
0.5966198227340518	0.0015707792518526
0.5966381666001602	0.0015864870443711
0.5966565201298434	0.0016023519148148
0.5966748687570301	0.0016183754339630
0.5966931930700455	0.0016345591883026
0.5967115259043193	0.0016509047801856
0.5967298651418351	0.0016674138279875
0.5967482100496247	0.0016840879662673
0.5967665591230185	0.0017009288459300
0.5967849114873340	0.0017179381343893
0.5968032595893747	0.0017351175157331
0.5968215927445428	0.0017524686908905
0.5968399294508513	0.0017699933777993
0.5968582692949597	0.0017876933115774
0.5968766111953412	0.0018055702446931
0.5968949551739433	0.0018236259471401
0.5969133000689321	0.0018418622066115
0.5969316463062921	0.0018602808286776
0.5969499926702595	0.0018788836369643
0.5969683399270457	0.0018976724733340
0.5969866867843130	0.0019166491980673
0.5970050343416741	0.0019358156900480
0.5970233812618375	0.0019551738469484
0.5970417283659166	0.0019747255854179
0.5970600742870282	0.0019944728412721
0.5970784205001590	0.0020144175696848
0.5970967657710344	0.0020345617453816
0.5971151112205579	0.0020549073628355
0.5971334561167002	0.0020754564364638
0.5971518010867534	0.0020962110008285
0.5971701459267201	0.0021171731108368
0.5971884906341264	0.0021383448419452
0.5972068356713787	0.0021597282903646
0.5972251803870011	0.0021813255732683
0.5972435256831234	0.0022031388290009
0.5972618706094505	0.0022251702172909
0.5972802158451048	0.0022474219194638
0.5972985612955369	0.0022698961386584
0.5973169066992404	0.0022925951000449
0.5973352528053429	0.0023155210510454
0.5973535986916511	0.0023386762615558
0.5973719448865987	0.0023620630241713
0.5973902915725946	0.0023856836544130
0.5974086382189082	0.0024095404909572
0.5974269853737812	0.0024336358958667
0.5974453328368210	0.0024579722548254
0.5974636804322735	0.0024825519773737
0.5974820286169589	0.0025073774971474
0.5975003770803846	0.0025324512721188
0.5975187257445427	0.0025577757848400
0.5975370749935335	0.0025833535426884
0.5975554246387481	0.0026091870781153
0.5975737744749903	0.0026352789488965
0.5975921248283760	0.0026616317383855
0.5976104758304011	0.0026882480557694
0.5976288269568059	0.0027151305363271
0.5976471784889504	0.0027422818416903
0.5976655306635212	0.0027697046601072
0.5976838832574931	0.0027974017067082
0.5977022361170649	0.0028253757237752
0.5977205894468510	0.0028536294810131
0.5977389434196858	0.0028821657758231
0.5977572978566481	0.0029109874335814
0.5977756525838162	0.0029400973079172
0.5977940077602323	0.0029694982809964
0.5978123635053265	0.0029991932638064
0.5978307199259848	0.0030291851964445
0.5978490766994269	0.0030594770484089
0.5978674338447051	0.0030900718188931
0.5978857914679232	0.0031209725370820
0.5979041496383362	0.0031521822624527
0.5979225084265389	0.0031837040850772
0.5979408678681249	0.0032155411259280
0.5979592276812896	0.0032476965371873
0.5979775879380599	0.0032801735025592
0.5979959486819691	0.0033129752375847
0.5980143099661426	0.0033461049899605
0.5980326718129363	0.0033795660398602
0.5980510342545479	0.0034133617002588
0.5980693972995921	0.0034474953172614
0.5980877609654278	0.0034819702704340
0.5981061252515754	0.0035167899731384
0.5981244900973345	0.0035519578728699
0.5981428554752201	0.0035874774515985
0.5981612214029660	0.0036233522261144
0.5981795879026517	0.0036595857483755
0.5981979549872354	0.0036961816058592
0.5982163226725928	0.0037331434219177
0.5982346909698391	0.0037704748561369
0.5982530598893597	0.0038081796046984
0.5982714294302244	0.0038462614007454
0.5982897995928989	0.0038847240147529
0.5983081703803580	0.0039235712549004
0.5983265417941627	0.0039628069674494
0.5983449138413225	0.0040024350371238
0.5983632865230242	0.0040424593874951
0.5983816598505767	0.0040828839813701
0.5984000338249782	0.0041237128211838
0.5984184084574625	0.0041649499493955
0.5984367837525838	0.0042065994488895
0.5984551597202363	0.0042486654433784
0.5984735363702466	0.0042911520978123
0.5984919137099609	0.0043340636187905
0.5985102917545497	0.0043774042549783
0.5985286705089995	0.0044211782975282
0.5985470499851482	0.0044653900805035
0.5985654301925583	0.0045100439813087
0.5985838111383988	0.0045551444211218
0.5986021928350180	0.0046006958653330
0.5986205752870828	0.0046467028239862
0.5986389585027104	0.0046931698522259
0.5986573424929528	0.0047401015507482
0.5986757272616371	0.0047875025662556
0.5986941128174633	0.0048353775919182
0.5987124991703739	0.0048837313678372
0.5987308863252127	0.0049325686815155
0.5987492742910653	0.0049818943683307
0.5987676630787735	0.0050317133120139
0.5987860526939190	0.0050820304451340
0.5988044431458274	0.0051328507495853
0.5988228344468590	0.0051841792570812
0.5988412266043186	0.0052360210496519
0.5988596196276005	0.0052883812601486
0.5988780135287688	0.0053412650727500
0.5988964083197121	0.0053946777234776
0.5989148040093183	0.0054486245007125
0.5989332006088758	0.0055031107457197
0.5989515981315561	0.0055581418531770
0.5989699965899544	0.0056137232717087
0.5989883959916972	0.0056698605044258
0.5990067963318207	0.0057265591094701
0.5990251976088447	0.0057838247005647
0.5990435998241664	0.0058416629475703
0.5990620029780025	0.0059000795770460
0.5990804070725707	0.0059590803728166
0.5990988121126225	0.0060186711765448
0.5991172181052719	0.0060788578883101
0.5991356250595284	0.0061396464671931
0.5991540329853715	0.0062010429318649
0.5991724418921326	0.0062630533611836
0.5991908517909428	0.0063256838947956
0.5992092626938170	0.0063889407337436
0.5992276746127011	0.0064528301410812
0.5992460875596500	0.0065173584424921
0.5992645015466400	0.0065825320269170
0.5992829165857428	0.0066483573471861
0.5993013326890116	0.0067148409206580
0.5993197498672241	0.0067819893298646
0.5993381681316670	0.0068498092231633
0.5993565874940819	0.0069183073153948
0.5993750079667779	0.0069874903885489
0.5993934295625780	0.0070573652924344
0.5994118522766760	0.0071279389453587
0.5994302758477621	0.0071992183348124
0.5994487003092109	0.0072712105181605
0.5994671256935966	0.0073439226233420
0.5994855520328243	0.0074173618495755
0.5995039793582064	0.0074915354680710
0.5995224077005009	0.0075664508227516
0.5995408370899756	0.0076421153309791
0.5995592675564360	0.0077185364842890
0.5995776991293342	0.0077957218491317
0.5995961318377711	0.0078736790676231
0.5996145657106645	0.0079524158582991
0.5996330007767210	0.0080319400168821
0.5996514370646122	0.0081122594170508
0.5996698746030049	0.0081933820112215
0.5996883134206771	0.0082753158313336
0.5997067535454628	0.0083580689896469
0.5997251950036635	0.0084416496795435
0.5997436378204821	0.0085260661763388
0.5997620820202273	0.0086113268381020
0.5997805276265221	0.0086974401064829
0.5997989746624595	0.0087844145075477
0.5998174231507314	0.0088722586526233
0.5998358731138420	0.0089609812391497
0.5998543245742044	0.0090505910515415
0.5998727775543019	0.0091410969620570
0.5998912320768685	0.0092325079316775
0.5999096881445571	0.0093248330109945
0.5999281457543796	0.0094180813411043
0.5999466049068938	0.0095122621545153
0.5999650656059793	0.0096073847760607
0.5999835278587331	0.0097034586238216
0.6000019916752491	0.0098004932100601
0.6000204570682915	0.0098984981421607
0.6000389240531060	0.0099974831235820
0.6000573926472688	0.0100974579548176
0.6000758628705167	0.0101984325343655
0.6000943347446380	0.0103004168597090
0.6001128082912168	0.0104034210283058
0.6001312835317070	0.0105074552385887
0.6001497604876708	0.0106125297909745
0.6001682391810657	0.0107186550888843
0.6001867196345024	0.0108258416397735
0.6002052018714241	0.0109341000561713
0.6002236859160851	0.0110434410567332
0.6002421717936138	0.0111538754673007
0.6002606595300911	0.0112654142219740
0.6002791491526297	0.0113780683641938
0.6002976406873944	0.0114918490478360
0.6003161341618716	0.0116067675383145
0.6003346296068933	0.0117228352136978
0.6003531270546908	0.0118400635658348
0.6003716265390008	0.0119584642014932
0.6003901280949716	0.0120780488435084
0.6004086317590714	0.0121988293319434
0.6004271375668899	0.0123208176252625
0.6004456455528253	0.0124440258015150
0.6004641557504992	0.0125684660595305
0.6004826681931521	0.0126941507201261
0.6005011829093546	0.0128210922273272
0.6005196998938553	0.0129493031496007
0.6005382154788482	0.0130787961810970
0.6005567295051488	0.0132095841429077
0.6005752459614662	0.0133416799843368
0.6005937648451718	0.0134750967841801
0.6006122861586795	0.0136098477520217
0.6006308099091507	0.0137459462295418
0.6006493361082567	0.0138834056918375
0.6006678644509204	0.0140222397487558
0.6006863947115051	0.0141624621462430
0.6007049269484006	0.0143040867677051
0.6007234612211917	0.0144471276353823
0.6007419975903394	0.0145915989117360
0.6007605361142291	0.0147375149008533
0.6007790768498260	0.0148848900498617
0.6007976198530541	0.0150337389503606
0.6008161651791691	0.0151840763398646
0.6008347128831307	0.0153359171032633
0.6008532630199742	0.0154892762742963
0.6008718156451829	0.0156441690370389
0.6008903708150385	0.0158006107274093
0.6009089285869544	0.0159586168346839
0.6009274890195715	0.0161182030030311
0.6009460521728098	0.0162793850330611
0.6009646181079751	0.0164421788833919
0.6009831868869780	0.0166066006722259
0.6010017585391116	0.0167726666789479
0.6010203330746409	0.0169403933457373
0.6010389105081702	0.0171097972791945
0.6010574898634670	0.0172808952519867
0.6010760718588600	0.0174537042045069
0.6010946568115703	0.0176282412465518
0.6011132447551002	0.0178045236590171
0.6011318357272782	0.0179825688956078
0.6011504297702556	0.0181623945845636
0.6011690269305482	0.0183440185304088
0.6011876272591180	0.0185274587157134
0.6012062308113658	0.0187127333028708
0.6012248376430361	0.0188998606358993
0.6012434478100993	0.0190888592422579
0.6012620613692728	0.0192797478346810
0.6012806783785443	0.0194725453130283
0.6012992988976940	0.0196672707661581
0.6013179229887893	0.0198639434738192
0.6013365507166133	0.0200625829085573
0.6013551821487358	0.0202632087376430
0.6013738173078571	0.0204658408250189
0.6013924562068134	0.0206704992332695
0.6014110980752942	0.0208772042256020
0.6014297429290134	0.0210859762678581
0.6014483908512690	0.0212968360305369
0.6014670419257058	0.0215098043908418
0.6014856962371196	0.0217249024347496
0.6015043538720826	0.0219421514590971
0.6015230149192499	0.0221615729736884
0.6015416794697134	0.0223831887034252
0.6015603476173794	0.0226070205904597
0.6015790194593743	0.0228330907963646
0.6015976950964814	0.0230614217043287
0.6016163746319226	0.0232920359213726
0.6016350581672039	0.0235249562805861
0.6016537458030593	0.0237602058433926
0.6016724376403700	0.0239978079018265
0.6016911337708936	0.0242377859808443
0.6017098342209641	0.0244801638406526
0.6017285390276691	0.0247249654790590
0.6017472482385672	0.0249722151338491
0.6017659619112575	0.0252219372851877
0.6017846801130885	0.0254741566580397
0.6018034029169640	0.0257288982246202
0.6018221187898947	0.0259861872068666
0.6018408360472096	0.0262460490789352
0.6018595583728195	0.0265085095697239
0.6018782858317083	0.0267735946654204
0.6018970184957222	0.0270413306120752
0.6019157564438775	0.0273117439181956
0.6019344997627298	0.0275848613573774
0.6019532479898232	0.0278607099709509
0.6019720005713883	0.0281393170706609
0.6019907576849395	0.0284207102413669
0.6020095194202070	0.0287049173437812
0.6020282858641617	0.0289919665172197
0.6020470571109889	0.0292818861823926
0.6020658332625825	0.0295747050442167
0.6020846144290679	0.0298704520946593
0.6021034007292995	0.0301691566156059
0.6021221922907802	0.0304708481817625
0.6021409892473253	0.0307755566635799
0.6021597917339382	0.0310833122302161
0.6021785998882757	0.0313941453525185
0.6021974138520657	0.0317080868060444
0.6022162337719803	0.0320251676741045
0.6022350597600252	0.0323454193508453
0.6022538918690634	0.0326688735443529
0.6022727301702475	0.0329955622797960
0.6022915747489007	0.0333255179025939
0.6023104256994556	0.0336587730816196
0.6023292831263808	0.0339953608124353
0.6023481471446785	0.0343353144205588
0.6023670175933658	0.0346786675647642
0.6023858933683173	0.0350254542404121
0.6024047747077826	0.0353757087828165
0.6024236618547436	0.0357294658706448
0.6024425550484666	0.0360867605293508
0.6024614545015428	0.0364476281346444
0.6024803603309473	0.0368121044159918
0.6024992726677165	0.0371802254601515
0.6025181916576057	0.0375520277147534
0.6025371174615211	0.0379275479919005
0.6025560502554698	0.0383068234718203
0.6025749851347239	0.0386898917065380
0.6025939094467399	0.0390767906236027
0.6026128416146848	0.0394675585298380
0.6026317818029796	0.0398622341151355
0.6026507301878109	0.0402608564562867
0.6026696869378281	0.0406634650208485
0.6026886521121797	0.0410700996710561
0.6027076231776324	0.0414808006677678
0.6027266021972574	0.0418956086744458
0.6027455881115867	0.0423145647611907
0.6027645811141776	0.0427377104088034
0.6027835814638918	0.0431650875128922
0.6028025894297420	0.0435967383880201
0.6028216052923320	0.0440327057719008
0.6028406293379910	0.0444730328296186
0.6028596618553621	0.0449177631579157
0.6028787029902852	0.0453669407894950
0.6028977529018341	0.0458206101973907
0.6029168117724141	0.0462788162993640
0.6029358798085360	0.0467416044623574
0.6029549572364939	0.0472090205069820
0.6029740442939110	0.0476811107120524
0.6029931412318689	0.0481579218191727
0.6030122483170653	0.0486395010373646
0.6030313644859996	0.0491258960477391
0.6030504890716630	0.0496171550082165
0.6030696223464089	0.0501133265582999
0.6030887646044614	0.0506144598238833
0.6031079161524190	0.0511206044221233
0.6031270641291158	0.0516318104663436
0.6031462045964286	0.0521481285710085
0.6031653556636258	0.0526696098567173
0.6031845176476149	0.0531963059552843
0.6032036908800867	0.0537282690148373
0.6032228755675358	0.0542655517049856
0.6032420718851136	0.0548082072220354
0.6032612800419329	0.0553562892942572
0.6032805002817078	0.0559098521872000
0.6032997326156102	0.0564689507090704
0.6033189749618243	0.0570336402161612
0.6033382277825771	0.0576039766183238
0.6033574915459466	0.0581800163845075
0.6033767666551665	0.0587618165483526
0.6033960534060124	0.0593494347138352
0.6034153521330136	0.0599429290609724
0.6034346631995487	0.0605423583515808
0.6034539869913190	0.0611477819350977
0.6034733239196808	0.0617592597544503
0.6034926744239549	0.0623768523519947
0.6035120388192020	0.0630006208755165
0.6035314166886259	0.0636306270842723
0.6035508040186103	0.0642669333551139
0.6035701650772751	0.0649096026886648
0.6035895356845660	0.0655586987155532
0.6036089195931716	0.0662142857027076
0.6036283173026695	0.0668764285597346
0.6036477293425995	0.0675451928453307
0.6036671562031999	0.0682206447737844
0.6036865981962160	0.0689028512215238
0.6037060556825908	0.0695918797337372
0.6037255290739462	0.0702877985310739
0.6037450188280948	0.0709906765163861
0.6037645233545232	0.0717005832815504
0.6037840418630959	0.0724175891143640
0.6038035750488108	0.0731417650055092
0.6038231233880286	0.0738731826555624
0.6038426874116281	0.0746119144821190
0.6038622676955744	0.0753580336269402
0.6038818648492769	0.0761116139632115
0.6039014795203725	0.0768727301028424
0.6039210774887240	0.0776414574038689
0.6039406793131966	0.0784178719779097
0.6039603006761634	0.0792020506976891
0.6039799384220874	0.0799940712046665
0.6039995929339450	0.0807940119167139
0.6040192649373692	0.0816019520358819
0.6040389552024641	0.0824179715562386
0.6040586645303411	0.0832421512718021
0.6040783934306105	0.0840745727845179
0.6040981424734110	0.0849153185123613
0.6041179122950532	0.0857644716974831
0.6041377031548989	0.0866221164144570
0.6041575118219771	0.0874883375786031
0.6041773349736971	0.0883632209543899
0.6041971741507448	0.0892468531639324
0.6042170281053191	0.0901393216955709
0.6042368507236802	0.0910407149125259
0.6042566957155565	0.0919511220616523
0.6042765638987450	0.0928706332822690
0.6042964561407453	0.0937993396150939
0.6043163730154256	0.0947373330112472
0.6043363106010626	0.0956847063413590
0.6043562696280361	0.0966415534047737
0.6043762511196703	0.0976079689388236
0.6043962561483439	0.0985840486282130
0.6044162857800583	0.0995698891144925
0.6044363407675941	0.1005655880056395
0.6044564219332670	0.1015712438856935
0.6044765282106226	0.1025869563245511
0.6044966147274491	0.1036128258877945
0.6045167022718460	0.1046489541466733
0.6045368154564142	0.1056954436881412
0.6045569553392416	0.1067523981250231
0.6045771228840711	0.1078199221062763
0.6045973191589515	0.1088981213273402
0.6046175453207159	0.1099871025406160
0.6046377966392176	0.1110869735660250
0.6046580673395465	0.1121978433016867
0.6046783654083140	0.1133198217347044
0.6046986921644747	0.1144530199520520
0.6047190490162017	0.1155975501515720
0.6047393828411303	0.1167535256530861
0.6047597246266292	0.1179210609096190
0.6047801007249218	0.1191002715187155
0.6048005076496983	0.1202912742339033
0.6048209449224422	0.1214941869762435
0.6048414141671702	0.1227091288460054
0.6048619171192828	0.1239362201344623
0.6048824550232594	0.1251755823358097
0.6049030292585104	0.1264273381591648
0.6049236379512510	0.1276916115407548
0.6049442790679069	0.1289685276561592
0.6049648671989294	0.1302582129327218
0.6049854912481276	0.1315607950620513
0.6050061531861365	0.1328764030126696
0.6050268431517276	0.1342051670427961
0.6050475722724244	0.1355472187132271
0.6050683394138959	0.1369026909003613
0.6050891434806543	0.1382717178093627
0.6051099863127679	0.1396544349874543
0.6051308699079853	0.1410509793373282
0.6051517646331178	0.1424614891307014
0.6051726328270821	0.1438861040220104
0.6051935479327935	0.1453249650622279
0.6052145032916612	0.1467782147128468
0.6052355010874823	0.1482459968599791
0.6052565436621812	0.1497284568285753
0.6052776335420788	0.1512257413968585
0.6052987726164177	0.1527379988108304
0.6053199568218912	0.1542653787989374
0.6053411287497001	0.1558080325869278
0.6053622775388071	0.1573661129127940
0.6053834760378644	0.1589397740419199
0.6054047267311172	0.1605291717823384
0.6054260318714372	0.1621344635001614
0.6054473878808232	0.1637558081351668
0.6054687936630069	0.1653933662165216
0.6054902524963358	0.1670472998786899
0.6055117339355607	0.1687177728774730
0.6055331789976077	0.1704049506062467
0.6055546853859316	0.1721090001123115
0.6055762475542320	0.1738300901134351
0.6055978663005422	0.1755683910145736
0.6056195364992024	0.1773240749247184
0.6056412572882548	0.1790973156739631
0.6056630425798064	0.1808882888307056
0.6056847920292422	0.1826971717190113
0.6057065611579233	0.1845241434361967
0.6057283943914876	0.1863693848705567
0.6057502951847927	0.1882330787192603
0.6057722674020872	0.1901154095064506
0.6057943063260109	0.1920165636015145
0.6058164115693955	0.1939367292375267
0.6058384976195257	0.1958760965299014
0.6058605927368260	0.1978348574952029
0.6058827428684884	0.1998132060701580
0.6059049697759984	0.2018113381308621
0.6059272687577759	0.2038294515121706
0.6059496442954960	0.2058677460272960
0.6059721012987647	0.2079264234875704
0.6059944759165236	0.2100056877224427
0.6060169326775304	0.2121057445996677
0.6060394689008461	0.2142268020456663
0.6060620896314292	0.2163690700661268
0.6060848002905564	0.2185327607667913
0.6061075747764986	0.2207180883744628
0.6061303033448043	0.2229252692582026
0.6061530710011885	0.2251545219507854
0.6061759320164570	0.2274060671702895
0.6061988925824394	0.2296801278419948
0.6062219526234351	0.2319769291204181
0.6062451063836564	0.2342966984116210
0.6062682010821345	0.2366396653957382
0.6062913598616024	0.2390060620496900
0.6063145985260865	0.2413961226701875
0.6063379423349882	0.2438100838968834
0.6063613912399161	0.2462481847358517
0.6063849084550993	0.2487106665832104
0.6064083666724718	0.2511977732490442
0.6064319501559088	0.2537097509815384
0.6064556459765527	0.2562468484913478
0.6064794609693956	0.2588093169762613
0.6065033699545372	0.2613974101460271
0.6065271913252938	0.2640113842474828
0.6065511163474847	0.2666514980899589
0.6065751681959846	0.2693180130708588
0.6065993556535432	0.2720111932015736
0.6066236886205083	0.2747313051335948
0.6066479506756971	0.2774786181849251
0.6066722826926524	0.2802534043667772
0.6066967370575361	0.2830559384104394
0.6067213465404431	0.2858864977945463
0.6067461054201441	0.2887453627724981
0.6067707598400083	0.2916328164002275
0.6067955539583390	0.2945491445642297
0.6068205161189908	0.2974946360098745
0.6068456119567820	0.3004695823699681
0.6068707772442209	0.3034742781936676
0.6068958955105558	0.3065090209756040
0.6069211959772773	0.3095741111853636
0.6069466856693899	0.3126698522972213
0.6069723523144188	0.3157965508201924
0.6069979268740709	0.3189545163284000
0.6070236010367640	0.3221440614916773
0.6070494844392937	0.3253655021065870
0.6070755604592815	0.3286191571276598
0.6071016763967887	0.3319053486989294
0.6071278269184045	0.3352244021859158
0.6071541647959017	0.3385766462077766
0.6071806950106352	0.3419624126698476
0.6072073297424747	0.3453820367965471
0.6072339484590812	0.3488358571645078
0.6072608209411405	0.3523242157361552
0.6072879051512153	0.3558474578935124
0.6073150630466037	0.3594059324724525
0.6073422065815859	0.3629999917971790
0.6073696268597195	0.3666299917151433
0.6073973092359550	0.3702962916322918
0.6074250517462905	0.3739992545486144
0.6074527861975783	0.3777392470940998
0.6074808209546407	0.3815166395650406
0.6075091480194021	0.3853318059606946
0.6075374613648992	0.3891851240203090
0.6075658989182832	0.3930769752605058
0.6075946277827655	0.3970077450131070
0.6076236627280535	0.4009778224632403
0.6076525556522242	0.4049876006878805
0.6076818015242946	0.4090374766947598
0.6077113176159665	0.4131278514617031
0.6077409260537826	0.4172591299763243
0.6077706525187361	0.4214317212760921
0.6078007888842586	0.4256460384888528
0.6078311635484336	0.4299024988737462
0.6078614059754824	0.4342015238624781
0.6078920917865496	0.4385435391010993
0.6079232088782359	0.4429289744921108
0.6079542009922586	0.4473582642370387
0.6079854867588219	0.4518318468794142
0.6080172859817657	0.4563501653482137
0.6080491863208310	0.4609136670016947
0.6080811476566073	0.4655228036717043
0.6081136488181577	0.4701780317084286
0.6081464874009032	0.4748798120255144
0.6081792300993164	0.4796286101457737
0.6082125273410824	0.4844248962472344
0.6082462880102870	0.4892691452097095
0.6082799439466539	0.4941618366618131
0.6083141368780409	0.4991034550284246
0.6083488727268445	0.5040944895787092
0.6083834986752116	0.5091354344745012
0.6084187154714923	0.5142267888192493
0.6084544879812305	0.5193690567074478
0.6084901881679415	0.5245627472745175
0.6085265584252191	0.5298083747472643
0.6085634372117630	0.5351064584947427
0.6086003356897164	0.5404575230796970
0.6086379750735245	0.5458620983105005
0.6086760432168929	0.5513207192936005
0.6087142878565059	0.5568339264865284
0.6087533829458722	0.5624022657513982
0.6087927380900358	0.5680262884089097
0.6088324936451317	0.5737065512930003
0.6088732845018349	0.5794436168059310
0.6089139419612496	0.5852380529739829
0.6089554656180307	0.5910904335037206
0.6089979381405021	0.5970013378387581
0.6090402256060655	0.6029713512171504
0.6090838618256789	0.6090010647293269
0.6091278361657726	0.6150910753766188
0.6091723874704069	0.6212419861303788
0.6092184269627798	0.6274544059916846
0.6092640105949617	0.6337289500516073
0.6093113242372076	0.6400662395521264
0.6093591154479142	0.6464669019476412
0.6094076061530457	0.6529315709671227
0.6094577618848378	0.6594608866767970
0.6095078431830566	0.6660554955435579
0.6095594291752697	0.6727160504989963
0.6096122319702669	0.6794432110039801
0.6096655889448606	0.6862376431140210
0.6097213443368051	0.6931000195451600
0.6097764799066040	0.7000310197406052
0.6098345306557348	0.7070313299380159
0.6098929540143212	0.7141016432374020
0.6099532077317356	0.7212426596697807
0.6100154972546595	0.7284550862664787
0.6100782881291963	0.7357396371291429
0.6101445482987934	0.7430970335004325
0.6102106230165762	0.7505280038354409
0.6102804550390662	0.7580332838737982
0.6103513597183864	0.7656136167125390
0.6104249643302325	0.7732697528796639
0.6105020236391657	0.7810024504084604
0.6105796973722725	0.7888124749125462
0.6106633210320315	0.7967005996616727
0.6107470298476705	0.8046676056582907
0.6108365234127748	0.8127142817148720
0.6109275527504968	0.8208414245320191
0.6110247979174858	0.8290498387773398
0.6111245106356040	0.8373403371651160
0.6112312665477786	0.8457137405367657
0.6113438323677464	0.8541708779421350
0.6114617894160561	0.8627125867215546
0.6115890389130666	0.8713397125887725
0.6117223104569350	0.8800531097146611
0.6118711246537645	0.8888536408118111
0.6120258103784041	0.8977421772199312
0.6122042297503933	0.9067195989921283
0.6123806612730209	0.9157867949820525
0.6125813440130998	0.9247829207451645
0.6128105849652831	0.9340307499526139
0.6130771974797015	0.9433710574521392
0.6133935035733312	0.9528047680266613
0.6137610571831598	0.9700839336555658
0.6139144150085115	0.9622271857449294
0.6142088562755905	0.9765387870686253
0.6144190895980381	0.9710823333868803
0.6147762505021599	0.9764281499581491
0.6151991420597295	0.9823339925632881
0.6157497169583538	0.9898047867479218
0.6161401250019563	0.9925233592105693
0.6169323868361745	0.9946688265010798
0.6176713144021629	0.9961020284092305
0.6209245517456682	0.9986735628157120
0.6213916989658973	0.9993626092570173
0.6258937107721860	0.9997700855520875
0.6284920376029983	0.9999019452595242
0.6342541056704968	0.9999623441599129
0.6366262118930126	0.9999818554615287
0.6404097326517572	0.9999945639094899
0.6427743909633575	0.9999975706358580
0.6504049752884876	0.9999992206743447
0.6535333788232632	0.9999996273563035
0.6596058865828375	0.9999998831744819
0.6623087686716844	0.9999999463072650
0.6693269713649964	0.9999999836633013
0.6727310899093873	0.9999999925545755
0.6795230763916603	0.9999999977646770
0.6828439261471686	0.9999999989822139
0.6894871233745467	0.9999999996963630
0.6926634518543697	0.9999999998615380
0.6992588239537830	0.9999999999587325
0.7022368154923462	0.9999999999811372
0.7087969225279864	0.9999999999943696
0.7115918403774748	0.9999999999974225
0.7181758431714376	0.9999999999992291
0.7208823366941640	0.9999999999996467
0.7275055186017123	0.9999999999998945
0.7302047192939909	0.9999999999999515
0.7359444659744898	0.9999999999999873
0.7389821743415396	0.9999999999999956
0.7455482904738070	1.0000000000000013
0.7479673188138880	1.0000000000000027
0.7585106862658481	1.0000000000000033
0.7682076847309732	1.0000000000000036
3.3760620915916335	1.0000438141265089
3.3760620916182260	1.0000494759477592
3.5908163037601089	0.9605299477542449
3.5908163037601089	0.9899339257467218
3.5911320402601206	1.0003009347808822
3.6028584162324329	1.0000058544369117
4.0136327189628354	0.9870606976471992
4.0137970970250763	0.9981352158537535
4.0145195837743133	0.9997926608448037
4.0437629348232669	0.9999842242876127
4.1959193037154776	0.9999912564705229
4.2709007894320132	0.9999993187476984
4.2754805845067585	1.0000003340611006
4.3016186229787543	1.0000006514334256
4.3106512471150173	1.0000006924375129
4.3243030114707137	1.0000007097135168
4.3309928227735890	1.0000007119464991
4.3469710284995173	1.0000007128870538
4.3536617627419307	1.0000007130086286
4.3696383929949061	1.0000007130598358
4.3763292651187484	1.0000007130664548
4.3923058387818390	1.0000007130692428
4.3989919264247419	1.0000007130696034
4.4149871077576783	1.0000007130697550
4.4217337526357339	1.0000007130697746
4.4274361372289128	1.0000348292944741
4.6851251428424412	0.9604341187324170
4.6851251428424412	0.9898351631834094
4.6854379308189786	1.0003017044800331
4.6969010892447063	1.0000075662594574
5.2649386378660052	0.9877112449907240
5.2651031056752027	0.9981788354564712
5.2679711428066023	0.9997639060375296
5.2732199019851400	0.9999419970992093
5.3300647866429962	0.9999687615555922
5.3749127905247969	0.9999691328719492
5.3765792484942772	0.9999943299109160
5.4072216736428276	0.9999975865493770
5.4293828810654698	0.9999984797741831
5.4409800318396009	0.9999985952266146
5.4634073706502644	0.9999986270013260
5.4749712225335232	0.9999986311085207
5.4973974413915787	0.9999986322388877
5.5089608129245997	0.9999986323849990
5.5313846903558028	0.9999986324252130
5.5429477196840304	0.9999986324304112
5.5653692336699638	0.9999986324318418
5.5769440505719974	0.9999986324320267
5.5992703519607812	0.9999986324320776
5.6109422067014769	0.9999986324320846
5.6361769259328725	0.9999986324320861
5.6403192227916721	0.9999986324320863
5.6525987495283978	0.9999986324320864
5.6576416734787411	0.9999986324320864
5.6643163467114448	1.0099986187564109
5.6648053538522909	1.0001728864480564
5.6982996426096335	0.9997937550575731
5.7428338845384479	0.9999344315814438
5.7561249185144501	0.9999984053794377
6.7498644728456076	0.9999996693302332
6.7938327681214687	0.9999996903845535
6.8375061735711808	0.9999996907362925
6.8811131003742618	0.9999996907421693
6.9246858259652990	0.9999996907422672
6.9617164026182108	0.9999996907422689
6.9668941875611381	0.9999996907422690
6.9674506728565309	0.9999996907422692
7.2475872575957423	0.9999997136888114
7.2728093009261743	0.9999997140722008
7.3164127321329486	0.9999997140786067
7.3600193462494214	0.9999997140787138
7.4053783005845499	0.9999997140787155
