0.0000000000000000	0.0000000000000000
0.5809486279354671	0.0000300000000000
0.5812869483338846	0.0000150279004731
0.5818640601203655	0.0000250279004731
0.5820901559451480	0.0000277958182084
0.5824156271339207	0.0000380891685875
0.5826367119251409	0.0000274241192543
0.5831236113384243	0.0000461553620285
0.5833531197470907	0.0000396537456150
0.5837358289001080	0.0000469640617157
0.5840994663450021	0.0000569640617157
0.5841244081811326	0.0000541807432218
0.5843463858796836	0.0000623708146024
0.5846157539487886	0.0000723708146024
0.5848929378448245	0.0000822166018191
0.5851383376658574	0.0000922166018191
0.5853771128938342	0.0001022166018191
0.5855693927247507	0.0001122166018191
0.5857464585693886	0.0001222166018191
0.5859045004567918	0.0001322166018191
0.5860473505263374	0.0001422166018191
0.5861830521617767	0.0001522166018191
0.5863084168331141	0.0001622166018191
0.5864266901783264	0.0001722166018191
0.5865361194090921	0.0001822166018191
0.5866410802136161	0.0001922166018191
0.5867391248068081	0.0002022166018192
0.5868333188629806	0.0002122166018192
0.5869204238866270	0.0002222166018192
0.5870060269557477	0.0002322166018192
0.5870858221464623	0.0002422166018192
0.5871642788403808	0.0002522166018192
0.5872373161988481	0.0002622166018192
0.5873097676621007	0.0002722166018192
0.5873774181187986	0.0002822166018192
0.5874443868396021	0.0002922166018192
0.5875073369685473	0.0003022166018192
0.5875697340948772	0.0003122166018192
0.5876287607258706	0.0003222166018192
0.5876869381828318	0.0003322166018192
0.5877425124590535	0.0003422166018192
0.5877971609769675	0.0003522166018192
0.5878496540972638	0.0003622166018192
0.5879010102355325	0.0003722166018192
0.5879506626690228	0.0003822166018192
0.5879992558909725	0.0003922166018192
0.5880464521380472	0.0004022166018192
0.5880925202824501	0.0004122166018192
0.5881374945069695	0.0004222166018192
0.5881812956157680	0.0004322166018192
0.5882242432953332	0.0004422166018192
0.5882660004320031	0.0004522166018192
0.5883070936585901	0.0004622166018192
0.5883469745689672	0.0004722166018192
0.5883863738900569	0.0004822166018192
0.5884245613484081	0.0004922166018192
0.5884623893403854	0.0005022166018192
0.5884989856968472	0.0005122166018192
0.5885353282583655	0.0005222166018192
0.5885704487547843	0.0005322166018192
0.5886054300029200	0.0005422166018192
0.5886392010179755	0.0005522166018192
0.5886728806878186	0.0005622166018192
0.5887055223411083	0.0005722166018192
0.5887380011205593	0.0005822166018192
0.5887694696265936	0.0005922166018192
0.5888007510866036	0.0006022166018192
0.5888313134384821	0.0006122166018191
0.5888615038302326	0.0006222166018191
0.5888910437009278	0.0006322166018191
0.5889203646220407	0.0006422166018191
0.5889489482589213	0.0006522166018192
0.5889772991060431	0.0006622166018192
0.5890050716418324	0.0006722166018192
0.5890325615794471	0.0006822166018192
0.5890595450380867	0.0006922166018192
0.5890862240643172	0.0007022166018192
0.5891124363793278	0.0007122166018192
0.5891383347295144	0.0007222166018192
0.5891638804427065	0.0007322166018192
0.5891889802483118	0.0007422166018192
0.5892139691546908	0.0007522166018192
0.5892383218976662	0.0007622166018192
0.5892625991947738	0.0007722166018192
0.5892864392065255	0.0007822166018192
0.5893100557092136	0.0007922166018192
0.5893331956106195	0.0008022166018192
0.5893563220838657	0.0008122166018192
0.5893789499533453	0.0008222166018192
0.5894014157010183	0.0008322166018193
0.5894234359619823	0.0008422166018192
0.5894454141624917	0.0008522166018192
0.5894669878305401	0.0008622166018192
0.5894884810403186	0.0008722166018192
0.5895095133217697	0.0008822166018192
0.5895304266901126	0.0008922166018192
0.5895510267759465	0.0009022166018192
0.5895714886648400	0.0009122166018193
0.5895916718458185	0.0009222166018193
0.5896116902118983	0.0009322166018193
0.5896314639609792	0.0009422166018193
0.5896510471981523	0.0009522166018192
0.5896704209337089	0.0009622166018192
0.5896895840561852	0.0009722166018192
0.5897085687137757	0.0009822166018192
0.5897273153271513	0.0009922166018192
0.5897459133378581	0.0010022166018192
0.5897642766076596	0.0010122387678374
0.5897825658022998	0.0010223611555158
0.5898007825683383	0.0010325847670709
0.5898190949921168	0.0010429106147417
0.5898373078794625	0.0010533397208891
0.5898556462553849	0.0010638731180980
0.5898738477859328	0.0010745118492789
0.5898921674227751	0.0010852569677717
0.5899104046799432	0.0010961095374494
0.5899286965451971	0.0011070706328239
0.5899469799512539	0.0011181413391521
0.5899652482914611	0.0011293227525436
0.5899835823932925	0.0011406159800691
0.5900018190811928	0.0011520221398698
0.5900201477302488	0.0011635423612685
0.5900384190592087	0.0011751777848812
0.5900567084294949	0.0011869295627300
0.5900750450171660	0.0011987988583573
0.5900933019307317	0.0012107868469409
0.5901116246634691	0.0012228947154103
0.5901299262284085	0.0012351236625644
0.5901482117958887	0.0012474748991900
0.5901665526133985	0.0012599496481819
0.5901848362523991	0.0012725491446637
0.5902031371463875	0.0012852746361104
0.5902214843993517	0.0012981273824715
0.5902397664344970	0.0013111086562962
0.5902580724757112	0.0013242197428592
0.5902764174557956	0.0013374619402878
0.5902947133559941	0.0013508365596906
0.5903130171444285	0.0013643449252876
0.5903313537344678	0.0013779883745404
0.5903496780567615	0.0013917682582858
0.5903679745764904	0.0014056859408687
0.5903862988761744	0.0014197428002774
0.5904046481740417	0.0014339402282801
0.5904229513960841	0.0014482796305630
0.5904412612990069	0.0014627624268686
0.5904595920967909	0.0014773900511372
0.5904779408929807	0.0014921639516486
0.5904962518202553	0.0015070855911651
0.5905145644143071	0.0015221564470767
0.5905328925979695	0.0015373780115475
0.5905512334597328	0.0015527517916630
0.5905695787006593	0.0015682793095796
0.5905878884276577	0.0015839621026754
0.5906062090000064	0.0015998017237022
0.5906245398187286	0.0016157997409392
0.5906428779692051	0.0016319577383486
0.5906612233955109	0.0016482773157320
0.5906795608970465	0.0016647600888893
0.5906978809034406	0.0016814076897782
0.5907162079781925	0.0016982217666760
0.5907345392591663	0.0017152039843428
0.5907528756020624	0.0017323560241862
0.5907712141180318	0.0017496795844281
0.5907895561184106	0.0017671763802724
0.5908078987769115	0.0017848481440752
0.5908262434044398	0.0018026966255159
0.5908445857485041	0.0018207235917710
0.5908629181395126	0.0018389308276887
0.5908812534165143	0.0018573201359656
0.5908995898552211	0.0018758933373253
0.5909179283150298	0.0018946522706985
0.5909362675713246	0.0019135987934055
0.5909546083708371	0.0019327347813396
0.5909729498391171	0.0019520621291530
0.5909912919035667	0.0019715827504445
0.5910096334354091	0.0019912985779490
0.5910279748923601	0.0020112115637284
0.5910463161169931	0.0020313236793657
0.5910646571761583	0.0020516369161593
0.5910829983453645	0.0020721532853208
0.5911013392899944	0.0020928748181741
0.5911196807206508	0.0021138035663558
0.5911380217432128	0.0021349416020194
0.5911563634455633	0.0021562910180396
0.5911747048196331	0.0021778539282201
0.5911930465922864	0.0021996324675023
0.5912113885534913	0.0022216287921773
0.5912297306609939	0.0022438450800991
0.5912480735020743	0.0022662835309002
0.5912664161733517	0.0022889463662092
0.5912847594542168	0.0023118358298713
0.5913031030055611	0.0023349541881700
0.5913214468029989	0.0023583037300517
0.5913397914790988	0.0023818867673522
0.5913581361151343	0.0024057056350258
0.5913764812382279	0.0024297626913760
0.5913948270716055	0.0024540603182898
0.5914131730168414	0.0024786009214727
0.5914315195612471	0.0025033869306875
0.5914498667381489	0.0025284207999944
0.5914682141194809	0.0025537050079943
0.5914865621140264	0.0025792420580743
0.5915049108066706	0.0026050344786550
0.5915232597131941	0.0026310848234417
0.5915416091803116	0.0026573956716760
0.5915599594956094	0.0026839696283928
0.5915783100258731	0.0027108093246767
0.5915966610158914	0.0027379174179235
0.5916150127098990	0.0027652965921027
0.5916333650213945	0.0027929495580236
0.5916517176626385	0.0028208790536039
0.5916700708128925	0.0028490878441399
0.5916884245706441	0.0028775787225813
0.5917067788288780	0.0029063545098072
0.5917251333508469	0.0029354180549053
0.5917434883116084	0.0029647722354544
0.5917618438381282	0.0029944199578090
0.5917802000505116	0.0030243641573870
0.5917985566216379	0.0030546077989609
0.5918169135780449	0.0030851538769504
0.5918352710358240	0.0031160054157200
0.5918536290677038	0.0031471654698772
0.5918719877521821	0.0031786371245759
0.5918903470614246	0.0032104234958217
0.5919087067708467	0.0032425277307800
0.5919270669619945	0.0032749530080878
0.5919454276817616	0.0033077025381687
0.5919637889843744	0.0033407795635503
0.5919821508961751	0.0033741873591859
0.5920005134494875	0.0034079292327777
0.5920188766558847	0.0034420085251055
0.5920372405322509	0.0034764286103566
0.5920556049788671	0.0035111928964601
0.5920739699778756	0.0035463048254247
0.5920923355590384	0.0035817678736788
0.5921107017409347	0.0036175855524155
0.5921290685437307	0.0036537614079398
0.5921474359804770	0.0036902990220192
0.5921658040647572	0.0037272020122393
0.5921841728053466	0.0037644740323617
0.5922025422011399	0.0038021187726855
0.5922209122436121	0.0038401399604124
0.5922392829231117	0.0038785413600164
0.5922576542349193	0.0039173267736167
0.5922760261722668	0.0039565000413529
0.5922943987360123	0.0039960650417664
0.5923127719210344	0.0040360256921841
0.5923311457336617	0.0040763859491059
0.5923495201695805	0.0041171498085969
0.5923678952357950	0.0041583213066829
0.5923862709332414	0.0041999045197498
0.5924046472678092	0.0042419035649472
0.5924230242451495	0.0042843226005967
0.5924414018683506	0.0043271658266027
0.5924597801477749	0.0043704374848688
0.5924781590836979	0.0044141418597175
0.5924965386840924	0.0044582832783146
0.5925149189548102	0.0045028661110977
0.5925332999006596	0.0045478947722086
0.5925516815326760	0.0045933737199308
0.5925700638536590	0.0046393074571301
0.5925884468712309	0.0046857005317015
0.5926068305953474	0.0047325575370186
0.5926252150303922	0.0047798831123886
0.5926436001856408	0.0048276819435124
0.5926619860705035	0.0048759587629475
0.5926803726910417	0.0049247183505769
0.5926987600574187	0.0049739655340827
0.5927171481800821	0.0050237051894237
0.5927355370661140	0.0050739422413180
0.5927539267261493	0.0051246816637311
0.5927723171732083	0.0051759284803683
0.5927907084149774	0.0052276877651721
0.5928091004622588	0.0052799646428239
0.5928274933287666	0.0053327642892520
0.5928458870259810	0.0053860919321445
0.5928642815646789	0.0054399528514661
0.5928826769582011	0.0054943523799808
0.5929010732216833	0.0055492959037807
0.5929194703674524	0.0056047888628185
0.5929378684079182	0.0056608367514467
0.5929562673571500	0.0057174451189613
0.5929746672306895	0.0057746195701509
0.5929930680437039	0.0058323657658525
0.5930114698090013	0.0058906894235112
0.5930298725408749	0.0059495963177462
0.5930482762547381	0.0060090922809235
0.5930666809669853	0.0060691832037327
0.5930850866938214	0.0061298750357702
0.5931034934474941	0.0061911737861278
0.5931219012402446	0.0062530855239892
0.5931403100844286	0.0063156163792291
0.5931587199925494	0.0063787725430214
0.5931771309772985	0.0064425602684514
0.5931955430515663	0.0065069858711358
0.5932139562284012	0.0065720557298471
0.5932323705199108	0.0066377762871457
0.5932507859377110	0.0067041540500170
0.5932692024938875	0.0067711955905173
0.5932876202009010	0.0068389075464224
0.5933060390716588	0.0069072966218867
0.5933244591194318	0.0069763695881056
0.5933428803579683	0.0070461332839866
0.5933613028014110	0.0071165946168264
0.5933797264644382	0.0071877605629945
0.5933981513621787	0.0072596381686243
0.5934165772360677	0.0073322345503104
0.5934350040633051	0.0074055568958135
0.5934534321125235	0.0074796124647715
0.5934718613852430	0.0075544085894191
0.5934902918854281	0.0076299526753133
0.5935087236193212	0.0077062522020666
0.5935271565951872	0.0077833147240875
0.5935455908231626	0.0078611478713285
0.5935640263151124	0.0079397593500416
0.5935824630844796	0.0080191569435422
0.5936009011448534	0.0080993485129775
0.5936193405095836	0.0081803419981070
0.5936377811920663	0.0082621454180880
0.5936562232058706	0.0083447668722688
0.5936746665649363	0.0084282145409916
0.5936931112837436	0.0085124966864015
0.5937115573773962	0.0085976216532652
0.5937300048618076	0.0086835978697979
0.5937484537536649	0.0087704338484956
0.5937669040704214	0.0088581381869805
0.5937853558303330	0.0089467195688506
0.5938038090523931	0.0090361867645392
0.5938222637564095	0.0091265486321846
0.5938407199630402	0.0092178141185062
0.5938591776937808	0.0093099922596914
0.5938776369710517	0.0094030921822884
0.5938960978182476	0.0094971231041110
0.5939145599543066	0.0095920943351521
0.5939330233285768	0.0096880152785039
0.5939514879911636	0.0097848954312891
0.5939699539914042	0.0098827443856018
0.5939884213779314	0.0099815718294581
0.5940068901974486	0.0100813875477526
0.5940253604940078	0.0101822014232303
0.5940438323094318	0.0102840234374629
0.5940623056837249	0.0103868636718375
0.5940807806554537	0.0104907323085560
0.5940992572620523	0.0105956396316415
0.5941177355401622	0.0107015960279580
0.5941362155259445	0.0108086119882374
0.5941546972524419	0.0109166981081197
0.5941731807220036	0.0110258650892008
0.5941916659408581	0.0111361237400932
0.5942101529188015	0.0112474849774941
0.5942286416689476	0.0113599598272689
0.5942471322075192	0.0114735594255414
0.5942656245536434	0.0115882950197968
0.5942841187292204	0.0117041779699944
0.5943026147588223	0.0118212197496947
0.5943211126696196	0.0119394319471919
0.5943396124912553	0.0120588262666639
0.5943581142529965	0.0121794145293309
0.5943766179841427	0.0123012086746239
0.5943951237142642	0.0124242207613701
0.5944136314733630	0.0125484629689837
0.5944321412920444	0.0126739475986735
0.5944506532016959	0.0128006870746604
0.5944691672346766	0.0129286939454068
0.5944876834245022	0.0130579808848609
0.5945062018060225	0.0131885606937098
0.5945247210375650	0.0133204463006469
0.5945432363083737	0.0134536507636530
0.5945617540047373	0.0135881872712896
0.5945802741553780	0.0137240691440028
0.5945987967913257	0.0138613098354431
0.5946173219458769	0.0139999229337978
0.5946358496545846	0.0141399221631355
0.5946543799519277	0.0142813213847666
0.5946729128718484	0.0144241345986146
0.5946914484482737	0.0145683759446005
0.5947099866840947	0.0147140597040463
0.5947285275727745	0.0148612003010865
0.5947470711134590	0.0150098123040974
0.5947656173106634	0.0151599104271379
0.5947841661740200	0.0153115095314094
0.5948027177180831	0.0154646246267235
0.5948212719621883	0.0156192708729906
0.5948398289303576	0.0157754635817203
0.5948583886512291	0.0159332182175370
0.5948769511580096	0.0160925503997126
0.5948955164881949	0.0162534759037097
0.5949140844967393	0.0164160106627469
0.5949326547196736	0.0165801707693744
0.5949512272408879	0.0167459724770686
0.5949698021418429	0.0169134322018392
0.5949883795022312	0.0170825665238577
0.5950069594005997	0.0172533921890964
0.5950255419149419	0.0174259261109878
0.5950441271232670	0.0176001853720977
0.5950627151037986	0.0177761872258190
0.5950813059352124	0.0179539490980775
0.5950998996968967	0.0181334885890577
0.5951184964692375	0.0183148234749485
0.5951370962972602	0.0184979717096978
0.5951556992059183	0.0186829514267948
0.5951743052238452	0.0188697809410629
0.5951929143837569	0.0190584787504730
0.5952115267226301	0.0192490635379776
0.5952301422802302	0.0194415541733568
0.5952487610966308	0.0196359697150905
0.5952673832221108	0.0198323294122409
0.5952860087115270	0.0200306527063633
0.5953046376244769	0.0202309592334268
0.5953232700253196	0.0204332688257611
0.5953419059830003	0.0206376015140192
0.5953605455662824	0.0208439775291598
0.5953791888441097	0.0210524173044519
0.5953978358863458	0.0212629414774965
0.5954164867644749	0.0214755708922711
0.5954351415522758	0.0216903266011943
0.5954538003261866	0.0219072298672068
0.5954724631422113	0.0221263021658787
0.5954911300133839	0.0223475651875374
0.5955098009637234	0.0225710408394122
0.5955284760278062	0.0227967512478069
0.5955471552477272	0.0230247187602843
0.5955658381868806	0.0232549659478878
0.5955845244311571	0.0234875156073668
0.5956032140951490	0.0237223907634399
0.5956219072940478	0.0239596146710743
0.5956406041442409	0.0241992108177848
0.5956593047639301	0.0244412029259632
0.5956780092737752	0.0246856149552232
0.5956967177975354	0.0249324711047747
0.5957154304622134	0.0251817958158226
0.5957341473933433	0.0254336137739813
0.5957528687145895	0.0256879499117205
0.5957715945489580	0.0259448294108375
0.5957903172094964	0.0262042777049464
0.5958090371654644	0.0264663204819964
0.5958277620469248	0.0267309836868166
0.5958464918909729	0.0269982935236852
0.5958652267465683	0.0272682764589216
0.5958839666741843	0.0275409592235111
0.5959027117456156	0.0278163688157456
0.5959214620382672	0.0280945325039039
0.5959402176341763	0.0283754778289434
0.5959589786210049	0.0286592326072333
0.5959777450924658	0.0289458249333055
0.5959965171488414	0.0292352831826385
0.5960152948975534	0.0295276360144653
0.5960340784537664	0.0298229123746106
0.5960528678869436	0.0301211414983562
0.5960716622852356	0.0304223529133396
0.5960904614094202	0.0307265764424736
0.5961092653857369	0.0310338422068975
0.5961280743458087	0.0313441806289659
0.5961468879941080	0.0316576224352556
0.5961657048900768	0.0319741986596082
0.5961845271838733	0.0322939406462040
0.5962033550363098	0.0326168800526660
0.5962221886133492	0.0329430488531930
0.5962410280811585	0.0332724793417254
0.5962598736078903	0.0336052041351432
0.5962787253654084	0.0339412561764956
0.5962975834601785	0.0342806687382609
0.5963164479660680	0.0346234754256428
0.5963353189747768	0.0349697101799002
0.5963541965956446	0.0353194072816994
0.5963730809475354	0.0356726013545155
0.5963919721583193	0.0360293273680608
0.5964108703656736	0.0363896206417414
0.5964297757178709	0.0367535168481583
0.5964486882165838	0.0371210520166400
0.5964676065261552	0.0374922625368058
0.5964865309267596	0.0378671851621737
0.5965054616961887	0.0382458570137959
0.5965243989815299	0.0386283155839330
0.5965433330502188	0.0390145987397718
0.5965622614167683	0.0394047447271689
0.5965811970993314	0.0397987921744395
0.5966001402505944	0.0401967800961842
0.5966190910399938	0.0405987478971465
0.5966380496536897	0.0410047353761186
0.5966570162852400	0.0414147827298807
0.5966759911353524	0.0418289305571807
0.5966949744139959	0.0422472198627537
0.5967139662941233	0.0426696920613803
0.5967329668630983	0.0430963889819947
0.5967519762364352	0.0435273528718150
0.5967709945536501	0.0439626264005328
0.5967900219694842	0.0444022526645380
0.5968090567272593	0.0448462751911833
0.5968280990481599	0.0452947379430940
0.5968471492465214	0.0457476853225241
0.5968662076462429	0.0462051621757498
0.5968852745820765	0.0466672137975083
0.5969043503041648	0.0471338859354821
0.5969234349951185	0.0476052247948356
0.5969425288584214	0.0480812770427838
0.5969616321192162	0.0485620898132113
0.5969807450253412	0.0490477107113448
0.5969998678479986	0.0495381878184590
0.5970190008680740	0.0500335696966444
0.5970381443785994	0.0505339053936098
0.5970572986252309	0.0510392444475459
0.5970764630009239	0.0515496368920213
0.5970956103307434	0.0520651332609404
0.5971147629237961	0.0525857845935511
0.5971339252864348	0.0531116424394865
0.5971530977342058	0.0536427588638804
0.5971722805957581	0.0541791864525177
0.5971914742155727	0.0547209783170421
0.5972106789568193	0.0552681881002135
0.5972298916668944	0.0558208699812156
0.5972491150942046	0.0563790786810288
0.5972683504221790	0.0569428694678393
0.5972875979042765	0.0575122981625185
0.5973068578249559	0.0580874211441436
0.5973261305016088	0.0586682953555842
0.5973454148647215	0.0592549783091390
0.5973647099735162	0.0598475280922294
0.5973840163683255	0.0604460033731504
0.5974033344318044	0.0610504634068805
0.5974226645131091	0.0616609680409477
0.5974420069973178	0.0622775777213559
0.5974613623062138	0.0629003534985709
0.5974807308811659	0.0635293570335583
0.5975001131849175	0.0641646506038954
0.5975194898024858	0.0648062971099326
0.5975388602981148	0.0654543600810312
0.5975582460834652	0.0661089036818402
0.5975776471452886	0.0667699927186588
0.5975970609332364	0.0674376926458452
0.5976164879712145	0.0681120695723023
0.5976359288068650	0.0687931902680252
0.5976553840163789	0.0694811221707040
0.5976748542073873	0.0701759333924092
0.5976943397570548	0.0708776927263331
0.5977138410646371	0.0715864696535954
0.5977333585737312	0.0723023343501318
0.5977528927757705	0.0730253576936322
0.5977724442119685	0.0737556112705706
0.5977920102986309	0.0744931673832765
0.5978115912678887	0.0752380990571106
0.5978311876466227	0.0759904800476837
0.5978508000093238	0.0767503848481613
0.5978704219501001	0.0775178886966428
0.5978900192068322	0.0782930675836081
0.5979096312161747	0.0790759982594463
0.5979292590364702	0.0798667582420423
0.5979489062889239	0.0806654258244634
0.5979685733800143	0.0814720800827077
0.5979882588629836	0.0822868008835339
0.5980079612957077	0.0831096688923672
0.5980276814836102	0.0839407655812923
0.5980474202659267	0.0847801732371070
0.5980671784874972	0.0856279749694800
0.5980869567155881	0.0864842547191728
0.5981067556001216	0.0873490972663621
0.5981265758451063	0.0882225882390268
0.5981464182158222	0.0891048141214170
0.5981662792763165	0.0899958622626310
0.5981861203188314	0.0908958208852555
0.5982059645160884	0.0918047790941097
0.5982258301074236	0.0927228268850498
0.5982457178610060	0.0936500551539022
0.5982656286123103	0.0945865557054430
0.5982855632720742	0.0955324212624978
0.5983055227362192	0.0964877454751250
0.5983255076300378	0.0974526229298742
0.5983455137399127	0.0984271491591732
0.5983655420847209	0.0994114206507639
0.5983855937832632	0.1004055348572691
0.5984056700284670	0.1014095902058416
0.5984257640191356	0.1024236861078988
0.5984458681156779	0.1034479229689785
0.5984659445636356	0.1044824021986708
0.5984860497695618	0.1055272262206589
0.5985061812406660	0.1065824984828664
0.5985263379747637	0.1076483234676947
0.5985465213252373	0.1087248067023736
0.5985667322728903	0.1098120547693999
0.5985869719113218	0.1109101753170922
0.5986072414542704	0.1120192770702639
0.5986275421962954	0.1131394698409673
0.5986478706626842	0.1142708645393738
0.5986682266406462	0.1154135731847669
0.5986885885985362	0.1165677089166163
0.5987089258633155	0.1177333860057848
0.5987292951660868	0.1189107198658409
0.5987496979671236	0.1200998270644995
0.5987701354706088	0.1213008253351431
0.5987906071369067	0.1225138335884976
0.5988111092476842	0.1237389719243830
0.5988316353787811	0.1249763616436265
0.5988521912389588	0.1262261252600602
0.5988727824257037	0.1274883865126574
0.5988934103517283	0.1287632703777836
0.5989140156112520	0.1300509030815605
0.5989346287095223	0.1313514121123772
0.5989552762936690	0.1326649262334984
0.5989759604326454	0.1339915754958350
0.5989966827963660	0.1353314912507899
0.5990174450412982	0.1366848061632976
0.5990382490113665	0.1380516542249317
0.5990590934854348	0.1394321707671832
0.5990799755893126	0.1408264924748567
0.5991008972227362	0.1422347573996088
0.5991217651277555	0.1436571049736015
0.5991426713482104	0.1450936760233369
0.5991636210140010	0.1465446127835723
0.5991846059164572	0.1480100589114092
0.5992056325687127	0.1494901595005220
0.5992267022692719	0.1509850610955306
0.5992478174863655	0.1524949117064890
0.5992689808607843	0.1540198608235530
0.5992901789309590	0.1555600594317878
0.5993113282686576	0.1571156600261076
0.5993325264960404	0.1586868166263677
0.5993537726823531	0.1602736847926308
0.5993750697417043	0.1618764216405591
0.5993964203821959	0.1634951858569644
0.5994178269683693	0.1651301377155381
0.5994392853597327	0.1667814390926938
0.5994607888900270	0.1684492534836187
0.5994822183229215	0.1701337460184570
0.5995036962682866	0.1718350834786380
0.5995252340375646	0.1735534343134251
0.5995468344972832	0.1752889686565554
0.5995684906940408	0.1770418583431214
0.5995902050948505	0.1788122769265544
0.5996119809314251	0.1806003996958165
0.5996337682644788	0.1824064036927777
0.5996555341586589	0.1842304677297031
0.5996773677227822	0.1860727724070012
0.5996992638871892	0.1879335001310753
0.5997212211907035	0.1898128351323812
0.5997432310648373	0.1917109634837072
0.5997653146734934	0.1936280731185415
0.5997874173130289	0.1955643538497299
0.5998094862596347	0.1975199973882320
0.5998316273394181	0.1994951973621157
0.5998538446326863	0.2014901493357341
0.5998761426297696	0.2035050508290881
0.5998985161022761	0.2055401013373841
0.5999209650069617	0.2075955023507580
0.5999433827988349	0.2096714573742688
0.5999658083941465	0.2117681719480158
0.5999883149259159	0.2138858536674981
0.6000109058086630	0.2160247122041757
0.6000335795817244	0.2181849593262217
0.6000563415242843	0.2203668089194838
0.6000791147307297	0.2225704770086807
0.6001018795253845	0.2247961817787677
0.6001247372767873	0.2270441435965546
0.6001476872177832	0.2293145850325153
0.6001707261334308	0.2316077308828366
0.6001938473274712	0.2339238081916631
0.6002169577891815	0.2362630462735749
0.6002400788195702	0.2386256767363148
0.6002633027823217	0.2410119335036779
0.6002866364515616	0.2434220528387185
0.6003100853812482	0.2458562733671042
0.6003336387650116	0.2483148361007709
0.6003571021840406	0.2507979844617810
0.6003806365982273	0.2533059643063978
0.6004042892493937	0.2558390239494580
0.6004280627239824	0.2583974141889566
0.6004519543155878	0.2609813883308442
0.6004758280348553	0.2635912022141538
0.6004997387543016	0.2662271142362928
0.6005237900019769	0.2688893853786523
0.6005479595776810	0.2715782792324372
0.6005722300944597	0.2742940620247680
0.6005965054425128	0.2770370026450140
0.6006208073929733	0.2798073726714597
0.6006452544309602	0.2826054463981687
0.6006698468001169	0.2854315008621453
0.6006945945596024	0.2882858158707722
0.6007193000123822	0.2911686740294734
0.6007440415999531	0.2940803607697723
0.6007689382922966	0.2970211643774675
0.6007940026787686	0.2999913760212471
0.6008192302355871	0.3029912897814538
0.6008443457981936	0.3060212026792660
0.6008696296315215	0.3090814147060522
0.6008950564210322	0.3121722288531110
0.6009206638784176	0.3152939511416410
0.6009462745893315	0.3184468906530546
0.6009719330526517	0.3216313595595897
0.6009977895815583	0.3248476731551869
0.6010238603763910	0.3280961498867391
0.6010499960182686	0.3313771113856073
0.6010760681879723	0.3346908824994625
0.6011023570844277	0.3380377913244564
0.6011288812008222	0.3414181692377076
0.6011555901045340	0.3448323509300841
0.6011821722173071	0.3482806744393886
0.6012089438548218	0.3517634811837791
0.6012359737482128	0.3552811159956097
0.6012632090798240	0.3588339271555634
0.6012903310978545	0.3624222664271213
0.6013177109514800	0.3660464890914002
0.6013453087828647	0.3697069539823191
0.6013730777792599	0.3734040235221351
0.6014007861153223	0.3771380637573599
0.6014287927562888	0.3809094443949411
0.6014570856732506	0.3847185388388943
0.6014853967316565	0.3885657242272817
0.6015137670480256	0.3924513814695478
0.6015424709598184	0.3963758952842455
0.6015715156096900	0.4003396542370955
0.6016003991897002	0.4043430507794740
0.6016295219553611	0.4083864812872707
0.6016590208259037	0.4124703461001486
0.6016887278244928	0.4165950495611475
0.6017183687156307	0.4207610000567540
0.6017483516262724	0.4249686100573278
0.6017787637827697	0.4292182961579042
0.6018090666290266	0.4335104791194759
0.6018396490105233	0.4378455839106741
0.6018706218563609	0.4422240397497806
0.6019017222347911	0.4466462801472829
0.6019329869453146	0.4511127429487570
0.6019646287539593	0.4556238703782463
0.6019965611829853	0.4601801090820221
0.6020285029271089	0.4647819101728504
0.6020609468787288	0.4694297292745862
0.6020937502735624	0.4741240265673337
0.6021264218647679	0.4788652668330036
0.6021596936874918	0.4836539195013312
0.6021934347396668	0.4884904586963527
0.6022269642949278	0.4933753632833244
0.6022611296468904	0.4983091169161518
0.6022958674255307	0.5032922080853057
0.6023303618839014	0.5083251301661530
0.6023655081985904	0.5134083814678088
0.6024013501193037	0.5185424652824816
0.6024368702112446	0.5237278899353137
0.6024731424893250	0.5289651688346636
0.6025101060949690	0.5342548205230060
0.6025468130754318	0.5395973687282386
0.6025843682988571	0.5449933424155293
0.6026224837589329	0.5504432758396819
0.6026605336981957	0.5559477085980807
0.6026995790879962	0.5615071856840572
0.6027388991429715	0.5671222575408900
0.6027784928674116	0.5727934801162935
0.6028192053522958	0.5785214149174644
0.6028598407121055	0.5843066290666311
0.6029012412910454	0.5901496953572912
0.6029436969508832	0.5960511923108677
0.6029858787158173	0.6020117042339828
0.6030293058119759	0.6080318212763146
0.6030732985170421	0.6141121394890785
0.6031177409229135	0.6202532608839754
0.6031633694314201	0.6264557934928107
0.6032092190123067	0.6327203514277397
0.6032560202855640	0.6390475549420179
0.6033040854594990	0.6454380304914359
0.6033522276756242	0.6518924107963541
0.6034020317887145	0.6584113349043250
0.6034521811086424	0.6649954482533681
0.6035035993532719	0.6716454027359084
0.6035564635632580	0.6783618567632717
0.6036094005982426	0.6851454753308972
0.6036647295909017	0.6919969300842047
0.6037201653868550	0.6989168993850469
0.6037774164407698	0.7059060683788988
0.6038362919690662	0.7129651290626899
0.6038958439042229	0.7200947803533206
0.6039586481125395	0.7272957281568527
0.6040205706489107	0.7345686854384161
0.6040862554897142	0.7419143722928061
0.6041525822228291	0.7493335160157322
0.6042214732181077	0.7568268511758891
0.6042930575252434	0.7643951196876506
0.6043653735625024	0.7720390708845254
0.6044425082728522	0.7797594615933680
0.6045197882964815	0.7875570562092996
0.6046019941426960	0.7954326267713897
0.6046853739383860	0.8033869530391073
0.6047741199833978	0.8114208225695027
0.6048642603369860	0.8195350307951964
0.6049611909714554	0.8277303811031538
0.6050617739307188	0.8360076849141832
0.6051661972541381	0.8443677617633286
0.6052782224445864	0.8528114393809618
0.6053949983483539	0.8613395537747677
0.6055225930422493	0.8699529493125111
0.6056534541573491	0.8786524788056342
0.6058004132961001	0.8874390035936897
0.6059493268702401	0.8963133936296276
0.6061130848995759	0.9060183100143183
0.6063154511687172	0.9150784931144629
0.6065169469988819	0.9242292780456079
0.6067492139844537	0.9334715708260627
0.6070087832873931	0.9428062865343227
0.6073208883458225	0.9602902376470667
0.6073672230901223	0.9511330738841517
0.6075969362238689	0.9577862261984116
0.6079339011048105	0.9662592298277263
0.6083389955070591	0.9789848958956993
0.6085627157655291	0.9846020541475105
0.6087274225446336	0.9819206631466809
0.6088808959770055	0.9763518784648981
0.6093252404010766	0.9814601597485504
0.6097433416697431	0.9880031038878946
0.6106010881674392	0.9947052920763187
0.6115506275687421	0.9961728582532036
0.6123388885367853	0.9977015373710219
0.6168101692269142	0.9994740622962059
0.6179386791670228	0.9996985889391535
0.6204256357246682	0.9998087723786911
0.6282241573935398	0.9999552439815388
0.6294820802520844	0.9999823522026997
0.6399123871992208	0.9999952923945529
0.6426392386719112	0.9999978787662662
0.6492413334040052	0.9999993909971744
0.6512350386822915	0.9999997217927201
0.6577891113673953	0.9999999192601120
0.6601070103063840	0.9999999628836355
0.6669659808359454	0.9999999889519228
0.6691096624057533	0.9999999948899672
0.6757424387488405	0.9999999984611265
0.6779444158540334	0.9999999992906748
0.6847475808136014	0.9999999997861775
0.6872937801748352	0.9999999999018084
0.6941230740042282	0.9999999999704684
0.6969023284226900	0.9999999999864709
0.7036902236348336	0.9999999999959420
0.7065854532285595	0.9999999999981428
0.7133173310395177	0.9999999999994438
0.7162305966325522	0.9999999999997454
0.7212796588515744	1.0000000000001119
0.7235393625325366	1.0000000000001776
0.7358752921542210	1.0000000000002132
0.7371467698174514	1.0000000000002209
0.7412287331661070	1.0000000000002969
0.7415811900737480	1.0000000000003071
0.7603346064996299	1.0000000000003293
0.7603526570411462	1.0000000000003324
0.7614734409115288	1.0004280579566183
0.7688629461638763	1.0001185853441492
0.8126259772513420	1.0000428699934045
0.9774988531843967	0.9605032793380878
0.9774988531844967	0.9850122744499152
0.9776378515914428	0.9945938808985603
0.9784715167501314	0.9992655846975702
0.9819183520026473	0.9998239212554667
1.0087774805616767	0.9999739837010170
1.0199591336183524	0.9999933651609003
1.0447725203519567	0.9999986623063031
1.0565690522412174	0.9999994082969615
1.0908676326458988	1.0000001522175483
1.0934088136129563	1.0000002483453811
1.1225885731082024	1.0000002748059733
1.1328286397591076	1.0000002782260857
1.1565774119868681	1.0000002791674178
1.1668168677212674	1.0000002792890932
1.1905646831662362	1.0000002793225813
1.2008046913144514	1.0000002793269103
1.2245488860133662	1.0000002793281015
1.2347744636704279	1.0000002793282556
1.2584451502348744	1.0000002793282983
1.2687393577168053	1.0000002793283036
1.2929675232685596	1.0000002793283054
1.3100949351560538	1.0000002793283054
1.8441679823992556	1.0100002821215883
1.8445103202263882	1.0001669627715672
1.8668411988485052	0.9998432121399051
1.9124022740156406	0.9999748525800443
1.9442596606191787	0.9999768853332170
2.0479241362818930	0.9999941651512589
2.0510140729806574	0.9999967212496634
2.2115306390001130	0.9999970511621413
2.2333741183113363	0.9999970938046333
2.2712614208388744	1.0000102308646488
2.2742497895332141	1.0000121972416758
2.5437161517433031	1.0000030237711102
2.8871550839145868	0.9982888627749461
2.8917917479019146	0.9995644851761438
2.8966361002873593	0.9998923216455451
2.9266445056396218	0.9999408739974929
2.9303581110015831	0.9999912340600098
2.9608429611896980	0.9999977405302302
2.9831098010661679	0.9999995307796723
3.0118352485304367	0.9999997621641016
3.0158711532612261	1.0000005388256601
3.0175984655617096	1.0000006691240586
3.0316100332488567	1.0000008015015613
3.0437892915010458	1.0000008334827950
3.0732045039746696	1.0000008376166640
3.0843502833006649	1.0000008387542048
3.1182961919518322	1.0000008389012431
3.1327407240854050	1.0000008389417119
3.1684490438611008	1.0000008389469430
3.1843799076994608	1.0000008389483823
3.2210384409246400	1.0000008389485686
3.2378447256826610	1.0000008389486199
3.2747966959390542	1.0000008389486266
3.2931089913721392	1.0000008389486286
3.3608096134893302	1.0000008389486286
3.3618528874541940	1.0306131095286886
3.3620070538511881	1.0109045419528842
3.3620503388213252	1.0034105546514975
3.3635514526479193	1.0008703559364900
3.3649965444087790	1.0002987418349849
3.3762482726659941	1.0000855704274279
3.3829657411027725	1.0000487680609766
3.3929035046184817	0.9999969102552329
3.3945243860162613	0.9999894735290873
3.4131252578289724	0.9999864145598392
3.4148254386991006	0.9999858787151860
3.4212342356934622	0.9999723627000122
3.4213603926977272	0.9999705606229196
3.4388939687329092	0.9999702614587228
3.4518086470366520	0.9999966783002964
3.4982671063301418	0.9999993577603323
4.1052854183178606	0.9999920252054981
5.5231994770766715	1.0001329962027563
5.5735574059423643	1.0000206232986630
5.6883850217222518	1.0000178556193751
5.7025254640366914	1.0000037353457782
6.7157396887729464	0.9940520468216325
6.7157606365100495	0.9975582516646360
6.7205865462354728	0.9996222945411272
6.7212900294397437	0.9998821167080338
6.7481999300645068	0.9999807143602905
6.7572520656001744	0.9999930411105120
6.7843496139976098	0.9999969553606723
6.7978540174026660	0.9999974535086620
6.8233219968737835	0.9999976106817561
6.8386990743121903	0.9999976309834997
6.8480022440671453	0.9999994631684480
6.8480598046578125	0.9999996999944691
6.8714483948694083	0.9999998684774976
6.8754224569985567	0.9999998902554011
6.8909996962609261	0.9999999039784756
6.8964479592348589	0.9999999057523040
6.9086814287279585	0.9999999068510804
6.9145918869826799	0.9999999069931080
6.9256119761444719	0.9999999070815396
6.9316071007819859	0.9999999070929704
6.9455843569685438	0.9999999070993530
6.9522926972835180	0.9999999071001782
6.9621211466203512	0.9999999071006831
6.9684247404207129	0.9999999071007485
6.9817441930817399	0.9999999071007847
6.9888513397170211	0.9999999071007896
6.9976290378268411	0.9999999071007927
7.0077081907888310	0.9999999071007930
7.0216493849624202	1.0014217638374314
7.0216493849624246	1.0016038899516575
7.0290459337559872	1.0002896362000460
7.0427594360036849	1.0001189003869457
7.0524306234316105	1.0000223894332101
7.0574003736592150	1.0000099077263496
7.0635303211493019	1.0000023113302519
7.0680991602708252	1.0000004362950718
7.0811140664436305	1.0000001625850405
7.0838076827674596	1.0000000326084757
7.0895676677198827	0.9999999803948396
7.1005436493543419	0.9999999502453414
7.1054236954936396	0.9999999463480896
7.1194813015657239	0.9999999418557606
7.1219261596297256	0.9999999412750828
7.1411008535972282	0.9999999409704362
7.1464724637331507	0.9999999409310572
7.1562694827374322	0.9999999409101394
7.1615752335626244	0.9999999409074354
7.1732272173373737	0.9999999409059982
7.1785291855150701	0.9999999409058123
7.1896542711221034	0.9999999409057135
7.1949331494104847	0.9999999409057007
7.2062618075864551	0.9999999409056939
7.2139786045121923	0.9999999409056932
7.2207331826947776	0.9999999409056927
7.2211097619346036	0.9999999409056927
7.2306543815568673	0.9799999420875788
7.2306543815569677	0.9998907433141374
7.3433569556220570	0.9999992841304579
7.6780322482000667	0.9999998569116808
