0.0000000000000000	0.0000000000000000
0.5818214345878822	0.0000300000000000
0.5820901559451480	0.0000145599222923
0.5828567868843612	0.0000245599222923
0.5830412585657437	0.0000191392258591
0.5831236113384243	0.0000289510215653
0.5831259711106328	0.0000322118882944
0.5837358289001080	0.0000235145387874
0.5842176458271366	0.0000404100973662
0.5843463858796836	0.0000344760158643
0.5847752235934059	0.0000531054760535
0.5848929378448245	0.0000444991613543
0.5849220141229602	0.0000459858924028
0.5854045261587663	0.0000559858924028
0.5856962953063192	0.0000647016489954
0.5859531103839863	0.0000747016489954
0.5862373789075546	0.0000847016489954
0.5864645472367306	0.0000947016489954
0.5866766436906591	0.0001047016489954
0.5868498188210034	0.0001147016489954
0.5870212375749021	0.0001247016489954
0.5871707463325777	0.0001347016489954
0.5873133068220624	0.0001447016489954
0.5874394002648360	0.0001547016489954
0.5875627586273071	0.0001647016489954
0.5876742360261493	0.0001747016489954
0.5877822506071212	0.0001847016489954
0.5878823811859288	0.0001947016489954
0.5879789026384438	0.0002047016489954
0.5880695983194604	0.0002147016489954
0.5881562656567763	0.0002247016489954
0.5882391904524762	0.0002347016489953
0.5883183251228887	0.0002447016489954
0.5883946589722339	0.0002547016489953
0.5884671473181695	0.0002647016489953
0.5885378726217856	0.0002747016489953
0.5886050319475176	0.0002847016489953
0.5886707466149594	0.0002947016489953
0.5887328529022289	0.0003047016489953
0.5887943893612156	0.0003147016489953
0.5888526303645764	0.0003247016489953
0.5889103693758397	0.0003347016489954
0.5889649540962250	0.0003447016489954
0.5890193435296806	0.0003547016489954
0.5890709894330278	0.0003647016489954
0.5891221483074385	0.0003747016489954
0.5891711630308486	0.0003847016489954
0.5892196317552878	0.0003947016489954
0.5892662546880006	0.0004047016489954
0.5893121625378296	0.0004147016489954
0.5893566226668349	0.0004247016489954
0.5894003063990592	0.0004347016489954
0.5894427187228601	0.0004447016489954
0.5894843190176848	0.0004547016489953
0.5895249468599689	0.0004647016489953
0.5895647410265047	0.0004747016489953
0.5896037125754962	0.0004847016489953
0.5896417927504960	0.0004947016489953
0.5896792463811321	0.0005047016489953
0.5897158118683330	0.0005147016489953
0.5897518549742770	0.0005247016489953
0.5897869676237388	0.0005347016489953
0.5898216963415078	0.0005447016489953
0.5898555023915661	0.0005547016489953
0.5898889207921830	0.0005647016489953
0.5899214032961645	0.0005747016489953
0.5899537271340347	0.0005847016489953
0.5899851603550738	0.0005947016489953
0.5900163788845210	0.0006047016489953
0.5900466525769844	0.0006147016489953
0.5900769295249924	0.0006247016489953
0.5901062270068491	0.0006347016489953
0.5901354571462959	0.0006447016489953
0.5901639475540935	0.0006547016489953
0.5901922157072094	0.0006647016489952
0.5902199040999292	0.0006747016489952
0.5902472871220688	0.0006847016489952
0.5902741856638060	0.0006947016489952
0.5903007691891962	0.0007047016489952
0.5903268959200211	0.0007147016489952
0.5903527684252271	0.0007247016489952
0.5903781461742962	0.0007347016489952
0.5904033398244078	0.0007447016489952
0.5904280461883912	0.0007547016489952
0.5904524806287834	0.0007647016489952
0.5904766689489411	0.0007747016489952
0.5905004241196377	0.0007847016489952
0.5905239284265688	0.0007947016489952
0.5905471399566981	0.0008047016489952
0.5905701532088040	0.0008147016489952
0.5905926900993241	0.0008247016489951
0.5906150921921177	0.0008347016489951
0.5906371499617522	0.0008447016489951
0.5906590957985719	0.0008547016489951
0.5906806230715926	0.0008647016489952
0.5907019930195735	0.0008747016489951
0.5907229840653125	0.0008847016489951
0.5907439204994501	0.0008947016489951
0.5907644537577601	0.0009047016489951
0.5907849613862303	0.0009147016489951
0.5908050524909632	0.0009247016489951
0.5908251073676737	0.0009347016489951
0.5908447792293087	0.0009447016489951
0.5908643531838792	0.0009547016489951
0.5908835973418952	0.0009647016489951
0.5909027594264468	0.0009747016489951
0.5909216302109472	0.0009847016489951
0.5909404029976694	0.0009947016489951
0.5909589118743528	0.0010047016489951
0.5909772987450586	0.0010147486654851
0.5909955447127835	0.0010248961521399
0.5910138342207806	0.0010351451136613
0.5910321046607390	0.0010454965647979
0.5910503789123460	0.0010559515304459
0.5910686793447490	0.0010665110457504
0.5910869429311610	0.0010771761562079
0.5911052783237141	0.0010879479177699
0.5911235196715852	0.0010988273969476
0.5911418717062696	0.0011098156709171
0.5911601186034072	0.0011209138276262
0.5911784384344215	0.0011321229659025
0.5911967359289668	0.0011434441955615
0.5912150277114137	0.0011548786375171
0.5912333800298785	0.0011664274238923
0.5912516383902615	0.0011780916981313
0.5912699759160711	0.0011898726151126
0.5912882784443647	0.0012017713412637
0.5913065775122585	0.0012137890546763
0.5913249424111880	0.0012259269452231
0.5913432124781959	0.0012381862146753
0.5913615358042233	0.0012505680768220
0.5913798829719854	0.0012630737575902
0.5913981683014222	0.0012757044951661
0.5914165034743618	0.0012884615401178
0.5914348429967954	0.0013013461555190
0.5914531382732603	0.0013143596170742
0.5914714755577614	0.0013275032132450
0.5914898226892361	0.0013407782453774
0.5915081199349195	0.0013541860278312
0.5915264526420109	0.0013677278881095
0.5915448163070403	0.0013814051669906
0.5915631150346639	0.0013952192186605
0.5915814383930407	0.0014091714108472
0.5915997875470448	0.0014232631249556
0.5916181287426077	0.0014374957562051
0.5916364402304797	0.0014518707137672
0.5916547730187145	0.0014663894209049
0.5916731256150910	0.0014810533151139
0.5916914672379338	0.0014958638482651
0.5917097836042048	0.0015108224867477
0.5917281170414646	0.0015259307116152
0.5917464633343078	0.0015411900187313
0.5917648223753249	0.0015566019189186
0.5917831474407355	0.0015721679381078
0.5918014742441333	0.0015878896174889
0.5918198123650572	0.0016037685136638
0.5918381577731264	0.0016198061988004
0.5918565114091420	0.0016360042607884
0.5918748623786197	0.0016523643033962
0.5918931896770598	0.0016688879464302
0.5919115245098623	0.0016855768258945
0.5919298635810698	0.0017024325941535
0.5919482078570778	0.0017194569200951
0.5919665546132094	0.0017366514892960
0.5919849045698203	0.0017540180041889
0.5920032556508712	0.0017715581842308
0.5920216084352981	0.0017892737660731
0.5920399506260203	0.0018071665037339
0.5920582903448927	0.0018252381687712
0.5920766325084904	0.0018434905504589
0.5920949760503307	0.0018619254559634
0.5921133211979664	0.0018805447105230
0.5921316672643352	0.0018993501576283
0.5921500143344225	0.0019183436592046
0.5921683621133788	0.0019375270957967
0.5921867105920671	0.0019569023667546
0.5922050588560941	0.0019764713904222
0.5922234066236965	0.0019962361043265
0.5922417542528919	0.0020161984653697
0.5922601013908023	0.0020363604500234
0.5922784487021829	0.0020567240545237
0.5922967954518257	0.0020772912950690
0.5923151427232715	0.0020980642080196
0.5923334893191442	0.0021190448500997
0.5923518363166463	0.0021402352986007
0.5923701830090951	0.0021616376515867
0.5923885298732353	0.0021832540281025
0.5924068769142231	0.0022050865683836
0.5924252238784369	0.0022271374340675
0.5924435715315893	0.0022494088084082
0.5924619188258671	0.0022719028964923
0.5924802665436195	0.0022946219254572
0.5924986144639430	0.0023175681447117
0.5925169624674355	0.0023407438261588
0.5925353111985397	0.0023641512644203
0.5925536597970557	0.0023877927770646
0.5925720087434508	0.0024116707048353
0.5925903582759486	0.0024357874118836
0.5926087078029306	0.0024601452860024
0.5926270578111628	0.0024847467388625
0.5926454083040912	0.0025095942062512
0.5926637589120941	0.0025346901483137
0.5926821100349975	0.0025600370497969
0.5927004616838448	0.0025856374202949
0.5927188134789256	0.0026114937944979
0.5927371657535175	0.0026376087324430
0.5927555187310782	0.0026639848197674
0.5927738718237491	0.0026906246679651
0.5927922253099827	0.0027175309146448
0.5928105794587297	0.0027447062237911
0.5928289340033519	0.0027721532860291
0.5928472888253297	0.0027998748188894
0.5928656441553645	0.0028278735670782
0.5928840001595935	0.0028561523027490
0.5929023565265609	0.0028847138257765
0.5929207132387174	0.0029135609640343
0.5929390704466900	0.0029426965736746
0.5929574282893237	0.0029721235394114
0.5929757867157477	0.0030018447748054
0.5929941454607048	0.0030318632225534
0.5930125046535645	0.0030621818547789
0.5930308643898913	0.0030928036733266
0.5930492247529076	0.0031237317100598
0.5930675858021638	0.0031549690271603
0.5930859472298898	0.0031865187174319
0.5931043091081241	0.0032183839046063
0.5931226715027877	0.0032505677436524
0.5931410344664072	0.0032830734210890
0.5931593980406049	0.0033159041552999
0.5931777622544291	0.0033490631968528
0.5931961271314112	0.0033825538288213
0.5932144925756077	0.0034163793671095
0.5932328585298162	0.0034505431607805
0.5932512250314550	0.0034850485923884
0.5932695921041059	0.0035198990783124
0.5932879597738708	0.0035550980690955
0.5933063280528589	0.0035906490497864
0.5933246969598389	0.0036265555402843
0.5933430664997840	0.0036628210956872
0.5933614366873674	0.0036994493066440
0.5933798075232115	0.0037364437997105
0.5933981790206118	0.0037738082377076
0.5934165501445259	0.0038115463200848
0.5934349208546149	0.0038496617832857
0.5934532922564932	0.0038881584011187
0.5934716643520090	0.0039270399851298
0.5934900371342056	0.0039663103849810
0.5935084106044054	0.0040059734888309
0.5935267847597573	0.0040460332237192
0.5935451596007121	0.0040864935559563
0.5935635351290117	0.0041273584915159
0.5935819113440292	0.0041686320764311
0.5936002882525006	0.0042103183971954
0.5936186658522579	0.0042524215811672
0.5936370441504709	0.0042949457969790
0.5936554231483526	0.0043378952549488
0.5936738028505868	0.0043812742074984
0.5936921832644356	0.0044250869495733
0.5937105643920756	0.0044693378190690
0.5937289462426084	0.0045140311972598
0.5937473288199550	0.0045591715092324
0.5937657121304074	0.0046047632243246
0.5937840961850308	0.0046508108565678
0.5938024809868168	0.0046973189651336
0.5938208665447029	0.0047442921547849
0.5938392528688763	0.0047917350763327
0.5938576399648322	0.0048396524270962
0.5938760278431003	0.0048880489513670
0.5938944165144940	0.0049369294408806
0.5939128059860915	0.0049862987352894
0.5939311962575021	0.0050361617226423
0.5939495873274714	0.0050865233398687
0.5939679791914454	0.0051373885732673
0.5939863718501299	0.0051887624590002
0.5940047653083587	0.0052406500835901
0.5940231595679971	0.0052930565844260
0.5940415546332650	0.0053459871502702
0.5940599505117385	0.0053994470217727
0.5940783472132031	0.0054534414919906
0.5940967447437070	0.0055079759069106
0.5941151431121521	0.0055630556659798
0.5941335423299454	0.0056186862226397
0.5941519424104188	0.0056748730848660
0.5941703433631189	0.0057316218157145
0.5941887451982635	0.0057889380338718
0.5942071479268090	0.0058468274142106
0.5942255515603779	0.0059052956883528
0.5942439561106244	0.0059643486452365
0.5942623615860286	0.0060239921316889
0.5942807679961750	0.0060842320530058
0.5942991753516098	0.0061450743735358
0.5943175836637224	0.0062065251172712
0.5943359929446881	0.0062685903684441
0.5943544032073627	0.0063312762721285
0.5943728144627056	0.0063945890348500
0.5943912267224192	0.0064585349251986
0.5944096399989743	0.0065231202744505
0.5944280543055734	0.0065883514771952
0.5944464696559720	0.0066542349919671
0.5944648860645052	0.0067207773418868
0.5944833035459289	0.0067879851153058
0.5945017221155143	0.0068558649664587
0.5945201417889138	0.0069244236161231
0.5945385625291635	0.0069936678522843
0.5945569841153048	0.0070636045308073
0.5945754065830058	0.0071342405761154
0.5945938299669087	0.0072055829818765
0.5946122543006979	0.0072776388116952
0.5946306796175960	0.0073504151998121
0.5946491059503221	0.0074239193518101
0.5946675333311061	0.0074981585453281
0.5946859617916135	0.0075731401307816
0.5947043913630170	0.0076488715320892
0.5947228220748426	0.0077253602474099
0.5947412539547098	0.0078026138498841
0.5947596870286512	0.0078806399883829
0.5947781213214343	0.0079594463882666
0.5947965568567741	0.0080390408521495
0.5948149936576638	0.0081194312606712
0.5948334317464857	0.0082006255732780
0.5948518711453096	0.0082826318290109
0.5948703118760473	0.0083654581473009
0.5948887539606472	0.0084491127287741
0.5949071974212979	0.0085336038560619
0.5949256422733292	0.0086189398946224
0.5949440885133468	0.0087051292935688
0.5949625361411547	0.0087921805865047
0.5949809851594999	0.0088801023923700
0.5949994355739073	0.0089689034162938
0.5950178873924171	0.0090585924504565
0.5950363406254806	0.0091491783749612
0.5950547952858654	0.0092406701587108
0.5950732513884867	0.0093330768602976
0.5950917089503609	0.0094264076289006
0.5951101679905445	0.0095206717051894
0.5951286285300206	0.0096158784222415
0.5951470905902830	0.0097120372064641
0.5951655541925668	0.0098091575785290
0.5951840193579384	0.0099072491543141
0.5952024861074899	0.0100063216458573
0.5952209543075949	0.0101063848623159
0.5952394235512805	0.0102074487109389
0.5952578944370546	0.0103095231980481
0.5952763669880365	0.0104126184300288
0.5952948412280471	0.0105167446143293
0.5953133171817730	0.0106219120604724
0.5953317948749227	0.0107281311810770
0.5953502743343657	0.0108354124928876
0.5953687555880376	0.0109437666178167
0.5953872386648986	0.0110532042839948
0.5954057235949349	0.0111637363268348
0.5954242104091799	0.0112753736901028
0.5954426991397608	0.0113881274270039
0.5954611898199151	0.0115020087012737
0.5954796824831717	0.0116170287882865
0.5954981771617187	0.0117331990761694
0.5955166738868902	0.0118505310669314
0.5955351726896119	0.0119690363776007
0.5955536736007072	0.0120887267413770
0.5955721766327710	0.0122096140087909
0.5955906817818857	0.0123317101488786
0.5956091890484064	0.0124550272503671
0.5956276984367708	0.0125795775228707
0.5956462099553407	0.0127053732980997
0.5956647236162768	0.0128324270310805
0.5956832394354435	0.0129607513013912
0.5957017574323442	0.0130903588144055
0.5957202776300646	0.0132212624025492
0.5957388000550436	0.0133534750265746
0.5957573247368393	0.0134870097768402
0.5957758517079532	0.0136218798746087
0.5957943807089252	0.0137580986733549
0.5958129115100175	0.0138956796600888
0.5958314441798340	0.0140346364566900
0.5958499787846414	0.0141749828212570
0.5958685153889478	0.0143167326494695
0.5958870540560383	0.0144598999759639
0.5959055948484764	0.0146044989757232
0.5959241378283643	0.0147505439654803
0.5959426830575529	0.0148980494051347
0.5959612305978782	0.0150470298991862
0.5959797805114008	0.0151975001981780
0.5959983328606536	0.0153494752001600
0.5960168877088978	0.0155029699521614
0.5960354451203891	0.0156579996516835
0.5960540051586197	0.0158145796482000
0.5960725678494694	0.0159727254446823
0.5960911332082868	0.0161324526991288
0.5961097012541200	0.0162937772261200
0.5961282720097335	0.0164567149983808
0.5961468438266260	0.0166212821483649
0.5961654106493025	0.0167874949698491
0.5961839804367953	0.0169553699195479
0.5962025532096443	0.0171249236187434
0.5962211289934457	0.0172961728549305
0.5962397078187833	0.0174691345834796
0.5962582897209755	0.0176438259293141
0.5962768747399054	0.0178202641886075
0.5962954629199279	0.0179984668304941
0.5963140543071200	0.0181784514987985
0.5963326489479339	0.0183602360137865
0.5963512468898563	0.0185438383739248
0.5963698481820299	0.0187292767576640
0.5963884528755322	0.0189165695252409
0.5964070610236205	0.0191057352204934
0.5964256726819963	0.0192967925726983
0.5964442879090883	0.0194897604984256
0.5964629067602811	0.0196846581034104
0.5964815292366910	0.0198815046844450
0.5965001553498704	0.0200803197312897
0.5965187851211829	0.0202811229286024
0.5965374185762876	0.0204839341578883
0.5965560553659495	0.0206887734994670
0.5965746950622977	0.0208956612344612
0.5965933377568028	0.0211046178468056
0.5966119835417010	0.0213156640252743
0.5966306325106212	0.0215288206655270
0.5966492847591799	0.0217441088721821
0.5966679403851876	0.0219615499609041
0.5966865994888352	0.0221811654605131
0.5967052621729515	0.0224029771151188
0.5967239285414772	0.0226270068862694
0.5967425986961584	0.0228532769551324
0.5967612727377469	0.0230818097246835
0.5967799507669808	0.0233126278219305
0.5967986328851799	0.0235457541001493
0.5968173191213071	0.0237812116411510
0.5968360095109518	0.0240190237575630
0.5968547040995439	0.0242592139951383
0.5968734029422258	0.0245018061350893
0.5968921061037836	0.0247468241964401
0.5969108136549498	0.0249942924384049
0.5969295256695412	0.0252442353627886
0.5969482422251029	0.0254966777164161
0.5969669634035507	0.0257516444935796
0.5969856892918216	0.0260091609385154
0.5970044199825184	0.0262692525479002
0.5970231555740043	0.0265319450733788
0.5970418961705871	0.0267972645241124
0.5970606418804373	0.0270652371693530
0.5970793927830734	0.0273358895410474
0.5970981479238258	0.0276092484364581
0.5971169072390209	0.0278853409208229
0.5971356708379747	0.0281641943300319
0.5971544388358934	0.0284458362733321
0.5971732113541062	0.0287302946360661
0.5971919885181841	0.0290175975824270
0.5972107704542733	0.0293077735582510
0.5972295440404725	0.0296008512938339
0.5972483192119652	0.0298968598067730
0.5972670997872095	0.0301958284048407
0.5972858858880772	0.0304977866888883
0.5973046776399692	0.0308027645557775
0.5973234751728356	0.0311107922013350
0.5973422786222202	0.0314219001233486
0.5973610880752752	0.0317361191245818
0.5973799035781800	0.0320534803158270
0.5973987251954752	0.0323740151189854
0.5974175530030142	0.0326977552701759
0.5974363870860789	0.0330247328228783
0.5974552275402748	0.0333549801511070
0.5974740744724147	0.0336885299526186
0.5974929280007003	0.0340254152521452
0.5975117877301461	0.0343656694046675
0.5975306513785553	0.0347093260987138
0.5975495205005299	0.0350564193597013
0.5975683953389638	0.0354069835532975
0.5975872761233485	0.0357610533888314
0.5976061629739646	0.0361186639227199
0.5976250560243012	0.0364798505619471
0.5976439554213208	0.0368446490675676
0.5976628613258965	0.0372130955582444
0.5976817739133389	0.0375852265138278
0.5977006933639624	0.0379610787789658
0.5977196198637053	0.0383406895667562
0.5977385536055595	0.0387240964624240
0.5977574947910609	0.0391113374270487
0.5977764436317770	0.0395024508013189
0.5977954002306818	0.0398974753093332
0.5978143646939891	0.0402964500624260
0.5978333371421158	0.0406994145630496
0.5978523177107675	0.0411064087086799
0.5978713062869551	0.0415174727957657
0.5978903014716663	0.0419326475237241
0.5979092905922756	0.0423519739989616
0.5979282757797501	0.0427754937389518
0.5979472686693361	0.0432032486763413
0.5979662695327307	0.0436352811631040
0.5979852786432649	0.0440716339747348
0.5980042962043234	0.0445123503144814
0.5980233223531385	0.0449574738176266
0.5980423572508052	0.0454070485558024
0.5980614010823490	0.0458611190413596
0.5980804540557109	0.0463197302317734
0.5980995163899050	0.0467829275340922
0.5981185883176360	0.0472507568094341
0.5981376700866863	0.0477232643775281
0.5981567619615099	0.0482004970213046
0.5981758640613807	0.0486825019915174
0.5981949750171097	0.0491693270114312
0.5982140944147876	0.0496610202815450
0.5982332225578975	0.0501576304843606
0.5982523597631408	0.0506592067892055
0.5982715063623989	0.0511657988570979
0.5982906627048954	0.0516774568456675
0.5983098291558149	0.0521942314141229
0.5983290060852545	0.0527161737282647
0.5983481936839942	0.0532433354655487
0.5983673921715456	0.0537757688202039
0.5983866017984883	0.0543135265084044
0.5984058228477133	0.0548566617734881
0.5984250274127154	0.0554052283912235
0.5984442382693139	0.0559592806751346
0.5984634613266258	0.0565188734818871
0.5984826947758395	0.0570840622167054
0.5985019390932210	0.0576549028388732
0.5985211926413159	0.0582314518672607
0.5985404549410761	0.0588137663859322
0.5985597290435440	0.0594019040497921
0.5985790153051864	0.0599959230902910
0.5985983141057651	0.0605958823211950
0.5986176258517767	0.0612018411444078
0.5986369509782106	0.0618138595558527
0.5986562897651581	0.0624319981514111
0.5986756424702503	0.0630563181329248
0.5986950085180694	0.0636868813142553
0.5987143861956218	0.0643237501273961
0.5987337760322144	0.0649669876286686
0.5987531785847343	0.0656166575049564
0.5987725944266474	0.0662728240800047
0.5987920240812288	0.0669355523208040
0.5988114679040242	0.0676049078440111
0.5988308981250010	0.0682809569224501
0.5988503293624038	0.0689637664916764
0.5988697765083457	0.0696534041565914
0.5988892399903732	0.0703499381981562
0.5989087202692287	0.0710534375801360
0.5989282154854587	0.0717639719559356
0.5989477250553726	0.0724816116754956
0.5989672494536199	0.0732064277922511
0.5989867892047611	0.0739384920701731
0.5990063448482623	0.0746778769908756
0.5990259169857536	0.0754246557607845
0.5990455062585274	0.0761789023183941
0.5990651132280104	0.0769406913415760
0.5990847383168024	0.0777100982549930
0.5991043819986941	0.0784871992375419
0.5991240411611470	0.0792720712299169
0.5991437163645582	0.0800647919422168
0.5991633999109177	0.0808654398616368
0.5991830549097688	0.0816740942602515
0.5992027257066591	0.0824908352028559
0.5992224157532188	0.0833157435548848
0.5992421255882987	0.0841489009904337
0.5992618558183849	0.0849903900003367
0.5992816071206327	0.0858402939003393
0.5993013796201320	0.0866986968393432
0.5993211702339245	0.0875656838077377
0.5993409797842487	0.0884413406458155
0.5993608090143882	0.0893257540522711
0.5993806587400916	0.0902190115927951
0.5994005298379652	0.0911212017087212
0.5994204232292601	0.0920324137258096
0.5994403396298694	0.0929527378630683
0.5994602593384458	0.0938822652416964
0.5994801612806031	0.0948210878941149
0.5995000844840184	0.0957692987730541
0.5995200295838374	0.0967269917607868
0.5995399976220236	0.0976942616783921
0.5995599896971104	0.0986712042951738
0.5995800065806490	0.0996579163381267
0.5996000491000116	0.1006544955015053
0.5996201181649443	0.1016610404565208
0.5996402127119421	0.1026776508610868
0.5996603304679279	0.1037044273696949
0.5996804669843564	0.1047414716433949
0.5997006248786845	0.1057888863598260
0.5997207928224269	0.1068467752234219
0.5997409336928416	0.1079152429756548
0.5997611037884752	0.1089943954054123
0.5997813042974059	0.1100843393594656
0.5998015342256543	0.1111851827530609
0.5998217905961043	0.1122970345805899
0.5998420746844141	0.1134200049263983
0.5998623878560966	0.1145542049756634
0.5998827315775765	0.1156997470254208
0.5999031069970540	0.1168567444956749
0.5999235152249663	0.1180253119406308
0.5999439532505177	0.1192055650600396
0.5999643645170800	0.1203976207106423
0.5999847833906433	0.1216015969177496
0.6000052348789783	0.1228176128869282
0.6000257204076350	0.1240457890157942
0.6000462412702409	0.1252862469059499
0.6000667988990362	0.1265391093750109
0.6000873801931891	0.1278045004687580
0.6001079930183993	0.1290825454734447
0.6001286402882821	0.1303733709281825
0.6001493236322167	0.1316771046374677
0.6001700174020496	0.1329938756838412
0.6001906843179518	0.1343238144406798
0.6002113930456275	0.1356670525850899
0.6002321408011251	0.1370237231109431
0.6002529257937159	0.1383939603420504
0.6002737499330010	0.1397778999454710
0.6002946152897513	0.1411756789449283
0.6003155240397399	0.1425874357343738
0.6003364778253011	0.1440133100917194
0.6003574706987412	0.1454534431926397
0.6003784177763140	0.1469079776245693
0.6003993928007576	0.1483770574008133
0.6004204014092495	0.1498608279748193
0.6004414540225882	0.1513594362545668
0.6004625560655735	0.1528730306171086
0.6004837041195091	0.1544017609232825
0.6005048970795099	0.1559457785325132
0.6005261378414325	0.1575052363178344
0.6005474070733576	0.1590802886810166
0.6005686322925041	0.1606710915678297
0.6005899126438607	0.1622778024835120
0.6006112452195820	0.1639005805083507
0.6006326281465619	0.1655395863134378
0.6006540643169758	0.1671949821765759
0.6006755564754021	0.1688669319983436
0.6006971051628415	0.1705556013183243
0.6007186665781238	0.1722611573315106
0.6007401817732211	0.1739837689048237
0.6007617538519096	0.1757236065938696
0.6007833857567191	0.1774808426598041
0.6008050807656955	0.1792556510864003
0.6008268418025401	0.1810482075972664
0.6008486608831555	0.1828586896732368
0.6008705414229004	0.1846872765699687
0.6008923816568259	0.1865341493356698
0.6009142524305093	0.1883994908290269
0.6009361956094788	0.1902834857373202
0.6009582020707974	0.1921863205946893
0.6009802572764004	0.1941081838006324
0.6010023827908310	0.1960492656386425
0.6010245831841451	0.1980097582950334
0.6010467300041210	0.1999898558779860
0.6010689256341741	0.2019897544367648
0.6010911936838570	0.2040096519811329
0.6011135387795727	0.2060497485009447
0.6011359660239225	0.2081102459859562
0.6011584782436699	0.2101913484458126
0.6011810204409466	0.2122932619302758
0.6012034975432754	0.2144161945495756
0.6012260560867361	0.2165603564950743
0.6012487049525225	0.2187259600600291
0.6012714473651275	0.2209132196606311
0.6012942737705924	0.2231223518572403
0.6013171684506587	0.2253535753758112
0.6013399909946012	0.2276071111295639
0.6013629142493532	0.2298831822408635
0.6013859394057769	0.2321820140632742
0.6014090410082293	0.2345038342039022
0.6014322283912082	0.2368488725459406
0.6014554576099934	0.2392173612714020
0.6014786536106527	0.2416095348841212
0.6015019585551351	0.2440256302329625
0.6015253688564057	0.2464658865352912
0.6015488922224870	0.2489305454006403
0.6015725362107548	0.2514198508546484
0.6015961084317745	0.2539340493631980
0.6016197244563107	0.2564733898568295
0.6016434596292876	0.2590381237553959
0.6016673226754056	0.2616285049929443
0.6016913150386223	0.2642447900428753
0.6017153040391972	0.2668872379433069
0.6017393091206121	0.2695561103227411
0.6017634505046625	0.2722516714259748
0.6017877122640147	0.2749741881402370
0.6018120908546624	0.2777239300216341
0.6018364794253696	0.2805011693218483
0.6018608834786077	0.2833061810150724
0.6018854437704730	0.2861392428252272
0.6019101569765417	0.2890006352534745
0.6019350215609203	0.2918906416060112
0.6019598155345623	0.2948095480220659
0.6019846750612375	0.2977576435022849
0.6020097066553441	0.3007352199373048
0.6020349013428681	0.3037425721366743
0.6020602420976452	0.3067799978580455
0.6020854837695269	0.3098477978366229
0.6021109023807664	0.3129462758149926
0.6021364591814496	0.3160757385731365
0.6021622074845241	0.3192364959588733
0.6021879297290047	0.3224288609184591
0.6022137538553486	0.3256531495276407
0.6022397722607605	0.3289096810229197
0.6022659749567102	0.3321987778331435
0.6022922110593049	0.3355207656114739
0.6023184650307948	0.3388759732675909
0.6023449333209768	0.3422647330002626
0.6023716319748578	0.3456873803302615
0.6023984555940317	0.3491442541335654
0.6024251942751128	0.3526356966749052
0.6024521646379745	0.3561620536416537
0.6024793891691471	0.3597236741780716
0.6025067404455241	0.3633209109198572
0.6025340892793343	0.3669541200290572
0.6025616357115500	0.3706236612293496
0.6025894506110238	0.3743298978416473
0.6026173370102861	0.3780731968200646
0.6026452970684611	0.3818539287882718
0.6026735472567574	0.3856724680761613
0.6027020291425240	0.3895291927569274
0.6027304599022968	0.3934244846845034
0.6027591095750473	0.3973587295313536
0.6027880881591441	0.4013323168266748
0.6028172868488356	0.4053456399949449
0.6028463621416822	0.4093990963948883
0.6028757961036513	0.4134930873588376
0.6029056033106324	0.4176280182324298
0.6029354056689127	0.4218042984147550
0.6029653456460493	0.4260223413988962
0.6029956748246742	0.4302825648128777
0.6030262924258369	0.4345853904610046
0.6030568362783576	0.4389312443656150
0.6030877490053675	0.4433205568092732
0.6031191099486473	0.4477537623773642
0.6031503555049410	0.4522313000011338
0.6031819706371541	0.4567536130011471
0.6032140099381558	0.4613211491311619
0.6032460974185835	0.4659343606224735
0.6032784830172717	0.4705937042287023
0.6033112934140304	0.4752996412709967
0.6033442637978881	0.4800526376837043
0.6033774402265646	0.4848531640605477
0.6034111519447592	0.4897016957011582
0.6034450510832232	0.4945987126581706
0.6034791186807897	0.4995446997847587
0.6035138079908557	0.5045401467826041
0.6035486906789934	0.5095855482504295
0.6035837788565747	0.5146814037329394
0.6036195415006815	0.5198282177702760
0.6036554705279847	0.5250264999479796
0.6036916893487744	0.5302767649474600
0.6037286540709850	0.5355795325969336
0.6037657007480910	0.5409353279228974
0.6038031809087384	0.5463446812021263
0.6038414909832515	0.5518081280141420
0.6038797404978453	0.5573262092942814
0.6039186804477439	0.5628994713872265
0.6039585049927598	0.5685284661010971
0.6039980649099960	0.5742137507621012
0.6040386575689916	0.5799558882697148
0.6040798135609904	0.5857554471524100
0.6041211603721417	0.5916130016239358
0.6041635417116340	0.5975291316401674
0.6042062550625505	0.6035044229565716
0.6042496170830682	0.6095394671861419
0.6042941457410759	0.6156348618579999
0.6043385822218657	0.6217912104765778
0.6043840977149221	0.6280091225813416
0.6044306081460811	0.6342892138071556
0.6044773902734739	0.6406321059452200
0.6045257787253925	0.6470384270046772
0.6045741425781023	0.6535088112747223
0.6046239425389031	0.6600438993874652
0.6046748532489578	0.6666443383813357
0.6047260509383632	0.6733107817651509
0.6047793904828407	0.6800438895827983
0.6048326574091324	0.6868443284786242
0.6048877411214191	0.6937127717634055
0.6049441422075098	0.7006498994810380
0.6050012886556899	0.7076563984758449
0.6050612445021303	0.7147329624606025
0.6051205249108341	0.7218802920852054
0.6051831560823786	0.7290990950060642
0.6052462263248519	0.7363900859561233
0.6053117244829582	0.7437539868156831
0.6053794454905417	0.7511915266838460
0.6054479391326738	0.7587034419506868
0.6055210847134762	0.7662904763701973
0.6055932783163314	0.7739533811338987
0.6056705485846218	0.7816929149452347
0.6057490624893251	0.7895098440946923
0.6058314870885346	0.7974049425356405
0.6059169062171809	0.8053789919610022
0.6060053106103257	0.8134327818806173
0.6060987786538891	0.8215671096994271
0.6061929589680216	0.8297827807964163
0.6062967378539764	0.8380806086043850
0.6064014421746229	0.8464614146904331
0.6065172982391216	0.8549260288373357
0.6066328799058527	0.8634752891257061
0.6067638622265165	0.8721100420169636
0.6068956017685223	0.8808311424371315
0.6070439183285277	0.8896394538615050
0.6071979552937007	0.8985358484001236
0.6073672230901223	0.9080252918469649
0.6075722707978116	0.9171055447654327
0.6077817980075616	0.9262766002130852
0.6080237239461621	0.9355393662152157
0.6082937158928313	0.9448947598773675
0.6085627157655291	0.9622190392510672
0.6086341623502269	0.9532928260965700
0.6088808959770055	0.9601375432230361
0.6092369297417551	0.9682934008507035
0.6093169334615510	0.9657178626669790
0.6095733467903816	0.9731277265736177
0.6096021663450393	0.9789061246114616
0.6097433416697431	0.9782037744389398
0.6098338773847821	0.9736570772351392
0.6102438445250336	0.9825829769607145
0.6104146477076398	0.9861934018218516
0.6107323993498319	0.9912176211251013
0.6111778693397326	0.9921518508809464
0.6115506275687421	0.9908668113380077
0.6116818595089213	0.9862711064749922
0.6123388885367853	0.9956016501669199
0.6129645196540038	0.9965490236617176
0.6158732356668479	0.9987214963933889
0.6179386791670228	0.9994279262115833
0.6204256357246682	0.9997702079928213
0.6243209728944984	0.9998910645595451
0.6294820802520844	0.9999751624173769
0.6334060119409719	0.9999888635282459
0.6426392386719112	0.9999968822013535
0.6443210527104106	0.9999985542727018
0.6512350386822915	0.9999995797494825
0.6529053888283921	0.9999998080431446
0.6601070103063840	0.9999999432762441
0.6624547069033474	0.9999999736243204
0.6691096624057533	0.9999999920322605
0.6711234377996785	0.9999999963126192
0.6779444158540334	0.9999999988842189
0.6804086432723178	0.9999999994868324
0.6872937801748352	0.9999999998452880
0.6900833997250395	0.9999999999291029
0.6969023284226900	0.9999999999787111
0.6998363408802313	0.9999999999902600
0.7065854532285595	0.9999999999970832
0.7095441428493049	0.9999999999986658
0.7162305966325522	0.9999999999996008
0.7191356575589252	0.9999999999998173
0.7235393625325366	1.0000000000000209
0.7264131628045510	1.0000000000000600
0.7371467698174514	1.0000000000000837
0.7387631381038965	1.0000000000000888
0.7415811900737480	1.0000000000001201
0.7421122201441255	1.0000000000001243
0.7561165509070252	1.0000000000001255
0.7603526570411462	1.0000000000001346
0.7613641512940204	1.0000000000001354
0.7614734409115070	1.0011750881317452
0.7688629461638763	1.0001932950924872
0.7870077697039018	1.0000673820816055
0.7872364620022501	1.0000669523204815
0.8126259772513420	0.9999584212899250
0.8674822457654120	1.0000098282310081
0.9776378515914428	0.9980829323653826
0.9819183520026473	0.9999387051757932
1.0199591336183524	0.9999989923769590
1.0565690522412174	1.0000010623474238
1.0934088136129563	1.0000013603458375
1.1328286397591076	1.0000013709481965
1.1668168677212674	1.0000013713253899
1.2008046913144514	1.0000013713388085
1.2347744636704279	1.0000013713392861
1.2687393577168053	1.0000013713393032
1.3100949351560538	1.0000013713393037
1.3125753960760771	1.0000013713393037
1.8424637205971146	0.9800013439125156
1.8424637205972145	0.9870630106288804
1.8424637205973144	0.9985170494079950
1.8426403948352026	0.9785467084198348
1.8426403948352026	0.9957666394268628
1.8426468628633557	1.0001917783440195
1.8443494480270430	1.0040215456369215
1.8445103202263882	1.0005214405392000
1.8454104452453617	1.0000684982609398
1.8668411988485052	0.9999545439884081
1.8774115948306436	0.9999383178667743
2.0479241362818930	0.9999918841782101
2.2115306390001130	0.9999929070022830
2.2712614208388744	1.0000336317345275
2.5437161517433031	1.0000051936236820
2.8871550839145868	0.9946912424849362
2.8873429108487394	0.9988060858372956
2.8966361002873593	0.9998198550370335
2.9104927244129102	0.9999429868186420
2.9260662774410320	0.9999541363214768
2.9266445056396218	0.9999713647530587
2.9284865909465312	0.9999735881010363
2.9608429611896980	0.9999937672368687
2.9611543457380556	0.9999963753279759
3.0118352485304367	0.9999970926481504
3.0158711532612261	0.9999995002988197
3.0203060433918356	0.9999998636973481
3.0437892915010458	0.9999999628393363
3.0539679431219020	0.9999999756543549
3.0843502833006649	0.9999999791807348
3.0959150721798143	0.9999999796365538
3.1327407240854050	0.9999999797620077
3.1443036606803907	0.9999999797782239
3.1843799076994608	0.9999999797826866
3.1959383260697507	0.9999999797832638
3.2378447256826610	0.9999999797834225
3.2493272711831351	0.9999999797834432
3.2931089913721392	0.9999999797834489
3.3034295454218170	0.9999999797834497
3.3608096134893302	0.9999999797834497
3.3618528874541944	1.0306122240625277
3.3620503388213252	1.0063094671706627
3.3620913752323069	1.0021173581002338
3.3649965444087790	1.0003918162613288
3.3727986157930117	1.0001560794889683
3.3829657411027725	1.0000422986588346
3.3866026169376018	1.0000275527534443
3.3945243860162613	1.0000045074190294
3.3962090333567287	1.0000015280698422
3.4148254386991006	0.9999998670414688
3.4200653218459114	0.9999996523340405
3.4213603926977272	0.9999942168800006
3.4214396843335777	0.9999935142842077
3.4388939687329092	0.9999932895603471
3.4491529610715004	0.9999932605124703
3.4509814593825703	0.9999893233228939
3.4946695417284550	0.9999966841211628
4.1052854183178606	0.9999739534152304
4.1371608822490789	0.9999905496098388
5.1755582770674264	0.9999970167673435
5.5231994770766715	1.0000439437609112
5.5261098617868356	1.0000523911588410
5.6648103152853864	1.0001460770367221
5.6883850217222518	1.0000438040748822
5.7025254640366914	1.0000000307774497
6.7157396887729464	0.9978893547395120
6.7203901892818703	0.9991322518534221
6.7212900294397437	0.9999591309427855
6.7572520656001744	0.9999974111474925
6.7978540174026660	0.9999989555234348
6.8386990743121903	0.9999990184588458
6.8480598046578125	0.9999997526249226
6.8754224569985567	0.9999998201365420
6.8964479592348589	0.9999998256354096
6.9145918869826799	0.9999998260756952
6.9316071007819859	0.9999998261111299
6.9522926972835180	0.9999998261136875
6.9684247404207129	0.9999998261138900
6.9888513397170211	0.9999998261139047
7.0077081907888310	0.9999998261139058
7.0216493849624246	1.0005689814445580
7.0427594360036849	1.0000420340444629
7.0574003736592150	1.0000033888214990
7.0680991602708252	1.0000000139840333
7.0895676677198827	0.9999998521218453
7.1054236954936396	0.9999998400403699
7.1219261596297256	0.9999998382402694
7.1464724637331507	0.9999998381181954
7.1615752335626244	0.9999998381098136
7.1785291855150701	0.9999998381092378
7.1949331494104847	0.9999998381091978
7.2139786045121923	0.9999998381091955
7.2240243572839837	0.9999999514805636
7.2265200138090515	0.9999999680287600
