0.0000000000000000	0.0000000000000000
0.5852527782613823	0.0000300000000000
0.5854395430743586	0.0000078776730257
0.5869568466165807	0.0000158291630674
0.5872058878578120	0.0000361203924970
0.5872252264656945	0.0000294699731591
0.5876170088105819	0.0000355227683211
0.5879919373678349	0.0000382100182477
0.5881900357663632	0.0000456220627354
0.5886504843532081	0.0000528577179262
0.5890516149904075	0.0000628577179262
0.5894003567318086	0.0000724077311186
0.5897010362359389	0.0000824077311186
0.5899592738414152	0.0000924077311186
0.5901884227857919	0.0001041075631561
0.5904226785392207	0.0001141075631561
0.5905921709066602	0.0001241075631561
0.5907475618144178	0.0001341075631561
0.5908922110037175	0.0001441075631561
0.5910276040143132	0.0001541075631561
0.5911526001890149	0.0001641075631561
0.5912706349315294	0.0001741075631561
0.5913795298316794	0.0001841075631561
0.5914858908359567	0.0001941075631561
0.5915830730149338	0.0002041075631561
0.5916769034771889	0.0002141075631561
0.5917646709545973	0.0002241075631561
0.5918498010867868	0.0002341075631561
0.5919300191119893	0.0002441075631561
0.5920072958245282	0.0002541075631561
0.5920812411728289	0.0002641075631561
0.5921526207708450	0.0002741075631561
0.5922211675189690	0.0002841075631561
0.5922869915194902	0.0002941075631561
0.5923509082286290	0.0003041075631561
0.5924123069922510	0.0003141075631561
0.5924721462390232	0.0003241075631561
0.5925294195699199	0.0003341075631561
0.5925856862269088	0.0003441075631561
0.5926395894855648	0.0003541075631561
0.5926926775157599	0.0003641075631561
0.5927433589411355	0.0003741075631561
0.5927935767240081	0.0003841075631561
0.5928415310709924	0.0003941075631561
0.5928892103649519	0.0004041075631561
0.5929346687476817	0.0004141075631561
0.5929800245475517	0.0004241075631561
0.5930233948417685	0.0004341075631561
0.5930664957202690	0.0004441075631561
0.5931079835459592	0.0004541075631561
0.5931491380173955	0.0004641075631561
0.5931888967114467	0.0004741075631561
0.5932282044354060	0.0004841075631561
0.5932663680638269	0.0004941075631561
0.5933040338956295	0.0005041075631561
0.5933407253882371	0.0005141075631561
0.5933768475347660	0.0005241075631561
0.5934121459128895	0.0005341075631561
0.5934468146110131	0.0005441075631561
0.5934808091992975	0.0005541075631561
0.5935141696972001	0.0005641075631561
0.5935470129017648	0.0005741075631561
0.5935792259203519	0.0005841075631561
0.5936109247085041	0.0005941075631561
0.5936419230703427	0.0006041075631561
0.5936726516008365	0.0006141075631561
0.5937026394845895	0.0006241075631561
0.5937323311092587	0.0006341075631561
0.5937614167278606	0.0006441075631561
0.5937901644298716	0.0006541075631561
0.5938182987333703	0.0006641075631561
0.5938462329618863	0.0006741075631561
0.5938735039454894	0.0006841075631561
0.5939006293023997	0.0006941075631561
0.5939271213605363	0.0007041075631561
0.5939534236806492	0.0007141075631561
0.5939792033323608	0.0007241075631561
0.5940047609926408	0.0007341075631561
0.5940298011291965	0.0007441075631561
0.5940547659494937	0.0007541075631561
0.5940790948820069	0.0007641075631561
0.5941033218343613	0.0007741075631561
0.5941271823844371	0.0007841075631561
0.5941507054400726	0.0007941075631561
0.5941738962637862	0.0008041075631561
0.5941969027158231	0.0008141075631561
0.5942196097632411	0.0008241075631561
0.5942419601863824	0.0008341075631561
0.5942640678238938	0.0008441075631561
0.5942859306261625	0.0008541075631561
0.5943075876139842	0.0008641075631561
0.5943289756012187	0.0008741075631561
0.5943500827606966	0.0008841075631561
0.5943708923567576	0.0008941075631561
0.5943915647925815	0.0009041075631561
0.5944119334577257	0.0009141075631561
0.5944321853096317	0.0009241075631561
0.5944521068707406	0.0009341075631561
0.5944719460575996	0.0009441075631561
0.5944914440979745	0.0009541075631561
0.5945108798975367	0.0009641075631562
0.5945299535140156	0.0009741075631562
0.5945489973523193	0.0009841075631562
0.5945676720505992	0.0009941075631562
0.5945862998021543	0.0010041075631562
0.5946046091421693	0.0010141486387877
0.5946229411446324	0.0010242901251756
0.5946411657591859	0.0010345330264273
0.5946594844096805	0.0010448783566916
0.5946777345056291	0.0010553271402585
0.5946960400246399	0.0010658804116611
0.5947143226868277	0.0010765392157777
0.5947326065358204	0.0010873046079355
0.5947509286178492	0.0010981776540148
0.5947691924527607	0.0011091594305549
0.5947875587981729	0.0011202510248605
0.5948057961313522	0.0011314535351091
0.5948241321890091	0.0011427680704602
0.5948424238232950	0.0011541957511648
0.5948607252694484	0.0011657377086764
0.5948790762942152	0.0011773950857632
0.5948973447486180	0.0011891690366208
0.5949156882512250	0.0012010607269871
0.5949339931316605	0.0012130713342570
0.5949522978872709	0.0012252020475995
0.5949706657441114	0.0012374540680756
0.5949889421026470	0.0012498286087563
0.5950072676901612	0.0012623268948438
0.5950256257652774	0.0012749501637923
0.5950439110252919	0.0012876996654302
0.5950622453343170	0.0013005766620845
0.5950806000065115	0.0013135824287053
0.5950988933890701	0.0013267182529923
0.5951172276165002	0.0013399854355223
0.5951355943097602	0.0013533852898775
0.5951538881782754	0.0013669191427762
0.5951722158542068	0.0013805883342040
0.5951905751496843	0.0013943942175461
0.5952088979841967	0.0014083381597215
0.5952272151320599	0.0014224215413187
0.5952455591341642	0.0014366457567319
0.5952639240626386	0.0014510122142992
0.5952822334274773	0.0014655223364422
0.5953005606776296	0.0014801775598067
0.5953189053574497	0.0014949793354047
0.5953372676003078	0.0015099291287587
0.5953555916902322	0.0015250284200463
0.5953739168968222	0.0015402787042468
0.5953922574224119	0.0015556814912892
0.5954106080029244	0.0015712383062021
0.5954289694384310	0.0015869506892642
0.5954472939415476	0.0016028201961569
0.5954656239847805	0.0016188483981185
0.5954839636653352	0.0016350368820996
0.5955023094354864	0.0016513872509206
0.5955206616344354	0.0016679011234298
0.5955390175480781	0.0016845801346641
0.5955573568888778	0.0017014259360108
0.5955756912149384	0.0017184401953709
0.5955940295873662	0.0017356245973246
0.5956123719607261	0.0017529808432978
0.5956307168567964	0.0017705106517308
0.5956490641633475	0.0017882157582481
0.5956674128410279	0.0018060979158305
0.5956857625949884	0.0018241588949888
0.5957041129131588	0.0018424004839387
0.5957224634300998	0.0018608244887781
0.5957408140011997	0.0018794327336658
0.5957591641193453	0.0018982270610025
0.5957775140532054	0.0019172093316125
0.5957958632405514	0.0019363814249287
0.5958142122248863	0.0019557452391779
0.5958325603211853	0.0019753026915697
0.5958509084332596	0.0019950557184854
0.5958692557136774	0.0020150062756702
0.5958876033316974	0.0020351563384269
0.5959059500666064	0.0020555079018111
0.5959242972030775	0.0020760629808292
0.5959426436914809	0.0020968236106375
0.5959609903909676	0.0021177918467439
0.5959793369051746	0.0021389697652114
0.5959976834184564	0.0021603594628635
0.5960160302430234	0.0021819630574921
0.5960343768137530	0.0022037826880671
0.5960527240299112	0.0022258205149478
0.5960710709256422	0.0022480787200973
0.5960894181441384	0.0022705595072983
0.5961077656717675	0.0022932651023712
0.5961261131796595	0.0023161977533949
0.5961444613651097	0.0023393597309289
0.5961628094867448	0.0023627533282382
0.5961811579026982	0.0023863808615206
0.5961995070002605	0.0024102446701358
0.5962178560167455	0.0024343471168372
0.5962362054877161	0.0024586905880055
0.5962545555100361	0.0024832774938856
0.5962729055948688	0.0025081102688245
0.5962912561849461	0.0025331913715127
0.5963096073447439	0.0025585232852278
0.5963279586127221	0.0025841085180801
0.5963463103539849	0.0026099496032609
0.5963646628264946	0.0026360490992935
0.5963830153788630	0.0026624095902865
0.5964013683190572	0.0026890336861893
0.5964197219357991	0.0027159240230512
0.5964380759233249	0.0027430832632817
0.5964564301748967	0.0027705140959146
0.5964747849435941	0.0027982192368737
0.5964931404038850	0.0028262014292424
0.5965114961652327	0.0028544634435349
0.5965298522671451	0.0028830080779702
0.5965482088677606	0.0029118381587499
0.5965665661193368	0.0029409565403374
0.5965849238741980	0.0029703661057408
0.5966032819373237	0.0030000697667982
0.5966216404482948	0.0030300704644662
0.5966399995054653	0.0030603711691108
0.5966583591992886	0.0030909748808020
0.5966767194783952	0.0031218846296100
0.5966950801105136	0.0031531034759062
0.5967134411855526	0.0031846345106653
0.5967318027693723	0.0032164808557719
0.5967501649180750	0.0032486456643296
0.5967685276711978	0.0032811321209729
0.5967868910584933	0.0033139434421826
0.5968052550372317	0.0033470828766045
0.5968236194660547	0.0033805537053706
0.5968419843857526	0.0034143592424243
0.5968603498316480	0.0034485028348486
0.5968787158275612	0.0034829878631970
0.5968970823968202	0.0035178177418291
0.5969154495511064	0.0035529959192474
0.5969338173060471	0.0035885258784399
0.5969521856655167	0.0036244111372242
0.5969705546409572	0.0036606552485965
0.5969889242315671	0.0036972618010824
0.5970072944475195	0.0037342344190932
0.5970256652864144	0.0037715767632840
0.5970440367543036	0.0038092925309168
0.5970624088446221	0.0038473854562260
0.5970807815656741	0.0038858593107882
0.5970991549143345	0.0039247179038961
0.5971175288988186	0.0039639650829352
0.5971359035205897	0.0040036047337645
0.5971542787874961	0.0040436407811020
0.5971726547055868	0.0040840771889131
0.5971910312455326	0.0041249179608022
0.5972094082820588	0.0041661671404103
0.5972277858309762	0.0042078288118144
0.5972461639160769	0.0042499070999326
0.5972645425505356	0.0042924061709320
0.5972829217527076	0.0043353302326412
0.5973013015386947	0.0043786835349676
0.5973196819209924	0.0044224703703173
0.5973380629183160	0.0044666950740205
0.5973564445396293	0.0045113620247606
0.5973748267984088	0.0045564756450082
0.5973932097092565	0.0046020404014583
0.5974115932812024	0.0046480608054728
0.5974299775282365	0.0046945414135275
0.5974483624620804	0.0047414868276629
0.5974667480926003	0.0047889016959394
0.5974851344339310	0.0048367907128988
0.5975035214970966	0.0048851586200277
0.5975219092924147	0.0049340102062279
0.5975402978309849	0.0049833503082903
0.5975586871101233	0.0050331838113730
0.5975770771269688	0.0050835156494867
0.5975954678834063	0.0051343508059814
0.5976138593839256	0.0051856943140411
0.5976322516292523	0.0052375512571815
0.5976506446240695	0.0052899267697535
0.5976690383763620	0.0053428260374509
0.5976874328928884	0.0053962542978255
0.5977058281798640	0.0054502168408038
0.5977242242463444	0.0055047190092117
0.5977426211037787	0.0055597661993037
0.5977610187625759	0.0056153638612969
0.5977794172322045	0.0056715174999097
0.5977978165243845	0.0057282326749090
0.5978162166526219	0.0057855150016581
0.5978346176320224	0.0058433701516748
0.5978530194751849	0.0059018038531915
0.5978714221955579	0.0059608218917234
0.5978898258082372	0.0060204301106407
0.5979082303295463	0.0060806344117471
0.5979266357769134	0.0061414407558646
0.5979450421677059	0.0062028551634233
0.5979634495156545	0.0062648837150577
0.5979818578344687	0.0063275325522081
0.5980002671376847	0.0063908078777302
0.5980186774388799	0.0064547159565073
0.5980370887514954	0.0065192631160723
0.5980555010890428	0.0065844557472329
0.5980739144649828	0.0066503003047054
0.5980923288929101	0.0067168033077525
0.5981107443864785	0.0067839713408302
0.5981291609589299	0.0068518110542384
0.5981475786235239	0.0069203291647806
0.5981659973940597	0.0069895324564286
0.5981844172849902	0.0070594277809930
0.5982028383113961	0.0071300220588029
0.5982212604889865	0.0072013222793910
0.5982396838339984	0.0072733355021849
0.5982581083631542	0.0073460688572070
0.5982765340935351	0.0074195295457790
0.5982949610425941	0.0074937248412370
0.5983133892281906	0.0075686620896493
0.5983318186686002	0.0076443487105456
0.5983502493825993	0.0077207921976508
0.5983686813894401	0.0077980001196274
0.5983871147089785	0.0078759801208237
0.5984055493616076	0.0079547399220320
0.5984239853683910	0.0080342873212521
0.5984424227494923	0.0081146301944646
0.5984608615241752	0.0081957764964090
0.5984793017110825	0.0082777342613729
0.5984977433283545	0.0083605116039868
0.5985161863938493	0.0084441167200269
0.5985346309144715	0.0085285578872269
0.5985530768834914	0.0086138434660990
0.5985715242969402	0.0086999819007601
0.5985899731534615	0.0087869817197674
0.5986084234542539	0.0088748515369652
0.5986268752029066	0.0089636000523351
0.5986453284053603	0.0090532360528583
0.5986637830698782	0.0091437684133870
0.5986822392069244	0.0092352060975207
0.5987006968291639	0.0093275581584957
0.5987191559513821	0.0094208337400806
0.5987376165902449	0.0095150420774813
0.5987560787641881	0.0096101924982562
0.5987745424933175	0.0097062944232388
0.5987930077992754	0.0098033573674710
0.5988114747052192	0.0099013909411460
0.5988299432358049	0.0100004048505575
0.5988484134155545	0.0101004088990629
0.5988668852683149	0.0102014129880535
0.5988853588176153	0.0103034271179340
0.5989038340869718	0.0104064613891131
0.5989223111001426	0.0105105260030044
0.5989407898812862	0.0106156312630344
0.5989592704550554	0.0107217875756645
0.5989777527764945	0.0108290054514213
0.5989962364917224	0.0109372955059352
0.5990147216560257	0.0110466684609946
0.5990332083232560	0.0111571351456046
0.5990516965461169	0.0112687064970608
0.5990701863764082	0.0113813935620312
0.5990886778652942	0.0114952074976519
0.5991071710635589	0.0116101595726283
0.5991256660218477	0.0117262611683544
0.5991441627906928	0.0118435237800381
0.5991626614205525	0.0119619590178383
0.5991811619613996	0.0120815786080164
0.5991996644398373	0.0122023943940963
0.5992181688670608	0.0123244183380373
0.5992366752563210	0.0124476625214181
0.5992551836230361	0.0125721391466324
0.5992736939848973	0.0126978605380990
0.5992922063619736	0.0128248391434803
0.5993107207768182	0.0129530875349154
0.5993292372545329	0.0130826184102643
0.5993477558226434	0.0132134445943671
0.5993662765110161	0.0133455790403106
0.5993847993518077	0.0134790348307141
0.5994033239010682	0.0136138251790215
0.5994218434310126	0.0137499634308118
0.5994403653480666	0.0138874630651201
0.5994588896801099	0.0140263376957711
0.5994774164581828	0.0141666010727291
0.5994959457153423	0.0143082670834561
0.5995144774844781	0.0144513497542905
0.5995330117986207	0.0145958632518334
0.5995515486912338	0.0147418218843515
0.5995700881965126	0.0148892401031953
0.5995886303496891	0.0150381325042273
0.5996071751873234	0.0151885138292696
0.5996257227475834	0.0153403989675623
0.5996442730705168	0.0154938029572376
0.5996628261982071	0.0156487409868098
0.5996813821747595	0.0158052283966783
0.5996999410163454	0.0159632806806454
0.5997185027233227	0.0161229134874518
0.5997370673035909	0.0162841426223259
0.5997556347712371	0.0164469840485487
0.5997742051432351	0.0166114538890339
0.5997927784397652	0.0167775684279238
0.5998113546845274	0.0169453441122031
0.5998299339049242	0.0171147975533253
0.5998485161320203	0.0172859455288586
0.5998671014005473	0.0174588049841476
0.5998856897489536	0.0176333930339895
0.5999042806828836	0.0178097269643295
0.5999228740618548	0.0179878242339724
0.5999414699796548	0.0181677024763122
0.5999600685305599	0.0183493795010751
0.5999786698095122	0.0185328732960857
0.5999972739090719	0.0187182020290463
0.6000158809187409	0.0189053840493372
0.6000344909257901	0.0190944378898301
0.6000531040160493	0.0192853822687283
0.6000717202746523	0.0194782360914159
0.6000903397867461	0.0196730184523297
0.6001089625800309	0.0198697486368529
0.6001275886834850	0.0200684461232208
0.6001462181336051	0.0202691305844532
0.6001648509740832	0.0204718218902979
0.6001834872555677	0.0206765401092010
0.6002021270339531	0.0208833055102924
0.6002207703667714	0.0210921385653959
0.6002394173139474	0.0213030599510497
0.6002580679382643	0.0215160905505598
0.6002767223056299	0.0217312514560649
0.6002953804853797	0.0219485639706261
0.6003140425505977	0.0221680496103321
0.6003327085784951	0.0223897301064359
0.6003513786508027	0.0226136274075007
0.6003700528537191	0.0228397636815751
0.6003887312731351	0.0230681613183911
0.6004074139945997	0.0232988429315746
0.6004261010469759	0.0235318313608897
0.6004447924496433	0.0237671496744989
0.6004634882313650	0.0240048211712433
0.6004821884303844	0.0242448693829554
0.6005008929708572	0.0244873180767857
0.6005196009989107	0.0247321912575535
0.6005383117199316	0.0249795131701293
0.6005570251967417	0.0252293083018310
0.6005757425343591	0.0254816013848492
0.6005944638627603	0.0257364173986970
0.6006131893112144	0.0259937815726845
0.6006319190092960	0.0262537193884105
0.6006506448066452	0.0265162565822951
0.6006693683738031	0.0267814191481182
0.6006880967643586	0.0270492333395992
0.6007068300930832	0.0273197256729957
0.6007255684677567	0.0275929229297261
0.6007443119207329	0.0278688521590239
0.6007630604984296	0.0281475406806148
0.6007818142549991	0.0284290160874205
0.6008005732527351	0.0287133062482940
0.6008193375625190	0.0290004393107777
0.6008381072643133	0.0292904437038854
0.6008568824476707	0.0295833481409247
0.6008756632116393	0.0298791816223342
0.6008944496647937	0.0301779734385584
0.6009132419194952	0.0304797531729431
0.6009320400909054	0.0307845507046731
0.6009508442984303	0.0310923962117201
0.6009696546429212	0.0314033201738375
0.6009884703647553	0.0317173533755768
0.6010072910151242	0.0320345269093333
0.6010261167272773	0.0323548721784273
0.6010449476449556	0.0326784209002117
0.6010637839130503	0.0330052051092132
0.6010826256873272	0.0333352571603060
0.6011014731298256	0.0336686097319091
0.6011203264069501	0.0340052958292283
0.6011391856905530	0.0343453487875209
0.6011580511590819	0.0346888022753964
0.6011769229986446	0.0350356902981508
0.6011958014007691	0.0353860472011316
0.6012146864549772	0.0357399076731439
0.6012335782480186	0.0360973067498754
0.6012524768805287	0.0364582798173735
0.6012713824677569	0.0368228626155471
0.6012902951402455	0.0371910912417028
0.6013092150437435	0.0375630021541198
0.6013281423381259	0.0379386321756602
0.6013470771885219	0.0383180184974174
0.6013660185082764	0.0387011986823912
0.6013849660756148	0.0390882106692153
0.6014038992739181	0.0394790927759078
0.6014228378608528	0.0398738837036674
0.6014417836564129	0.0402726225407042
0.6014607367928674	0.0406753487661108
0.6014796974235740	0.0410821022537724
0.6014986657193285	0.0414929232763102
0.6015176418607880	0.0419078525090723
0.6015366260401391	0.0423269310341626
0.6015556184621954	0.0427502003445051
0.6015746193456485	0.0431777023479503
0.6015936289244289	0.0436094793714303
0.6016126474044583	0.0440455741651452
0.6016316748843430	0.0444860299067967
0.6016507114850616	0.0449308902058656
0.6016697573505763	0.0453801991079248
0.6016888123789101	0.0458340010990034
0.6017078749628511	0.0462923411099921
0.6017269454320753	0.0467552645210927
0.6017460241229735	0.0472228171663049
0.6017651113742231	0.0476950453379677
0.6017842075298608	0.0481719957913460
0.6018033128350982	0.0486537157492588
0.6018224244595221	0.0491402529067501
0.6018415446981293	0.0496316554358175
0.6018606747188681	0.0501279719901771
0.6018798147857297	0.0506292517100784
0.6018989651801240	0.0511355442271791
0.6019181262027398	0.0516468996694499
0.6019372837321907	0.0521633686661448
0.6019564348114083	0.0526850023528060
0.6019755977221908	0.0532118523763336
0.6019947704279750	0.0537439709000963
0.6020139529866496	0.0542814106090978
0.6020331457116178	0.0548242247151873
0.6020523489383490	0.0553724669623379
0.6020715630257537	0.0559261916319625
0.6020907883561323	0.0564854535482825
0.6021100253207704	0.0570503080837638
0.6021292742609644	0.0576208111646001
0.6021485353922359	0.0581970192762469
0.6021678089694905	0.0587789894690092
0.6021870952877330	0.0593667793637001
0.6022063946697238	0.0599604471573388
0.6022257064090997	0.0605600516289113
0.6022450291139738	0.0611656521451991
0.6022643633412845	0.0617773086666529
0.6022837095644400	0.0623950817533207
0.6023030681430513	0.0630190325708544
0.6023224394730757	0.0636492228965617
0.6023418239767182	0.0642857151255257
0.6023612145719828	0.0649285722767798
0.6023805863005279	0.0655778579995478
0.6023999730151093	0.0662336365795450
0.6024193751716734	0.0668959729453399
0.6024387930084979	0.0675649326747921
0.6024582261531363	0.0682405820015406
0.6024776723812425	0.0689229878215557
0.6024971322321910	0.0696122176997694
0.6025166062808169	0.0703083398767664
0.6025360951322720	0.0710114232755346
0.6025555994097730	0.0717215375082920
0.6025751181601109	0.0724387528833728
0.6025946483067575	0.0731631404122048
0.6026141951018921	0.0738947718163250
0.6026337590631105	0.0746337195344873
0.6026533402271835	0.0753800567298309
0.6026729359913603	0.0761338572971294
0.6026925471771730	0.0768951958701006
0.6027121743020165	0.0776641478288037
0.6027317709308427	0.0784407893070897
0.6027513837575105	0.0792251972001617
0.6027710147650441	0.0800174491721633
0.6027906645796167	0.0808176236638855
0.6028103338768993	0.0816257999005254
0.6028300231927364	0.0824420578995323
0.6028497329795496	0.0832664784785268
0.6028694598852119	0.0840991432633099
0.6028892044620215	0.0849401346959409
0.6029089675449708	0.0857895360429025
0.6029287500201883	0.0866474314033336
0.6029485526917677	0.0875139057173655
0.6029683761669963	0.0883890447745376
0.6029882211236798	0.0892729352222848
0.6030080883137399	0.0901656645745063
0.6030279429887887	0.0910673212202519
0.6030477942343310	0.0919779944324556
0.6030676660271557	0.0928977743767788
0.6030875593303342	0.0938267521205442
0.6031074748829772	0.0947650196417515
0.6031274098043664	0.0957126698381695
0.6031473637149845	0.0966697965365524
0.6031673424480140	0.0976364945019178
0.6031873468025779	0.0986128594469355
0.6032073739754430	0.0995989880414059
0.6032274234248002	0.1005949779218199
0.6032474962599014	0.1016009277010389
0.6032675936531118	0.1026169369780506
0.6032877098863013	0.1036431063478293
0.6033077905669177	0.1046795374113058
0.6033278994029347	0.1057263327854204
0.6033480372457597	0.1067835961132770
0.6033682027099642	0.1078514320744117
0.6033883935409206	0.1089299463951531
0.6034086111556850	0.1100192458591069
0.6034288567639644	0.1111194383176972
0.6034491314425694	0.1122306327008735
0.6034694363846120	0.1133529390278806
0.6034897728771850	0.1144864684181607
0.6035101382476415	0.1156313331023405
0.6035305136857473	0.1167876464333630
0.6035508585435051	0.1179555228976983
0.6035712238236363	0.1191350781266764
0.6035916212490183	0.1203264289079404
0.6036120522800857	0.1215296931970168
0.6036325183685533	0.1227449901289841
0.6036530192044937	0.1239724400302755
0.6036735507992883	0.1252121644305762
0.6036941148496783	0.1264642860748786
0.6037147131584586	0.1277289289356282
0.6037353474804070	0.1290062182249828
0.6037559648731962	0.1302962804072321
0.6037765841350684	0.1315992432113032
0.6037972431278814	0.1329152356434190
0.6038179370701726	0.1342443879998523
0.6038386680492115	0.1355868318798495
0.6038594379771718	0.1369427001986459
0.6038802485193270	0.1383121272006318
0.6039011015104719	0.1396952484726387
0.6039219849633874	0.1410922009573636
0.6039429022144096	0.1425031229669369
0.6039637676450792	0.1439281541966099
0.6039846681574034	0.1453674357385752
0.6040056131133951	0.1468211100959624
0.6040266046444148	0.1482893211969250
0.6040476445920099	0.1497722144088961
0.6040687264783065	0.1512699365529878
0.6040898525507385	0.1527826359185167
0.6041110252871484	0.1543104622777056
0.6041322357243106	0.1558535669004866
0.6041533932303500	0.1574121025694900
0.6041746049142520	0.1589862235951889
0.6041958647370478	0.1605760858311391
0.6042171719999453	0.1621818466894544
0.6042385151824112	0.1638036651563471
0.6042599130533106	0.1654417018079066
0.6042813679814623	0.1670961188259812
0.6043028735159767	0.1687670800142420
0.6043243138500948	0.1704547508143800
0.6043458043047654	0.1721592983225275
0.6043673534968997	0.1738808913057570
0.6043889641047304	0.1756197002188128
0.6044106374245625	0.1773758972209976
0.6044323667616520	0.1791496561932076
0.6044541560837090	0.1809411527551409
0.6044759558317133	0.1827505642826890
0.6044977199208998	0.1845780699255165
0.6045195461533563	0.1864238506247672
0.6045414377932546	0.1882880891310127
0.6045633938371157	0.1901709700223206
0.6045854182494040	0.1920726797225480
0.6046075147421006	0.1939934065197749
0.6046296293184091	0.1959333405849732
0.6046517184301886	0.1978926739908216
0.6046738776148585	0.1998716007307270
0.6046961113950791	0.2018703167380331
0.6047184239359698	0.2038890199054157
0.6047408018307461	0.2059279101044699
0.6047632445760531	0.2079871892055158
0.6047856478781249	0.2100670610975670
0.6048080841219688	0.2121677317085436
0.6048306067837086	0.2142894090256279
0.6048532209734326	0.2164323031158817
0.6048759163606771	0.2185966261470359
0.6048986981170953	0.2207825924085075
0.6049214835710414	0.2229904183325902
0.6049442657982103	0.2252203225159159
0.6049671197336315	0.2274725257410794
0.6049900630535054	0.2297472509984941
0.6050131021457754	0.2320447235084762
0.6050362429445216	0.2343651707435614
0.6050593654070534	0.2367088224510012
0.6050825141106932	0.2390759106755150
0.6051057636422627	0.2414666697822743
0.6051291206539998	0.2438813364800944
0.6051525812575279	0.2463201498448939
0.6051761262478799	0.2487833513433404
0.6051995689529643	0.2512711848567701
0.6052231254845829	0.2537838967053349
0.6052468029026861	0.2563217356723859
0.6052706091657142	0.2588849530291037
0.6052945313684074	0.2614738025593937
0.6053184186301512	0.2640885405849877
0.6053423411375551	0.2667294259908325
0.6053663780383347	0.2693967202507440
0.6053905493342194	0.2720906874532507
0.6054148524966432	0.2748115943277821
0.6054391409235274	0.2775597102710644
0.6054634729640772	0.2803353073737696
0.6054879595876875	0.2831386604475118
0.6055125753220444	0.2859700470519848
0.6055373097924585	0.2888297475224985
0.6055619910562816	0.2917180449977289
0.6055867713099670	0.2946352254477007
0.6056117091751853	0.2975815777021757
0.6056368113467515	0.3005573934791934
0.6056620552850560	0.3035629674139909
0.6056871708543051	0.3065985970881365
0.6057124478305308	0.3096645830590111
0.6057379021878593	0.3127612288895990
0.6057635490773152	0.3158888411784962
0.6057891754590466	0.3190477295902814
0.6058148843636139	0.3222382068861780
0.6058407528941895	0.3254605889550345
0.6058668062922000	0.3287151948445874
0.6058929471560329	0.3320023467930283
0.6059190748903669	0.3353223702609619
0.6059454158035574	0.3386755939635659
0.6059719871180431	0.3420623499031942
0.6059986479260766	0.3454829734022237
0.6060252413486407	0.3489378031362407
0.6060520704369790	0.3524271811676050
0.6060791537676584	0.3559514529792781
0.6061064109121738	0.3595109675090684
0.6061335453938947	0.3631060771841559
0.6061609195543373	0.3667371379559984
0.6061885764377396	0.3704045093355600
0.6062163674508771	0.3741085544289221
0.6062441487757056	0.3778496399732063
0.6062721535329096	0.3816281363729404
0.6063004583408018	0.3854444177366693
0.6063287930657471	0.3892988619140290
0.6063572431355940	0.3931918505331680
0.6063860009450348	0.3971237690384925
0.6064150368439212	0.4010950067288767
0.6064439258939475	0.4051059567961637
0.6064731341077547	0.4091570163641242
0.6065027133061691	0.4132485865277644
0.6065323543085284	0.4173810723930421
0.6065620433603964	0.4215548831169785
0.6065921175580237	0.4257704319481485
0.6066226168045635	0.4300281362676247
0.6066528572856638	0.4343284176303011
0.6066834877795607	0.4386717018066061
0.6067145598956317	0.4430584188246724
0.6067456977727351	0.4474890030129233
0.6067769581759971	0.4519638930430540
0.6068086755331241	0.4564835319734896
0.6068406498517234	0.4610483672932255
0.6068726625630866	0.4656588509661657
0.6069051031805273	0.4703154394758310
0.6069379522808904	0.4750185938705873
0.6069707535423822	0.4797687798092968
0.6070040420834893	0.4845664676073905
0.6070378120078657	0.4894121322834585
0.6070714565349745	0.4943062536062983
0.6071056735223348	0.4992493161423530
0.6071404173568344	0.5042418093037730
0.6071750253175117	0.5092842273968180
0.6072102703120293	0.5143770696707880
0.6072460472259923	0.5195208403674967
0.6072817489342341	0.5247160487711758
0.6073181355722580	0.5299632092588823
0.6073550159425574	0.5352628413514673
0.6073919098511323	0.5406154697649774
0.6074295782393627	0.5460216244626217
0.6074676448947831	0.5514818407072406
0.6075059051177549	0.5569966591143142
0.6075450080374590	0.5625666257054641
0.6075843576626893	0.5681922919625172
0.6076241922398606	0.5738742148821495
0.6076648976288036	0.5796129570309644
0.6077056443873542	0.5854090866012749
0.6077471624229046	0.5912631774672948
0.6077896155502138	0.5971758092419626
0.6078320778785673	0.6031475673343778
0.6078755653284160	0.6091790430077255
0.6079197061848695	0.6152708334377990
0.6079641864789793	0.6214235417721762
0.6080102018964715	0.6276377771899042
0.6080559945474067	0.6339141549618047
0.6081030741402933	0.6402532965114214
0.6081511758224631	0.6466558294765314
0.6081995624311065	0.6531223877713032
0.6082497653253010	0.6596536116490208
0.6082997960276455	0.6662501477655122
0.6083516504850586	0.6729126492431737
0.6084043788722894	0.6796417757356058
0.6084578528238828	0.6864381934929626
0.6085133979967036	0.6933025754278931
0.6085689178209681	0.7002356011821699
0.6086265996231200	0.7072379571939856
0.6086854327394248	0.7143103367659281
0.6087453650037256	0.7214534401335808
0.6088079137551711	0.7286679745349215
0.6088706983008967	0.7359546542802647
0.6089364299600573	0.7433142008230698
0.6090030507554577	0.7507473428313057
0.6090724742864757	0.7582548162596124
0.6091438430213956	0.7658373644222124
0.6092172283687201	0.7734957380664317
0.6092941101240010	0.7812306954470952
0.6093721847803431	0.7890430024015697
0.6094558200391864	0.7969334324255886
0.6095388175100622	0.8049027667498492
0.6096289207468107	0.8129517944173454
0.6097200538463564	0.8210813123615182
0.6098181050550576	0.8292921254851355
0.6099184217307488	0.8375850467399879
0.6100257743171017	0.8459608972073873
0.6101384589329559	0.8544205061794620
0.6102571584351149	0.8629647112412574
0.6103848511599235	0.8715943583536725
0.6105198300213768	0.8803103019372124
0.6106689263596538	0.8891134049565843
0.6108204023441360	0.8980045390061522
0.6109879200707026	0.9074882066309238
0.6111852593745567	0.9165630886972355
0.6113889589321040	0.9257287195842070
0.6116300685803033	0.9347461746795191
0.6119015273033274	0.9435976061560241
0.6122018446529681	0.9530335822175843
0.6125198644102465	0.9671526130769873
0.6125813440130998	0.9608691523749948
0.6128572384086617	0.9668073845533108
0.6132464219346857	0.9737472849674165
0.6136660538625446	0.9820216083449198
0.6137610571831598	0.9876761094995966
0.6142088562755905	0.9897490028197189
0.6146037968953999	0.9887323288704242
0.6147762505021599	0.9837690474797828
0.6153808833226805	0.9929164888696335
0.6157497169583538	0.9956284448759730
0.6186347013822718	0.9976542565848165
0.6205403562776357	0.9985088169364481
0.6209245517456682	0.9993388142490690
0.6238510489925129	0.9995604948433217
0.6238525704267330	0.9996963614880050
0.6258937107721860	0.9998811366708539
0.6299726555175720	0.9999561015880788
0.6342541056704968	0.9999755745897513
0.6377656159410729	0.9999923482648115
0.6404097326517572	0.9999964474567485
0.6474419600994045	0.9999989733258678
0.6504049752884876	0.9999995055871238
0.6577745028907687	0.9999998450572630
0.6596058865828375	0.9999999275790997
0.6664773401522053	0.9999999777282048
0.6693269713649964	0.9999999897785358
0.6763078989760694	0.9999999969069332
0.6795230763916603	0.9999999985876110
0.6862989379864740	0.9999999995764079
0.6894871233745467	0.9999999998067785
0.6961675501302049	0.9999999999422939
0.6992588239537830	0.9999999999736469
0.7058711597905776	0.9999999999921333
0.7087969225279864	0.9999999999964021
0.7153837394516097	0.9999999999989249
0.7181758431714376	0.9999999999995077
0.7247836386481219	0.9999999999998525
0.7275055186017123	0.9999999999999325
0.7327870685792615	0.9999999999999847
0.7359444659744898	0.9999999999999963
0.7433678927465343	1.0000000000000053
0.7455482904738070	1.0000000000000073
0.7527595247631732	1.0000000000000080
0.7538706358742846	1.0000000000000080
2.9218110739698382	0.9800000000000079
2.9218110739698382	0.9999916822319356
3.3760620915916335	1.0001234761747055
3.4509802856614917	1.0000197014808783
3.4728535563705782	1.0000177437637652
3.4987564165531100	1.0000179239074571
3.5911320402601206	1.0000990377937147
3.6028584162324329	1.0000038535143456
4.0137970970250763	0.9993988276939040
4.0191958389657199	0.9999141956594670
4.0437629348232669	0.9999760475241091
4.2568507054093478	0.9999958779339436
4.2709007894320132	0.9999987706665480
4.2911978485895999	0.9999995627196243
4.3016186229787543	0.9999996650960208
4.3167462225390949	0.9999997082101075
4.3243030114707137	0.9999997137830102
4.3394151905865277	0.9999997161302617
4.3469710284995173	0.9999997164336666
4.3620826484611737	0.9999997165614593
4.3696383929949061	0.9999997165779778
4.3847500922018030	0.9999997165849351
4.3923058387818390	0.9999997165858346
4.4074120831325310	0.9999997165862137
4.4149871077576783	0.9999997165862626
4.4274361372289128	1.0000107218240837
4.4299318686858440	1.0000123281336777
4.4542447185027525	1.0000123549553732
4.4978703291319624	1.0000123554034388
4.5414785964557609	1.0000123554109248
4.5851012949493581	1.0000123554110498
4.6276067433868988	1.0000123554110518
4.6347806036336250	1.0000123554110520
4.6854379308189786	1.0000984426619108
4.6969010892447063	1.0000146882853302
5.2651031056752027	0.9994132122757167
5.2679711428066023	0.9999244481662970
5.3765738815406019	0.9999873499299131
5.3765792484942772	0.9999954551765396
5.4290441098579434	0.9999965053454334
5.4293828810654698	0.9999967934777590
5.4525720407451912	0.9999968307203911
5.4634073706502644	0.9999968409703324
5.4865345539618540	0.9999968422952391
5.4973974413915787	0.9999968426598749
5.5205241542430565	0.9999968427070079
5.5313846903558028	0.9999968427199802
5.5545113746205592	0.9999968427216570
5.5653692336699638	0.9999968427221184
5.5884562690483026	0.9999968427221781
5.5992703519607812	0.9999968427221946
5.6213965635862539	0.9999968427221969
5.6361769259328725	0.9999968427221974
5.6403192227916721	0.9999968427221974
5.6643163467114439	1.0099968111494193
5.6647880258189405	1.0036180754100532
5.6648053538522909	1.0004911054404235
5.6767282702018544	1.0000805861107958
5.6982996426096335	0.9998159818532024
5.7553284307010744	0.9999755287472660
5.7561249185144501	0.9999961790469223
6.7241220072528067	0.9999993570582010
6.7498644728456076	0.9999997647365829
6.7719012623522925	0.9999998174296270
6.7938327681214687	0.9999998242213295
6.8157000972730915	0.9999998250991783
6.8375061735711808	0.9999998252126424
6.8593103164337013	0.9999998252273086
6.8811131003742618	0.9999998252292046
6.9029086607743144	0.9999998252294496
6.9246858259652990	0.9999998252294812
6.9459201539698094	0.9999998252294851
6.9617164026182108	0.9999998252294856
7.2475872554190737	0.9999998824948739
7.2475872575957423	0.9999998898969830
7.2510066278078975	0.9999998908537762
7.2728093009261743	0.9999998909774501
7.2946117697064450	0.9999998909934364
7.3164127321329486	0.9999998909955028
7.3382150440418608	0.9999998909957699
7.3600193462494214	0.9999998909958043
7.3818696488989310	0.9999998909958089
7.4053783005845499	0.9999998909958093
