0.0000000000000000	0.0000000000000000
0.5982120868766894	0.0000300000000000
0.5984371158575682	0.0000085962033118
0.5999536478178327	0.0000150389791190
0.6000188175683738	0.0000254648691181
0.6003179879738653	0.0000240981002929
0.6008041844321578	0.0000266496409724
0.6011943078738315	0.0000302189810998
0.6015684654818124	0.0000402189810998
0.6017199926012861	0.0000422264648576
0.6021311135540559	0.0000532332490903
0.6025060421113089	0.0000639704110789
0.6028234108236195	0.0000739704110789
0.6030836745058674	0.0000839704110789
0.6033161728739409	0.0000939704110789
0.6035322007740661	0.0001039704110789
0.6037138852258513	0.0001139704110789
0.6038895796388675	0.0001239704110789
0.6040423171329005	0.0001339704110789
0.6041910860688073	0.0001439704110789
0.6043227000786442	0.0001539704110789
0.6044507248555427	0.0001639704110789
0.6045661215784245	0.0001739704110789
0.6046784589436985	0.0001839704110789
0.6047801416007388	0.0001939704110790
0.6048788552325105	0.0002039704110790
0.6049734190771929	0.0002139704110790
0.6050623920743198	0.0002239704110790
0.6051473879322417	0.0002339704110790
0.6052285353226463	0.0002439704110790
0.6053058841359680	0.0002539704110790
0.6053805279962048	0.0002639704110790
0.6054516277456028	0.0002739704110790
0.6055207480543470	0.0002839704110790
0.6055864856654415	0.0002939704110790
0.6056507635786230	0.0003039704110790
0.6057119876626698	0.0003139704110790
0.6057721548627110	0.0003239704110790
0.6058294997907701	0.0003339704110790
0.6058860414258456	0.0003439704110790
0.6059398659973582	0.0003539704110790
0.6059931993753738	0.0003639704110790
0.6060440908698234	0.0003739704110790
0.6060945520277908	0.0003839704110790
0.6061426486544303	0.0003939704110790
0.6061905348315629	0.0004039704110790
0.6062362019550226	0.0004139704110790
0.6062816447996923	0.0004239704110789
0.6063251863003800	0.0004339704110790
0.6063684604090420	0.0004439704110790
0.6064100366736550	0.0004539704110790
0.6064512552814998	0.0004639704110790
0.6064910624131260	0.0004739704110790
0.6065304780178871	0.0004839704110790
0.6065686917572806	0.0004939704110790
0.6066064439822835	0.0005039704110790
0.6066431762736340	0.0005139704110790
0.6066794080628148	0.0005239704110790
0.6067147694342243	0.0005339704110790
0.6067495847530748	0.0005439704110790
0.6067836712507944	0.0005539704110790
0.6068171927543553	0.0005639704110790
0.6068500125580362	0.0005739704110790
0.6068822414371295	0.0005839704110790
0.6069140035756546	0.0005939704110790
0.6069451988670231	0.0006039704110790
0.6069758413531016	0.0006139704110790
0.6070059202671495	0.0006239704110790
0.6070357282709721	0.0006339704110790
0.6070647392407980	0.0006439704110790
0.6070936259071726	0.0006539704110790
0.6071217583985371	0.0006639704110790
0.6071497670863364	0.0006739704110790
0.6071770453869102	0.0006839704110790
0.6072042548370172	0.0006939704110790
0.6072307194065913	0.0007039704110790
0.6072572089879467	0.0007139704110790
0.6072828603215780	0.0007239704110790
0.6073085792196241	0.0007339704110790
0.6073336078595822	0.0007439704110790
0.6073585296770149	0.0007539704110790
0.6073829809489448	0.0007639704110790
0.6074072364734058	0.0007739704110790
0.6074309941581997	0.0007839704110791
0.6074546586646283	0.0007939704110790
0.6074778937439247	0.0008039704110790
0.6075008721934618	0.0008139704110791
0.6075235138330735	0.0008239704110791
0.6075459874778016	0.0008339704110791
0.6075681680868796	0.0008439704110791
0.6075900174753615	0.0008539704110790
0.6076116090052197	0.0008639704110791
0.6076329758423737	0.0008739704110791
0.6076541269664429	0.0008839704110791
0.6076750308838834	0.0008939704110791
0.6076957449267503	0.0009039704110791
0.6077161386327679	0.0009139704110791
0.6077363489423259	0.0009239704110791
0.6077562767274820	0.0009339704110791
0.6077760823381391	0.0009439704110791
0.6077955845289346	0.0009539704110791
0.6078149946916437	0.0009639704110791
0.6078340882328881	0.0009739704110791
0.6078531135888525	0.0009839704110791
0.6078718072174860	0.0009939704110791
0.6078904599395492	0.0010039704110791
0.6079087709278590	0.0010140101151899
0.6079271226504080	0.0010241502163418
0.6079453353644363	0.0010343917185052
0.6079636760282398	0.0010447356356902
0.6079819168776314	0.0010551829920471
0.6080002411858857	0.0010657348219676
0.6080185155041201	0.0010763921701872
0.6080368192266989	0.0010871560918891
0.6080551321449990	0.0010980276528080
0.6080734132594764	0.0011090079293361
0.6080917696423938	0.0011200980086294
0.6081100243689005	0.0011312989887158
0.6081283749323194	0.0011426119786029
0.6081466575660733	0.0011540380983889
0.6081649727562125	0.0011655784793728
0.6081833138105642	0.0011772342641665
0.6082015961575615	0.0011890066068082
0.6082199503910938	0.0012008966728763
0.6082382459804840	0.0012129056396051
0.6082565627358393	0.0012250346960011
0.6082749300220354	0.0012372850429612
0.6082932065577964	0.0012496578933908
0.6083115425697267	0.0012621544723247
0.6083298905374199	0.0012747760170480
0.6083481837922842	0.0012875237772185
0.6083665273674047	0.0013003990149907
0.6083848720742233	0.0013134030051405
0.6084031719648397	0.0013265370351920
0.6084215143832902	0.0013398024055439
0.6084398710522799	0.0013532004295994
0.6084581701263440	0.0013667324338954
0.6084765048044009	0.0013803997582343
0.6084948672188051	0.0013942037558166
0.6085131810491098	0.0014081457933748
0.6085315040860950	0.0014222272513085
0.6085498505220263	0.0014364495238216
0.6085682110836164	0.0014508140190598
0.6085865205424228	0.0014653221592505
0.6086048499386677	0.0014799753808430
0.6086231982372199	0.0014947751346514
0.6086415613164466	0.0015097228859979
0.6086598771988722	0.0015248201148579
0.6086782058103777	0.0015400683160064
0.6086965472382359	0.0015554689991665
0.6087149001072618	0.0015710236891581
0.6087332566144851	0.0015867339260497
0.6087515789839307	0.0016026012653103
0.6087699113354512	0.0016186272779633
0.6087882519471958	0.0016348135507429
0.6088065992281065	0.0016511616862504
0.6088249521553393	0.0016676733031129
0.6088433091210985	0.0016843500361440
0.6088616413999925	0.0017011935365054
0.6088799768685390	0.0017182054718705
0.6088983162885518	0.0017353875265892
0.6089166596625707	0.0017527414018551
0.6089350052905370	0.0017702688158737
0.6089533535284029	0.0017879715040324
0.6089717025666908	0.0018058512190727
0.6089900532278517	0.0018239097312635
0.6090084037314764	0.0018421488285761
0.6090267551774097	0.0018605703168619
0.6090451056968510	0.0018791760200305
0.6090634567636869	0.0018979677802308
0.6090818065403576	0.0019169474580331
0.6091001540191927	0.0019361169326134
0.6091185031151776	0.0019554781019395
0.6091368520631830	0.0019750328829589
0.6091552011108129	0.0019947832117885
0.6091735492683441	0.0020147310439064
0.6091918969268338	0.0020348783543455
0.6092102441738853	0.0020552271378890
0.6092285911988418	0.0020757794092680
0.6092469380381001	0.0020965372033607
0.6092652850716997	0.0021175025753943
0.6092836317626049	0.0021386776011482
0.6093019790975990	0.0021600643771597
0.6093203258593007	0.0021816650209313
0.6093386730104271	0.0022034816711406
0.6093570201343912	0.0022255164878520
0.6093753673399585	0.0022477716527304
0.6093937151015779	0.0022702493692577
0.6094120626402496	0.0022929518629503
0.6094304106827063	0.0023158813815798
0.6094487588625567	0.0023390401953955
0.6094671071897005	0.0023624305973494
0.6094854562628774	0.0023860549033230
0.6095038052125910	0.0024099154523563
0.6095221545216352	0.0024340146068799
0.6095405044942644	0.0024583547529488
0.6095588544397758	0.0024829383004783
0.6095772048354260	0.0025077676834831
0.6095955558689801	0.0025328453603179
0.6096139069591545	0.0025581738139211
0.6096322585035736	0.0025837555520604
0.6096506108033115	0.0026095931075809
0.6096689631650618	0.0026356890386567
0.6096873159214983	0.0026620459290432
0.6097056693694782	0.0026886663883336
0.6097240231582908	0.0027155530522170
0.6097423772172397	0.0027427085827391
0.6097607317180975	0.0027701356685665
0.6097790868591364	0.0027978370252522
0.6097974421174310	0.0028258153955048
0.6098157976786492	0.0028540735494598
0.6098341537156161	0.0028826142849545
0.6098525103944821	0.0029114404278041
0.6098708673552800	0.0029405548320821
0.6098892246207838	0.0029699603804029
0.6099075823451101	0.0029996599842069
0.6099259406264105	0.0030296565840491
0.6099442995660048	0.0030599531498896
0.6099626588161630	0.0030905526813886
0.6099810184411111	0.0031214582082025
0.6099993785405097	0.0031526727902846
0.6100177391767032	0.0031841995181875
0.6100361004126852	0.0032160415133694
0.6100544622836969	0.0032482019285031
0.6100728246350922	0.0032806839477881
0.6100911874274996	0.0033134907872660
0.6101095507081061	0.0033466256951386
0.6101279145218398	0.0033800919520900
0.6101462788981347	0.0034138928716108
0.6101646438643525	0.0034480318003270
0.6101830094372496	0.0034825121183302
0.6102013756303939	0.0035173372395135
0.6102197424522933	0.0035525106119086
0.6102381099079985	0.0035880357180276
0.6102564780013243	0.0036239160752079
0.6102748467315456	0.0036601552359599
0.6102932161008352	0.0036967567883194
0.6103115861064181	0.0037337243562027
0.6103299567506697	0.0037710615997647
0.6103483280291062	0.0038087722157624
0.6103666999455757	0.0038468599379200
0.6103850724956863	0.0038853285372991
0.6104034456860202	0.0039241818226721
0.6104218195114920	0.0039634236408989
0.6104401939792506	0.0040030578773080
0.6104585690864894	0.0040430884560810
0.6104769448387141	0.0040835193406419
0.6104953212377527	0.0041243545340482
0.6105136982873858	0.0041655980793888
0.6105320759944994	0.0042072540601827
0.6105504543608508	0.0042493266007845
0.6105688333969634	0.0042918198667925
0.6105872131044493	0.0043347380654604
0.6106055934913631	0.0043780854461151
0.6106239745657804	0.0044218663005763
0.6106423563328575	0.0044660849635821
0.6106607388044859	0.0045107458132180
0.6106791219831875	0.0045558532713502
0.6106975058640417	0.0046014118040636
0.6107158904473619	0.0046474259221044
0.6107342757277195	0.0046939001813254
0.6107526617062130	0.0047408391831386
0.6107710483860508	0.0047882475749701
0.6107894357669900	0.0048361300507198
0.6108078238541195	0.0048844913512270
0.6108262126540869	0.0049333362647394
0.6108446021701370	0.0049826696273869
0.6108629924099299	0.0050324963236606
0.6108813833843323	0.0050828212868973
0.6108997750988315	0.0051336494997662
0.6109181675626835	0.0051849859947637
0.6109365607885581	0.0052368358547112
0.6109549547868746	0.0052892042132584
0.6109733495677622	0.0053420962553909
0.6109917451444133	0.0053955172179446
0.6110101415321368	0.0054494723901239
0.6110285387429681	0.0055039671140251
0.6110469367897701	0.0055590067851654
0.6110653356872621	0.0056145968530172
0.6110837354513077	0.0056707428215474
0.6111021360954265	0.0057274502497628
0.6111205376305917	0.0057847247522605
0.6111389400685674	0.0058425719997831
0.6111573434216048	0.0059009977197810
0.6111757477024581	0.0059600076969789
0.6111941529231577	0.0060196077739486
0.6112125590934775	0.0060798038516880
0.6112309662241285	0.0061406018902049
0.6112493743265938	0.0062020079091070
0.6112677834130947	0.0062640279881979
0.6112861934964912	0.0063266682680798
0.6113046045902432	0.0063899349507605
0.6113230167077927	0.0064538343002679
0.6113414298616237	0.0065183726432706
0.6113598440649741	0.0065835563697033
0.6113782593317472	0.0066493919334004
0.6113966756763841	0.0067158858527342
0.6114150931138592	0.0067830447112615
0.6114335116595783	0.0068508751583742
0.6114519313294290	0.0069193839099578
0.6114703521396880	0.0069885777490574
0.6114887741071144	0.0070584635265478
0.6115071972488613	0.0071290481618131
0.6115256215826113	0.0072003386434313
0.6115440471264941	0.0072723420298655
0.6115624738992078	0.0073450654501642
0.6115809019199413	0.0074185161046656
0.6115993312085110	0.0074927012657122
0.6116177617837667	0.0075676282783694
0.6116361936636281	0.0076433045611530
0.6116546268652044	0.0077197376067647
0.6116730614050310	0.0077969349828325
0.6116914963703791	0.0078749043326608
0.6117099291068572	0.0079536533759874
0.6117283633084661	0.0080331899097474
0.6117467989843650	0.0081135218088448
0.6117652361249918	0.0081946570269333
0.6117836747181585	0.0082766035972026
0.6118021147548918	0.0083593696331746
0.6118205562292779	0.0084429633295063
0.6118389991383081	0.0085273929628016
0.6118574434818305	0.0086126668924296
0.6118758892623594	0.0086987935613537
0.6118943364849584	0.0087857814969671
0.6119127851570396	0.0088736393119369
0.6119312352881396	0.0089623757050565
0.6119496868898269	0.0090519994621071
0.6119681399755601	0.0091425194567284
0.6119865945605738	0.0092339446512959
0.6120050506618445	0.0093262840978088
0.6120235082980044	0.0094195469387868
0.6120419674117193	0.0095137424081748
0.6120604277068737	0.0096088798322567
0.6120788892302862	0.0097049686305795
0.6120973520262766	0.0098020183168851
0.6121158161371800	0.0099000385000541
0.6121342816037765	0.0099990388850547
0.6121527484654611	0.0100990292739053
0.6121712167604919	0.0102000195666445
0.6121896865262313	0.0103020197623106
0.6122081577993448	0.0104050399599336
0.6122266306160088	0.0105090903595330
0.6122451050121385	0.0106141812631286
0.6122635810235993	0.0107203230757597
0.6122820586863772	0.0108275263065172
0.6123005380367437	0.0109358015695825
0.6123190191114499	0.0110451595852786
0.6123375019477370	0.0111556111811316
0.6123559865833473	0.0112671672929432
0.6123744730565167	0.0113798389658726
0.6123929614060182	0.0114936373555314
0.6124114516708430	0.0116085737290865
0.6124299438880196	0.0117246594663775
0.6124484380740988	0.0118419060610414
0.6124669342301594	0.0119603251216521
0.6124854323602648	0.0120799283728688
0.6125039324715268	0.0122007276565976
0.6125224345741589	0.0123227349331636
0.6125409386814160	0.0124459622824948
0.6125594448094358	0.0125704219053200
0.6125779529771246	0.0126961261243731
0.6125964632060827	0.0128230873856166
0.6126149755205659	0.0129513182594729
0.6126334899474591	0.0130808314420676
0.6126520065162639	0.0132116397564887
0.6126705252591055	0.0133437561540539
0.6126890462107630	0.0134771937155942
0.6127075694084817	0.0136119656527502
0.6127260948896325	0.0137480853092782
0.6127446226909840	0.0138855661623707
0.6127631528490856	0.0140244218239942
0.6127816854006325	0.0141646660422340
0.6128002203828161	0.0143063127026561
0.6128187578336648	0.0144493758296831
0.6128372977923729	0.0145938695879800
0.6128558402996036	0.0147398082838599
0.6128743853974998	0.0148872063666989
0.6128929331297328	0.0150360784303659
0.6129114835415883	0.0151864392146697
0.6129300366800866	0.0153383036068159
0.6129485925534701	0.0154916866428845
0.6129671511676082	0.0156466035093129
0.6129857125346558	0.0158030695444056
0.6130042766697752	0.0159611002398500
0.6130228435914485	0.0161207112422483
0.6130414130393697	0.0162819183546709
0.6130599846671883	0.0164447375382174
0.6130785585438047	0.0166091849135998
0.6130971347383578	0.0167752767627359
0.6131157133205433	0.0169430295303632
0.6131342943609334	0.0171124598256670
0.6131528779313025	0.0172835844239240
0.6131714641049600	0.0174564202681632
0.6131900529568213	0.0176309844708453
0.6132086445634332	0.0178072943155541
0.6132272390017758	0.0179853672587101
0.6132458363465142	0.0181652209312971
0.6132644366707974	0.0183468731406097
0.6132830400470225	0.0185303418720154
0.6133016465475492	0.0187156452907360
0.6133202562452709	0.0189028017436433
0.6133388692138854	0.0190918297610796
0.6133574854872241	0.0192827480586902
0.6133761050841995	0.0194755755392769
0.6133947280317548	0.0196703312946696
0.6134133543645937	0.0198670346076161
0.6134319841249692	0.0200657049536917
0.6134506173591205	0.0202663620032284
0.6134692541158916	0.0204690256232605
0.6134878925915964	0.0206737158794930
0.6135065245674115	0.0208804530382877
0.6135251604284696	0.0210892575686701
0.6135438002157891	0.0213001501443571
0.6135624439755251	0.0215131516458008
0.6135810917592495	0.0217282831622594
0.6135997436240763	0.0219455659938823
0.6136183996325607	0.0221650216538205
0.6136370598526721	0.0223866718703594
0.6136557243525271	0.0226105385890635
0.6136743932009902	0.0228366439749535
0.6136930664561920	0.0230650104147033
0.6137117435688475	0.0232956605188508
0.6137304241709252	0.0235286171240387
0.6137491083379616	0.0237639032952788
0.6137677961511332	0.0240015423282312
0.6137864876972702	0.0242415577515140
0.6138051830689576	0.0244839733290286
0.6138238823647203	0.0247288130623188
0.6138425856883575	0.0249761011929421
0.6138612931435797	0.0252258622048718
0.6138800048349565	0.0254781208269206
0.6138987208686505	0.0257329020351893
0.6139174412305016	0.0259902310555419
0.6139361642945204	0.0262501333660971
0.6139548920158436	0.0265126346997575
0.6139736245146448	0.0267777610467556
0.6139923618858425	0.0270455386572235
0.6140111041706977	0.0273159940437954
0.6140298514184898	0.0275891539842334
0.6140486036864724	0.0278650455240756
0.6140673610404072	0.0281436959793170
0.6140861235551083	0.0284251329391102
0.6141048913144448	0.0287093842685006
0.6141236644114045	0.0289964781111854
0.6141424429482520	0.0292864428922971
0.6141612270338180	0.0295793073212200
0.6141800167793078	0.0298751003944327
0.6141988115218422	0.0301738513983768
0.6142176108775687	0.0304755899123605
0.6142364150488476	0.0307803458114839
0.6142552242129463	0.0310881492695990
0.6142740384696923	0.0313990307622957
0.6142928579311985	0.0317130210699183
0.6143116827220765	0.0320301512806178
0.6143305129764203	0.0323504527934245
0.6143493488321843	0.0326739573213594
0.6143681904322985	0.0330006968945723
0.6143870379257921	0.0333307038635175
0.6144058775087062	0.0336640109021518
0.6144247177737083	0.0340006510111732
0.6144435646550453	0.0343406575212844
0.6144624182989268	0.0346840640964963
0.6144812788561139	0.0350309047374622
0.6145001463981906	0.0353812137848367
0.6145190209754626	0.0357350259226845
0.6145379026553871	0.0360923761819115
0.6145567915227064	0.0364532999437298
0.6145756876793416	0.0368178329431665
0.6145945912444629	0.0371860112725987
0.6146135008366346	0.0375578713853248
0.6146324165346310	0.0379334500991775
0.6146513385820775	0.0383127846001703
0.6146702672239625	0.0386959124461715
0.6146892027083239	0.0390828715706328
0.6147081452474198	0.0394737002863385
0.6147270949657713	0.0398684372892011
0.6147460520097771	0.0402671216620937
0.6147650165410210	0.0406697928787152
0.6147839887316893	0.0410764908075033
0.6148029687658521	0.0414872557155779
0.6148219568408250	0.0419021282727341
0.6148409531685154	0.0423211495554625
0.6148599579758237	0.0427443610510165
0.6148789714939417	0.0431718046615254
0.6148979938342479	0.0436035227081413
0.6149170251066974	0.0440395579352227
0.6149360639400935	0.0444799535145739
0.6149551101312689	0.0449247530497201
0.6149741639614194	0.0453740005802183
0.6149932257267693	0.0458277405860197
0.6150122924837341	0.0462860179918808
0.6150313436601151	0.0467488781718008
0.6150504039765590	0.0472163669535187
0.6150694737027721	0.0476885306230528
0.6150885530884175	0.0481654159292826
0.6151076422671687	0.0486470700885753
0.6151267414059930	0.0491335407894604
0.6151458506969795	0.0496248761973541
0.6151649681426623	0.0501211249593281
0.6151840943301680	0.0506223362089216
0.6152032313163607	0.0511285595710116
0.6152223790733604	0.0516398451667229
0.6152415357861277	0.0521562436183906
0.6152607018682115	0.0526778060545760
0.6152798775874349	0.0532045841151219
0.6152990632327837	0.0537366299562717
0.6153182591158580	0.0542739962558332
0.6153374655726134	0.0548167362183906
0.6153566829643440	0.0553649035805747
0.6153759116625237	0.0559185526163820
0.6153951520518728	0.0564777381425472
0.6154144043797504	0.0570425155239716
0.6154336688726102	0.0576129406792123
0.6154529457982719	0.0581890700860028
0.6154722348339843	0.0587709607868641
0.6154915136115129	0.0593586703947323
0.6155107892956513	0.0599522570986797
0.6155300765658411	0.0605517796696652
0.6155493758895588	0.0611572974663618
0.6155686877554704	0.0617688704410260
0.6155880124781056	0.0623865591454370
0.6156073503678346	0.0630104247368910
0.6156267017656140	0.0636405289842609
0.6156460670457978	0.0642769342741017
0.6156654466192754	0.0649197036168438
0.6156848409328338	0.0655689006530128
0.6157042503835961	0.0662245896595418
0.6157236725457572	0.0668868355561363
0.6157431074743962	0.0675557039116995
0.6157625556603585	0.0682312609508147
0.6157820176320767	0.0689135735603248
0.6158014939551504	0.0696027092959283
0.6158209852129104	0.0702987363888862
0.6158404919799165	0.0710017237527747
0.6158600146143360	0.0717117409903013
0.6158795202089982	0.0724288584002038
0.6158990302735651	0.0731531469842067
0.6159185523098116	0.0738846784540471
0.6159380900003142	0.0746235252385870
0.6159576427195886	0.0753697604909715
0.6159772111927807	0.0761234580958813
0.6159967960787417	0.0768846926768409
0.6160163978634026	0.0776535396036078
0.6160360170888132	0.0784300749996422
0.6160556543405417	0.0792143757496394
0.6160753102530603	0.0800065195071337
0.6160949855141994	0.0808065847022052
0.6161146797088037	0.0816146505492253
0.6161343903236521	0.0824307970547155
0.6161541180749809	0.0832551050252603
0.6161738637253126	0.0840876560755122
0.6161936210652232	0.0849285326362667
0.6162133507405507	0.0857778179626279
0.6162331011742845	0.0866355961422519
0.6162528729978398	0.0875019521036722
0.6162726667337874	0.0883769716247104
0.6162924829860493	0.0892607413409582
0.6163123196377827	0.0901533487543675
0.6163321757923554	0.0910548822419130
0.6163520524527083	0.0919654310643315
0.6163719504844752	0.0928850853749748
0.6163918706265187	0.0938139362287254
0.6164118137057610	0.0947520755910101
0.6164317806206450	0.0956995963469180
0.6164517683355927	0.0966565923103895
0.6164717731501416	0.0976231582334908
0.6164917434153937	0.0985993898158283
0.6165117307313241	0.0995853837139863
0.6165317418176964	0.1005812375511263
0.6165517776759077	0.1015870499266369
0.6165718393715840	0.1026029204259044
0.6165919279992903	0.1036289496301630
0.6166120443084944	0.1046652391264640
0.6166321875216456	0.1057118915177277
0.6166523548142899	0.1067690104329053
0.6166725475051437	0.1078367005372330
0.6166927669850283	0.1089150675426064
0.6167130143758160	0.1100042182180324
0.6167332631467778	0.1111042604002121
0.6167534943815778	0.1122153030042164
0.6167737573979483	0.1133374560342578
0.6167940507663898	0.1144708305946027
0.6168143721439622	0.1156155389005473
0.6168347229837756	0.1167716942895530
0.6168551045205325	0.1179394112324485
0.6168755159383134	0.1191188053447748
0.6168959513643686	0.1203099933982246
0.6169164214972300	0.1215130933322098
0.6169369213231418	0.1227282242655340
0.6169574353952024	0.1239555065081875
0.6169779153920584	0.1251950615732676
0.6169984297347400	0.1264470121889975
0.6170189800755771	0.1277114823108862
0.6170395679796854	0.1289885971339956
0.6170601947333270	0.1302784831053379
0.6170808558062850	0.1315812679363910
0.6171015516724692	0.1328970806157583
0.6171222843304845	0.1342260514219163
0.6171430556161400	0.1355683119361320
0.6171638535574191	0.1369239950554962
0.6171846085551588	0.1382932350060541
0.6172054075504889	0.1396761673561109
0.6172262443369930	0.1410729290296741
0.6172471072133094	0.1424836583199686
0.6172680115700979	0.1439084949031669
0.6172889597480424	0.1453475798521947
0.6173099538571918	0.1468010556507132
0.6173309911703577	0.1482690662072212
0.6173520702260764	0.1497517568692946
0.6173730927880136	0.1512492744379902
0.6173941558072311	0.1527617671823698
0.6174152674051734	0.1542893848541917
0.6174364300576819	0.1558322787027359
0.6174576428295188	0.1573906014897618
0.6174789016636816	0.1589645075046587
0.6175002092238145	0.1605541525797074
0.6175215683650015	0.1621596941055041
0.6175429097976658	0.1637812910465571
0.6175642390395273	0.1654191039570268
0.6175856241525733	0.1670732949965951
0.6176070606871374	0.1687440279465645
0.6176285517734110	0.1704314682260295
0.6176501007209803	0.1721357829082854
0.6176717101161066	0.1738571407373724
0.6176933769757074	0.1755957121447489
0.6177150081969057	0.1773516692662009
0.6177366590607484	0.1791251859588662
0.6177583720982104	0.1809164378184525
0.6177801505007663	0.1827256021966414
0.6178019952317463	0.1845528582186085
0.6178238806701334	0.1863983868007967
0.6178458296882047	0.1882623706688086
0.6178677858483861	0.1901449943754948
0.6178897247313775	0.1920464443192528
0.6179117379025438	0.1939669087624446
0.6179338219434928	0.1959065778500653
0.6179559750565610	0.1978656436285635
0.6179782017118054	0.1998443000648536
0.6180005059627084	0.2018427430654970
0.6180227864468851	0.2038611704961475
0.6180450798857312	0.2058997822011092
0.6180674295981212	0.2079587800231160
0.6180898595181553	0.2100383678233475
0.6181123741976198	0.2121387515015842
0.6181349753886397	0.2142601390166022
0.6181576194244421	0.2164027404067642
0.6181802103079178	0.2185667678108308
0.6182028900808798	0.2207524354889356
0.6182256638597917	0.2229599598438256
0.6182485328853982	0.2251895594422686
0.6182714723892716	0.2274414550366938
0.6182944631446958	0.2297158695870659
0.6183173894005183	0.2320130282829348
0.6183404199868698	0.2343331585657663
0.6183635532929893	0.2366764901514214
0.6183867855904543	0.2390432550529334
0.6184101234981609	0.2414336876034626
0.6184334754904223	0.2438480244794966
0.6184568256587557	0.2462865047242911
0.6184802533367755	0.2487493697715385
0.6185037899750432	0.2512368634692569
0.6185274450813044	0.2537492321039457
0.6185512141120955	0.2562867244249839
0.6185748855037454	0.2588495916692384
0.6185986746265499	0.2614380875859357
0.6186225905543888	0.2640524684618003
0.6186466372491581	0.2666929931464192
0.6186707765241025	0.2693599230778775
0.6186948416263027	0.2720535223086578
0.6187190016428313	0.2747740575317490
0.6187433058482089	0.2775217981070683
0.6187677580676324	0.2802970160881440
0.6187923484494469	0.2830999862490197
0.6188168517284373	0.2859309861115064
0.6188414338936660	0.2887902959726192
0.6188661789438580	0.2916781989323398
0.6188910750288091	0.2945949809216691
0.6189160905932176	0.2975409307308843
0.6189410232716460	0.3005163400381928
0.6189661356314365	0.3035215034385813
0.6189913993203265	0.3065567184729605
0.6190168038589082	0.3096222856576941
0.6190422040960474	0.3127185085142688
0.6190676700473420	0.3158456935994060
0.6190933266172108	0.3190041505354026
0.6191191728989330	0.3221941920407619
0.6191451236895680	0.3254161339611693
0.6191709809431020	0.3286702953007836
0.6191970492116418	0.3319569982537960
0.6192233258196769	0.3352765682363306
0.6192498180944265	0.3386293339186958
0.6192761771026123	0.3420156272578769
0.6193027216714593	0.3454357835304619
0.6193294759926310	0.3488901413657644
0.6193564780490391	0.3523790427794226
0.6193833460320534	0.3559028332072178
0.6194104551805363	0.3594618615392830
0.6194377828467972	0.3630564801546703
0.6194653295052147	0.3666870449562158
0.6194927397945923	0.3703539154057706
0.6195204276827108	0.3740574545598293
0.6195483987174253	0.3777980291054312
0.6195765170511894	0.3815760093964888
0.6196045561290658	0.3853917694904566
0.6196328966248621	0.3892456871853599
0.6196615551181679	0.3931381440572168
0.6196902798226270	0.3970695254977882
0.6197190296967995	0.4010402207527652
0.6197481075734466	0.4050506229602859
0.6197775454949357	0.4091011291898841
0.6198068364672323	0.4131921404817829
0.6198364184889888	0.4173240618865959
0.6198663387139739	0.4214973025054589
0.6198963863800788	0.4257122755305124
0.6199265501080493	0.4299693982858163
0.6199570576749935	0.4342690922686716
0.6199878897441629	0.4386117831913532
0.6200186010273292	0.4429979010232701
0.6200497974215423	0.4474278800334952
0.6200813440059896	0.4519021588338293
0.6201128110919610	0.4564211804221728
0.6201446499773819	0.4609853922263951
0.6201769971013749	0.4655952461486557
0.6202093147278283	0.4702511986101350
0.6202418773224552	0.4749537105962428
0.6202750365986156	0.4797032477022084
0.6203083031862509	0.4845002801792297
0.6203416808204411	0.4893452829810274
0.6203756952329963	0.4942387358108306
0.6204099632649966	0.4991811231689365
0.6204442678982918	0.5041729344006267
0.6204792519984185	0.5092146637446373
0.6205145593921094	0.5143068103820859
0.6205499093862860	0.5194498784859117
0.6205859946203953	0.5246443772707768
0.6206223797661148	0.5298908210434909
0.6206588747427108	0.5351897292539319
0.6206962283162890	0.5405416265464785
0.6207337352588880	0.5459470428119417
0.6207715348897305	0.5514065132400623
0.6208103399441298	0.5569205783724606
0.6208490181112165	0.5624897841561773
0.6208883320393603	0.5681146819977425
0.6209287255237987	0.5737958288177182
0.6209686711022374	0.5795337871058881
0.6210097420401202	0.5853291249769446
0.6210514736313287	0.5911824162267120
0.6210932758307425	0.5970942403889750
0.6211364256315740	0.6030651827928702
0.6211795499874553	0.6090958346207975
0.6212235308987236	0.6151867929670086
0.6212687322881701	0.6213386608966717
0.6213137276880167	0.6275520475056325
0.6213601446029259	0.6338275679806901
0.6214071439030825	0.6401658436604932
0.6214548783003481	0.6465675020971023
0.6215040344082593	0.6530331771180697
0.6215532051298090	0.6595635088892501
0.6216038287785207	0.6661591439781466
0.6216556220196754	0.6728207354179345
0.6217077956362392	0.6795489427721142
0.6217624050133629	0.6863444321998395
0.6218163722760861	0.6932078765218396
0.6218729882495737	0.7001399552870632
0.6219301865885337	0.7071413548399315
0.6219888038870128	0.7142127683883330
0.6220496879449385	0.7213548960722191
0.6221107554655542	0.7285684450329384
0.6221751078256439	0.7358541294832714
0.6222394510857455	0.7432126707781000
0.6223072490682120	0.7506447974858855
0.6223762398782668	0.7581512454607472
0.6224471599557689	0.7657327579153564
0.6225219124663258	0.7733900854945157
0.6225970683624018	0.7811239863494580
0.6226774564986227	0.7889352262129483
0.6227578088744156	0.7968245784750827
0.6228439921892592	0.8047928242598286
0.6229317768719437	0.8128407525024293
0.6230246140898168	0.8209691600274560
0.6231209250821399	0.8291788516277276
0.6232199687412889	0.8374706401440086
0.6233279215137575	0.8458453465454454
0.6234384196433607	0.8543038000108967
0.6235596437921533	0.8628468380110030
0.6236828965298571	0.8714753063911139
0.6238229833380384	0.8801900594550235
0.6239642462977935	0.8889919600495756
0.6241257405817604	0.8985438100126815
0.6243102960089273	0.9075292481128090
0.6244932656126088	0.9166045405939353
0.6247085115470989	0.9258496856037102
0.6249486623640510	0.9348945332258044
0.6252070729893754	0.9442434785580645
0.6254734225322491	0.9607408420077158
0.6255020248141769	0.9522983575532374
0.6257370025350019	0.9590050210865320
0.6260918532955000	0.9669234409902769
0.6261441733237780	0.9644547753964015
0.6264091634042623	0.9717698411681597
0.6264156320468024	0.9697685915590630
0.6267429879987592	0.9807143365475289
0.6270339691537221	0.9853535642779120
0.6273713431521404	0.9785780969686561
0.6278239639651280	0.9899101300151271
0.6281801586060231	0.9926007489183796
0.6291179016388906	0.9947658979171901
0.6298949880661685	0.9961199042378003
0.6299755420077184	0.9969255417524582
0.6341796395376066	0.9990684616245000
0.6350544610211117	0.9993407684845856
0.6383666751702038	0.9997238169374812
0.6397649369660888	0.9998739526732985
0.6412216089207385	0.9999412193949204
0.6444867602610598	0.9999653950762435
0.6495519905263804	0.9999895197864815
0.6522797206845519	0.9999949300550469
0.6602136111848803	0.9999985003507170
0.6619560648436497	0.9999993151299749
0.6697497428568085	0.9999997926035371
0.6722886076347349	0.9999999021096984
0.6788606236852121	0.9999999698684735
0.6809914448953226	0.9999999860455980
0.6879751213941842	0.9999999957522601
0.6908220035767030	0.9999999980517429
0.6977383128203783	0.9999999994125337
0.7008130434061894	0.9999999997315004
0.7075855941853078	0.9999999999195333
0.7106816579239150	0.9999999999632481
0.7173707461506407	0.9999999999890152
0.7203852531465115	0.9999999999949786
0.7270110351433298	0.9999999999984996
0.7298978920516914	0.9999999999993134
0.7365075843682232	0.9999999999997947
0.7392958396574469	0.9999999999999060
0.7459202919738251	0.9999999999999718
0.7486415894556862	0.9999999999999872
0.7553714564179721	0.9999999999999962
0.7582034262102944	0.9999999999999982
0.7650755942997700	0.9999999999999993
0.7660868302548262	1.0000000000000000
0.7713097007445030	1.0000000000000002
0.7777283171642771	1.0004280579562859
0.7866794224240874	1.0001658358371697
0.8019001649787317	1.0000656294752093
0.8161607864512594	1.0000573080494790
0.8260327673206743	1.0000565254688807
0.8361979014357412	1.0000564373997332
0.8512781061219581	1.0000876967983943
0.9102695605611866	0.9605779296085571
0.9102695605612866	0.9850249733265223
0.9104301870850207	0.9948752230597884
0.9111533646420812	0.9999561900216549
1.0904277891994993	0.9999910690540590
1.0912772312661174	0.9999954479661963
1.1603720334919538	0.9999960133002297
1.1739227139799138	0.9999979592612019
1.1759545723914369	0.9999982837220925
1.1928584522125594	0.9999983256605821
1.2141344185367289	0.9999984029107029
1.2143287440746338	0.9999984183135889
1.2282784275829406	0.9999984203045658
1.2500824683747982	0.9999984205619090
1.2694824090899370	0.9999984225790106
1.2698419574351674	0.9999984228397426
1.2907778891386721	0.9999984228734450
1.3125804043289615	0.9999984228778014
1.3352381588515370	0.9999984229270616
1.3354873560381935	0.9999984229334291
1.3572835794008822	0.9999984229342522
1.3790724665999057	0.9999984229343589
1.4098179961035493	0.9999984229355621
1.4100766150467940	0.9999984229357176
1.4321864118655319	0.9999984229357376
1.4545403302367144	0.9999984229357401
1.4916041831698552	0.9999984229357699
1.4920751425290539	0.9999984229357736
1.5101144424324149	0.9999984229357735
1.5639688136464207	0.9999984229357736
1.5641883041455258	0.9999984229357738
1.5656574547425985	0.9999984229357743
1.5687897772579988	0.9999984229357746
1.5700116679548644	1.0035468140821460
1.5721776527684637	1.0001262015773575
1.6047304112960592	1.0000057561503337
1.6160055144401810	0.9999988481175508
1.6415897810782383	0.9999984822240743
1.6620844560356793	0.9999984623142276
1.6846382813321348	0.9999984612302923
1.7064336703713945	0.9999984611712792
1.7285062243999014	0.9999984611680662
1.7504719643885591	0.9999984611678914
1.7722278709227512	0.9999984611678817
1.7933273389188427	0.9999984611678812
3.0183839230988374	0.9999993803434271
