0.0000000000000000	0.0000000000000000
0.6099768374224149	0.0000300000000000
0.6103151578208325	0.0000150279004731
0.6108922696073134	0.0000250279004731
0.6111183654320959	0.0000277958182084
0.6114438366208685	0.0000380891685875
0.6116649214120888	0.0000274241192543
0.6121518208253722	0.0000461553620285
0.6123813292340387	0.0000396537456150
0.6127640383870560	0.0000469640617157
0.6131276758319500	0.0000569640617157
0.6131526176680805	0.0000541807432218
0.6133745953666315	0.0000623708146024
0.6136439634357365	0.0000723708146024
0.6139211473317725	0.0000822166018191
0.6141665471528054	0.0000922166018191
0.6144053223807822	0.0001022166018191
0.6145976022116987	0.0001122166018191
0.6147746680563365	0.0001222166018191
0.6149327099437397	0.0001322166018192
0.6150755600132853	0.0001422166018192
0.6152112616487246	0.0001522166018192
0.6153366263200620	0.0001622166018192
0.6154548996652743	0.0001722166018191
0.6155643288960401	0.0001822166018192
0.6156692897005640	0.0001922166018192
0.6157673342937561	0.0002022166018192
0.6158615283499286	0.0002122166018192
0.6159486333735750	0.0002222166018192
0.6160342364426956	0.0002322166018192
0.6161140316334103	0.0002422166018192
0.6161924883273288	0.0002522166018192
0.6162655256857961	0.0002622166018192
0.6163379771490487	0.0002722166018192
0.6164056276057466	0.0002822166018192
0.6164725963265500	0.0002922166018192
0.6165355464554952	0.0003022166018192
0.6165979435818252	0.0003122166018192
0.6166569702128185	0.0003222166018192
0.6167151476697798	0.0003322166018192
0.6167707219460015	0.0003422166018192
0.6168253704639155	0.0003522166018192
0.6168778635842117	0.0003622166018192
0.6169292197224805	0.0003722166018192
0.6169788721559708	0.0003822166018192
0.6170274653779204	0.0003922166018192
0.6170746616249951	0.0004022166018192
0.6171207297693980	0.0004122166018192
0.6171657039939175	0.0004222166018192
0.6172095051027160	0.0004322166018192
0.6172524527822811	0.0004422166018192
0.6172942099189510	0.0004522166018192
0.6173353031455381	0.0004622166018192
0.6173751840559152	0.0004722166018192
0.6174145833770048	0.0004822166018192
0.6174527708353561	0.0004922166018192
0.6174905988273334	0.0005022166018192
0.6175271951837952	0.0005122166018192
0.6175635377453135	0.0005222166018192
0.6175986582417322	0.0005322166018192
0.6176336394898679	0.0005422166018192
0.6176674105049235	0.0005522166018192
0.6177010901747666	0.0005622166018192
0.6177337318280562	0.0005722166018192
0.6177662106075072	0.0005822166018192
0.6177976791135416	0.0005922166018192
0.6178289605735515	0.0006022166018192
0.6178595229254300	0.0006122166018192
0.6178897133171806	0.0006222166018191
0.6179192531878758	0.0006322166018191
0.6179485741089886	0.0006422166018192
0.6179771577458693	0.0006522166018192
0.6180055085929911	0.0006622166018192
0.6180332811287803	0.0006722166018192
0.6180607710663950	0.0006822166018192
0.6180877545250346	0.0006922166018192
0.6181144335512652	0.0007022166018192
0.6181406458662757	0.0007122166018192
0.6181665442164623	0.0007222166018192
0.6181920899296545	0.0007322166018192
0.6182171897352597	0.0007422166018192
0.6182421786416388	0.0007522166018192
0.6182665313846142	0.0007622166018192
0.6182908086817217	0.0007722166018192
0.6183146486934734	0.0007822166018192
0.6183382651961615	0.0007922166018192
0.6183614050975674	0.0008022166018192
0.6183845315708136	0.0008122166018192
0.6184071594402932	0.0008222166018193
0.6184296251879663	0.0008322166018193
0.6184516454489303	0.0008422166018193
0.6184736236494397	0.0008522166018192
0.6184951973174880	0.0008622166018193
0.6185166905272665	0.0008722166018193
0.6185377228087177	0.0008822166018193
0.6185586361770605	0.0008922166018193
0.6185792362628945	0.0009022166018193
0.6185996981517879	0.0009122166018193
0.6186198813327665	0.0009222166018193
0.6186398996988463	0.0009322166018193
0.6186596734479272	0.0009422166018193
0.6186792566851003	0.0009522166018193
0.6186986304206569	0.0009622166018193
0.6187177935431332	0.0009722166018193
0.6187367782007237	0.0009822166018193
0.6187555248140992	0.0009922166018193
0.6187741228248060	0.0010022166018192
0.6187924860946076	0.0010122387678375
0.6188107752892478	0.0010223611555158
0.6188289920552863	0.0010325847670710
0.6188473044790648	0.0010429106147417
0.6188655173664105	0.0010533397208891
0.6188838557423328	0.0010638731180980
0.6189020572728808	0.0010745118492790
0.6189203769097231	0.0010852569677718
0.6189386141668913	0.0010961095374496
0.6189569060321453	0.0011070706328240
0.6189751894382021	0.0011181413391523
0.6189934577784093	0.0011293227525438
0.6190117918802407	0.0011406159800692
0.6190300285681409	0.0011520221398700
0.6190483572171970	0.0011635423612687
0.6190666285461569	0.0011751777848814
0.6190849179164430	0.0011869295627302
0.6191032545041142	0.0011987988583575
0.6191215114176799	0.0012107868469411
0.6191398341504173	0.0012228947154105
0.6191581357153567	0.0012351236625646
0.6191764212828369	0.0012474748991902
0.6191947621003466	0.0012599496481821
0.6192130457393473	0.0012725491446639
0.6192313466333356	0.0012852746361105
0.6192496938862998	0.0012981273824716
0.6192679759214451	0.0013111086562963
0.6192862819626592	0.0013242197428593
0.6193046269427437	0.0013374619402879
0.6193229228429422	0.0013508365596907
0.6193412266313766	0.0013643449252877
0.6193595632214158	0.0013779883745405
0.6193778875437096	0.0013917682582860
0.6193961840634384	0.0014056859408688
0.6194145083631225	0.0014197428002775
0.6194328576609898	0.0014339402282803
0.6194511608830322	0.0014482796305631
0.6194694707859549	0.0014627624268687
0.6194878015837390	0.0014773900511373
0.6195061503799287	0.0014921639516487
0.6195244613072034	0.0015070855911652
0.6195427739012551	0.0015221564470768
0.6195611020849175	0.0015373780115476
0.6195794429466809	0.0015527517916631
0.6195977881876074	0.0015682793095798
0.6196160979146058	0.0015839621026755
0.6196344184869544	0.0015998017237023
0.6196527493056767	0.0016157997409393
0.6196710874561532	0.0016319577383487
0.6196894328824589	0.0016482773157322
0.6197077703839946	0.0016647600888895
0.6197260903903886	0.0016814076897784
0.6197444174651405	0.0016982217666762
0.6197627487461144	0.0017152039843429
0.6197810850890104	0.0017323560241864
0.6197994236049799	0.0017496795844283
0.6198177656053586	0.0017671763802726
0.6198361082638596	0.0017848481440753
0.6198544528913879	0.0018026966255160
0.6198727952354521	0.0018207235917712
0.6198911276264607	0.0018389308276889
0.6199094629034624	0.0018573201359658
0.6199277993421691	0.0018758933373255
0.6199461378019778	0.0018946522706987
0.6199644770582726	0.0019135987934057
0.6199828178577852	0.0019327347813397
0.6200011593260651	0.0019520621291532
0.6200195013905148	0.0019715827504447
0.6200378429223572	0.0019912985779491
0.6200561843793082	0.0020112115637286
0.6200745256039412	0.0020313236793658
0.6200928666631064	0.0020516369161595
0.6201112078323125	0.0020721532853210
0.6201295487769425	0.0020928748181742
0.6201478902075989	0.0021138035663560
0.6201662312301609	0.0021349416020196
0.6201845729325114	0.0021562910180398
0.6202029143065811	0.0021778539282202
0.6202212560792345	0.0021996324675024
0.6202395980404394	0.0022216287921775
0.6202579401479420	0.0022438450800993
0.6202762829890224	0.0022662835309003
0.6202946256602998	0.0022889463662094
0.6203129689411648	0.0023118358298714
0.6203313124925092	0.0023349541881702
0.6203496562899470	0.0023583037300519
0.6203680009660468	0.0023818867673524
0.6203863456020824	0.0024057056350260
0.6204046907251760	0.0024297626913762
0.6204230365585536	0.0024540603182900
0.6204413825037894	0.0024786009214729
0.6204597290481951	0.0025033869306877
0.6204780762250970	0.0025284207999946
0.6204964236064290	0.0025537050079945
0.6205147716009745	0.0025792420580745
0.6205331202936186	0.0026050344786553
0.6205514692001421	0.0026310848234419
0.6205698186672597	0.0026573956716762
0.6205881689825574	0.0026839696283930
0.6206065195128212	0.0027108093246769
0.6206248705028394	0.0027379174179238
0.6206432221968471	0.0027652965921029
0.6206615745083426	0.0027929495580239
0.6206799271495865	0.0028208790536041
0.6206982802998405	0.0028490878441401
0.6207166340575921	0.0028775787225815
0.6207349883158261	0.0029063545098074
0.6207533428377949	0.0029354180549056
0.6207716977985565	0.0029647722354547
0.6207900533250763	0.0029944199578093
0.6208084095374596	0.0030243641573873
0.6208267661085860	0.0030546077989611
0.6208451230649930	0.0030851538769507
0.6208634805227721	0.0031160054157203
0.6208818385546518	0.0031471654698774
0.6209001972391301	0.0031786371245762
0.6209185565483727	0.0032104234958220
0.6209369162577948	0.0032425277307802
0.6209552764489426	0.0032749530080881
0.6209736371687097	0.0033077025381690
0.6209919984713225	0.0033407795635506
0.6210103603831232	0.0033741873591862
0.6210287229364355	0.0034079292327780
0.6210470861428328	0.0034420085251058
0.6210654500191990	0.0034764286103569
0.6210838144658152	0.0035111928964604
0.6211021794648237	0.0035463048254250
0.6211205450459865	0.0035817678736791
0.6211389112278828	0.0036175855524158
0.6211572780306788	0.0036537614079401
0.6211756454674251	0.0036902990220195
0.6211940135517052	0.0037272020122396
0.6212123822922947	0.0037644740323621
0.6212307516880879	0.0038021187726858
0.6212491217305601	0.0038401399604127
0.6212674924100597	0.0038785413600168
0.6212858637218673	0.0039173267736170
0.6213042356592149	0.0039565000413533
0.6213226082229604	0.0039960650417667
0.6213409814079824	0.0040360256921844
0.6213593552206098	0.0040763859491063
0.6213777296565286	0.0041171498085972
0.6213961047227431	0.0041583213066832
0.6214144804201894	0.0041999045197502
0.6214328567547572	0.0042419035649476
0.6214512337320975	0.0042843226005971
0.6214696113552987	0.0043271658266031
0.6214879896347230	0.0043704374848692
0.6215063685706460	0.0044141418597179
0.6215247481710404	0.0044582832783150
0.6215431284417583	0.0045028661110981
0.6215615093876077	0.0045478947722090
0.6215798910196241	0.0045933737199312
0.6215982733406070	0.0046393074571305
0.6216166563581790	0.0046857005317019
0.6216350400822954	0.0047325575370190
0.6216534245173403	0.0047798831123890
0.6216718096725888	0.0048276819435128
0.6216901955574515	0.0048759587629479
0.6217085821779897	0.0049247183505773
0.6217269695443668	0.0049739655340832
0.6217453576670302	0.0050237051894241
0.6217637465530621	0.0050739422413185
0.6217821362130974	0.0051246816637315
0.6218005266601564	0.0051759284803688
0.6218189179019254	0.0052276877651726
0.6218373099492068	0.0052799646428244
0.6218557028157147	0.0053327642892525
0.6218740965129290	0.0053860919321450
0.6218924910516269	0.0054399528514665
0.6219108864451491	0.0054943523799813
0.6219292827086313	0.0055492959037811
0.6219476798544005	0.0056047888628190
0.6219660778948662	0.0056608367514472
0.6219844768440981	0.0057174451189618
0.6220028767176375	0.0057746195701513
0.6220212775306520	0.0058323657658530
0.6220396792959494	0.0058906894235117
0.6220580820278230	0.0059495963177467
0.6220764857416862	0.0060090922809240
0.6220948904539334	0.0060691832037333
0.6221132961807695	0.0061298750357708
0.6221317029344422	0.0061911737861283
0.6221501107271926	0.0062530855239897
0.6221685195713766	0.0063156163792296
0.6221869294794975	0.0063787725430219
0.6222053404642466	0.0064425602684520
0.6222237525385144	0.0065069858711364
0.6222421657153493	0.0065720557298477
0.6222605800068589	0.0066377762871462
0.6222789954246590	0.0067041540500176
0.6222974119808355	0.0067711955905179
0.6223158296878490	0.0068389075464230
0.6223342485586069	0.0069072966218873
0.6223526686063798	0.0069763695881062
0.6223710898449164	0.0070461332839872
0.6223895122883590	0.0071165946168270
0.6224079359513862	0.0071877605629952
0.6224263608491267	0.0072596381686249
0.6224447867230157	0.0073322345503110
0.6224632135502531	0.0074055568958142
0.6224816415994716	0.0074796124647722
0.6225000708721911	0.0075544085894197
0.6225185013723762	0.0076299526753139
0.6225369331062692	0.0077062522020673
0.6225553660821352	0.0077833147240881
0.6225738003101107	0.0078611478713292
0.6225922358020605	0.0079397593500423
0.6226106725714277	0.0080191569435429
0.6226291106318015	0.0080993485129782
0.6226475499965317	0.0081803419981077
0.6226659906790144	0.0082621454180887
0.6226844326928187	0.0083447668722695
0.6227028760518843	0.0084282145409923
0.6227213207706916	0.0085124966864022
0.6227397668643443	0.0085976216532659
0.6227582143487557	0.0086835978697986
0.6227766632406130	0.0087704338484963
0.6227951135573695	0.0088581381869812
0.6228135653172810	0.0089467195688513
0.6228320185393411	0.0090361867645399
0.6228504732433575	0.0091265486321854
0.6228689294499883	0.0092178141185070
0.6228873871807289	0.0093099922596922
0.6229058464579997	0.0094030921822892
0.6229243073051957	0.0094971231041118
0.6229427694412547	0.0095920943351529
0.6229612328155248	0.0096880152785047
0.6229796974781117	0.0097848954312899
0.6229981634783522	0.0098827443856026
0.6230166308648795	0.0099815718294589
0.6230350996843966	0.0100813875477534
0.6230535699809558	0.0101822014232311
0.6230720417963798	0.0102840234374631
0.6230905151706728	0.0103868636718377
0.6231089901424016	0.0104907323085562
0.6231274667490002	0.0105956396316418
0.6231459450271102	0.0107015960279582
0.6231644250128925	0.0108086119882376
0.6231829067393898	0.0109166981081200
0.6232013902089516	0.0110258650892011
0.6232198754278061	0.0111361237400934
0.6232383624057495	0.0112474849774944
0.6232568511558956	0.0113599598272691
0.6232753416944672	0.0114735594255417
0.6232938340405914	0.0115882950197971
0.6233123282161683	0.0117041779699947
0.6233308242457702	0.0118212197496950
0.6233493221565676	0.0119394319471921
0.6233678219782033	0.0120588262666642
0.6233863237399444	0.0121794145293311
0.6234048274710906	0.0123012086746241
0.6234233332012121	0.0124242207613704
0.6234418409603110	0.0125484629689839
0.6234603507789923	0.0126739475986738
0.6234788626886438	0.0128006870746607
0.6234973767216245	0.0129286939454071
0.6235158929114502	0.0130579808848612
0.6235344112929705	0.0131885606937101
0.6235529305245130	0.0133204463006472
0.6235714457953216	0.0134536507636533
0.6235899634916853	0.0135881872712900
0.6236084836423259	0.0137240691440031
0.6236270062782736	0.0138613098354434
0.6236455314328249	0.0139999229337981
0.6236640591415326	0.0141399221631358
0.6236825894388757	0.0142813213847669
0.6237011223587964	0.0144241345986150
0.6237196579352217	0.0145683759446009
0.6237381961710426	0.0147140597040466
0.6237567370597225	0.0148612003010869
0.6237752806004070	0.0150098123040977
0.6237938267976113	0.0151599104271383
0.6238123756609679	0.0153115095314098
0.6238309272050311	0.0154646246267239
0.6238494814491362	0.0156192708729910
0.6238680384173055	0.0157754635817206
0.6238865981381770	0.0159332182175374
0.6239051606449576	0.0160925503997130
0.6239237259751429	0.0162534759037101
0.6239422939836873	0.0164160106627473
0.6239608642066216	0.0165801707693748
0.6239794367278358	0.0167459724770690
0.6239980116287909	0.0169134322018396
0.6240165889891791	0.0170825665238581
0.6240351688875476	0.0172533921890968
0.6240537514018899	0.0174259261109882
0.6240723366102150	0.0176001853720982
0.6240909245907466	0.0177761872258194
0.6241095154221603	0.0179539490980779
0.6241281091838446	0.0181334885890582
0.6241467059561855	0.0183148234749490
0.6241653057842081	0.0184979717096983
0.6241839086928662	0.0186829514267953
0.6242025147107931	0.0188697809410633
0.6242211238707048	0.0190584787504735
0.6242397362095781	0.0192490635379781
0.6242583517671781	0.0194415541733573
0.6242769705835788	0.0196359697150910
0.6242955927090588	0.0198323294122414
0.6243142181984750	0.0200306527063638
0.6243328471114249	0.0202309592334272
0.6243514795122675	0.0204332688257616
0.6243701154699483	0.0206376015140197
0.6243887550532303	0.0208439775291603
0.6244073983310576	0.0210524173044524
0.6244260453732937	0.0212629414774970
0.6244446962514228	0.0214755708922715
0.6244633510392238	0.0216903266011947
0.6244820098131345	0.0219072298672073
0.6245006726291592	0.0221263021658792
0.6245193395003319	0.0223475651875379
0.6245380104506714	0.0225710408394127
0.6245566855147542	0.0227967512478074
0.6245753647346751	0.0230247187602848
0.6245940476738285	0.0232549659478883
0.6246127339181050	0.0234875156073673
0.6246314235820970	0.0237223907634404
0.6246501167809958	0.0239596146710748
0.6246688136311889	0.0241992108177853
0.6246875142508781	0.0244412029259637
0.6247062187607232	0.0246856149552237
0.6247249272844834	0.0249324711047753
0.6247436399491614	0.0251817958158232
0.6247623568802912	0.0254336137739818
0.6247810782015375	0.0256879499117211
0.6247998040359060	0.0259448294108382
0.6248185266964443	0.0262042777049471
0.6248372466524124	0.0264663204819971
0.6248559715338727	0.0267309836868173
0.6248747013779209	0.0269982935236859
0.6248934362335162	0.0272682764589223
0.6249121761611323	0.0275409592235118
0.6249309212325636	0.0278163688157463
0.6249496715252152	0.0280945325039046
0.6249684271211242	0.0283754778289441
0.6249871881079528	0.0286592326072340
0.6250059545794138	0.0289458249333062
0.6250247266357893	0.0292352831826392
0.6250435043845014	0.0295276360144660
0.6250622879407144	0.0298229123746113
0.6250810773738915	0.0301211414983569
0.6250998717721835	0.0304223529133403
0.6251186708963682	0.0307265764424743
0.6251374748726849	0.0310338422068982
0.6251562838327567	0.0313441806289667
0.6251750974810559	0.0316576224352563
0.6251939143770248	0.0319741986596089
0.6252127366708212	0.0322939406462047
0.6252315645232578	0.0326168800526667
0.6252503981002971	0.0329430488531937
0.6252692375681065	0.0332724793417261
0.6252880830948383	0.0336052041351439
0.6253069348523563	0.0339412561764964
0.6253257929471264	0.0342806687382617
0.6253446574530159	0.0346234754256435
0.6253635284617247	0.0349697101799009
0.6253824060825925	0.0353194072817001
0.6254012904344833	0.0356726013545163
0.6254201816452672	0.0360293273680616
0.6254390798526216	0.0363896206417422
0.6254579852048189	0.0367535168481590
0.6254768977035318	0.0371210520166408
0.6254958160131031	0.0374922625368067
0.6255147404137076	0.0378671851621745
0.6255336711831366	0.0382458570137968
0.6255526084684778	0.0386283155839339
0.6255715425371667	0.0390145987397727
0.6255904709037162	0.0394047447271698
0.6256094065862794	0.0397987921744404
0.6256283497375423	0.0401967800961851
0.6256473005269417	0.0405987478971474
0.6256662591406377	0.0410047353761195
0.6256852257721880	0.0414147827298817
0.6257042006223004	0.0418289305571817
0.6257231839009438	0.0422472198627547
0.6257421757810713	0.0426696920613813
0.6257611763500462	0.0430963889819956
0.6257801857233831	0.0435273528718159
0.6257992040405981	0.0439626264005337
0.6258182314564321	0.0444022526645389
0.6258372662142072	0.0448462751911842
0.6258563085351079	0.0452947379430950
0.6258753587334693	0.0457476853225251
0.6258944171331908	0.0462051621757508
0.6259134840690245	0.0466672137975093
0.6259325597911127	0.0471338859354830
0.6259516444820664	0.0476052247948365
0.6259707383453693	0.0480812770427848
0.6259898416061641	0.0485620898132123
0.6260089545122891	0.0490477107113459
0.6260280773349466	0.0495381878184600
0.6260472103550220	0.0500335696966453
0.6260663538655473	0.0505339053936107
0.6260855081121789	0.0510392444475468
0.6261046724878718	0.0515496368920223
0.6261238198176914	0.0520651332609416
0.6261429724107440	0.0525857845935523
0.6261621347733828	0.0531116424394877
0.6261813072211537	0.0536427588638817
0.6262004900827061	0.0541791864525190
0.6262196837025207	0.0547209783170433
0.6262388884437673	0.0552681881002147
0.6262581011538424	0.0558208699812169
0.6262773245811526	0.0563790786810301
0.6262965599091269	0.0569428694678406
0.6263158073912245	0.0575122981625198
0.6263350673119038	0.0580874211441448
0.6263543399885567	0.0586682953555854
0.6263736243516694	0.0592549783091403
0.6263929194604642	0.0598475280922307
0.6264122258552735	0.0604460033731518
0.6264315439187523	0.0610504634068819
0.6264508740000571	0.0616609680409492
0.6264702164842657	0.0622775777213573
0.6264895717931618	0.0629003534985723
0.6265089403681139	0.0635293570335598
0.6265283226718654	0.0641646506038968
0.6265476992894338	0.0648062971099342
0.6265670697850627	0.0654543600810327
0.6265864555704131	0.0661089036818418
0.6266058566322366	0.0667699927186604
0.6266252704201843	0.0674376926458468
0.6266446974581624	0.0681120695723039
0.6266641382938130	0.0687931902680268
0.6266835935033268	0.0694811221707057
0.6267030636943353	0.0701759333924108
0.6267225492440027	0.0708776927263347
0.6267420505515851	0.0715864696535970
0.6267615680606792	0.0723023343501334
0.6267811022627184	0.0730253576936339
0.6268006536989165	0.0737556112705722
0.6268202197855789	0.0744931673832781
0.6268398007548367	0.0752380990571122
0.6268593971335706	0.0759904800476854
0.6268790094962717	0.0767503848481630
0.6268986314370480	0.0775178886966447
0.6269182286937801	0.0782930675836099
0.6269378407031226	0.0790759982594481
0.6269574685234182	0.0798667582420441
0.6269771157758719	0.0806654258244652
0.6269967828669623	0.0814720800827095
0.6270164683499315	0.0822868008835357
0.6270361707826556	0.0831096688923690
0.6270558909705581	0.0839407655812941
0.6270756297528747	0.0847801732371088
0.6270953879744452	0.0856279749694819
0.6271151662025360	0.0864842547191745
0.6271349650870696	0.0873490972663638
0.6271547853320543	0.0882225882390285
0.6271746277027701	0.0891048141214187
0.6271944887632644	0.0899958622626329
0.6272143298057794	0.0908958208852575
0.6272341740030364	0.0918047790941118
0.6272540395943715	0.0927228268850519
0.6272739273479540	0.0936500551539042
0.6272938380992582	0.0945865557054450
0.6273137727590221	0.0955324212624998
0.6273337322231671	0.0964877454751270
0.6273537171169857	0.0974526229298762
0.6273737232268607	0.0984271491591751
0.6273937515716689	0.0994114206507659
0.6274138032702111	0.1004055348572711
0.6274338795154150	0.1014095902058434
0.6274539735060836	0.1024236861079006
0.6274740776026259	0.1034479229689808
0.6274941540505835	0.1044824021986730
0.6275142592565097	0.1055272262206611
0.6275343907276140	0.1065824984828686
0.6275545474617117	0.1076483234676969
0.6275747308121853	0.1087248067023758
0.6275949417598382	0.1098120547694021
0.6276151813982698	0.1109101753170943
0.6276354509412183	0.1120192770702660
0.6276557516832434	0.1131394698409693
0.6276760801496323	0.1142708645393821
0.6276964361275943	0.1154135731847754
0.6277167980854843	0.1165677089166251
0.6277371353502635	0.1177333860057936
0.6277575046530348	0.1189107198658498
0.6277779074540717	0.1200998270645084
0.6277983449575568	0.1213008253351520
0.6278188166238547	0.1225138335885067
0.6278393187346323	0.1237389719243922
0.6278598448657292	0.1249763616436358
0.6278804007259069	0.1262261252600697
0.6279009919126518	0.1274883865126669
0.6279216198386763	0.1287632703777931
0.6279422250982001	0.1300509030815701
0.6279628381964704	0.1313514121123869
0.6279834857806170	0.1326649262335083
0.6280041699195935	0.1339915754958450
0.6280248922833140	0.1353314912508000
0.6280456545282462	0.1366848061633076
0.6280664584983146	0.1380516542249417
0.6280873029723829	0.1394321707671933
0.6281081850762606	0.1408264924748669
0.6281291067096842	0.1422347573996191
0.6281499746147036	0.1436571049736118
0.6281708808351585	0.1450936760233474
0.6281918305009491	0.1465446127835829
0.6282128154034052	0.1480100589114199
0.6282338420556608	0.1494901595005329
0.6282549117562199	0.1509850610955416
0.6282760269733135	0.1524949117065000
0.6282971903477323	0.1540198608235641
0.6283183884179071	0.1555600594317987
0.6283395377556057	0.1571156600261186
0.6283607359829885	0.1586868166263789
0.6283819821693012	0.1602736847926422
0.6284032792286524	0.1618764216405707
0.6284246298691439	0.1634951858569761
0.6284460364553174	0.1651301377155499
0.6284674948466807	0.1667814390927058
0.6284889983769750	0.1684492534836310
0.6285104278098695	0.1701337460184688
0.6285319057552347	0.1718350834786500
0.6285534435245127	0.1735534343134371
0.6285750439842313	0.1752889686565675
0.6285967001809889	0.1770418583431339
0.6286184145817986	0.1788122769265671
0.6286401904183732	0.1806003996958292
0.6286619777514268	0.1824064036927898
0.6286837436456070	0.1842304677297153
0.6287055772097303	0.1860727724070138
0.6287274733741373	0.1879335001310882
0.6287494306776515	0.1898128351323946
0.6287714405517854	0.1917109634837207
0.6287935241604414	0.1936280731185552
0.6288156267999769	0.1955643538497426
0.6288376957465827	0.1975199973882351
0.6288598368263660	0.1994951973621190
0.6288820541196343	0.2014901493357376
0.6289043521167176	0.2035050508290918
0.6289267255892239	0.2055401013373778
0.6289491744939095	0.2075955023507520
0.6289715922857827	0.2096714573742618
0.6289940178810943	0.2117681719480086
0.6290165244128637	0.2138858536674910
0.6290391152956109	0.2160247122041690
0.6290617890686723	0.2181849593262148
0.6290845510112322	0.2203668089194770
0.6291073242176776	0.2225704770086731
0.6291300890123324	0.2247961817787602
0.6291529467637351	0.2270441435965472
0.6291758967047311	0.2293145850325081
0.6291989356203787	0.2316077308828293
0.6292220568144190	0.2339238081916559
0.6292451672761293	0.2362630462735668
0.6292682883065180	0.2386256767363068
0.6292915122692695	0.2410119335036701
0.6293148459385094	0.2434220528387109
0.6293382948681960	0.2458562733670970
0.6293618482519594	0.2483148361007642
0.6293853116709884	0.2507979844617731
0.6294088460851751	0.2533059643063898
0.6294324987363416	0.2558390239494497
0.6294562722109303	0.2583974141889488
0.6294801638025357	0.2609813883308368
0.6295040375218032	0.2635912022141456
0.6295279482412495	0.2662271142362846
0.6295519994889247	0.2688893853786439
0.6295761690646289	0.2715782792324286
0.6296004395814074	0.2742940620247465
0.6296247149294605	0.2770370026449923
0.6296490168799210	0.2798073726714378
0.6296734639179079	0.2826054463981471
0.6296980562870647	0.2854315008621239
0.6297228040465501	0.2882858158707509
0.6297475094993300	0.2911686740294642
0.6297722510869009	0.2940803607697634
0.6297971477792444	0.2970211643774588
0.6298222121657164	0.2999913760212384
0.6298474397225350	0.3029912897814445
0.6298725552851414	0.3060212026792571
0.6298978391184693	0.3090814147060438
0.6299232659079801	0.3121722288531026
0.6299488733653654	0.3152939511416327
0.6299744840762793	0.3184468906530452
0.6300001425395996	0.3216313595595808
0.6300259990685061	0.3248476731551784
0.6300520698633388	0.3280961498867309
0.6300782055052164	0.3313771113855971
0.6301042776749202	0.3346908824994532
0.6301305665713756	0.3380377913244477
0.6301570906877700	0.3414181692376987
0.6301837995914819	0.3448323509300736
0.6302103817042549	0.3482806744393788
0.6302371533417697	0.3517634811837696
0.6302641832351606	0.3552811159956006
0.6302914185667718	0.3588339271555525
0.6303185405848023	0.3624222664271113
0.6303459204384277	0.3660464890913750
0.6303735182698125	0.3697069539822937
0.6304012872662077	0.3734040235221238
0.6304289956022702	0.3771380637573493
0.6304570022432365	0.3809094443949158
0.6304852951601984	0.3847185388388696
0.6305136062186042	0.3885657242272558
0.6305419765349733	0.3924513814695225
0.6305706804467661	0.3963758952842202
0.6305997250966376	0.4003396542370551
0.6306286086766478	0.4043430507794327
0.6306577314423087	0.4083864812872294
0.6306872303128513	0.4124703461001074
0.6307169373114404	0.4165950495611060
0.6307465782025783	0.4207610000567124
0.6307765611132200	0.4249686100572860
0.6308069732697174	0.4292182961578618
0.6308372761159742	0.4335104791194336
0.6308678584974710	0.4378455839106317
0.6308988313433085	0.4422240397497386
0.6309299317217387	0.4466462801472402
0.6309611964322622	0.4511127429487154
0.6309928382409069	0.4556238703782048
0.6310247706699329	0.4601801090819795
0.6310567124140564	0.4647819101727914
0.6310891563656763	0.4694297292745275
0.6311219597605099	0.4741240265672744
0.6311546313517155	0.4788652668329447
0.6311879031744393	0.4836539195012740
0.6312216442266142	0.4884904586962784
0.6312551737818751	0.4933753632832337
0.6312893391338377	0.4983091169160604
0.6313240769124779	0.5032922080852137
0.6313585713708487	0.5083251301660618
0.6313937176855376	0.5134083814677177
0.6314295596062510	0.5185424652823903
0.6314650796981918	0.5237278899352068
0.6315013519762722	0.5289651688345569
0.6315383155819162	0.5342548205228989
0.6315750225623790	0.5395973687281307
0.6316125777858042	0.5449933424154058
0.6316506932458800	0.5504432758395583
0.6316887431851428	0.5559477085979576
0.6317277885749433	0.5615071856839366
0.6317671086299186	0.5671222575407694
0.6318067023543587	0.5727934801161731
0.6318474148392428	0.5785214149173286
0.6318880501990525	0.5843066290664979
0.6319294507779923	0.5901496953571594
0.6319719064378302	0.5960511923107358
0.6320140882027643	0.6020117042338500
0.6320575152989228	0.6080318212761817
0.6321015080039890	0.6141121394889482
0.6321459504098604	0.6202532608838454
0.6321915789183671	0.6264557934926815
0.6322374284992537	0.6327203514276136
0.6322842297725110	0.6390475549418898
0.6323322949464459	0.6454380304913105
0.6323804371625712	0.6518924107962312
0.6324302412756614	0.6584113349041891
0.6324803905955892	0.6649954482532325
0.6325318088402188	0.6716454027357703
0.6325846730502048	0.6783618567631354
0.6326376100851895	0.6851454753307635
0.6326929390778485	0.6919969300840677
0.6327483748738019	0.6989168993849137
0.6328056259277166	0.7059060683787688
0.6328645014560129	0.7129651290625503
0.6329240533911696	0.7200947803531770
0.6329868575994863	0.7272957281567121
0.6330487801358574	0.7345686854382817
0.6331144649766609	0.7419143722926691
0.6331807917097758	0.7493335160156008
0.6332496827050543	0.7568268511757515
0.6333212670121899	0.7643951196875074
0.6333935830494489	0.7720390708843803
0.6334707177597987	0.7797594615932275
0.6335479977834279	0.7875570562091617
0.6336302036296424	0.7954326267712483
0.6337135834253322	0.8033869530389590
0.6338023294703442	0.8114208225693434
0.6338924698239323	0.8195350307950420
0.6339894004584017	0.8277303811029882
0.6340899834176649	0.8360076849140156
0.6341944067410841	0.8443677617631580
0.6343064319315321	0.8528114393807926
0.6344232078352996	0.8613395537745987
0.6345508025291948	0.8699529493123487
0.6346816636442945	0.8786524788054682
0.6348286227830451	0.8874390035935212
0.6349775363571850	0.8963133936294569
0.6351412943865212	0.9060183100141652
0.6353436606556623	0.9150784931143079
0.6355451564858261	0.9242292780454511
0.6357774234713974	0.9334715708259081
0.6360369927743360	0.9428062865341690
0.6363490978327649	0.9602902376469997
0.6363954325770661	0.9511330738840154
0.6366251457108122	0.9577862261982909
0.6369621105917529	0.9662592298276435
0.6373672049940023	0.9789848958956289
0.6375909252524707	0.9846020541474736
0.6377556320315706	0.9819206631466126
0.6379091054639477	0.9763518784648209
0.6383534498880167	0.9814601597484816
0.6387715511566826	0.9880031038878683
0.6396292976543824	0.9947052920763154
0.6405788370556783	0.9961728582532029
0.6413670980237339	0.9977015373710211
0.6458383787138807	0.9994740622962057
0.6469668886539882	0.9996985889391534
0.6494538452116069	0.9998087723786910
0.6572523668805000	0.9999552439815388
0.6585102897390485	0.9999823522026999
0.6689405966863351	0.9999952923945526
0.6716674481590154	0.9999978787662661
0.6782695428903422	0.9999993909971744
0.6802632481689839	0.9999997217927201
0.6868173208571590	0.9999999192601120
0.6891352197949514	0.9999999628836355
0.6959941903159886	0.9999999889519230
0.6981378718754352	0.9999999948899674
0.7047706486877358	0.9999999984611267
0.7069726255252873	0.9999999992906748
0.7137757904064919	0.9999999997861777
0.7163219887972418	0.9999999999018087
0.7231513119120545	0.9999999999704686
0.7259305729479197	0.9999999999864712
0.7327186518337505	0.9999999999959416
0.7356136565016221	0.9999999999981430
0.7423457021918809	0.9999999999994438
0.7452589384721419	0.9999999999997453
0.7519277061639285	0.9999999999999238
0.7548105776606587	0.9999999999999653
0.7615040030418213	0.9999999999999895
0.7642725215603399	0.9999999999999951
0.7706493920318849	0.9999999999999984
0.7732159022040288	0.9999999999999994
0.7765279274613922	0.9999999999999997
0.7773612607947257	1.0014041777188327
0.7773612607947283	1.0015840596390078
0.7847049339527260	1.0002886250907950
0.7984564532921435	1.0001218147573891
0.8139328458993551	1.0000493348961159
0.8154384232030631	1.0000399071992438
0.8234116710475282	1.0000362280608708
0.8298811073805026	1.0000357488316025
0.8335728027614816	0.9999091136597591
0.8548909795296941	0.9999065297734946
0.8588503251027108	0.9999064783450519
0.8743737399221854	0.9997458510874260
0.9072285844608959	0.9998854987410837
0.9128546828444685	0.9999020166987371
0.9349689549207544	0.9999083538080077
0.9436916637398096	0.9999599223973917
0.9448729925362438	0.9999665868512557
0.9666714484445351	0.9999674475167365
0.9839035300532880	0.9999963516583843
0.9840375181699528	1.0000001984974578
1.0069510882811106	1.0000018106335264
1.0136895755957795	1.0000020189193746
1.0379188866692468	1.0000020831678609
1.0470630202734301	1.0000020914705670
1.0605899752275805	1.0000020949682300
1.0672799482653894	1.0000020954203259
1.0832573748950320	1.0000020956107523
1.0899480927613161	1.0000020956353664
1.1059246523070700	1.0000020956457338
1.1126160855405998	1.0000020956470737
1.1285822625110604	1.0000020956476383
1.1352635058487437	1.0000020956477114
1.1512493208851193	1.0000020956477427
1.1576577392164729	1.0000020956477467
1.1838278585010558	1.0000020956477476
1.1848068199128634	1.0000020956477478
1.1854578806204596	1.0000020956477480
1.1919649610071430	1.0040091226884611
1.1941778561170842	1.0007271607462442
1.1993885362401520	1.0003267917711081
1.2058996914795206	1.0000801625222164
1.2091520964962128	1.0000482643462132
1.2189978240396486	0.9999329498821137
1.2419491227283166	0.9999304706716372
1.2593700972048241	0.9999300845636723
1.2731682410571186	0.9998043936807206
1.3152541428826456	0.9999139529596091
1.3340213008285693	0.9999240802220388
1.3629266302316920	0.9999847831848001
1.3633626470542892	0.9999926265369982
1.3845595163868947	0.9999972879784403
1.3906536822146593	0.9999979683105543
1.4109899669682706	0.9999981569025265
1.4213095669235356	0.9999981844308223
1.4419556402797140	0.9999981920586307
1.4522763436011505	0.9999981930446027
1.4673881066761776	0.9999981934598925
1.4749437949969231	0.9999981935135732
1.4900551672089120	0.9999981935361836
1.4976107830885115	0.9999981935391059
1.5127210505614888	0.9999981935403370
1.7383702575666768	0.9999991658627385
2.4038562502222658	0.9999998099685096
2.4040007187618277	1.0014216676922285
2.4092006896383698	1.0000237675298236
2.4389858503063100	0.9999776918438299
2.6534622827353309	0.9999929881432079
3.0835773922926006	1.0035960961480701
3.0844384693254803	1.0012311923797568
3.0868106363865770	1.0004894651670821
3.0929031728902818	1.0001882875543087
3.0967845199316297	1.0001101696792116
3.1051979622780537	1.0000229864932357
3.1073468913198510	1.0000068749648505
3.1223427237002954	1.0000019874815396
3.1246161135253057	1.0000005590474670
3.1328395922521763	1.0000001341176370
3.1365640992461477	1.0000000381548815
3.1401893599899782	0.9999999717232571
3.1444480771529437	0.9999999594005605
3.1535043178759716	0.9999999540073038
3.1579335854750155	0.9999999528102657
3.1696044615820114	0.9999999524196991
3.1730993948133772	0.9999999523027999
3.1805275208793065	0.9999999522668593
3.1850472231887483	0.9999999522560379
3.1958837845634993	0.9999999522527251
3.1993412349065347	0.9999999522517273
3.2101235993663924	0.9999999522514219
3.2133964147065743	0.9999999522513301
3.2243593124295242	0.9999999522513022
3.2275230596812792	0.9999999522512955
3.2307172563513968	0.9999999522512928
3.2315834904549718	0.9999999522512910
3.2334500909388182	0.9999999522512907
3.2385903517506782	0.9999999522512903
3.2386835444233548	0.9999999522512899
3.2504216245310795	0.9999999115547406
3.9250946336903185	0.9999998954154798
4.2326138313766277	0.9999998932009634
4.2673192227115155	0.9999998931639625
4.2982103003891625	0.9999998931633443
4.3304761437161172	0.9999998931633337
4.3830646248679752	0.9999986216335162
