0.0000000000000000	0.0000000000000000
0.6178692796053976	0.0000300000000000
0.6180932281631123	0.0000105674657427
0.6182852259096794	0.0000172043439042
0.6190604903766671	0.0000161917822957
0.6192448915466011	0.0000252909063540
0.6198285359392572	0.0000193657537479
0.6203472542216552	0.0000339338772111
0.6203772981225344	0.0000298303482149
0.6208524229825908	0.0000442079234956
0.6208658896209227	0.0000382003353497
0.6211961168137008	0.0000466873831239
0.6216064136689453	0.0000566873831239
0.6216135306085746	0.0000541459776635
0.6218305021088175	0.0000623959433188
0.6221030143940639	0.0000723959433188
0.6223839166046390	0.0000822309168930
0.6226270496379847	0.0000922309168930
0.6228632863928943	0.0001022309168930
0.6230578469962338	0.0001122309168930
0.6232390919803791	0.0001222309168930
0.6233949904623606	0.0001322309168930
0.6235396772904516	0.0001422309168930
0.6236739235789230	0.0001522309168930
0.6238015251942740	0.0001622309168930
0.6239185165229171	0.0001722309168930
0.6240294510050551	0.0001822309168930
0.6241333646580575	0.0001922309168930
0.6242326263644516	0.0002022309168930
0.6243260090308642	0.0002122309168930
0.6244146940396643	0.0002222309168930
0.6244996042089513	0.0002322309168930
0.6245802796153886	0.0002422309168930
0.6246579541284009	0.0002522309168930
0.6247316519782552	0.0002622309168930
0.6248034560782701	0.0002722309168930
0.6248715455214814	0.0002822309168930
0.6249383002279438	0.0002922309168930
0.6250014978133100	0.0003022309168930
0.6250638436227264	0.0003122309168930
0.6251227802809315	0.0003222309168930
0.6251812707486240	0.0003322309168930
0.6252365106007490	0.0003422309168930
0.6252914347356769	0.0003522309168930
0.6253435933129220	0.0003622309168930
0.6253953287733117	0.0003722309168929
0.6254447741484815	0.0003822309168930
0.6254936186475488	0.0003922309168929
0.6255405289785073	0.0004022309168929
0.6255868147684011	0.0004122309168929
0.6256315379577875	0.0004222309168929
0.6256755217488700	0.0004322309168929
0.6257182507307057	0.0004422309168929
0.6257602061789568	0.0004522309168929
0.6258011011760899	0.0004622309168929
0.6258411368047905	0.0004722309168929
0.6258803552236151	0.0004822309168929
0.6259187052010859	0.0004922309168929
0.6259563714791266	0.0005022309168929
0.6259931123961839	0.0005122309168929
0.6260293493781501	0.0005222309168929
0.6260646740460327	0.0005322309168929
0.6260995436811128	0.0005422309168929
0.6261334092654547	0.0005522309168929
0.6261670143600471	0.0005622309168929
0.6261996887333640	0.0005722309168929
0.6262321873037437	0.0005822309168929
0.6262637010257088	0.0005922309168929
0.6262950322974060	0.0006022309168929
0.6263254626019131	0.0006122309168929
0.6263558322054833	0.0006222309168929
0.6263852225785488	0.0006322309168929
0.6264145895740747	0.0006422309168930
0.6264431414110411	0.0006522309168930
0.6264715253037635	0.0006622309168930
0.6264992773596859	0.0006722309168930
0.6265267770430687	0.0006822309168930
0.6265537404654836	0.0006922309168930
0.6265804290870759	0.0007022309168930
0.6266066214341972	0.0007122309168929
0.6266325969428732	0.0007222309168930
0.6266580402555031	0.0007322309168930
0.6266832604696855	0.0007422309168930
0.6267081025688803	0.0007522309168930
0.6267325611831128	0.0007622309168930
0.6267568166429880	0.0007722309168930
0.6267806591328706	0.0007822309168930
0.6268042290000612	0.0007922309168930
0.6268274639877730	0.0008022309168930
0.6268505666089392	0.0008122309168930
0.6268731601591971	0.0008222309168930
0.6268956267572535	0.0008322309168930
0.6269177052864477	0.0008422309168930
0.6269397163073858	0.0008522309168930
0.6269613114018705	0.0008622309168930
0.6269827457511280	0.0008722309168930
0.6270037556737579	0.0008822309168930
0.6270247433013855	0.0008922309168930
0.6270453131175066	0.0009022309168930
0.6270658402939794	0.0009122309168930
0.6270859914481469	0.0009222309168931
0.6271060723491246	0.0009322309168930
0.6271258123538720	0.0009422309168930
0.6271454248166072	0.0009522309168930
0.6271647260105579	0.0009622309168930
0.6271839118797439	0.0009722309168930
0.6272028384739452	0.0009822309168930
0.6272216256476034	0.0009922309168930
0.6272401892750603	0.0010022309168929
0.6272585990214922	0.0010122532260619
0.6272768530450827	0.0010223757583225
0.6272951122252035	0.0010325995159057
0.6273133902450595	0.0010429255110647
0.6273316448870678	0.0010533547661754
0.6273499520585191	0.0010638883138371
0.6273681893343053	0.0010745271969755
0.6273865309328330	0.0010852724689452
0.6274047554635167	0.0010961251936347
0.6274230845696097	0.0011070864455710
0.6274413367974926	0.0011181573100268
0.6274596416125583	0.0011293388831270
0.6274779435886993	0.0011406322719583
0.6274962154524999	0.0011520385946778
0.6275145716374236	0.0011635589806246
0.6275328161671453	0.0011751945704309
0.6275511362746077	0.0011869465161352
0.6275694417312301	0.0011988159812965
0.6275877280308909	0.0012108041411095
0.6276060778574006	0.0012229121825206
0.6276243498913188	0.0012351413043458
0.6276426616009712	0.0012474927173892
0.6276610099701249	0.0012599676445631
0.6276792818760182	0.0012725673210087
0.6276976062006493	0.0012852929942188
0.6277159459851277	0.0012981459241610
0.6277342295868583	0.0013111273834026
0.6277525568954335	0.0013242386572367
0.6277709033404236	0.0013374810438091
0.6277891902264872	0.0013508558542472
0.6278075135347546	0.0013643644127897
0.6278258683932774	0.0013780080569175
0.6278441652180667	0.0013917881374867
0.6278624797720307	0.0014057060188616
0.6278808209939694	0.0014197630790501
0.6278991593548094	0.0014339607098407
0.6279174624045302	0.0014483003169391
0.6279357881765228	0.0014627833201084
0.6279541330324985	0.0014774111533095
0.6279724706628950	0.0014921852648426
0.6279907806215339	0.0015071071174910
0.6280091065981958	0.0015221781886659
0.6280274474579001	0.0015373999705525
0.6280457995845999	0.0015527739702580
0.6280641193130932	0.0015683017099606
0.6280824411053330	0.0015839847270602
0.6281007725417198	0.0015998245743308
0.6281191137113298	0.0016158228200741
0.6281374611019760	0.0016319810482748
0.6281558055010046	0.0016483008587576
0.6281741288262802	0.0016647838673451
0.6281924578229386	0.0016814317060185
0.6282107934915557	0.0016982460230788
0.6282291324636676	0.0017152284833095
0.6282474759815098	0.0017323807681427
0.6282658212010342	0.0017497045758241
0.6282841691294945	0.0017672016215823
0.6283025175717488	0.0017848736377982
0.6283208510602951	0.0018027223741762
0.6283391874340105	0.0018207495979180
0.6283575254420707	0.0018389570938971
0.6283758656648000	0.0018573466648361
0.6283942069171979	0.0018759201314844
0.6284125496846438	0.0018946793327993
0.6284308931355960	0.0019136261261273
0.6284492375693117	0.0019327623873886
0.6284675825790916	0.0019520900112625
0.6284859277423698	0.0019716109113752
0.6285042725595653	0.0019913270204889
0.6285226170705427	0.0020112402906939
0.6285409615266310	0.0020313526936008
0.6285593056759924	0.0020516662205368
0.6285776500945481	0.0020721828827423
0.6285959940716035	0.0020929047115697
0.6286143386812476	0.0021138337586854
0.6286326827375520	0.0021349720962722
0.6286510272462162	0.0021563218172350
0.6286693715959597	0.0021778850354074
0.6286877161751458	0.0021996638857614
0.6287060610896094	0.0022216605246190
0.6287244059432806	0.0022438771298652
0.6287427515417956	0.0022663159011639
0.6287610969303643	0.0022889790601755
0.6287794427201554	0.0023118688507772
0.6287977889210582	0.0023349875392850
0.6288161351957445	0.0023583374146779
0.6288344821480938	0.0023819207888246
0.6288528292132506	0.0024057399967129
0.6288711765945170	0.0024297973966800
0.6288895247913082	0.0024540953706468
0.6289078729552990	0.0024786363243533
0.6289262215530188	0.0025034226875969
0.6289445709239021	0.0025284569144729
0.6289629203456142	0.0025537414836176
0.6289812702283234	0.0025792788984538
0.6289996209212287	0.0026050716874384
0.6290179717300519	0.0026311224043128
0.6290363229600218	0.0026574336283559
0.6290546749082038	0.0026840079646395
0.6290730272494395	0.0027108480442858
0.6290913799267435	0.0027379565247287
0.6291097331970110	0.0027653360899761
0.6291280872581684	0.0027929894508758
0.6291464415385308	0.0028209193453846
0.6291647962651826	0.0028491285388385
0.6291831516109989	0.0028776198242268
0.6292015077345480	0.0029063960224691
0.6292198641652683	0.0029354599826938
0.6292382210378668	0.0029648145825207
0.6292565784985440	0.0029944627283460
0.6292749366450735	0.0030244073556294
0.6292932954330266	0.0030546514291858
0.6293116537314193	0.0030851979434776
0.6293300116785430	0.0031160499229124
0.6293483702539494	0.0031472104221416
0.6293667295116968	0.0031786825263630
0.6293850895124509	0.0032104693516266
0.6294034501405560	0.0032425740451429
0.6294218112658551	0.0032749997855943
0.6294401729557851	0.0033077497834501
0.6294585352492535	0.0033408272812846
0.6294768981881526	0.0033742355540973
0.6294952617936447	0.0034079779096382
0.6295136260898822	0.0034420576887347
0.6295319910856000	0.0034764782656221
0.6295503567910128	0.0035112430482782
0.6295687232069714	0.0035463554787609
0.6295870902300477	0.0035818190335485
0.6296054578662033	0.0036176372238840
0.6296238261251935	0.0036538135961229
0.6296421950160030	0.0036903517320841
0.6296605645462657	0.0037272552494049
0.6296789347222325	0.0037645278018989
0.6296973055516272	0.0038021730799180
0.6297156770282393	0.0038401948107172
0.6297340491486673	0.0038785967588245
0.6297524219057438	0.0039173827264126
0.6297707952996381	0.0039565565536767
0.6297891693234176	0.0039961221192135
0.6298075439812438	0.0040360833404055
0.6298259192663188	0.0040764441738096
0.6298442951831064	0.0041172086155477
0.6298626717285493	0.0041583807017032
0.6298810489061204	0.0041999645087203
0.6298994267181327	0.0042419641538075
0.6299178051665041	0.0042843837953455
0.6299361842591985	0.0043272276332988
0.6299545639964633	0.0043704999096319
0.6299729443867936	0.0044142049087284
0.6299913254342991	0.0044583469578156
0.6300097071452979	0.0045029304273937
0.6300280895307943	0.0045479597316677
0.6300464725946751	0.0045934393289844
0.6300648563473009	0.0046393737222741
0.6300832407979240	0.0046857674594968
0.6301016258034257	0.0047326251340917
0.6301200113420767	0.0047799513854326
0.6301383974342486	0.0048277508992871
0.6301567841002034	0.0048760284082799
0.6301751713635720	0.0049247886923628
0.6301935592427824	0.0049740365792864
0.6302119477566736	0.0050237769450792
0.6302303369269516	0.0050740147145300
0.6302487267719867	0.0051247548616753
0.6302671173090701	0.0051760024102920
0.6302855085580088	0.0052277624343949
0.6303039005389152	0.0052800400587390
0.6303222932675377	0.0053328404593264
0.6303406867619357	0.0053861688639195
0.6303590810422450	0.0054400305525588
0.6303774761263576	0.0054944308580844
0.6303958720307101	0.0055493751666651
0.6304142687737854	0.0056048689183319
0.6304326663753881	0.0056609176075152
0.6304510648542269	0.0057175267835903
0.6304694642257479	0.0057747020514262
0.6304878645055284	0.0058324490719405
0.6305062657093985	0.0058907735626600
0.6305246678530960	0.0059496812982864
0.6305430709499633	0.0060091781112692
0.6305614750119263	0.0060692698923817
0.6305798800513486	0.0061299625913056
0.6305982860810955	0.0061912622172185
0.6306166931143277	0.0062531748393908
0.6306351011645640	0.0063157065877848
0.6306535102444984	0.0063788636536626
0.6306719203657545	0.0064426522901994
0.6306903315407504	0.0065070788131012
0.6307087437825880	0.0065721496012323
0.6307271571050554	0.0066378710972446
0.6307455715225587	0.0067042498082170
0.6307639870500118	0.0067712923062992
0.6307824037027385	0.0068390052293624
0.6308008214963999	0.0069073952816561
0.6308192404469805	0.0069764692344726
0.6308376605707442	0.0070462339268174
0.6308560818842786	0.0071166962660858
0.6308745043873766	0.0071878632287468
0.6308929280766126	0.0072597418610343
0.6309113529514063	0.0073323392796444
0.6309297790137931	0.0074056626724409
0.6309482062681929	0.0074797192991655
0.6309666347211700	0.0075545164921570
0.6309850643814103	0.0076300616570786
0.6310034952587035	0.0077063622736495
0.6310219273630882	0.0077834258963858
0.6310403607049372	0.0078612601553496
0.6310587952950718	0.0079398727569033
0.6310772311447682	0.0080192714844723
0.6310956682658364	0.0080994641993169
0.6311141066706509	0.0081804588413100
0.6311325463722622	0.0082622634297230
0.6311509873843736	0.0083448860640202
0.6311694297214835	0.0084283349246606
0.6311878733988999	0.0085126182739074
0.6312063184328228	0.0085977444566464
0.6312247648404310	0.0086837219012126
0.6312432126398713	0.0087705591202248
0.6312616618503751	0.0088582647114269
0.6312801124922246	0.0089468473585412
0.6312985645866547	0.0090363158321264
0.6313170181558455	0.0091266789904476
0.6313354732228236	0.0092179457803523
0.6313539298114689	0.0093101252381558
0.6313723879465514	0.0094032264905374
0.6313908476536660	0.0094972587554426
0.6314093089588743	0.0095922313429969
0.6314277718870096	0.0096881536564270
0.6314462364620017	0.0097850351929913
0.6314647027072575	0.0098828855449210
0.6314831706460088	0.0099817144003701
0.6315016403015291	0.0100815315443736
0.6315201116972152	0.0101823468598171
0.6315385848567108	0.0102841703284153
0.6315570598040279	0.0103870120316997
0.6315755365636166	0.0104908821520164
0.6315940151605181	0.0105957909735363
0.6316124956131544	0.0107017488832713
0.6316309779156163	0.0108087663721041
0.6316494617863164	0.0109168540358249
0.6316679469742269	0.0110260225761830
0.6316864340125986	0.0111362828019449
0.6317049229127598	0.0112476456299642
0.6317234136894777	0.0113601220862636
0.6317419059840327	0.0114737233071260
0.6317603997496776	0.0115884605401971
0.6317788950363632	0.0117043451455989
0.6317973918920574	0.0118213885970552
0.6318158903630658	0.0119396024830255
0.6318343904944514	0.0120589985078557
0.6318528923304277	0.0121795884929339
0.6318713959147323	0.0123013843778631
0.6318899012909710	0.0124243982216421
0.6319084085029323	0.0125486422038582
0.6319269175946612	0.0126741286258966
0.6319454286105437	0.0128008699121559
0.6319639415929191	0.0129288786112771
0.6319824565852293	0.0130581673973901
0.6320009736337583	0.0131887490713644
0.6320194927856553	0.0133206365620781
0.6320380140890866	0.0134538429276989
0.6320565375933938	0.0135883813569762
0.6320750633473040	0.0137242651705459
0.6320935913978881	0.0138615078222513
0.6321121217909792	0.0140001229004734
0.6321306545715853	0.0141401241294785
0.6321491897842801	0.0142815253707730
0.6321677274545299	0.0144243406244803
0.6321862675847236	0.0145685840307249
0.6322048101824360	0.0147142698710323
0.6322233552603218	0.0148614125697423
0.6322419028360332	0.0150100266954396
0.6322604529319554	0.0151601269623938
0.6322790055749138	0.0153117282320180
0.6322975607959499	0.0154648455143377
0.6323161186301608	0.0156194939694810
0.6323346791162122	0.0157756889091758
0.6323532381979294	0.0159334457982676
0.6323717950439975	0.0160927802562501
0.6323903548083563	0.0162537080588126
0.6324089175186798	0.0164162451394010
0.6324274832050328	0.0165804075907953
0.6324460518999566	0.0167462116667033
0.6324646236385981	0.0169136737833707
0.6324831984588640	0.0170828105212045
0.6325017764015863	0.0172536386264166
0.6325203575107038	0.0174261750126809
0.6325389418334605	0.0176004367628075
0.6325575294203986	0.0177764411304352
0.6325761203242862	0.0179542055417397
0.6325947145939440	0.0181337475971566
0.6326133119466066	0.0183150850731278
0.6326319119356412	0.0184982359238593
0.6326505146139167	0.0186832182830975
0.6326691200367278	0.0188700504659288
0.6326877282621293	0.0190587509705881
0.6327063393512785	0.0192493384802942
0.6327249533686784	0.0194418318650969
0.6327435703821267	0.0196362501837479
0.6327621904627359	0.0198326126855853
0.6327808136850194	0.0200309388124411
0.6327994401270300	0.0202312482005657
0.6328180698674655	0.0204335606825715
0.6328367029842312	0.0206378962893970
0.6328553395553249	0.0208442752522906
0.6328739796593117	0.0210527180048130
0.6328926233758315	0.0212632451848606
0.6329112707861200	0.0214758776367086
0.6329299219735235	0.0216906364130760
0.6329485770240150	0.0219075427772061
0.6329672359758105	0.0221266182049789
0.6329858988537923	0.0223478843870290
0.6330045656934933	0.0225713632308998
0.6330232365353361	0.0227970768632089
0.6330419114245635	0.0230250476318415
0.6330605904116623	0.0232552981081606
0.6330792735528005	0.0234878510892415
0.6330979609102548	0.0237227296001338
0.6331166525523635	0.0239599568961346
0.6331353485535590	0.0241995564650963
0.6331540489944811	0.0244415520297467
0.6331727539615242	0.0246859675500436
0.6331914635413967	0.0249328272255442
0.6332101772136353	0.0251821554977991
0.6332288946139069	0.0254339770527772
0.6332476159019356	0.0256883168233049
0.6332663412269698	0.0259451999915373
0.6332850706606271	0.0262046519914522
0.6333038042831683	0.0264666985113668
0.6333225421836134	0.0267313654964809
0.6333412844599009	0.0269986791514456
0.6333600312185848	0.0272686659429595
0.6333787825679746	0.0275413526023886
0.6333975386187399	0.0278167661284117
0.6334162994848753	0.0280949337896961
0.6334350652846346	0.0283758831275931
0.6334538355900295	0.0286596419588694
0.6334725947998410	0.0289462383784574
0.6334913595572708	0.0292357007622416
0.6335101299730256	0.0295280577698636
0.6335289061628051	0.0298233383475624
0.6335476881804809	0.0301215717310375
0.6335664760545326	0.0304227874483477
0.6335852698264992	0.0307270153228312
0.6336040695510603	0.0310342854760595
0.6336228752959456	0.0313446283308194
0.6336416871419795	0.0316580746141271
0.6336605051832241	0.0319746553602685
0.6336793290174673	0.0322944019138714
0.6336981578571622	0.0326173459330094
0.6337169919051195	0.0329435193923399
0.6337358313630740	0.0332729545862637
0.6337546764332642	0.0336056841321272
0.6337735273199823	0.0339417409734476
0.6337923841500642	0.0342811583831821
0.6338112470261608	0.0346239699670134
0.6338301160678084	0.0349702096666835
0.6338489895608042	0.0353199117633502
0.6338678685692616	0.0356731108809830
0.6338867541276408	0.0360298419897936
0.6339056463925323	0.0363901404096917
0.6339245455309069	0.0367540418137883
0.6339434517206635	0.0371215822319264
0.6339623651463914	0.0374927980542459
0.6339812859953150	0.0378677260347886
0.6340002143334450	0.0382464032951371
0.6340191502452732	0.0386288673280875
0.6340380938345032	0.0390151560013684
0.6340570437562097	0.0394053075613818
0.6340759999924042	0.0397993606369954
0.6340949627919256	0.0401973542433664
0.6341139324085411	0.0405993277858011
0.6341329090982426	0.0410053210636591
0.6341518931211039	0.0414153742742968
0.6341708617474845	0.0418295280170409
0.6341898370027439	0.0422478232972113
0.6342088205793673	0.0426703015301841
0.6342278125817631	0.0430970045454868
0.6342468131424305	0.0435279745909429
0.6342658224089328	0.0439632543368528
0.6342848405451701	0.0444028868802204
0.6343038677327175	0.0448469157490214
0.6343229041722580	0.0452953849065118
0.6343419500838960	0.0457483387555778
0.6343610056987248	0.0462058221431336
0.6343800699785824	0.0466678803645655
0.6343991422807890	0.0471345591682121
0.6344182228354175	0.0476059047598943
0.6344373118913375	0.0480819638074929
0.6344564097173525	0.0485627834455674
0.6344755166028327	0.0490484112800217
0.6344946328496274	0.0495388953928208
0.6345137587684460	0.0500342843467479
0.6345328946820245	0.0505346271902142
0.6345520408784916	0.0510399734621176
0.6345711975279155	0.0515503731967393
0.6345903648364274	0.0520658769287082
0.6346095430339407	0.0525865356979967
0.6346287323723069	0.0531124010549753
0.6346479321200764	0.0536435250655238
0.6346671411481760	0.0541799603161779
0.6346863310570633	0.0547217599193406
0.6347055282341300	0.0552689775185339
0.6347247362820753	0.0558216672937200
0.6347439554918780	0.0563798839666574
0.6347631861141980	0.0569436828063244
0.6347824284292836	0.0575131196343864
0.6348016827483327	0.0580882508307308
0.6348209494152467	0.0586691333390382
0.6348402251677966	0.0592558246724273
0.6348595126727519	0.0598483829191505
0.6348788134609017	0.0604468667483413
0.6348981276505996	0.0610513354158257
0.6349174528060380	0.0616618487699852
0.6349367893792501	0.0622784672576844
0.6349561378484295	0.0629012519302604
0.6349754987070999	0.0635302644495647
0.6349948724679771	0.0641655670940623
0.6350142596670030	0.0648072227650022
0.6350336606189342	0.0654552949926530
0.6350530756806395	0.0661098479425789
0.6350725052419358	0.0667709464220052
0.6350919267804668	0.0674386558862269
0.6351113442779800	0.0681130424450906
0.6351307780659534	0.0687941728695429
0.6351502252851964	0.0694821145982393
0.6351696865029496	0.0701769357442205
0.6351891622035521	0.0708787051016611
0.6352086528297742	0.0715874921526781
0.6352281588673688	0.0723033670742061
0.6352476808485767	0.0730264007449487
0.6352672193458165	0.0737566647523963
0.6352867749575432	0.0744942313999222
0.6353063480783132	0.0752391737139222
0.6353259391007774	0.0759915654510634
0.6353455449270287	0.0767514811055745
0.6353651661342603	0.0775189959166295
0.6353848034600378	0.0782941858757952
0.6354044576681229	0.0790771277345521
0.6354241294890089	0.0798678990118955
0.6354437770264207	0.0806665780020139
0.6354634349636674	0.0814732437820352
0.6354831104224642	0.0822879762198570
0.6355028013239659	0.0831108559820574
0.6355225130740033	0.0839419645418785
0.6355422426266034	0.0847813841872993
0.6355619903375482	0.0856291980291745
0.6355817568840114	0.0864854900094677
0.6356015429662504	0.0873503449095623
0.6356213493381333	0.0882238483586558
0.6356411768126666	0.0891060868422431
0.6356610262684167	0.0899971477106658
0.6356808983200738	0.0908971191877700
0.6357007914680104	0.0918060903796477
0.6357207040780442	0.0927241512834438
0.6357405888446777	0.0936513927962805
0.6357604847388481	0.0945879067242428
0.6357804033600988	0.0955337857914849
0.6358003457303372	0.0964891236494007
0.6358203125316245	0.0974540148858961
0.6358403045099054	0.0984285550347558
0.6358603225087989	0.0994128405851007
0.6358803637308444	0.1004069689909533
0.6359004277968321	0.1014110386808635
0.6359205158870276	0.1024251490676727
0.6359406289021101	0.1034494005583475
0.6359607678716551	0.1044838945639324
0.6359809276423269	0.1055287335095708
0.6360010615674021	0.1065840208446664
0.6360212033510302	0.1076498610531115
0.6360413729448935	0.1087263596636410
0.6360615684531569	0.1098136232602771
0.6360817910445441	0.1109117594928774
0.6361020419995917	0.1120208770878036
0.6361223226697834	0.1131410858586791
0.6361426342350019	0.1142724967172681
0.6361629777119515	0.1154152216844432
0.6361833499461504	0.1165693739012844
0.6362037504664965	0.1177350676402957
0.6362241769723107	0.1189124183167005
0.6362445583453257	0.1201015424998688
0.6362649729721618	0.1213025579248644
0.6362854220040872	0.1225155835041136
0.6363059067589374	0.1237407393391556
0.6363264262918638	0.1249781467325464
0.6363469775259120	0.1262279281998744
0.6363675612045548	0.1274902074818734
0.6363881682025003	0.1287651095566889
0.6364088116669040	0.1300527606522526
0.6364294933629964	0.1313532882587715
0.6364501541763352	0.1326668211413583
0.6364708199842765	0.1339934893527743
0.6364915218011492	0.1353334242463010
0.6365122613633831	0.1366867584887612
0.6365330405781107	0.1380536260736476
0.6365538614864577	0.1394341623343831
0.6365747257700797	0.1408285039577264
0.6365956300669749	0.1422367889973007
0.6366165732747356	0.1436591568872753
0.6366375480537395	0.1450957484561448
0.6366584723987790	0.1465467059407065
0.6366794427424460	0.1480121730001158
0.6367004604993358	0.1494922947301145
0.6367215106243292	0.1509872176774165
0.6367426033596140	0.1524970898541902
0.6367637414445452	0.1540220607527315
0.6367849273357453	0.1555622813602598
0.6368061632749603	0.1571179041738607
0.6368274001153631	0.1586890832155956
0.6368486235609437	0.1602759740477530
0.6368698947351749	0.1618787337882320
0.6368912167518797	0.1634975211261103
0.6369125920252694	0.1651324963373715
0.6369340232664629	0.1667838213007480
0.6369555119910864	0.1684516595137595
0.6369770518561462	0.1701361761088968
0.6369985920051234	0.1718375378699879
0.6370200966534263	0.1735559132486853
0.6370416611060844	0.1752914723811764
0.6370632886151242	0.1770443871049837
0.6370849774859242	0.1788148309760337
0.6371067242077921	0.1806029792857975
0.6371285320983154	0.1824090090786558
0.6371504048701803	0.1842330991694459
0.6371722138523985	0.1860754301611407
0.6371940810106413	0.1879361844627500
0.6372160122375455	0.1898155463073766
0.6372380097086265	0.1917137017704527
0.6372600631026338	0.1936308387881535
0.6372821820901622	0.1955671471760330
0.6373043722148549	0.1975228186477953
0.6373264882319636	0.1994980468342762
0.6373486676872311	0.2014930273026208
0.6373709237653463	0.2035079575756434
0.6373932612083386	0.2055430371514028
0.6374156795753357	0.2075984675229140
0.6374381732702962	0.2096744521981384
0.6374606846201027	0.2117711967201219
0.6374831647643150	0.2138889086873198
0.6375057148102262	0.2160277977741951
0.6375283545499318	0.2181880757519422
0.6375510771019328	0.2203699565094596
0.6375738884502623	0.2225736560745558
0.6375967525682579	0.2247993926353016
0.6376195654208514	0.2270473865616531
0.6376424767291290	0.2293178604272745
0.6376654806036909	0.2316110390315446
0.6376885832426984	0.2339271494218558
0.6377117598305023	0.2362664209160798
0.6377349590033640	0.2386290851252364
0.6377581389731212	0.2410153759764858
0.6377814226584435	0.2434255297362535
0.6378048175516381	0.2458597850336219
0.6378283304589306	0.2483183828839556
0.6378519510309911	0.2508015667127896
0.6378755014095094	0.2533095823799160
0.6378991077030296	0.2558426782037122
0.6379228280852103	0.2584011049857438
0.6379466746094452	0.2609851160356021
0.6379706400693386	0.2635949671959580
0.6379945987206144	0.2662309168679162
0.6380185838683834	0.2688932260366009
0.6380427117819195	0.2715821582969672
0.6380669656374749	0.2742979798799345
0.6380913189073286	0.2770409596787308
0.6381156778673421	0.2798113692755151
0.6381400641023096	0.2826094829682669
0.6381646008674305	0.2854355777979464
0.6381892842248247	0.2882899335759233
0.6382141252506879	0.2911728329116838
0.6382389111233487	0.2940845612407995
0.6382637496750428	0.2970254068532016
0.6382887466555740	0.2999956609217280
0.6383139135833823	0.3029956175309444
0.6383392234128350	0.3060255737062501
0.6383644453986372	0.3090858294433119
0.6383898404846350	0.3121766877377458
0.6384153751574617	0.3152984546151298
0.6384410991540370	0.3184514391612811
0.6384667904859364	0.3216359535528963
0.6384925703773565	0.3248523130884316
0.6385185535452710	0.3281008362193115
0.6385447548048215	0.3313818445815099
0.6385709604468380	0.3346956630273312
0.6385971677975174	0.3380426196576101
0.6386235969809611	0.3414230458541878
0.6386502662878213	0.3448372763127264
0.6386770573971626	0.3482856490758582
0.6387037738031655	0.3517685055666222
0.6387307003219271	0.3552861906222958
0.6387578928418380	0.3588390525285233
0.6387852105115790	0.3624274430538059
0.6388125022654322	0.3660517174843406
0.6388400352749329	0.3697122346591787
0.6388678152587939	0.3734093570057637
0.6388956675903036	0.3771434505758193
0.6389235649783120	0.3809148850815751
0.6389517672531786	0.3847240339323852
0.6389802334914256	0.3885712742717046
0.6390086292106708	0.3924569870144196
0.6390372117713089	0.3963815568845593
0.6390661387770636	0.4003453724534101
0.6390953395703957	0.4043488261779385
0.6391243483533463	0.4083923144397116
0.6391537108957472	0.4124762375841084
0.6391834642007499	0.4166009999599494
0.6392132633180723	0.4207670099595436
0.6392431237181283	0.4249746800591465
0.6392733804737279	0.4292244268597436
0.6393039559966643	0.4335166711283382
0.6393344773585016	0.4378518378396197
0.6393653057416477	0.4422303562180123
0.6393965928804497	0.4466526597801905
0.6394277950297331	0.4511191863779947
0.6394593660265894	0.4556303782417745
0.6394913094461375	0.4601866820241912
0.6395233499164706	0.4647885488444338
0.6395556624944043	0.4694364343328717
0.6395884120278038	0.4741307986762043
0.6396213316261758	0.4788721066629616
0.6396544082668177	0.4836608277295901
0.6396880670599578	0.4884974360068812
0.6397219120706799	0.4933824103669446
0.6397558610124074	0.4983162344706166
0.6397905081090622	0.5032993968153270
0.6398253387834993	0.5083323907834832
0.6398602709509665	0.5134157146913229
0.6398959577467762	0.5185498718382383
0.6399318490456333	0.5237353705566185
0.6399679098621144	0.5289727242621778
0.6400047775536586	0.5342624515047917
0.6400417725528041	0.5396050760198450
0.6400791229321118	0.5450011267800430
0.6401173206003085	0.5504511380478504
0.6401554914518347	0.5559556494283343
0.6401942588082038	0.5615152059226174
0.6402339339665782	0.5671303579818495
0.6402733987164609	0.5728016615616661
0.6403138120681875	0.5785296781772907
0.6403549395487231	0.5843149749590560
0.6403960488294952	0.5901581247086490
0.6404382784029914	0.5960597059557426
0.6404808792689310	0.6020203030153038
0.6405240885309283	0.6080405060454630
0.6405683120614588	0.6141209111059095
0.6406126215600425	0.6202621202169755
0.6406579935300168	0.6264647414191380
0.6407043548654395	0.6327293888333286
0.6407508685874331	0.6390566827216642
0.6407988726706230	0.6454472495488818
0.6408472542646139	0.6519017220443659
0.6408965907336672	0.6584207392648165
0.6409475106899138	0.6650049466574680
0.6409982604870046	0.6716549961240359
0.6410513723704879	0.6783715460852725
0.6411044217449184	0.6851552615461283
0.6411592157036970	0.6920068141615932
0.6412153554277726	0.6989268823032034
0.6412723012830441	0.7059161511262332
0.6413316245983403	0.7129753126374995
0.6413908569511284	0.7201050657638736
0.6414529184142184	0.7273061164215053
0.6415159162496191	0.7345791775857157
0.6415808594436226	0.7419249693615783
0.6416481275395010	0.7493442190551964
0.6417161434750173	0.7568376612457505
0.6417882474279893	0.7644060378582104
0.6418601925582688	0.7720500982367867
0.6419366845480049	0.7797705992191610
0.6420145291016394	0.7875683052113578
0.6420957970522722	0.7954439882634750
0.6421811075119637	0.8033984281461053
0.6422677714304647	0.8114324124275675
0.6423610607584985	0.8195467365518481
0.6424555371375102	0.8277422039173694
0.6425583264592689	0.8360196259565411
0.6426608919207780	0.8443798222161049
0.6427749201062449	0.8528236204382673
0.6428911880651496	0.8613518566426501
0.6430141894237791	0.8699653752090740
0.6431483428688876	0.8786650289611622
0.6432884232483107	0.8874516792507702
0.6434464141660708	0.8963261960432810
0.6436088831984585	0.9052894580037120
0.6437962887051821	0.9146875601271423
0.6440158925722695	0.9238344357284162
0.6442279839595449	0.9330727800857008
0.6445037911746142	0.9424035078865581
0.6447907377669331	0.9518275429654234
0.6451786196035603	0.9686106168140486
0.6452828752449801	0.9606476985262905
0.6455554959335081	0.9752641564128426
0.6457568430630047	0.9699240782565501
0.6461225510569790	0.9755500813126031
0.6465819683313153	0.9818185539202650
0.6471204598860194	0.9885602284912235
0.6473787976624291	0.9915915422964044
0.6477556212602213	0.9937530590789095
0.6503027174132051	0.9968058654793612
0.6512069754411378	0.9988914509333358
0.6550271891682269	0.9995696744940445
0.6610126538148338	0.9998291489717108
0.6622570046603323	0.9999288573108654
0.6675404562400397	0.9999798277854689
0.6680195418443940	0.9999914395733133
0.6751589531181109	0.9999968688532703
0.6792828140923589	0.9999985147388794
0.6844591707370700	0.9999995341682554
0.6880969301094403	0.9999997900297958
0.6949415005384280	0.9999999369214876
0.6987738500594887	0.9999999714946249
0.7052955531743483	0.9999999915247575
0.7086341815785691	0.9999999961548867
0.7151239478897263	0.9999999988604978
0.7182212237355686	0.9999999994805734
0.7247326880488258	0.9999999998455933
0.7275468289388860	0.9999999999293437
0.7340664149513335	0.9999999999789101
0.7367018956545631	0.9999999999903337
0.7432961916731187	0.9999999999971071
0.7459083123755277	0.9999999999986737
0.7525706178781000	0.9999999999996028
0.7552354906706071	0.9999999999998178
0.7619320376746032	0.9999999999999455
0.7646559462168301	0.9999999999999750
0.7713925293561356	0.9999999999999928
0.7742612489671566	0.9999999999999967
0.7773612607989253	1.0000023570459604
0.7773612608044920	1.0000026617124309
0.7991641216603355	1.0000027137843635
0.7991646925130722	1.0000027598943400
0.7999416080049843	1.0000028138811936
0.8003059139053057	1.0000028208594738
0.8020665619906734	1.0000029076541364
0.8023129642308416	1.0000029190246948
0.8216353136526438	1.0000029270351880
0.8220633370321109	1.0000029282916760
0.8350324560271842	1.0000029290396859
0.8358260802721070	1.0000029291797086
0.8476855444663182	1.0000029292435824
0.8501982840980085	1.0000029292557837
0.8602101059246047	1.0000029292612760
0.8631719234794781	1.0000029292623316
0.8711176221910621	1.0000029292629227
0.8729865302370229	1.0000029292630668
0.8807302993521885	1.0000029292631278
0.8858610182276586	1.0000029292631403
0.8915954924120588	1.0000029292631472
0.8937800466321081	1.0000029292631545
0.8954599457476493	1.0000029292631554
0.8975137206940714	1.0000029292631567
0.9002561061339952	1.0000029292631571
0.9085707425822145	1.0000029292631578
0.9105215964537288	1.0000029292631580
0.9107594735493239	1.0040099906207047
0.9129586697987812	1.0007182305580389
0.9181883243298015	1.0003053464021416
0.9354941500419058	1.0000669958089419
0.9394605530810270	1.0000360365316721
0.9455799325104081	1.0000176292669112
0.9498849423682703	1.0000152492412038
0.9596177322906684	1.0000137869787731
0.9637144325928251	1.0000135979753564
0.9670252655396478	0.9999726769952061
0.9695966682032647	0.9999666135695791
0.9885108912112071	0.9999645476815950
1.0079210195267225	0.9999069365759283
1.0296573809371314	0.9999047333119144
1.0404992194080189	0.9997652913434592
1.0770335116615342	0.9998915524026659
1.0779944702714646	0.9999091066879678
1.0957843173093746	0.9999126670168230
1.1169129881257263	0.9999595329748465
1.1170019069115185	0.9999655999207848
1.1387799417266629	0.9999672692321949
1.1388125095917359	0.9999675994970357
1.1463654952641900	0.9999676421931084
1.1600369848175083	0.9999676966356518
1.1605837694198866	0.9999847758560650
1.1606224186187162	0.9999869967778576
1.1823382033752556	0.9999876079755929
1.1828678130890220	0.9999880770288416
1.1835942620489190	0.9999881376595759
1.2103368846724569	0.9999881652152612
1.2113105883111330	0.9999994788251213
1.2113129543106416	1.0000009461158474
1.2330600246671515	1.0000013499159222
1.2330931103571183	1.0000014297951911
1.2338728948809947	1.0000016616405247
1.2348438726673363	1.0000016916085936
1.2450139344823876	1.0000017058074246
1.2485572895902599	1.0000017097153051
1.2619026580450774	1.0000017211748449
1.2629879295895408	1.0000017226560964
1.2795783599468704	1.0000017233948060
1.2799662624405252	1.0000017234902912
1.2969172276607346	1.0000017235305085
1.2996114790367062	1.0000017235392076
1.3117254692415701	1.0000017235424192
1.3180906052196504	1.0000017235430521
1.3335949233917062	1.0000017235432297
1.3393902554931536	1.0000017235432637
1.3516509281325257	1.0000017235432768
1.3581348096481267	1.0000017235432790
1.3700854200158741	1.0000017235432801
1.3737482127811704	1.0000017235432799
1.3773422105046662	1.0000017235432803
1.4959749679748278	1.0040087796771915
1.4963426943829645	1.0005177330924782
1.4963516426122077	1.0012392759178734
1.5024937000984024	1.0001833123723600
1.5032530593449445	1.0000464289500017
1.5318113568402330	0.9999577817939551
1.5353059145993593	0.9999450055067727
1.8338518011857778	0.9999891787263157
1.8429675631075608	0.9999957216929800
1.8512429334136300	0.9999975516752788
1.8657425053006227	0.9999978473699038
1.8747015699905334	0.9999979272085812
1.8867811437121873	0.9999991781337558
1.8885370154410466	0.9999997268566261
1.8966628644253141	0.9999998120032820
1.9117981639945092	0.9999998352949676
1.9255401481822121	0.9999998390563901
1.9371048093920193	0.9999998400716488
1.9531167539879100	0.9999998402361983
1.9656535580545682	0.9999998402805894
1.9798174596960145	0.9999999352682835
1.9815311284954065	0.9999999770712613
1.9896029556245010	0.9999999835473283
2.0047678593141849	0.9999999853200501
2.0099372385628111	0.9999999914179216
2.0119557667537036	0.9999999941108335
2.0201367929437906	0.9999999945302100
2.0279932039502944	0.9999999949813242
2.0339677049795668	0.9999999951822232
2.0404606496591162	0.9999999952353226
2.0476523910215660	0.9999999952615712
2.0545277936232869	0.9999999952676106
2.0609867317950283	0.9999999952707468
2.0675914551197874	0.9999999952714197
2.0738447015737704	0.9999999952717846
2.0802405250496854	0.9999999952718596
2.0868402310739169	0.9999999952719011
2.0929172662785693	0.9999999952719093
2.0996928593922641	0.9999999952719142
2.1061679153152970	0.9999999952719149
2.1119692143687918	0.9999999952719153
2.1130510872661588	0.9999999952719155
2.1198482085897643	0.9999999952719156
2.1261968814193515	1.0002279640537453
2.1262043284249228	1.0113762826810866
2.1263168615365444	1.0016806613924181
2.1325114047325107	1.0003121304417160
2.1392067549370699	1.0001325040709603
2.1553190721843118	1.0000220785707392
2.1668662201947724	1.0000039319804790
2.1693165682289561	1.0000015780731928
2.1847150048269550	1.0000002731220159
2.1897834983968165	1.0000001043444997
2.2014019013424515	1.0000000143967263
2.2066884348529183	1.0000000027691327
2.2143210678277949	0.9999999965199838
2.2195646866485244	0.9999999957122161
2.2382021775017029	0.9999999953470610
2.2444363155017224	0.9999999952998612
2.2593079043808904	0.9999999952778672
2.2653563248787858	0.9999999952728803
2.2700695548786198	0.9999999952721526
2.2820291014167342	0.9999999952719546
2.2921774241615074	0.9999999952719261
2.2970592538087495	0.9999999952719211
2.3017650931212494	0.9999999952719166
2.3091254000517183	0.9999999952719157
2.3231636370316071	0.9999999952719157
2.3311324761932890	0.9607843091828210
2.3311324761932890	0.9999999733991890
2.3311324763317209	0.9999999710791444
2.3636416285507282	0.9999999700375727
2.3884611976326506	0.9999999699052625
2.4005381459210215	0.9999999698859494
2.4149164774663161	0.9999999698834532
2.4412777101456316	0.9999999698827661
2.4515348853389134	0.9999999698826774
2.4699138451593052	0.9999999698826527
2.4806147819590274	0.9999999698826496
2.4929243517828996	0.9999999698826498
2.5049203739220172	0.9999999698826487
2.5070244860758955	0.9999999698826487
2.5121967593504366	0.9607842847892114
2.5121967593505365	0.9940297459153915
2.5123575030801097	0.9987492128532538
2.5212755792895116	0.9998505785104118
2.5520949959086368	0.9999765255217056
2.5566695944092963	0.9999903661442161
2.5749694874148581	0.9999959206756054
2.5837749272455981	0.9999967287446913
2.6027973872964294	0.9999969153009264
2.6189823716227023	0.9999969425083653
2.6310569425754480	0.9999969494345607
2.6370177216711581	0.9999976081671687
2.6371497324446400	0.9999976942106986
2.6587253011917182	0.9999977053325777
2.6603963635093502	0.9999980108469760
2.6611116572676670	0.9999980517756392
2.6868261916973748	0.9999980735036007
2.6904708893342817	0.9999980793780625
2.6919583165706888	0.9999980829459685
2.6965983672637530	0.9999980834071567
2.7211443517627347	0.9999980836949312
2.7226660074447895	0.9999980837917425
2.7239840950052572	0.9999980839296150
2.7277703920370171	0.9999980839474364
2.7366289456179236	0.9999980840658328
2.7371413130541558	0.9999980840811373
2.7487251983693013	0.9999980893341445
2.7487336394187665	0.9999980900131554
2.7759186921482932	0.9999980905130342
2.7797485051819630	0.9999980905776490
2.7953338909307597	0.9999980905987278
2.8057897379326158	0.9999980906014523
2.8106502318952296	0.9999980906047091
2.8145633151527889	0.9999980906075768
2.8150139470901228	0.9999980906079478
2.8426667380553665	0.9999980906080981
2.8504799078985124	0.9999980906081695
2.8514498051359265	0.9999980906081787
2.8573632879815976	0.9999980907103223
2.8573635330324696	0.9999980907244805
2.8843583439088056	0.9999980907342999
2.8881786824804934	0.9999980907355694
2.9036314887251646	0.9999980907359850
2.9115306422406286	1.0000123394032048
2.9140215742051092	1.0000144231245525
2.9333340441106843	1.0000147708312062
2.9380170340474141	1.0000148243337772
2.9577339290529503	1.0000148268105413
2.9705479380710078	1.0000148269885574
2.9923958583392767	1.0000148270006095
3.0112490784663861	1.0000148270015441
3.0299789060056215	1.0000148270016189
3.0495398018616839	1.0000148270016245
3.0586583255726953	1.0000148270016245
3.2738680103960025	0.9800145304615920
3.2738680103960025	1.0000023120310204
3.3596360853253966	1.0000022486223530
3.4071575934487486	1.0003541481119225
3.4163583368067720	1.0000330646181441
3.4328755383418565	1.0000030778858422
3.4552595964100257	1.0000005989257708
3.4655153784442807	1.0000003766718457
3.5269664029099745	0.9999987759306149
3.5782871696310292	0.9999973641515321
3.6215184524144686	0.9999971473770473
3.9799529606107855	1.0001379799713188
3.9912790532920197	1.0000578188872098
4.0173778678225691	1.0000109495096143
4.0398092580219389	1.0000019067931543
4.0623993756129844	1.0000003354450093
4.0844955317061791	1.0000000674930432
4.1065377101597074	1.0000000219527796
4.1285613333503282	1.0000000142174630
4.1505827528913288	1.0000000129037052
4.1726036032448057	1.0000000126805826
4.1946243265716516	1.0000000126426882
4.2166524748030598	1.0000000126362525
4.2386882506534818	1.0000000126351596
4.2606404716674664	1.0000000126349742
4.2822085661633000	1.0000000126349426
4.3038913967981998	0.9999261605494174
4.3329054427588796	0.9999703689416413
4.7590817025509358	0.9999950991278858
4.7590817026712662	0.9999982946390339
4.9263950790792990	0.9999992554895942
4.9263950842682513	0.9999993796863337
5.0269835276215469	0.9999994170292061
5.0269835490599553	0.9999994218561361
5.0924976841441127	0.9999994233074608
5.0924980292856628	0.9999994234950588
5.1399223601362261	0.9999994235514953
5.1399254057133126	0.9999994235587902
5.1776250964389643	0.9999994235610203
5.1776341936611949	0.9999994235613086
5.2099404581632811	0.9999994235613979
5.2099653996235258	0.9999994235614095
5.2411136180418216	0.9999994235614130
5.2419827716440865	0.9999994235614134
5.2740013551241063	0.9999994235614137
6.9001636454743256	0.9999999090116319
6.9001636463625120	0.9999999717606017
6.9219661813235014	0.9999999824520518
6.9219663076960432	0.9999999919448839
6.9227324040063341	0.9999999931719245
6.9503897719436640	0.9999999937790354
6.9507628575717115	0.9999999938575104
6.9739431966748393	0.9999999938846809
6.9744550698866172	0.9999999938881923
6.9995797547220233	0.9999999938893375
6.9999676752284730	0.9999999938894856
7.0172388833958417	0.9999999938895524
7.0196643328356334	0.9999999938895673
7.0242842130426277	0.9999999938895692
7.0425466830953649	0.9999999938895725
7.0474782074525599	0.9999999938895734
7.0513242053665879	0.9999999938895736
7.0661457197599882	1.0009831985431481
7.0693245626576866	1.0003179720788840
7.0943698791122012	1.0001559948444803
7.1138042245479038	0.9999502055229946
7.1356236350966391	0.9999900370630639
7.8772538972470185	0.9999980704156258
9.5564255120003310	0.9999993241231041
9.8650698345512335	0.9999996963152118
9.8650698345910968	0.9999997444242705
9.8759738392900882	1.0011748330212418
9.8835130818414392	1.0001903063247735
9.9016077785620951	1.0000476265795133
9.9042549778088933	1.0000471748111379
9.9301585000156951	0.9999654055098238
9.9396667510720516	0.9999616412252019
9.9827355248682057	0.9999615776736162
