0.0000000000000000	0.0000000000000000
0.6188336008952882	0.0000300000000000
0.6190604903766671	0.0000084815309350
0.6203472542216552	0.0000177750926129
0.6203772981225344	0.0000248546011106
0.6206527537583924	0.0000208185400178
0.6208524229825908	0.0000283498088230
0.6211961168137008	0.0000260359714810
0.6216593268739368	0.0000406643329285
0.6218305021088175	0.0000360718188649
0.6222690572827783	0.0000534015391125
0.6223839166046390	0.0000457342978351
0.6224515688827724	0.0000476870741475
0.6229135403504287	0.0000576870741475
0.6232333756120856	0.0000661669810049
0.6234691005900865	0.0000761669810049
0.6237585819441144	0.0000861669810049
0.6239819087268181	0.0000961669810049
0.6241923242720985	0.0001061669810049
0.6243670971120081	0.0001161669810049
0.6245348263657606	0.0001261669810049
0.6246826877893160	0.0001361669810049
0.6248218473463873	0.0001461669810049
0.6249501609747973	0.0001561669810049
0.6250696807994143	0.0001661669810049
0.6251822588771077	0.0001761669810049
0.6252883852702024	0.0001861669810049
0.6253888405329143	0.0001961669810049
0.6254831450157423	0.0002061669810049
0.6255742675086036	0.0002161669810049
0.6256599182698107	0.0002261669810049
0.6257431342255827	0.0002361669810049
0.6258208933149144	0.0002461669810049
0.6258975161042785	0.0002561669810049
0.6259693173055590	0.0002661669810049
0.6260402574107472	0.0002761669810049
0.6261065901879725	0.0002861669810049
0.6261724344203782	0.0002961669810049
0.6262343461254920	0.0003061669810049
0.6262955144740758	0.0003161669810049
0.6263535477925383	0.0003261669810049
0.6264107783642278	0.0003361669810049
0.6264655029742193	0.0003461669810049
0.6265192317753244	0.0003561669810049
0.6265710221158116	0.0003661669810049
0.6266218547642611	0.0003761669810049
0.6266709883569042	0.0003861669810049
0.6267190357110549	0.0003961669810049
0.6267657707211679	0.0004061669810049
0.6268114622474146	0.0004161669810049
0.6268560138906240	0.0004261669810049
0.6268994440785512	0.0004361669810049
0.6269420056592160	0.0004461669810049
0.6269834912766286	0.0004561669810049
0.6270242038682342	0.0004661669810049
0.6270637570991962	0.0004761669810049
0.6271027794795273	0.0004861669810049
0.6271407107737744	0.0004961669810049
0.6271782048354136	0.0005061669810049
0.6272145786987254	0.0005161669810049
0.6272506537611209	0.0005261669810049
0.6272856287588120	0.0005361669810049
0.6273203753290364	0.0005461669810049
0.6273540237168281	0.0005561669810049
0.6273875641085331	0.0005661669810049
0.6274199359303919	0.0005761669810049
0.6274522005314949	0.0005861669810049
0.6274835150097586	0.0005961669810049
0.6275147613974972	0.0006061669810049
0.6275449845038895	0.0006161669810049
0.6275751092028525	0.0006261669810049
0.6276045161968371	0.0006361669810049
0.6276335965302797	0.0006461669810049
0.6276621413827912	0.0006561669810049
0.6276902969532839	0.0006661669810049
0.6277179936209716	0.0006761669810049
0.6277453029722480	0.0006861669810049
0.6277722280088530	0.0006961669810049
0.6277987115893802	0.0007061669810049
0.6278249071752702	0.0007161669810049
0.6278506250919887	0.0007261669810049
0.6278760634947087	0.0007361669810049
0.6279011602694126	0.0007461669810049
0.6279258688861602	0.0007561669810049
0.6279502789239423	0.0007661669810049
0.6279744374623708	0.0007761669810049
0.6279981233025402	0.0007861669810049
0.6280216683583816	0.0007961669810049
0.6280448485680514	0.0008061669810049
0.6280677758925808	0.0008161669810049
0.6280902894887611	0.0008261669810049
0.6281127218786372	0.0008361669810049
0.6281347448612064	0.0008461669810049
0.6281566819768258	0.0008561669810049
0.6281781010098670	0.0008661669810049
0.6281994926855941	0.0008761669810049
0.6282204466419834	0.0008861669810049
0.6282413803680483	0.0008961669810049
0.6282619035115048	0.0009061669810050
0.6282823722393984	0.0009161669810050
0.6283024736586917	0.0009261669810050
0.6283224353879209	0.0009361669810050
0.6283420732027620	0.0009461669810050
0.6283616080123422	0.0009561669810050
0.6283808591213745	0.0009661669810050
0.6283999909168894	0.0009761669810050
0.6284188657277788	0.0009861669810049
0.6284375963624453	0.0009961669810050
0.6284561070207250	0.0010061669810050
0.6284744615426782	0.0010162286508150
0.6284927343163129	0.0010263909373232
0.6285110077146273	0.0010366548466964
0.6285293049985217	0.0010470213951634
0.6285475727113582	0.0010574916091150
0.6285658996956973	0.0010680665252062
0.6285841488479708	0.0010787471904583
0.6286025108448954	0.0010895346623629
0.6286207451333340	0.0011004300089865
0.6286390842598880	0.0011114343090764
0.6286573573108224	0.0011225486521671
0.6286756699931050	0.0011337741386888
0.6286939935155617	0.0011451118800757
0.6287122737461298	0.0011565629988765
0.6287306394962223	0.0011681286288652
0.6287489031491438	0.0011798099151539
0.6287672303339386	0.0011916080143054
0.6287855586651588	0.0012035240944485
0.6288038503430197	0.0012155593353930
0.6288222061225827	0.0012277149287469
0.6288405017552560	0.0012399920780343
0.6288588179879435	0.0012523919988147
0.6288771880793631	0.0012649159188028
0.6288954677238050	0.0012775650779909
0.6289137957843463	0.0012903407287708
0.6289321607655867	0.0013032441360585
0.6289504486849182	0.0013162765774191
0.6289687792081097	0.0013294393431933
0.6289871477611417	0.0013427337366252
0.6290054423938874	0.0013561610739914
0.6290237684430029	0.0013697226847314
0.6290421265550026	0.0013834199115786
0.6290604504074079	0.0013972541106944
0.6290787675333142	0.0014112266518013
0.6290971118240199	0.0014253389183194
0.6291154781334236	0.0014395923075025
0.6291337835492885	0.0014539882305776
0.6291521121861962	0.0014685281128833
0.6291704592672881	0.0014832133940122
0.6291888240802120	0.0014980455279523
0.6292071388073232	0.0015130259832317
0.6292254669972086	0.0015281562430641
0.6292438105596231	0.0015434378054947
0.6292621649234510	0.0015588721835496
0.6292805150394483	0.0015744609053851
0.6292988397724557	0.0015902055144390
0.6293171735835872	0.0016061075695834
0.6293355174830640	0.0016221686452792
0.6293538672776531	0.0016383903317320
0.6293722238877127	0.0016547742350493
0.6293905690622736	0.0016713219773998
0.6294089006423117	0.0016880351971737
0.6294272386638311	0.0017049155491454
0.6294455804246704	0.0017219647046369
0.6294639263830859	0.0017391843516833
0.6294822745196551	0.0017565761952001
0.6295006251982044	0.0017741419571522
0.6295189768631038	0.0017918833767237
0.6295373296542596	0.0018098022104910
0.6295556825850503	0.0018279002325958
0.6295740252174221	0.0018461792349218
0.6295923690312173	0.0018646410272711
0.6296107143378982	0.0018832874375438
0.6296290609959054	0.0019021203119192
0.6296474088049026	0.0019211415150384
0.6296657575594083	0.0019403529301888
0.6296841073512782	0.0019597564594907
0.6297024567132994	0.0019793540240856
0.6297208059051483	0.0019991475643264
0.6297391545028946	0.0020191390399697
0.6297575032236342	0.0020393304303694
0.6297758512975165	0.0020597237346731
0.6297941998254329	0.0020803209720198
0.6298125476406377	0.0021011241817399
0.6298308958519436	0.0021221354235574
0.6298492436457289	0.0021433567777930
0.6298675916431822	0.0021647903455709
0.6298859396857208	0.0021864382490266
0.6299042876850949	0.0022083026315169
0.6299226362244125	0.0022303856578321
0.6299409844657541	0.0022526895144104
0.6299593332072219	0.0022752164095545
0.6299776819557410	0.0022979685736500
0.6299960308855002	0.0023209482593866
0.6300143804386352	0.0023441577419804
0.6300327298401540	0.0023675993194002
0.6300510797131023	0.0023912753125942
0.6300694299186128	0.0024151880657202
0.6300877802343680	0.0024393399463774
0.6301061311667029	0.0024637333458412
0.6301244822778407	0.0024883706792996
0.6301428336177078	0.0025132543860926
0.6301611856000261	0.0025383869299536
0.6301795377505903	0.0025637707992531
0.6301978901569922	0.0025894085072456
0.6302162431641667	0.0026153025923179
0.6302345964743116	0.0026414556182411
0.6302529500059908	0.0026678701744234
0.6302713040467782	0.0026945488761676
0.6302896586601781	0.0027214943649294
0.6303080134153273	0.0027487093085787
0.6303263685585927	0.0027761964016644
0.6303447243196019	0.0028039583656810
0.6303630804789958	0.0028319979493379
0.6303814368848591	0.0028603179288314
0.6303997937424999	0.0028889211081196
0.6304181511941236	0.0029178103192009
0.6304365091378286	0.0029469884223930
0.6304548673640747	0.0029764583066169
0.6304732260020902	0.0030062228896830
0.6304915851817648	0.0030362851185798
0.6305099449856224	0.0030666479697656
0.6305283052408919	0.0030973144494632
0.6305466658544734	0.0031282875939579
0.6305650269105650	0.0031595704698974
0.6305833884914378	0.0031911661745963
0.6306017506493058	0.0032230778363422
0.6306201134337738	0.0032553086147057
0.6306384767605393	0.0032878617008527
0.6306568405045557	0.0033207403178614
0.6306752047225065	0.0033539477210400
0.6306935694541855	0.0033874871982504
0.6307119347344865	0.0034213620702328
0.6307303005876591	0.0034555756909351
0.6307486670331497	0.0034901314478445
0.6307670340844511	0.0035250327623228
0.6307854017495544	0.0035602830899460
0.6308037700352657	0.0035958859208456
0.6308221389425216	0.0036318447800540
0.6308405084747355	0.0036681632278546
0.6308588786287341	0.0037048448601331
0.6308772493792186	0.0037418933087345
0.6308956207409806	0.0037793122418219
0.6309139927251102	0.0038171053642400
0.6309323653363458	0.0038552764178826
0.6309507385694348	0.0038938291820613
0.6309691124295708	0.0039327674738819
0.6309874869120428	0.0039720951486208
0.6310058620242727	0.0040118161001071
0.6310242377626274	0.0040519342611082
0.6310426141307226	0.0040924536037193
0.6310609911293283	0.0041333781397564
0.6310793687632079	0.0041747119211541
0.6310977470356169	0.0042164590403656
0.6311161259560976	0.0042586236307693
0.6311345055258515	0.0043012098670769
0.6311528857543052	0.0043442219657477
0.6311712666457820	0.0043876641854051
0.6311896482071460	0.0044315408272592
0.6312080304487725	0.0044758562355318
0.6312264133745310	0.0045206147978870
0.6312447969950046	0.0045658209458659
0.6312631813179065	0.0046114791553247
0.6312815663506401	0.0046575939468780
0.6312999521061838	0.0047041698863469
0.6313183385911902	0.0047512115852105
0.6313367258153726	0.0047987237010625
0.6313551137931355	0.0048467109380732
0.6313735025316413	0.0048951780474538
0.6313918920420455	0.0049441298279284
0.6314102823395092	0.0049935711262076
0.6314286734330968	0.0050435068374698
0.6314470653345142	0.0050939419058446
0.6314654580587543	0.0051448813249030
0.6314838516177128	0.0051963301381522
0.6315022460228165	0.0052482934395338
0.6315206412883156	0.0053007763739291
0.6315390374300027	0.0053537841376682
0.6315574344585895	0.0054073219790449
0.6315758323873260	0.0054613951988352
0.6315942312313303	0.0055160091508237
0.6316126310062790	0.0055711692423318
0.6316310317228221	0.0056268809347550
0.6316494322668798	0.0056831497441025
0.6316678316617764	0.0057399812415435
0.6316862320919124	0.0057973810539588
0.6317046335632198	0.0058553548644983
0.6317230360808949	0.0059139084131434
0.6317414396513779	0.0059730474972748
0.6317598442676070	0.0060327779722477
0.6317782499215836	0.0060931057519701
0.6317966566076536	0.0061540368094899
0.6318150643195632	0.0062155771775847
0.6318334730537206	0.0062777329493604
0.6318518828088332	0.0063405102788541
0.6318702935856808	0.0064039153816427
0.6318887053868231	0.0064679545354590
0.6319071182164814	0.0065326340808136
0.6319255320802926	0.0065979604216219
0.6319439469851917	0.0066639400258380
0.6319623626729219	0.0067305794260966
0.6319807791956933	0.0067978852203574
0.6319991967797561	0.0068658640725609
0.6320176154363513	0.0069345227132864
0.6320360351778017	0.0070038679404192
0.6320544560176223	0.0070739066198235
0.6320728779703316	0.0071446456860217
0.6320913010515177	0.0072160921428821
0.6321097252775639	0.0072882530643109
0.6321281506656101	0.0073611355949539
0.6321465772333954	0.0074347469509034
0.6321650049993128	0.0075090944204125
0.6321834339815835	0.0075841853646168
0.6322018641974356	0.0076600272182629
0.6322202956633360	0.0077366274904453
0.6322387283952322	0.0078139937653497
0.6322571624087981	0.0078921337030030
0.6322755977195810	0.0079710550400329
0.6322940343432667	0.0080507655904333
0.6323124722957270	0.0081312732463375
0.6323309115932509	0.0082125859788007
0.6323493522526206	0.0082947118385887
0.6323677941342362	0.0083776589569746
0.6323862370731864	0.0084614355465445
0.6324046811095547	0.0085460499020098
0.6324231262822910	0.0086315104010298
0.6324415726293301	0.0087178255050399
0.6324600201877505	0.0088050037600901
0.6324784689939802	0.0088930537976912
0.6324969190838562	0.0089819843356683
0.6325153704928220	0.0090718041790250
0.6325338232560949	0.0091625222208152
0.6325522774087495	0.0092541474430233
0.6325707329859013	0.0093466889174536
0.6325891900228051	0.0094401558066280
0.6326076485546539	0.0095345573646941
0.6326261086039485	0.0096299029383408
0.6326445701748699	0.0097262019677242
0.6326630332731837	0.0098234639874014
0.6326814979062826	0.0099216986272753
0.6326999640832310	0.0100209156135478
0.6327184318147606	0.0101211247696833
0.6327369011133143	0.0102223360173800
0.6327553719931069	0.0103245593775538
0.6327738444701790	0.0104278049713297
0.6327923185623836	0.0105320830210430
0.6328107942894512	0.0106374038512535
0.6328292716729387	0.0107437778897658
0.6328477507361209	0.0108512156686633
0.6328662315038717	0.0109597278253502
0.6328847140026169	0.0110693251036038
0.6329031982603116	0.0111800183546396
0.6329216843064375	0.0112918185381860
0.6329401721720133	0.0114047367235678
0.6329586618895884	0.0115187840908037
0.6329771534913620	0.0116339719317117
0.6329956470086996	0.0117503116510290
0.6330141424725856	0.0118678147675389
0.6330326399138310	0.0119864929152142
0.6330511393632678	0.0121063578443664
0.6330696408519253	0.0122274214228101
0.6330881444112377	0.0123496956370385
0.6331066500732614	0.0124731925934087
0.6331251578708771	0.0125979245193424
0.6331436678379838	0.0127239037645360
0.6331621800096858	0.0128511428021810
0.6331806944224543	0.0129796542302027
0.6331992111140730	0.0131094507725050
0.6332177301005144	0.0132405452802299
0.6332362513829146	0.0133729507330319
0.6332547749681710	0.0135066802403618
0.6332733008682555	0.0136417470427654
0.6332918290970134	0.0137781645131928
0.6333103596703923	0.0139159461583245
0.6333288926066674	0.0140551056199080
0.6333474279266619	0.0141956566761073
0.6333659656539458	0.0143376132428683
0.6333845058147649	0.0144809893752967
0.6334030484379986	0.0146257992690493
0.6334215935551551	0.0147720572617394
0.6334401412004058	0.0149197778343566
0.6334586913897738	0.0150689756127002
0.6334772435477058	0.0152196653688277
0.6334957977555328	0.0153718620225162
0.6335143540943698	0.0155255806427416
0.6335329126453397	0.0156808364491693
0.6335514734872575	0.0158376448136608
0.6335700366958025	0.0159960212617978
0.6335886023441810	0.0161559814744153
0.6336071705037586	0.0163175412891592
0.6336257412446553	0.0164807167020504
0.6336443146363139	0.0166455238690707
0.6336628907480431	0.0168119791077610
0.6336814696303088	0.0169800988988386
0.6337000513011107	0.0171498998878271
0.6337186357848887	0.0173213988867056
0.6337372231121664	0.0174946128755728
0.6337558133192727	0.0176695590043281
0.6337744064481375	0.0178462545943711
0.6337930025431047	0.0180247171403153
0.6338116016499042	0.0182049643117185
0.6338302038162228	0.0183870139548361
0.6338488019631024	0.0185708840943840
0.6338673999168138	0.0187565929353283
0.6338860012478821	0.0189441588646817
0.6339046059965905	0.0191336004533285
0.6339232142071514	0.0193249364578620
0.6339418259278978	0.0195181858224406
0.6339604412114895	0.0197133676806647
0.6339790601149463	0.0199105013574708
0.6339976826995249	0.0201096063710460
0.6340163090258232	0.0203107024347559
0.6340349391545195	0.0205138094591039
0.6340535731471028	0.0207189475536950
0.6340722110099758	0.0209261370292316
0.6340908527483051	0.0211353983995237
0.6341094983763371	0.0213467523835190
0.6341281479171162	0.0215602199073539
0.6341468014021171	0.0217758221064272
0.6341654588709691	0.0219935803274911
0.6341841194867062	0.0222135161307657
0.6342027832998657	0.0224356512920731
0.6342214504229258	0.0226600078049931
0.6342401209662454	0.0228866078830430
0.6342587950392750	0.0231154739618739
0.6342774727512044	0.0233466287014921
0.6342961542116261	0.0235800949885076
0.6343148395312140	0.0238158959383932
0.6343335288224232	0.0240540548977769
0.6343522222001654	0.0242945954467543
0.6343709197821270	0.0245375414012219
0.6343896216400451	0.0247829168152347
0.6344083278171251	0.0250307459833867
0.6344270383628393	0.0252810534432213
0.6344457533333281	0.0255338639776534
0.6344644727918274	0.0257892026174296
0.6344831968091007	0.0260470946436039
0.6345019254635428	0.0263075655900397
0.6345206588411422	0.0265706412459400
0.6345393970355682	0.0268363476583998
0.6345581401464766	0.0271047111349840
0.6345768882747203	0.0273757582463343
0.6345956415236707	0.0276495158287978
0.6346144000000064	0.0279260109870854
0.6346331638143918	0.0282052710969571
0.6346519330438735	0.0284873238079269
0.6346707077184177	0.0287721970460062
0.6346894867866069	0.0290599190164660
0.6347082702503188	0.0293505182066311
0.6347270582473653	0.0296440233886972
0.6347458509191054	0.0299404636225848
0.6347646484087747	0.0302398682588099
0.6347834508625472	0.0305422669413971
0.6348022584305942	0.0308476896108109
0.6348210690529479	0.0311561665069194
0.6348398715280233	0.0314677281719885
0.6348586750067094	0.0317824054537080
0.6348774844291564	0.0321002295082460
0.6348962999401165	0.0324212318033284
0.6349151216814523	0.0327454441213617
0.6349339496940417	0.0330728985625749
0.6349527840338669	0.0334036275481998
0.6349716247722305	0.0337376638236816
0.6349904719955513	0.0340750404619192
0.6350093258053242	0.0344157908665390
0.6350281863182421	0.0347599487752041
0.6350470536569478	0.0351075482629567
0.6350659279513460	0.0354586237455856
0.6350848093394994	0.0358132099830411
0.6351036970906155	0.0361713420828705
0.6351225906620003	0.0365330555036989
0.6351414903141033	0.0368983860587362
0.6351603961844746	0.0372673699193233
0.6351793084247527	0.0376400436185160
0.6351982271968193	0.0380164440547010
0.6352171526707098	0.0383966084952473
0.6352360850258338	0.0387805745802004
0.6352550244523584	0.0391683803260031
0.6352739711522256	0.0395600641292640
0.6352929253395828	0.0399556647705557
0.6353118872324571	0.0403552214182619
0.6353308570525211	0.0407587736324444
0.6353498348925239	0.0411663613687701
0.6353688208620908	0.0415780249824580
0.6353878150929421	0.0419938052322835
0.6354068177387729	0.0424137432846072
0.6354258289728960	0.0428378807174534
0.6354448473758507	0.0432662595246280
0.6354638729078298	0.0436989221198731
0.6354828977716990	0.0441359113410717
0.6355019129712393	0.0445772704544814
0.6355209364786613	0.0450230431590265
0.6355399685867898	0.0454732735906165
0.6355590094554370	0.0459280063265233
0.6355780592498951	0.0463872863897892
0.6355971181530687	0.0468511592536864
0.6356161863654511	0.0473196708462227
0.6356352641062849	0.0477928675546859
0.6356543516148803	0.0482707962302336
0.6356734491521170	0.0487535041925369
0.6356925569891881	0.0492410392344620
0.6357116753227732	0.0497334496268063
0.6357308042628003	0.0502307841230743
0.6357499421133714	0.0507330919643058
0.6357690887594923	0.0512404228839481
0.6357882445359295	0.0517528271127870
0.6358074097988696	0.0522703553839157
0.6358265849118854	0.0527930589377538
0.6358457702480739	0.0533209895271308
0.6358649661933711	0.0538541994224016
0.6358841730069782	0.0543927414166263
0.6359033889371758	0.0549366688307915
0.6359226136667998	0.0554860355190988
0.6359418499964423	0.0560408958742904
0.6359610982374888	0.0566013048330323
0.6359803362406905	0.0571673178813633
0.6359995739901068	0.0577389910601760
0.6360188231519863	0.0583163809707772
0.6360380833398986	0.0588995447804840
0.6360573549562946	0.0594885402282900
0.6360766383095550	0.0600834256305745
0.6360959337368981	0.0606842598868812
0.6361152416072063	0.0612911024857493
0.6361345623221388	0.0619040135106072
0.6361538963078858	0.0625230536457115
0.6361732440076906	0.0631482841821684
0.6361926057213348	0.0637797670239899
0.6362119817152972	0.0644175646942298
0.6362313721546066	0.0650617403411732
0.6362507744819440	0.0657123577445864
0.6362701892585966	0.0663694813220315
0.6362896170601577	0.0670331761352515
0.6363090584822603	0.0677035078966041
0.6363285140536974	0.0683805429755692
0.6363479841591103	0.0690643484053252
0.6363674655655518	0.0697549918893781
0.6363869221213595	0.0704525418082704
0.6364063950711375	0.0711570672263515
0.6364258848594863	0.0718686378986170
0.6364453919772133	0.0725873242776037
0.6364649145975853	0.0733131975203793
0.6364844519928291	0.0740463294955841
0.6365040046734287	0.0747867927905410
0.6365235731901909	0.0755346607184451
0.6365431581387623	0.0762900073256293
0.6365627601624890	0.0770529073988872
0.6365823799361287	0.0778234364728770
0.6366020134012710	0.0786016708376076
0.6366216632353112	0.0793876875459857
0.6366413318282529	0.0801815644214438
0.6366610162092741	0.0809833800656578
0.6366807172122948	0.0817932138663145
0.6367004347054239	0.0826111460049756
0.6367201193345213	0.0834372574650235
0.6367398233950952	0.0842716300396716
0.6367595473963995	0.0851143463400665
0.6367792919278913	0.0859654898034651
0.6367990576439694	0.0868251447014976
0.6368188452522023	0.0876933961485127
0.6368386535298816	0.0885703301099967
0.6368584807700173	0.0894560334110949
0.6368783277056316	0.0903505937452080
0.6368981951507431	0.0912540996826588
0.6369180839693250	0.0921666406794875
0.6369379950841318	0.0930883070862804
0.6369579293951855	0.0940191901571417
0.6369778875370192	0.0949593820587135
0.6369978395140578	0.0959089758792993
0.6370177817004091	0.0968680656380905
0.6370377457602140	0.0978367462944700
0.6370577327367339	0.0988151137574129
0.6370777437449864	0.0998032648949890
0.6370977797754662	0.1008012975439400
0.6371178344980191	0.1018093105193799
0.6371379136161487	0.1028274036245743
0.6371580203065635	0.1038556776608201
0.6371781505863351	0.1048942344374295
0.6371983053443755	0.1059431767818043
0.6372184856474270	0.1070026085496223
0.6372386925890395	0.1080726346351212
0.6372588819223536	0.1091533609814749
0.6372790729698187	0.1102448945912889
0.6372992946881914	0.1113473435372011
0.6373195480888540	0.1124608169725742
0.6373398284894806	0.1135854251423026
0.6373601368003785	0.1147212793937239
0.6373804743945924	0.1158684921876630
0.6374008427558499	0.1170271771095375
0.6374212432727249	0.1181974488806309
0.6374416770457775	0.1193794233694357
0.6374621429023051	0.1205732176031269
0.6374826168394756	0.1217789497791552
0.6375030621656880	0.1229967392769479
0.6375235335544800	0.1242267066697161
0.6375440343711876	0.1254689737364106
0.6375645708484261	0.1267236634737759
0.6375851444193830	0.1279909001085162
0.6376057550513070	0.1292708091095995
0.6376263987074094	0.1305635172006945
0.6376470773367564	0.1318691523727047
0.6376677925581220	0.1331878438964329
0.6376885446576968	0.1345197223353989
0.6377092425034436	0.1358649195587561
0.6377299827205389	0.1372235687543473
0.6377507637878739	0.1385958044418933
0.6377715826415472	0.1399817624863156
0.6377924411964752	0.1413815801111803
0.6378133415572143	0.1427953959122888
0.6378342859806940	0.1442233498714104
0.6378552757759038	0.1456655833701249
0.6378762911072977	0.1471222392038255
0.6378972767865039	0.1485934615958606
0.6379182737985336	0.1500793962118220
0.6379393168649365	0.1515801901739421
0.6379604083353442	0.1530959920756804
0.6379815501530545	0.1546269519964349
0.6380027392662023	0.1561732215163954
0.6380239740971471	0.1577349537315600
0.6380452576692317	0.1593123032688721
0.6380665771738108	0.1609054263015639
0.6380878453062204	0.1625144805645823
0.6381091697451146	0.1641396253702301
0.6381305475426209	0.1657810216239305
0.6381519767846580	0.1674388318401726
0.6381734419967463	0.1691132201585751
0.6381949640497109	0.1708043523601629
0.6382165460631158	0.1725123958837690
0.6382381533313226	0.1742375198426070
0.6382597184971999	0.1759798950410321
0.6382813418674600	0.1777396939914399
0.6383030264521975	0.1795170909313561
0.6383247755525634	0.1813122618406657
0.6383465912284987	0.1831253844590690
0.6383684663899778	0.1849566383036620
0.6383904045751789	0.1868062046867000
0.6384122873835411	0.1886742667335699
0.6384341953337378	0.1905610094009033
0.6384561763955841	0.1924666194949111
0.6384782257968510	0.1943912856898598
0.6385003432910993	0.1963351985467547
0.6385225331575615	0.1982985505322237
0.6385448000197428	0.2002815360375430
0.6385669849065078	0.2022843513979206
0.6385892468673012	0.2043071949118960
0.6386115834906870	0.2063502668610197
0.6386339995010698	0.2084137695296270
0.6386564909425146	0.2104979072249209
0.6386790491959065	0.2126028862971684
0.6387015993185371	0.2147289151601452
0.6387241482541480	0.2168762043117505
0.6387467844194099	0.2190449663548726
0.6387695136362197	0.2212354160184229
0.6387923357970370	0.2234477701786016
0.6388152448335920	0.2256822478803898
0.6388381718977566	0.2279390703591892
0.6388610801278005	0.2302184610627773
0.6388840635543337	0.2325206456734079
0.6389071453899391	0.2348458521301377
0.6389303240521577	0.2371943106514398
0.6389536064688340	0.2395662537579487
0.6389768641527473	0.2419619162955287
0.6390001595774859	0.2443815354584861
0.6390235626796864	0.2468253508130706
0.6390470749915572	0.2492936043212002
0.6390706877166914	0.2517865403644080
0.6390943633985239	0.2543044057680508
0.6391179728187500	0.2568474498257292
0.6391416978826261	0.2594159243239919
0.6391655466501917	0.2620100835672352
0.6391895282207523	0.2646301844029080
0.6392136372589966	0.2672764862469365
0.6392376491986020	0.2699492511094029
0.6392617457430524	0.2726487436204929
0.6392859743159954	0.2753752310566951
0.6393103491858781	0.2781289833672628
0.6393348600786893	0.2809102732009304
0.6393592687126488	0.2837193759329333
0.6393838124738365	0.2865565696922654
0.6394085188201162	0.2894221353891860
0.6394333390592682	0.2923163567430753
0.6394582592044311	0.2952395203105048
0.6394831023775074	0.2981919155136130
0.6395081205138706	0.3011738346687502
0.6395333080225948	0.3041855730154338
0.6395586669922517	0.3072274287455832
0.6395840080698934	0.3102997030330322
0.6396093708339431	0.3134027000633658
0.6396349223383085	0.3165367270640030
0.6396606588729650	0.3197020943346495
0.6396865310307852	0.3228991152779902
0.6397123337804428	0.3261281064307734
0.6397383263831242	0.3293893874950741
0.6397644810110164	0.3326832813700240
0.6397908559799671	0.3360101141837215
0.6398171051228272	0.3393702153255558
0.6398435701493719	0.3427639174788094
0.6398702582886739	0.3461915566535982
0.6398971318938749	0.3496534722201312
0.6399238976991718	0.3531500069423355
0.6399508641015650	0.3566815070117647
0.6399780782422732	0.3602483220818780
0.6400055612775685	0.3638508053026987
0.6400328748005754	0.3674893133557239
0.6400604032554866	0.3711642064892857
0.6400882082935644	0.3748758485541812
0.6401162660703130	0.3786246070397160
0.6401442130490337	0.3824108531101065
0.6401723891867334	0.3862349616412113
0.6402008590380773	0.3900973112576179
0.6402294668187732	0.3939982843702000
0.6402581144712046	0.3979382672139044
0.6402870593912151	0.4019176498860451
0.6403162828199933	0.4059368263849051
0.6403454519922841	0.4099961946487578
0.6403748881764592	0.4140961565952472
0.6404046843071169	0.4182371181612057
0.6404346035979127	0.4224194893428117
0.6404645207001940	0.4266436842362378
0.6404948511812967	0.4309101210785947
0.6405255955205971	0.4352192222893818
0.6405561151879285	0.4395714145122758
0.6405870296756839	0.4439671286574047
0.6406183909284103	0.4484067999439776
0.6406498195312179	0.4528908679434190
0.6406813508609208	0.4574197766228467
0.6407134020941747	0.4619939743890752
0.6407457114906798	0.4666139141329698
0.6407779989819259	0.4712800532742930
0.6408107968515911	0.4759928538070440
0.6408439996061585	0.4807527823451114
0.6408771500903823	0.4855603101685670
0.6409107689291608	0.4904159132702448
0.6409449142299171	0.4953200724029412
0.6409789992332913	0.5002732731269642
0.6410135669148399	0.5052760058582270
0.6410487093916670	0.5103287659168132
0.6410837968638959	0.5154320535759891
0.6411194530439148	0.5205863741117462
0.6411556564824420	0.5257922378528668
0.6411918546718363	0.5310501602313978
0.6412287206598424	0.5363606618337049
0.6412660605964624	0.5417242684520346
0.6413035442415027	0.5471415111365471
0.6413417574680489	0.5526129262479181
0.6413803215480817	0.5581390555104038
0.6414192110881450	0.5637204460655079
0.6414589495800307	0.5693576505261594
0.6414988419727505	0.5750512270314275
0.6415393153979105	0.5808017393017363
0.6415808364505667	0.5866097566947566
0.6416221442322159	0.5924758542617099
0.6416644527223212	0.5984006128043300
0.6417075642631279	0.6043846189323796
0.6417507452800109	0.6104284651217081
0.6417953389977618	0.6165327497729224
0.6418400467858900	0.6226980772706504
0.6418855558306316	0.6289250580433564
0.6419324676915169	0.6352143086237905
0.6419790876978286	0.6415664517100238
0.6420275395178526	0.6479821162271251
0.6420761819262178	0.6544619373893893
0.6421259851391710	0.6610065567632870
0.6421772065892246	0.6676166223309191
0.6422285378819581	0.6742927885542348
0.6422816170418472	0.6810357164397723
0.6423355373534092	0.6878460736041681
0.6423905417206082	0.6947245343402092
0.6424476353092610	0.7016717796836147
0.6425045149739500	0.7086884974804550
0.6425646027910920	0.7157753824552558
0.6426244788941290	0.7229331362798145
0.6426868522532879	0.7301624676426146
0.6427508562840935	0.7374640923190404
0.6428161981692513	0.7448387332422350
0.6428849435494340	0.7522871205746570
0.6429532197173788	0.7598099917804002
0.6430259763293923	0.7674080916982058
0.6430992927333078	0.7750821726151931
0.6431762846593867	0.7828329943413469
0.6432558171481323	0.7906613242847549
0.6433377778612044	0.7985679375276044
0.6434242169270347	0.8065536169028757
0.6435127637854454	0.8146191530719087
0.6436082221065670	0.8227653446026326
0.6437026158463300	0.8309929980486558
0.6438073839803300	0.8393029280291430
0.6439129026197876	0.8476959573094334
0.6440296660046613	0.8561729168825235
0.6441475058368067	0.8647346460513465
0.6442764506785840	0.8733819925118633
0.6444128511069859	0.8821158124369813
0.6445623156474338	0.8909369705613491
0.6447205440281847	0.8998463402669618
0.6448915631276020	0.9088448036696279
0.6450846915720495	0.9179332517063246
0.6452828752449801	0.9268388219099203
0.6455263206545674	0.9361072101290212
0.6457568430630047	0.9437956582711807
0.6460270780604694	0.9532336148538907
0.6464366301587843	0.9627659510024283
0.6469180347855596	0.9723936105124530
0.6470836926882977	0.9702071541515807
0.6473787976624291	0.9795973515408953
0.6473876222614311	0.9767574647618460
0.6477556212602213	0.9862710159820048
0.6481461874201734	0.9901822568349242
0.6484311517809586	0.9910910108039929
0.6489270227383303	0.9926441031279557
0.6503027174132051	0.9938287874560466
0.6508433986281614	0.9971856834944469
0.6550271891682269	0.9993036703793811
0.6561293037793952	0.9995688080770642
0.6622570046603323	0.9998782702739479
0.6627392678104638	0.9999181583386983
0.6662541174288156	0.9999516909175378
0.6680195418443940	0.9999877006976042
0.6691000792894675	0.9999923525561795
0.6792828140923589	0.9999974549481205
0.6813108835413768	0.9999988666626612
0.6880969301094403	0.9999996598378728
0.6922849481238356	0.9999998477966791
0.6987738500594887	0.9999999549735042
0.7022854713430977	0.9999999796402080
0.7086341815785691	0.9999999939936092
0.7117170597070265	0.9999999972691475
0.7182212237355686	0.9999999991913817
0.7210570493037920	0.9999999996301738
0.7275468289388860	0.9999999998898002
0.7301322487536187	0.9999999999494673
0.7367018956545631	0.9999999999848802
0.7392476552697694	0.9999999999930647
0.7459083123755277	0.9999999999979211
0.7485275327321246	0.9999999999990470
0.7552354906706071	0.9999999999997141
0.7579479935146543	0.9999999999998690
0.7646559462168301	0.9999999999999608
0.7674375694940125	0.9999999999999822
0.7742612489671566	0.9999999999999946
0.7770668421110448	0.9999999999999976
0.7773612608044920	1.0000009444786031
0.7773612608131478	1.0000010665608856
0.7991638924430263	1.0000010874266292
0.7991641216603355	1.0000011059037393
0.7999402733003216	1.0000011275382410
0.8003059139053057	1.0000011491709986
0.8009564492471544	1.0000011523901668
0.8023129642308416	1.0000011876390438
0.8025922067540311	1.0000011922645720
0.8220633370321109	1.0000011961596997
0.8224105409068841	1.0000011967532398
0.8358260802721070	1.0000011971873115
0.8360235246269143	1.0000011972434195
0.8501982840980085	1.0000011972812435
0.8504647867157598	1.0000011972861320
0.8631719234794781	1.0000011972894041
0.8638144301028082	1.0000011972901499
0.8729865302370229	1.0000011972905956
0.8733790378745271	1.0000011972906779
0.8858610182276586	1.0000011972907148
0.8881942072336153	1.0000011972907352
0.8935323879071770	1.0000011972907481
0.8954599457476493	1.0000011972907510
0.8975137206940714	1.0000011972907548
0.9031064054731208	1.0000011972907565
0.9105215964537288	1.0000011972907576
0.9107594735493239	1.0014230556224804
0.9107594735493286	1.0016051813413038
0.9181883243298015	1.0003166076610408
0.9322906433853324	1.0001528267325910
0.9394605530810270	1.0000571405281631
0.9405505939160990	1.0000447116487838
0.9498849423682703	1.0000373351311487
0.9542653921747775	1.0000363768383582
0.9637144325928251	1.0000357909280266
0.9670252655396478	0.9999089336489240
0.9885108912112071	0.9999053367048021
1.0077435997441606	0.9997458835567092
1.0404992194080189	0.9998855606703185
1.0460516372381301	0.9999021142613124
1.0779944702714646	0.9999531508351079
1.0788461661497593	0.9999597443562389
1.0866802546887853	0.9999629280978394
1.0957843173093746	0.9999641914832816
1.1155611286732958	0.9999644019064513
1.1170019069115185	0.9999832126142615
1.1170375059746458	0.9999856439631795
1.1388125095917359	0.9999866677656712
1.1463711634340734	0.9999868172102979
1.1606224186187162	0.9999937024419843
1.1606844921508221	0.9999945924090687
1.1824091240348089	0.9999949672255143
1.1835942620489190	0.9999951551788555
1.1975712976039949	0.9999951850193779
1.2113129543106416	0.9999997338409848
1.2113338313478641	1.0000003218088820
1.2330931103571183	1.0000005694364928
1.2348438726673363	1.0000006623378357
1.2390658517875957	1.0000007063543233
1.2485572895902599	1.0000007184687800
1.2601204344447237	1.0000007200346874
1.2629879295895408	1.0000007246265767
1.2639489759114930	1.0000007252201220
1.2745907873809170	1.0000007255353283
1.2799662624405252	1.0000007258313326
1.2886182968677840	1.0000007258695942
1.2996114790367062	1.0000007258965609
1.3046141557510997	1.0000007259000467
1.3180906052196504	1.0000007259018613
1.3241980494813379	1.0000007259020960
1.3393902554931536	1.0000007259022015
1.3465049095657666	1.0000007259022150
1.3581348096481267	1.0000007259022221
1.3635482591098194	1.0000007259022230
1.3737482127811704	1.0000007259022232
1.3740932300943682	1.0000007259022234
1.3773422105046662	1.0000007259022237
1.4959749679748278	1.0014225830950256
1.4963516426122077	1.0036623003017764
1.4965606225264003	1.0004978271186418
1.5032530593449445	1.0000738057632770
1.5240935077761650	0.9999691188802898
1.5353059145993593	0.9999295522714411
1.7394753304089894	0.9999732583190267
1.8429675631075608	0.9999912553968100
1.8451692786893299	0.9999935808912594
1.8657425053006227	0.9999943351406052
1.8744455358747836	0.9999944325979800
1.8867811437121873	0.9999983104555050
1.8880938496671749	0.9999993084889222
1.8966628644253141	0.9999995334075730
1.9091752699711659	0.9999995624705051
1.9255401481822121	0.9999995720699961
1.9340737316423759	0.9999995733107583
1.9531167539879100	0.9999995737294003
1.9614692438509900	0.9999995737835137
1.9798174596960145	0.9999998682453040
1.9811424497518313	0.9999999449352528
1.9896029556245010	0.9999999620665107
2.0022194156972764	0.9999999642808330
2.0099372385628111	0.9999999831842350
2.0112352550969099	0.9999999879793073
2.0201367929437906	0.9999999890836676
2.0279932039502944	0.9999999903102701
2.0309985840344398	0.9999999906776436
2.0404606496591162	0.9999999908422513
2.0464403297890774	0.9999999908783398
2.0545277936232869	0.9999999908970615
2.0595298429939359	0.9999999909009213
2.0675914551197874	0.9999999909030071
2.0724990202305578	0.9999999909034181
2.0802405250496854	0.9999999909036501
2.0849662593803298	0.9999999909036944
2.0929172662785693	0.9999999909037202
2.0974323037292710	0.9999999909037250
2.1061679153152970	0.9999999909037278
2.1096432667605507	0.9999999909037283
2.1198482085897643	0.9999999909037287
2.1234236258565775	0.9999999909037287
2.1261968814193604	1.0306122355232306
2.1263168615365444	1.0005846329900276
2.1392067549370699	1.0000575604048587
2.1553190721843118	1.0000078453792987
2.1693165682289561	1.0000005528109173
2.1897834983968165	1.0000000296095415
2.2066884348529183	0.9999999935640447
2.2195646866485244	0.9999999910599644
2.2444363155017224	0.9999999909136447
2.2653563248787858	0.9999999909040710
2.2820291014167342	0.9999999909037425
2.3017650931212494	0.9999999909037290
2.3231636370316071	0.9999999909037289
2.3232953797906428	0.9799999910856544
2.3232953797906428	0.9999999909037288
2.3236968975222769	0.9799999910856543
2.3236968975222769	0.9999999909037286
2.3311324763317209	0.9999999822081176
2.3884611976326506	0.9999999819026580
2.4149164774663161	0.9999999818949191
2.4515348853389134	0.9999999818946438
2.4806147819590274	0.9999999818946343
2.4929243517828996	0.9999999818946341
2.5070244860758955	0.9999999818946338
2.5121967593504366	0.9799999822567413
2.5121967593504366	0.9859046823918670
2.5123575030801097	0.9997290565874739
2.5489981040775422	0.9999489484084331
2.5566695944092963	0.9999921584852621
2.5837749272455981	0.9999944089343045
2.6189823716227023	0.9999944847205854
2.6371497324446400	0.9999947514554689
2.6611116572676670	0.9999948783341731
2.6919583165706888	0.9999948893946545
2.7226660074447895	0.9999948896947687
2.7277703920370171	0.9999948897500154
2.7371413130541558	0.9999948897974580
2.7487336394187665	0.9999948919023814
2.7797485051819630	0.9999948921026872
2.8057897379326158	0.9999948921111335
2.8143613251271740	0.9999948921122891
2.8150139470901228	0.9999948921134385
2.8499195233772627	0.9999948921134916
2.8514498051359265	0.9999948921135201
2.8573635330324696	0.9999948921547889
2.8881786824804934	0.9999948921587237
2.9115306422406286	1.0000390730249222
2.9333340441106843	1.0000399345114697
3.1112345689523515	0.9992231678968021
3.1183869333682299	0.9997811437795445
3.1267735381290329	0.9999676299457515
3.1402542279335135	0.9999913344170527
3.1430450551539280	1.0000034241926128
3.1548726762467618	1.0000049860967732
3.1599384131910577	1.0000058205095426
3.1709266221664301	1.0000059283610414
3.1714522433147314	1.0000059911906092
3.1776935840029821	1.0000060099958714
3.1888536413111543	1.0000060139861591
3.2011103707621911	1.0000060151426786
3.2057189674002990	1.0000060155545107
3.2180913091871628	1.0000060156537440
3.2236489245028466	1.0000060156877701
3.2363471484413897	1.0000060156957766
3.2399689408655274	1.0000060389074843
3.2435504577173062	1.0000060505544925
3.2711539066614996	1.0000060520158569
3.4051743116539566	1.0035981823079232
3.4071575934487486	1.0010969445514954
3.4090206783625101	1.0003786667498344
3.4163583368067720	1.0001016044803241
3.4206870414948924	1.0000337223751199
3.4328755383418565	1.0000086025906860
3.4369820399598821	1.0000026613418906
3.4552595964100257	1.0000009386942765
3.4560577117719844	1.0000004289094173
3.4655153784442807	1.0000002498664391
3.4693909302836468	1.0000002049611152
3.4753361583766513	1.0000001940630625
3.4984603082284265	1.0000001906655085
3.5214944282837615	1.0000001904721885
3.5231686808334768	0.9999973425975172
3.5269664029099745	0.9999960376661594
3.5347076772564359	0.9999958689779954
3.5370149550244334	0.9999957367288371
3.5782871696310292	0.9999916611592313
3.5807616576824044	0.9999911342929280
3.6215184524144686	0.9999909891685084
3.9799465874116757	0.9999976658199137
3.9799529606107855	1.0004275686655479
3.9886668018006475	1.0001587045403371
4.0167530042792094	1.0000300124885801
4.0379311298202731	1.0000051993559143
4.0603078582062002	1.0000008867584627
4.0823602089472697	1.0000001512204366
4.1043945148276499	1.0000000262060507
4.1264167441329969	1.0000000049713877
4.1484379142108692	1.0000000013649115
4.1704587095317613	1.0000000007524035
4.1924794862333163	1.0000000006483776
4.2145072010807887	1.0000000006307106
4.2365409648000387	1.0000000006277097
4.2585021340629092	1.0000000006272005
4.2801975447078204	1.0000000006271139
4.3038913967981092	0.9997972647358133
4.3329054427588796	0.9999377196670823
4.3823613625093021	0.9999804096875343
4.3932494383458467	0.9999866132869644
4.4561910308215573	0.9999876941507018
4.4728991082536531	0.9999878540447036
4.5418534188175519	0.9999878804978922
4.5594409115423593	0.9999878839172690
4.6059084514903006	0.9999878849321010
4.6168770773061567	0.9999878850814671
4.6735853931200042	0.9999878851061300
4.6910786264235744	0.9999878851097778
4.7551018285019451	0.9999878851103799
4.7590817026712662	0.9999977943837911
4.7590817034430914	0.9999990752045287
4.7808854607532254	0.9999992934317262
4.8033994867923395	0.9999992966603196
4.8165732838785082	0.9999992982069407
4.8245936148610316	0.9999992984326973
4.8634609415024421	0.9999992984732845
4.8801281674533925	0.9999992984792089
4.9225764422129901	0.9999992984802674
4.9263950842682513	0.9999996834975381
4.9263951099912404	0.9999997332647038
4.9481976235105058	0.9999997414681154
4.9557587000276238	0.9999997418182848
4.9680226590452996	0.9999997419146610
4.9810141438141251	0.9999997419362638
5.0021488668286089	0.9999997419394172
5.0159258470519203	0.9999997419402913
5.0269835490599553	0.9999997569037743
5.0269842667528453	0.9999997588380779
5.0487853311642832	0.9999997590881203
5.0487875942808458	0.9999997591569389
5.0563443110887096	0.9999997591723121
5.0771045144259439	0.9999997591745556
5.0910413951129039	0.9999997591751065
5.0924980292856628	0.9999997597566600
5.0925209816799839	0.9999997598319829
5.1143051649430484	0.9999997598448299
5.1368276961735031	0.9999997598450200
5.1399254057133126	0.9999997598676342
5.1402296017012290	0.9999997598706492
5.1614591163903558	0.9999997598710387
5.1623421445755504	0.9999997598711460
5.1698442814367409	0.9999997598711674
5.1776341936611949	0.9999997598720610
5.1778543405442914	0.9999997598721824
5.1986673327682338	0.9999997598721985
5.1999407219221698	0.9999997598722027
5.2070117934355551	0.9999997598722040
5.2099653996235258	0.9999997598722397
5.2105333909442448	0.9999997598722443
5.2280159991303616	0.9999997598722451
5.2316099668876248	0.9999997598722454
5.2419827716440865	0.9999997598722468
5.2462622329273856	0.9999997598722470
5.2765253276942534	0.9999997598722471
5.2786721333512121	0.9999997598722472
6.9001636463625120	0.9999999543945856
6.9001636498533854	0.9999999795384804
6.9219661502142973	0.9999999837444065
6.9219661813235014	0.9999999875381467
6.9227324040063341	0.9999999913419726
6.9229149965852228	0.9999999923240316
6.9379360848448757	0.9999999925132016
6.9422473211408597	0.9999999925731926
6.9507628575717115	0.9999999928164653
6.9517362351598067	0.9999999928479105
6.9598090361997098	0.9999999928612575
6.9685048544119370	0.9999999928632054
6.9744550698866172	0.9999999928740921
6.9751997149172791	0.9999999928754999
6.9918285271037330	0.9999999928759896
6.9999676752284730	0.9999999928764485
7.0014677376788725	0.9999999928765795
7.0196643328356334	0.9999999928766254
7.0281967800968825	0.9999999928766347
7.0474782074525599	0.9999999928766372
7.0545825750150479	0.9999999928766377
7.0661457197599855	1.0026990482011191
7.0693245626576866	1.0005924405294191
7.0746428976120868	1.0002001683397004
7.0943698791122012	1.0000894660288886
7.0988263702592374	1.0000675033597479
7.1138042245479038	0.9999916465397584
7.1144111898852325	0.9999814029826036
7.1356236350966391	0.9999577733250161
7.1357348716571636	0.9999546113303983
7.1597663635761277	0.9999951425079672
9.5564255120003310	0.9999990297403378
9.5603028407104595	0.9999995320745459
9.5854777087037917	0.9999996054102407
9.6291029176979102	0.9999996066351632
9.6727108529560315	0.9999996066556285
9.7163183540840095	0.9999996066559705
9.7613385194984215	0.9999996066559762
9.8650698345910968	0.9999997557951749
9.8759738392900882	1.0036425291314655
9.8763415535438757	1.0004690007242909
9.9016077785620951	1.0000710445390140
9.9042549778088933	1.0000699657283174
9.9239191052181557	0.9998962702232210
