0.0000000000000000	0.0000000000000000
0.6244909421658890	0.0000300000000000
0.6248292625643065	0.0000150279004731
0.6254063743507874	0.0000250279004731
0.6256324701755699	0.0000277958182084
0.6259579413643426	0.0000380891685875
0.6261790261555628	0.0000274241192543
0.6266659255688461	0.0000461553620285
0.6268954339775126	0.0000396537456150
0.6272781431305299	0.0000469640617157
0.6276417805754240	0.0000569640617157
0.6276667224115545	0.0000541807432218
0.6278887001101054	0.0000623708146024
0.6281580681792105	0.0000723708146024
0.6284352520752464	0.0000822166018191
0.6286806518962793	0.0000922166018191
0.6289194271242561	0.0001022166018191
0.6291117069551726	0.0001122166018191
0.6292887727998104	0.0001222166018191
0.6294468146872136	0.0001322166018191
0.6295896647567593	0.0001422166018191
0.6297253663921986	0.0001522166018191
0.6298507310635360	0.0001622166018191
0.6299690044087483	0.0001722166018191
0.6300784336395140	0.0001822166018191
0.6301833944440379	0.0001922166018192
0.6302814390372300	0.0002022166018192
0.6303756330934025	0.0002122166018192
0.6304627381170489	0.0002222166018192
0.6305483411861695	0.0002322166018192
0.6306281363768842	0.0002422166018192
0.6307065930708027	0.0002522166018192
0.6307796304292700	0.0002622166018192
0.6308520818925226	0.0002722166018192
0.6309197323492205	0.0002822166018192
0.6309867010700240	0.0002922166018192
0.6310496511989692	0.0003022166018192
0.6311120483252991	0.0003122166018192
0.6311710749562924	0.0003222166018192
0.6312292524132537	0.0003322166018192
0.6312848266894754	0.0003422166018192
0.6313394752073894	0.0003522166018192
0.6313919683276856	0.0003622166018192
0.6314433244659544	0.0003722166018192
0.6314929768994447	0.0003822166018192
0.6315415701213943	0.0003922166018192
0.6315887663684691	0.0004022166018192
0.6316348345128719	0.0004122166018192
0.6316798087373914	0.0004222166018192
0.6317236098461899	0.0004322166018192
0.6317665575257551	0.0004422166018192
0.6318083146624249	0.0004522166018192
0.6318494078890120	0.0004622166018192
0.6318892887993891	0.0004722166018192
0.6319286881204788	0.0004822166018192
0.6319668755788300	0.0004922166018192
0.6320047035708073	0.0005022166018192
0.6320412999272691	0.0005122166018192
0.6320776424887874	0.0005222166018192
0.6321127629852061	0.0005322166018192
0.6321477442333419	0.0005422166018192
0.6321815152483974	0.0005522166018192
0.6322151949182405	0.0005622166018192
0.6322478365715302	0.0005722166018192
0.6322803153509812	0.0005822166018192
0.6323117838570155	0.0005922166018192
0.6323430653170254	0.0006022166018192
0.6323736276689039	0.0006122166018192
0.6324038180606545	0.0006222166018191
0.6324333579313497	0.0006322166018191
0.6324626788524625	0.0006422166018192
0.6324912624893432	0.0006522166018192
0.6325196133364650	0.0006622166018192
0.6325473858722542	0.0006722166018192
0.6325748758098689	0.0006822166018192
0.6326018592685085	0.0006922166018192
0.6326285382947391	0.0007022166018192
0.6326547506097496	0.0007122166018192
0.6326806489599363	0.0007222166018192
0.6327061946731284	0.0007322166018192
0.6327312944787337	0.0007422166018192
0.6327562833851127	0.0007522166018192
0.6327806361280881	0.0007622166018192
0.6328049134251956	0.0007722166018192
0.6328287534369473	0.0007822166018192
0.6328523699396355	0.0007922166018192
0.6328755098410414	0.0008022166018192
0.6328986363142876	0.0008122166018192
0.6329212641837672	0.0008222166018192
0.6329437299314402	0.0008322166018193
0.6329657501924042	0.0008422166018192
0.6329877283929136	0.0008522166018192
0.6330093020609620	0.0008622166018192
0.6330307952707405	0.0008722166018192
0.6330518275521916	0.0008822166018192
0.6330727409205344	0.0008922166018192
0.6330933410063684	0.0009022166018193
0.6331138028952619	0.0009122166018193
0.6331339860762404	0.0009222166018193
0.6331540044423202	0.0009322166018193
0.6331737781914011	0.0009422166018193
0.6331933614285742	0.0009522166018193
0.6332127351641308	0.0009622166018192
0.6332318982866071	0.0009722166018193
0.6332508829441976	0.0009822166018192
0.6332696295575732	0.0009922166018193
0.6332882275682800	0.0010022166018192
0.6333065908380815	0.0010122387678374
0.6333248800327217	0.0010223611555158
0.6333430967987602	0.0010325847670709
0.6333614092225387	0.0010429106147417
0.6333796221098844	0.0010533397208891
0.6333979604858068	0.0010638731180980
0.6334161620163546	0.0010745118492789
0.6334344816531969	0.0010852569677717
0.6334527189103650	0.0010961095374494
0.6334710107756190	0.0011070706328239
0.6334892941816758	0.0011181413391521
0.6335075625218830	0.0011293227525436
0.6335258966237144	0.0011406159800691
0.6335441333116146	0.0011520221398698
0.6335624619606707	0.0011635423612685
0.6335807332896306	0.0011751777848812
0.6335990226599167	0.0011869295627300
0.6336173592475879	0.0011987988583573
0.6336356161611536	0.0012107868469409
0.6336539388938910	0.0012228947154103
0.6336722404588304	0.0012351236625644
0.6336905260263106	0.0012474748991900
0.6337088668438203	0.0012599496481819
0.6337271504828210	0.0012725491446637
0.6337454513768094	0.0012852746361104
0.6337637986297736	0.0012981273824715
0.6337820806649189	0.0013111086562962
0.6338003867061330	0.0013242197428592
0.6338187316862175	0.0013374619402878
0.6338370275864160	0.0013508365596906
0.6338553313748504	0.0013643449252876
0.6338736679648896	0.0013779883745404
0.6338919922871834	0.0013917682582858
0.6339102888069122	0.0014056859408687
0.6339286131065963	0.0014197428002774
0.6339469624044636	0.0014339402282801
0.6339652656265060	0.0014482796305630
0.6339835755294287	0.0014627624268686
0.6340019063272128	0.0014773900511372
0.6340202551234025	0.0014921639516486
0.6340385660506772	0.0015070855911651
0.6340568786447289	0.0015221564470767
0.6340752068283914	0.0015373780115475
0.6340935476901547	0.0015527517916630
0.6341118929310812	0.0015682793095796
0.6341302026580796	0.0015839621026754
0.6341485232304283	0.0015998017237022
0.6341668540491505	0.0016157997409392
0.6341851921996270	0.0016319577383486
0.6342035376259327	0.0016482773157320
0.6342218751274684	0.0016647600888894
0.6342401951338624	0.0016814076897782
0.6342585222086143	0.0016982217666760
0.6342768534895882	0.0017152039843428
0.6342951898324842	0.0017323560241863
0.6343135283484537	0.0017496795844281
0.6343318703488324	0.0017671763802724
0.6343502130073334	0.0017848481440752
0.6343685576348617	0.0018026966255159
0.6343868999789259	0.0018207235917710
0.6344052323699345	0.0018389308276887
0.6344235676469362	0.0018573201359656
0.6344419040856429	0.0018758933373253
0.6344602425454516	0.0018946522706985
0.6344785818017464	0.0019135987934056
0.6344969226012590	0.0019327347813396
0.6345152640695390	0.0019520621291530
0.6345336061339886	0.0019715827504445
0.6345519476658310	0.0019912985779490
0.6345702891227820	0.0020112115637284
0.6345886303474150	0.0020313236793657
0.6346069714065802	0.0020516369161593
0.6346253125757864	0.0020721532853208
0.6346436535204163	0.0020928748181741
0.6346619949510727	0.0021138035663558
0.6346803359736347	0.0021349416020194
0.6346986776759852	0.0021562910180396
0.6347170190500550	0.0021778539282201
0.6347353608227083	0.0021996324675023
0.6347537027839132	0.0022216287921773
0.6347720448914158	0.0022438450800991
0.6347903877324962	0.0022662835309002
0.6348087304037736	0.0022889463662092
0.6348270736846386	0.0023118358298713
0.6348454172359830	0.0023349541881700
0.6348637610334208	0.0023583037300517
0.6348821057095206	0.0023818867673522
0.6349004503455562	0.0024057056350258
0.6349187954686498	0.0024297626913760
0.6349371413020274	0.0024540603182898
0.6349554872472633	0.0024786009214728
0.6349738337916689	0.0025033869306875
0.6349921809685708	0.0025284207999944
0.6350105283499028	0.0025537050079943
0.6350288763444483	0.0025792420580743
0.6350472250370924	0.0026050344786551
0.6350655739436160	0.0026310848234417
0.6350839234107335	0.0026573956716760
0.6351022737260312	0.0026839696283928
0.6351206242562950	0.0027108093246767
0.6351389752463132	0.0027379174179236
0.6351573269403209	0.0027652965921027
0.6351756792518164	0.0027929495580237
0.6351940318930603	0.0028208790536039
0.6352123850433143	0.0028490878441399
0.6352307388010660	0.0028775787225813
0.6352490930592999	0.0029063545098072
0.6352674475812687	0.0029354180549053
0.6352858025420303	0.0029647722354544
0.6353041580685501	0.0029944199578090
0.6353225142809334	0.0030243641573871
0.6353408708520598	0.0030546077989609
0.6353592278084668	0.0030851538769504
0.6353775852662459	0.0031160054157200
0.6353959432981257	0.0031471654698772
0.6354143019826040	0.0031786371245760
0.6354326612918465	0.0032104234958217
0.6354510210012686	0.0032425277307800
0.6354693811924164	0.0032749530080878
0.6354877419121835	0.0033077025381688
0.6355061032147963	0.0033407795635503
0.6355244651265970	0.0033741873591859
0.6355428276799093	0.0034079292327777
0.6355611908863066	0.0034420085251055
0.6355795547626728	0.0034764286103566
0.6355979192092890	0.0035111928964601
0.6356162842082975	0.0035463048254247
0.6356346497894603	0.0035817678736788
0.6356530159713566	0.0036175855524155
0.6356713827741526	0.0036537614079398
0.6356897502108989	0.0036902990220192
0.6357081182951790	0.0037272020122393
0.6357264870357685	0.0037644740323618
0.6357448564315618	0.0038021187726855
0.6357632264740339	0.0038401399604124
0.6357815971535336	0.0038785413600165
0.6357999684653411	0.0039173267736167
0.6358183404026887	0.0039565000413529
0.6358367129664342	0.0039960650417664
0.6358550861514563	0.0040360256921841
0.6358734599640836	0.0040763859491059
0.6358918344000024	0.0041171498085969
0.6359102094662169	0.0041583213066829
0.6359285851636632	0.0041999045197498
0.6359469614982310	0.0042419035649473
0.6359653384755714	0.0042843226005967
0.6359837160987725	0.0043271658266027
0.6360020943781968	0.0043704374848688
0.6360204733141198	0.0044141418597176
0.6360388529145142	0.0044582832783147
0.6360572331852321	0.0045028661110978
0.6360756141310815	0.0045478947722086
0.6360939957630979	0.0045933737199308
0.6361123780840808	0.0046393074571301
0.6361307611016528	0.0046857005317015
0.6361491448257692	0.0047325575370186
0.6361675292608141	0.0047798831123886
0.6361859144160626	0.0048276819435124
0.6362043003009253	0.0048759587629475
0.6362226869214636	0.0049247183505770
0.6362410742878406	0.0049739655340828
0.6362594624105040	0.0050237051894237
0.6362778512965359	0.0050739422413181
0.6362962409565712	0.0051246816637311
0.6363146314036302	0.0051759284803683
0.6363330226453993	0.0052276877651721
0.6363514146926806	0.0052799646428240
0.6363698075591885	0.0053327642892521
0.6363882012564028	0.0053860919321446
0.6364065957951007	0.0054399528514661
0.6364249911886229	0.0054943523799809
0.6364433874521052	0.0055492959037807
0.6364617845978743	0.0056047888628186
0.6364801826383401	0.0056608367514467
0.6364985815875719	0.0057174451189613
0.6365169814611114	0.0057746195701509
0.6365353822741258	0.0058323657658526
0.6365537840394232	0.0058906894235112
0.6365721867712968	0.0059495963177462
0.6365905904851600	0.0060090922809236
0.6366089951974072	0.0060691832037328
0.6366274009242433	0.0061298750357703
0.6366458076779160	0.0061911737861278
0.6366642154706664	0.0062530855239892
0.6366826243148505	0.0063156163792291
0.6367010342229713	0.0063787725430214
0.6367194452077204	0.0064425602684515
0.6367378572819882	0.0065069858711359
0.6367562704588231	0.0065720557298472
0.6367746847503327	0.0066377762871457
0.6367931001681328	0.0067041540500170
0.6368115167243094	0.0067711955905173
0.6368299344313229	0.0068389075464225
0.6368483533020807	0.0069072966218868
0.6368667733498536	0.0069763695881056
0.6368851945883902	0.0070461332839866
0.6369036170318328	0.0071165946168264
0.6369220406948600	0.0071877605629946
0.6369404655926005	0.0072596381686243
0.6369588914664895	0.0073322345503105
0.6369773182937269	0.0074055568958136
0.6369957463429454	0.0074796124647716
0.6370141756156649	0.0075544085894191
0.6370326061158500	0.0076299526753133
0.6370510378497430	0.0077062522020666
0.6370694708256091	0.0077833147240875
0.6370879050535845	0.0078611478713286
0.6371063405455343	0.0079397593500417
0.6371247773149015	0.0080191569435422
0.6371432153752753	0.0080993485129775
0.6371616547400055	0.0081803419981071
0.6371800954224882	0.0082621454180881
0.6371985374362925	0.0083447668722689
0.6372169807953582	0.0084282145409916
0.6372354255141655	0.0085124966864015
0.6372538716078181	0.0085976216532653
0.6372723190922295	0.0086835978697979
0.6372907679840868	0.0087704338484957
0.6373092183008433	0.0088581381869805
0.6373276700607549	0.0089467195688506
0.6373461232828149	0.0090361867645392
0.6373645779868313	0.0091265486321847
0.6373830341934621	0.0092178141185063
0.6374014919242027	0.0093099922596915
0.6374199512014735	0.0094030921822884
0.6374384120486695	0.0094971231041111
0.6374568741847285	0.0095920943351522
0.6374753375589987	0.0096880152785039
0.6374938022215855	0.0097848954312892
0.6375122682218261	0.0098827443856019
0.6375307356083533	0.0099815718294582
0.6375492044278704	0.0100813875477526
0.6375676747244297	0.0101822014232304
0.6375861465398537	0.0102840234374630
0.6376046199141467	0.0103868636718375
0.6376230948858755	0.0104907323085561
0.6376415714924741	0.0105956396316416
0.6376600497705841	0.0107015960279580
0.6376785297563664	0.0108086119882374
0.6376970114828637	0.0109166981081198
0.6377154949524255	0.0110258650892009
0.6377339801712800	0.0111361237400932
0.6377524671492234	0.0112474849774942
0.6377709558993695	0.0113599598272689
0.6377894464379411	0.0114735594255415
0.6378079387840653	0.0115882950197969
0.6378264329596423	0.0117041779699945
0.6378449289892442	0.0118212197496948
0.6378634269000415	0.0119394319471920
0.6378819267216772	0.0120588262666640
0.6379004284834183	0.0121794145293310
0.6379189322145645	0.0123012086746239
0.6379374379446860	0.0124242207613702
0.6379559457037849	0.0125484629689838
0.6379744555224662	0.0126739475986736
0.6379929674321178	0.0128006870746605
0.6380114814650985	0.0129286939454069
0.6380299976549241	0.0130579808848610
0.6380485160364444	0.0131885606937099
0.6380670352679869	0.0133204463006470
0.6380855505387956	0.0134536507636531
0.6381040682351592	0.0135881872712897
0.6381225883857998	0.0137240691440028
0.6381411110217475	0.0138613098354432
0.6381596361762988	0.0139999229337979
0.6381781638850065	0.0141399221631356
0.6381966941823496	0.0142813213847667
0.6382152271022703	0.0144241345986147
0.6382337626786956	0.0145683759446006
0.6382523009145166	0.0147140597040464
0.6382708418031964	0.0148612003010866
0.6382893853438809	0.0150098123040975
0.6383079315410852	0.0151599104271380
0.6383264804044418	0.0153115095314095
0.6383450319485050	0.0154646246267236
0.6383635861926101	0.0156192708729907
0.6383821431607795	0.0157754635817203
0.6384007028816510	0.0159332182175371
0.6384192653884315	0.0160925503997127
0.6384378307186168	0.0162534759037098
0.6384563987271612	0.0164160106627470
0.6384749689500955	0.0165801707693745
0.6384935414713098	0.0167459724770687
0.6385121163722648	0.0169134322018394
0.6385306937326530	0.0170825665238578
0.6385492736310215	0.0172533921890965
0.6385678561453638	0.0174259261109879
0.6385864413536889	0.0176001853720979
0.6386050293342205	0.0177761872258191
0.6386236201656342	0.0179539490980776
0.6386422139273186	0.0181334885890578
0.6386608106996594	0.0183148234749486
0.6386794105276821	0.0184979717096980
0.6386980134363401	0.0186829514267949
0.6387166194542671	0.0188697809410630
0.6387352286141788	0.0190584787504731
0.6387538409530520	0.0192490635379777
0.6387724565106521	0.0194415541733570
0.6387910753270527	0.0196359697150907
0.6388096974525327	0.0198323294122410
0.6388283229419489	0.0200306527063634
0.6388469518548988	0.0202309592334269
0.6388655842557415	0.0204332688257612
0.6388842202134222	0.0206376015140193
0.6389028597967042	0.0208439775291600
0.6389215030745315	0.0210524173044520
0.6389401501167676	0.0212629414774967
0.6389588009948968	0.0214755708922712
0.6389774557826977	0.0216903266011944
0.6389961145566084	0.0219072298672069
0.6390147773726331	0.0221263021658788
0.6390334442438058	0.0223475651875375
0.6390521151941453	0.0225710408394123
0.6390707902582281	0.0227967512478070
0.6390894694781490	0.0230247187602845
0.6391081524173025	0.0232549659478879
0.6391268386615789	0.0234875156073669
0.6391455283255709	0.0237223907634400
0.6391642215244697	0.0239596146710744
0.6391829183746628	0.0241992108177849
0.6392016189943520	0.0244412029259633
0.6392203235041971	0.0246856149552233
0.6392390320279573	0.0249324711047749
0.6392577446926353	0.0251817958158228
0.6392764616237652	0.0254336137739814
0.6392951829450114	0.0256879499117207
0.6393139087793799	0.0259448294108378
0.6393326314399183	0.0262042777049466
0.6393513513958863	0.0264663204819965
0.6393700762773467	0.0267309836868168
0.6393888061213948	0.0269982935236854
0.6394075409769902	0.0272682764589218
0.6394262809046062	0.0275409592235112
0.6394450259760375	0.0278163688157458
0.6394637762686891	0.0280945325039041
0.6394825318645981	0.0283754778289436
0.6395012928514268	0.0286592326072335
0.6395200593228877	0.0289458249333056
0.6395388313792633	0.0292352831826387
0.6395576091279753	0.0295276360144654
0.6395763926841883	0.0298229123746108
0.6395951821173654	0.0301211414983564
0.6396139765156574	0.0304223529133398
0.6396327756398421	0.0307265764424738
0.6396515796161588	0.0310338422068976
0.6396703885762306	0.0313441806289661
0.6396892022245299	0.0316576224352558
0.6397080191204987	0.0319741986596084
0.6397268414142951	0.0322939406462042
0.6397456692667317	0.0326168800526662
0.6397645028437711	0.0329430488531932
0.6397833423115804	0.0332724793417256
0.6398021878383122	0.0336052041351434
0.6398210395958303	0.0339412561764959
0.6398398976906003	0.0342806687382612
0.6398587621964898	0.0346234754256430
0.6398776332051986	0.0349697101799004
0.6398965108260665	0.0353194072816996
0.6399153951779573	0.0356726013545158
0.6399342863887412	0.0360293273680611
0.6399531845960955	0.0363896206417417
0.6399720899482928	0.0367535168481585
0.6399910024470057	0.0371210520166402
0.6400099207565770	0.0374922625368061
0.6400288451571815	0.0378671851621739
0.6400477759266106	0.0382458570137962
0.6400667132119517	0.0386283155839333
0.6400856472806407	0.0390145987397720
0.6401045756471901	0.0394047447271691
0.6401235113297533	0.0397987921744398
0.6401424544810163	0.0401967800961845
0.6401614052704157	0.0405987478971467
0.6401803638841116	0.0410047353761188
0.6401993305156619	0.0414147827298810
0.6402183053657743	0.0418289305571810
0.6402372886444178	0.0422472198627540
0.6402562805245452	0.0426696920613806
0.6402752810935202	0.0430963889819949
0.6402942904668570	0.0435273528718152
0.6403133087840720	0.0439626264005330
0.6403323361999060	0.0444022526645382
0.6403513709576811	0.0448462751911835
0.6403704132785818	0.0452947379430942
0.6403894634769433	0.0457476853225244
0.6404085218766647	0.0462051621757500
0.6404275888124984	0.0466672137975086
0.6404466645345867	0.0471338859354823
0.6404657492255403	0.0476052247948358
0.6404848430888432	0.0480812770427840
0.6405039463496380	0.0485620898132115
0.6405230592557630	0.0490477107113451
0.6405421820784205	0.0495381878184592
0.6405613150984959	0.0500335696966445
0.6405804586090212	0.0505339053936099
0.6405996128556528	0.0510392444475460
0.6406187772313457	0.0515496368920215
0.6406379245611653	0.0520651332609406
0.6406570771542179	0.0525857845935514
0.6406762395168567	0.0531116424394868
0.6406954119646276	0.0536427588638807
0.6407145948261800	0.0541791864525180
0.6407337884459946	0.0547209783170424
0.6407529931872412	0.0552681881002138
0.6407722058973163	0.0558208699812159
0.6407914293246265	0.0563790786810292
0.6408106646526008	0.0569428694678396
0.6408299121346984	0.0575122981625189
0.6408491720553777	0.0580874211441439
0.6408684447320306	0.0586682953555845
0.6408877290951434	0.0592549783091393
0.6409070242039381	0.0598475280922297
0.6409263305987474	0.0604460033731507
0.6409456486622263	0.0610504634068809
0.6409649787435310	0.0616609680409481
0.6409843212277396	0.0622775777213562
0.6410036765366357	0.0629003534985712
0.6410230451115878	0.0635293570335587
0.6410424274153393	0.0641646506038958
0.6410618040329077	0.0648062971099331
0.6410811745285366	0.0654543600810316
0.6411005603138871	0.0661089036818407
0.6411199613757105	0.0667699927186593
0.6411393751636583	0.0674376926458457
0.6411588022016363	0.0681120695723027
0.6411782430372869	0.0687931902680256
0.6411976982468007	0.0694811221707045
0.6412171684378092	0.0701759333924096
0.6412366539874766	0.0708776927263335
0.6412561552950590	0.0715864696535958
0.6412756728041531	0.0723023343501322
0.6412952070061924	0.0730253576936326
0.6413147584423904	0.0737556112705709
0.6413343245290528	0.0744931673832768
0.6413539054983106	0.0752380990571109
0.6413735018770446	0.0759904800476841
0.6413931142397457	0.0767503848481616
0.6414127361805220	0.0775178886966434
0.6414323334372540	0.0782930675836085
0.6414519454465966	0.0790759982594468
0.6414715732668921	0.0798667582420428
0.6414912205193458	0.0806654258244639
0.6415108876104362	0.0814720800827082
0.6415305730934054	0.0822868008835343
0.6415502755261295	0.0831096688923676
0.6415699957140321	0.0839407655812927
0.6415897344963486	0.0847801732371074
0.6416094927179191	0.0856279749694804
0.6416292709460100	0.0864842547191731
0.6416490698305435	0.0873490972663624
0.6416688900755282	0.0882225882390271
0.6416887324462440	0.0891048141214173
0.6417085935067384	0.0899958622626313
0.6417284345492533	0.0908958208852561
0.6417482787465103	0.0918047790941103
0.6417681443378455	0.0927228268850503
0.6417880320914279	0.0936500551539027
0.6418079428427321	0.0945865557054435
0.6418278775024960	0.0955324212624982
0.6418478369666410	0.0964877454751254
0.6418678218604597	0.0974526229298746
0.6418878279703346	0.0984271491591735
0.6419078563151428	0.0994114206507642
0.6419279080136850	0.1004055348572694
0.6419479842588889	0.1014095902058417
0.6419680782495575	0.1024236861078989
0.6419881823460998	0.1034479229689793
0.6420082587940574	0.1044824021986715
0.6420283639999836	0.1055272262206595
0.6420484954710879	0.1065824984828670
0.6420686522051856	0.1076483234676952
0.6420888355556592	0.1087248067023741
0.6421090465033121	0.1098120547694003
0.6421292861417437	0.1109101753170925
0.6421495556846922	0.1120192770702642
0.6421698564267173	0.1131394698409675
0.6421901848931062	0.1142708645393803
0.6422105408710682	0.1154135731847735
0.6422309028289582	0.1165677089166234
0.6422512400937375	0.1177333860057919
0.6422716093965087	0.1189107198658480
0.6422920121975456	0.1200998270645066
0.6423124497010307	0.1213008253351501
0.6423329213673287	0.1225138335885047
0.6423534234781062	0.1237389719243901
0.6423739496092031	0.1249763616436337
0.6423945054693808	0.1262261252600675
0.6424150966561257	0.1274883865126646
0.6424357245821503	0.1287632703777908
0.6424563298416740	0.1300509030815683
0.6424769429399443	0.1313514121123850
0.6424975905240909	0.1326649262335062
0.6425182746630674	0.1339915754958428
0.6425389970267880	0.1353314912507977
0.6425597592717202	0.1366848061633054
0.6425805632417885	0.1380516542249395
0.6426014077158568	0.1394321707671910
0.6426222898197346	0.1408264924748645
0.6426432114531582	0.1422347573996165
0.6426640793581775	0.1436571049736098
0.6426849855786324	0.1450936760233452
0.6427059352444230	0.1465446127835807
0.6427269201468792	0.1480100589114176
0.6427479467991347	0.1494901595005304
0.6427690164996939	0.1509850610955389
0.6427901317167874	0.1524949117064973
0.6428112950912063	0.1540198608235613
0.6428324931613810	0.1555600594317967
0.6428536424990796	0.1571156600261165
0.6428748407264624	0.1586868166263767
0.6428960869127751	0.1602736847926398
0.6429173839721263	0.1618764216405681
0.6429387346126179	0.1634951858569734
0.6429601411987913	0.1651301377155470
0.6429815995901547	0.1667814390927028
0.6430031031204489	0.1684492534836279
0.6430245325533435	0.1701337460184665
0.6430460104987086	0.1718350834786476
0.6430675482679866	0.1735534343134346
0.6430891487277052	0.1752889686565649
0.6431108049244628	0.1770418583431312
0.6431325193252725	0.1788122769265642
0.6431542951618471	0.1806003996958261
0.6431760824949008	0.1824064036927877
0.6431978483890809	0.1842304677297131
0.6432196819532042	0.1860727724070112
0.6432415781176112	0.1879335001310853
0.6432635354211255	0.1898128351323915
0.6432855452952593	0.1917109634837175
0.6433076289039154	0.1936280731185518
0.6433297315434509	0.1955643538497406
0.6433518004900567	0.1975199973882427
0.6433739415698401	0.1994951973621263
0.6433961588631083	0.2014901493357447
0.6434184568601916	0.2035050508290987
0.6434408303326979	0.2055401013373846
0.6434632792373836	0.2075955023507584
0.6434856970292567	0.2096714573742697
0.6435081226245684	0.2117681719480166
0.6435306291563377	0.2138858536674988
0.6435532200390849	0.2160247122041764
0.6435758938121463	0.2181849593262223
0.6435986557547062	0.2203668089194843
0.6436214289611516	0.2225704770086816
0.6436441937558064	0.2247961817787685
0.6436670515072092	0.2270441435965553
0.6436900014482051	0.2293145850325159
0.6437130403638527	0.2316077308828373
0.6437361615578930	0.2339238081916637
0.6437592720196034	0.2362630462735759
0.6437823930499921	0.2386256767363156
0.6438056170127435	0.2410119335036786
0.6438289506819834	0.2434220528387192
0.6438523996116701	0.2458562733671047
0.6438759529954334	0.2483148361007715
0.6438994164144625	0.2507979844617820
0.6439229508286491	0.2533059643063988
0.6439466034798156	0.2558390239494587
0.6439703769544043	0.2583974141889576
0.6439942685460097	0.2609813883308453
0.6440181422652772	0.2635912022141549
0.6440420529847235	0.2662271142362939
0.6440661042323987	0.2688893853786529
0.6440902738081029	0.2715782792324380
0.6441145443248816	0.2742940620247687
0.6441388196729346	0.2770370026450150
0.6441631216233952	0.2798073726714606
0.6441875686613820	0.2826054463981697
0.6442121610305388	0.2854315008621463
0.6442369087900243	0.2882858158707732
0.6442616142428040	0.2911686740294747
0.6442863558303750	0.2940803607697735
0.6443112525227185	0.2970211643774686
0.6443363169091905	0.2999913760212483
0.6443615444660090	0.3029912897814548
0.6443866600286154	0.3060212026792670
0.6444119438619433	0.3090814147060532
0.6444373706514541	0.3121722288531124
0.6444629781088395	0.3152939511416422
0.6444885888197533	0.3184468906530556
0.6445142472830736	0.3216313595595907
0.6445401038119801	0.3248476731551878
0.6445661746068129	0.3280961498867399
0.6445923102486905	0.3313771113856083
0.6446183824183942	0.3346908824994638
0.6446446713148496	0.3380377913244577
0.6446711954312441	0.3414181692377083
0.6446979043349559	0.3448323509300846
0.6447244864477290	0.3482806744393901
0.6447512580852437	0.3517634811837804
0.6447782879786347	0.3552811159956108
0.6448055233102459	0.3588339271555641
0.6448326453282763	0.3624222664271220
0.6448600251819018	0.3660464890913859
0.6448876230132865	0.3697069539823039
0.6449153920096816	0.3734040235221211
0.6449431003457441	0.3771380637573453
0.6449711069867106	0.3809094443949259
0.6449993999036724	0.3847185388388791
0.6450277109620782	0.3885657242272681
0.6450560812784474	0.3924513814695335
0.6450847851902402	0.3963758952842303
0.6451138298401118	0.4003396542370801
0.6451427134201219	0.4043430507794450
0.6451718361857828	0.4083864812872408
0.6452013350563254	0.4124703461001177
0.6452310420549144	0.4165950495611185
0.6452606829460523	0.4207610000567247
0.6452906658566940	0.4249686100572971
0.6453210780131914	0.4292182961578719
0.6453513808594482	0.4335104791194459
0.6453819632409450	0.4378455839106437
0.6454129360867825	0.4422240397497491
0.6454440364652128	0.4466462801472533
0.6454753011757363	0.4511127429487264
0.6455069429843809	0.4556238703782153
0.6455388754134069	0.4601801090819930
0.6455708171575305	0.4647819101728198
0.6456032611091505	0.4694297292745557
0.6456360645039840	0.4741240265673047
0.6456687360951896	0.4788652668329735
0.6457020079179134	0.4836539195013007
0.6457357489700883	0.4884904586963055
0.6457692785253493	0.4933753632832624
0.6458034438773118	0.4983091169160879
0.6458381816559521	0.5032922080852412
0.6458726761143229	0.5083251301660908
0.6459078224290118	0.5134083814677449
0.6459436643497252	0.5185424652824171
0.6459791844416659	0.5237278899352354
0.6460154567197464	0.5289651688345837
0.6460524203253903	0.5342548205229291
0.6460891273058531	0.5395973687281592
0.6461266825292784	0.5449933424154479
0.6461647979893542	0.5504432758396048
0.6462028479286170	0.5559477085980018
0.6462418933184175	0.5615071856839771
0.6462812133733928	0.5671222575408140
0.6463208070978329	0.5727934801162154
0.6463615195827171	0.5785214149173855
0.6464021549425268	0.5843066290665566
0.6464435555214667	0.5901496953572151
0.6464860111813044	0.5960511923107799
0.6465281929462385	0.6020117042338921
0.6465716200423972	0.6080318212762384
0.6466156127474634	0.6141121394890067
0.6466600551533348	0.6202532608839010
0.6467056836618414	0.6264557934927351
0.6467515332427280	0.6327203514276691
0.6467983345159853	0.6390475549419442
0.6468463996899203	0.6454380304913674
0.6468945419060456	0.6518924107962846
0.6469443460191359	0.6584113349042530
0.6469944953390637	0.6649954482533015
0.6470459135836932	0.6716454027358365
0.6470987777936792	0.6783618567631914
0.6471517148286640	0.6851454753308293
0.6472070438213230	0.6919969300841319
0.6472624796172762	0.6989168993849668
0.6473197306711910	0.7059060683788165
0.6473786061994873	0.7129651290626022
0.6474381581346440	0.7200947803532260
0.6475009623429605	0.7272957281567537
0.6475628848793317	0.7345686854383153
0.6476285697201352	0.7419143722926987
0.6476948964532500	0.7493335160156249
0.6477637874485286	0.7568268511757787
0.6478353717556641	0.7643951196875306
0.6479076877929232	0.7720390708844093
0.6479848225032728	0.7797594615932537
0.6480621025269021	0.7875570562091861
0.6481443083731168	0.7954326267712778
0.6482276881688065	0.8033869530389881
0.6483164342138185	0.8114208225693746
0.6484065745674065	0.8195350307950685
0.6485035052018759	0.8277303811030228
0.6486040881611391	0.8360076849140563
0.6487085114845584	0.8443677617631973
0.6488205366750064	0.8528114393808295
0.6489373125787741	0.8613395537746382
0.6490649072726692	0.8699529493123854
0.6491957683877690	0.8786524788055069
0.6493427275265197	0.8874390035935646
0.6494916411006597	0.8963133936294986
0.6496553991299963	0.9060183100142059
0.6498577653991372	0.9150784931143466
0.6500592612293011	0.9242292780454912
0.6502915282148725	0.9334715708259441
0.6505510975178110	0.9428062865342028
0.6508632025762402	0.9602902376470104
0.6509095373205408	0.9511330738840442
0.6511392504542869	0.9577862261983168
0.6514762153352279	0.9662592298276617
0.6518813097374773	0.9789848958956420
0.6521050299959459	0.9846020541474803
0.6522697367750472	0.9819206631466216
0.6524232102074224	0.9763518784648297
0.6528675546314913	0.9814601597484899
0.6532856559001575	0.9880031038878806
0.6541434023978593	0.9947052920763234
0.6550929417991675	0.9961728582532079
0.6558812027672095	0.9977015373710235
0.6603524834573474	0.9994740622962062
0.6614809933974565	0.9996985889391535
0.6639679499550808	0.9998087723786914
0.6717664716239795	0.9999552439815388
0.6730243944825099	0.9999823522027000
0.6834547014299247	0.9999952923945529
0.6861815529021653	0.9999978787662662
0.6927836476349800	0.9999993909971744
0.6947773529120370	0.9999997217927199
0.7013314255938333	0.9999999192601120
0.7036493245394013	0.9999999628836355
0.7105082950498696	0.9999999889519230
0.7126519765969129	0.9999999948899674
0.7192847533831619	0.9999999984611265
0.7214867302367267	0.9999999992906748
0.7282898953673588	0.9999999997861779
0.7308360960250433	0.9999999999018088
0.7376654287563749	0.9999999999704684
0.7404446817329634	0.9999999999864713
0.7472327395964581	0.9999999999959420
0.7501278816986245	0.9999999999981430
0.7568607244504080	0.9999999999994437
0.7597733945349946	0.9999999999997453
0.7664403021840216	0.9999999999999238
0.7693021256356005	0.9999999999999651
0.7760024406270123	0.9999999999999895
0.7773612615169928	1.0000000243495393
0.7773612641366406	1.0000000274969596
0.7991636927740010	1.0000000280348773
0.7991637093429761	1.0000000285112427
0.7999392314116841	1.0000000290690543
0.7999394100320542	1.0000000295629965
0.8007151855644755	1.0000000300003955
0.8007151894657948	1.0000000301207803
0.8007153642119712	1.0000000306302723
0.8014248719576895	1.0000000312489208
0.8021500800995259	1.0000000319812903
0.8027796776683355	1.0000000320883478
0.8035013197596671	1.0000000330559871
0.8038502280389838	1.0000000331830836
0.8223505604105013	1.0000000335687060
0.8237245177493281	1.0000000337801858
0.8253932893483249	1.0000000339179582
0.8257532830232478	1.0000000341550761
0.8274178664431430	1.0000000343222875
0.8345262271641820	1.0000000343334372
0.8383166104379659	1.0000000343564923
0.8406980553342775	1.0000000343775095
0.8420971026019991	1.0000000344021320
0.8434884097941321	1.0000000344244910
0.8450150396941702	1.0000000344600195
0.8490160949944121	1.0000000344688806
0.8540359266321801	1.0000000344695710
0.8543374526396847	1.0000000344894133
0.8575589095801538	1.0000000345027726
0.8633165251232613	1.0000000345047226
0.8688950068688640	1.0000000345066180
0.8710904546943009	1.0000000345081479
0.8727288375225953	1.0000000345098514
0.8864440964180600	1.0000000345108622
0.8906543671369674	1.0000000345112940
0.8962414681148426	1.0000000345115105
0.9025385962269962	1.0000000345115749
0.9098815432357024	1.0000000345116040
0.9107594735497858	1.0000366296869294
0.9107594735550536	1.0000413588659713
0.9325678800108466	1.0000421670526365
0.9325767478996898	1.0000428823479992
0.9333514532625157	1.0000429906077020
0.9601111471549152	1.0000430259327036
0.9601705123546339	1.0000430307484325
0.9782610347529596	1.0000430316893323
0.9846271751875295	1.0000430317461986
0.9891176276995809	1.0000430317635147
0.9959533736364313	1.0000430317689122
0.9987743985101671	1.0000430317708588
1.0929075566863884	1.0001108847830524
1.1097726155389327	1.0000097808722601
1.1243107984320670	1.0000011896805170
1.1379960272521259	1.0000004983108808
1.1407926434277895	0.9999998651726921
1.1639861191582739	0.9999996417315909
1.1857937761756201	0.9999987140880742
1.2127324691358210	0.9999966792152656
1.2393275442908382	0.9999962308343465
1.2875764540459749	0.9999768739579502
1.3727378847795357	0.9999879348399189
1.5284945939466756	1.0004103496353887
1.5460049867174972	0.9995949404019528
1.5561435224269078	0.9998813434736686
1.5588129308219096	0.9998813942121553
1.5932438143058030	0.9999769910345974
1.7819880237160641	0.9999885457279255
1.9422239896581384	0.9999975203564219
1.9476556213219749	0.9999986802294406
1.9683034281517038	0.9999989993683897
1.9798713703119881	0.9999990406195819
1.9803101287749176	0.9999994489691760
1.9805948214616984	0.9999995017523403
1.9970151371030669	0.9999995154759416
2.0012867752549925	0.9999995240725565
2.0100724114406940	0.9999995489316494
2.0134171971939012	0.9999995532561341
2.0272107811479860	0.9999995541166548
2.0282392896641932	0.9999995563241292
2.0348587468308668	0.9999995566094676
2.0469397301480754	0.9999995568220690
2.0513797759575532	0.9999995568495499
2.0614115533441635	0.9999995568687821
2.0659590617977646	0.9999995568712678
2.0742732595848450	0.9999995568731264
2.0785292043408679	0.9999995568733666
2.0865109815907550	0.9999995568735536
2.0905899401239831	0.9999995568735779
2.0983547481196663	0.9999995568735971
2.1024830057716875	0.9999995568735999
2.1095442820588275	0.9999995568736021
2.1141121487817993	0.9999995568736022
2.1245369350456129	0.9999995568736024
2.1251667765872608	0.9999995568736026
2.5502521070783630	1.0000014911611184
2.5502521071449959	1.0000018038282057
2.5506767644674389	1.0000017613916130
2.5703620933757572	1.0000018129391925
2.5773940174283343	1.0000018196021982
2.6794606891834230	1.0000021472809113
2.6794672473726182	1.0000021896360265
2.6921233737242503	1.0000022434110492
2.7097417144430542	1.0000022503619177
2.7397426212803326	1.0000022522748611
2.7513063542246612	1.0000022525221266
2.7737308150393249	1.0000022525901799
2.7852940048356949	1.0000022525989765
2.8077194826872991	1.0000022526013976
2.8192814511824693	1.0000022526017105
2.8417572807111675	1.0000022526017964
2.8535402354862902	1.0000022526018075
2.8751596900870799	1.0000022526018109
2.8848628860813803	1.0000022526018111
2.8860084152733569	1.0000022526018111
2.9108693952507019	1.0100022751278293
2.9113005344437459	1.0016136584370867
2.9130645800231223	1.0005688694647572
2.9281954530009418	1.0001241513251415
2.9350706744395993	1.0000658878030357
2.9403116907428259	1.0000182892145211
2.9472873090433218	1.0000083964939028
2.9534982633449043	1.0000071172823535
2.9584249143776771	1.0000013713503502
2.9609474296350453	0.9999998499875785
2.9724901533700128	0.9999986236044410
2.9761708117022896	0.9999984650777375
2.9911593223793447	0.9999983788441469
2.9959628108007013	0.9999983676974582
3.0076932461106702	0.9999983617620104
3.0122741157007429	0.9999983609947867
3.0242993886979437	0.9999983605868347
3.0289515786695134	0.9999983605341026
3.0408489358322575	0.9999983605060659
3.0454809063947708	0.9999983605024418
3.0574141583557046	0.9999983605005152
3.0620500387803626	0.9999983605002662
3.0739635011688740	0.9999983605001339
3.0786212461205609	0.9999983605001165
3.0905056265439073	0.9999983605001073
3.0946157973960560	0.9999983605001063
3.1081012064193243	0.9999983605001058
3.1084828000422391	0.9999983605001056
3.1107256748038328	0.9988692768826857
3.1113936581426493	0.9961777030418850
3.1140825624784858	0.9992808260538859
3.1213657187591370	0.9996007196997490
3.1219271092959455	0.9997153938464399
3.1231349396661865	0.9998898840591788
3.1311325389564266	0.9999745223637967
3.1408029798053971	0.9999854413697219
3.1500935923652511	0.9999952923772035
3.1543481591704974	0.9999965654861253
3.1679493179278251	0.9999972632216677
3.1737406421394625	0.9999973534106777
3.1843857832506353	0.9999974058116445
3.1898630678701974	0.9999974125850686
3.2030049805969383	0.9999974163470655
3.2087349566207153	0.9999974168333474
3.2205017981069912	0.9999974171284352
3.2257462331053737	0.9999974171665789
3.2379348266381145	0.9999974171900688
3.2399686773483691	0.9999990979835486
3.2424642781485677	0.9999993433322761
3.2427823077279014	0.9999996326708351
3.2615791480569771	0.9999996769914105
3.2786690963558982	0.9999996892601566
3.2885753606558126	0.9999996911107297
3.3016554521259769	0.9999996916167535
3.3118196639696844	0.9999996916821623
3.3218219949941736	0.9999996917197409
3.3273613242306679	0.9999996917245983
3.3421016299005601	0.9999996917271937
3.3480569425731863	0.9999996917275292
3.3624943045772606	0.9999996917277076
3.3684665419908897	0.9999996917277306
3.3826173980094723	0.9999996917277427
3.3885422197741408	0.9999996917277444
3.3998157761176309	0.9999996917277453
3.4044895553392696	0.9999996917277454
3.4051743116539566	1.0049567733325753
3.4051743116539575	1.0055773324698867
3.4066522766516703	1.0010738007339777
3.4106429794756492	1.0005243241292736
3.4207424446636003	1.0001935667161688
3.4217069791507910	1.0000658830811544
3.4318098547697016	1.0000435605339604
3.4322564239176865	1.0000240112356995
3.4381940662786064	1.0000178881707795
3.4438546152026208	1.0000170965425890
3.4459299269862838	1.0000156807464209
3.4470157099228609	1.0000154977486371
3.4510151149772565	1.0000060049178880
3.4537620412037668	1.0000032012165010
3.4643851808036592	1.0000026841894669
3.4732553143785516	1.0000023696450786
3.4775399642120179	1.0000022868268141
3.4850193340211995	1.0000022761218463
3.4939323712035946	1.0000022692605051
3.4941395051144752	1.0000022643932467
3.4990965058737213	1.0000022628577092
3.5081998142378934	1.0000022626340350
3.5088124582454965	1.0000022624066425
3.5128666433203173	1.0000022622446858
3.5200324835644881	1.0000022622210456
3.5206474862335826	1.0000022621987286
3.5231686742973154	0.9997960189209021
3.5256617124577367	0.9997658770205865
3.5782618186899424	0.9998588648541776
3.5859875495741127	0.9999161134483914
3.5920332225809979	0.9999243527570671
3.6260251974639512	0.9999257255858894
3.6271231487720632	0.9999861129910407
3.6271955092698267	0.9999939167862090
3.6429067357389213	0.9999975409606272
3.6431397963457970	0.9999980093948412
3.6574839732667748	0.9999982299784600
3.6577473669430494	0.9999982584910330
3.6671039246896178	0.9999982678507212
3.6683273853284275	0.9999982770645177
3.6696950226613558	0.9999982812707300
3.6785856089261357	0.9999982829161613
3.6848396008421549	0.9999982833038327
3.6957321483156860	0.9999982834349838
3.7015836264430693	0.9999982834665484
3.7126223513166896	0.9999982834772929
3.7181609888637324	0.9999982834798891
3.7291480943273174	0.9999982834807739
3.7346750211842199	0.9999982834809875
3.7456548207813842	0.9999982834810605
3.7511459195123384	0.9999982834810771
3.7605173575675694	0.9999982834810840
3.7667678395835753	0.9999982834810853
3.7745050454906774	0.9999982834810863
3.8241525517522801	0.9999982834810864
3.9799465874166180	1.0035466625557370
3.9821132778415826	1.0001273874000822
4.0154292727182002	1.0000082662471370
4.0247096038843413	1.0000007045110431
4.0446235080907291	0.9999998732486393
4.0649229997502552	0.9999997452238261
4.0867215142765634	0.9999997238768640
4.1086884535808732	0.9999997202633485
4.1307012691254652	0.9999997196500072
4.1527205460094834	0.9999997195458518
4.1747407922065465	0.9999997195281625
4.1967633199368022	0.9999997195251584
4.2187907576597885	0.9999997195246481
4.2408531715213007	0.9999997195245617
4.2626222313872111	0.9999997195245467
4.2864274349594540	0.9999997195245444
4.2974155367360689	0.9999997195245441
4.3038911020704758	0.9607840442490752
4.3038911020704758	0.9857305346006516
4.3040317871016684	1.0002073138349783
4.3067605815201828	0.9997552846231345
4.3478849796026715	0.9999865297979371
4.3920820569454682	0.9999899206329174
4.3947071075746891	0.9999990493071307
4.4362596447772571	0.9999992016551463
4.4739436320985400	0.9999994233750119
4.5168584741960975	0.9999994270794335
4.5594503511684357	0.9999994324174166
4.6028022771971715	0.9999994325066046
4.6170480180162299	0.9999994327137145
4.6606387022698126	0.9999994327171750
4.6913294508129137	0.9999994327222331
4.7349679299611696	0.9999994327223175
4.7590817101272123	0.9999996881941513
4.7952570147242941	0.9999997023359877
4.8256039718001560	0.9999997025452223
4.8307226542378867	0.9999997028888029
4.8679145302229418	0.9999997028938864
4.8805394392068191	0.9999997029028433
4.9223779236477787	0.9999997029029931
4.9263954246388453	0.9999997128239786
4.9620929978039614	0.9999997133696572
4.9876586047650537	0.9999997133996124
5.0249377837965907	0.9999997134008238
5.0269878733114357	0.9999997137866456
5.0629376168227056	0.9999997138079618
5.0929719814889625	0.9999997138238349
5.1285956789203189	0.9999997138246831
5.1410834090695747	0.9999997138252984
5.1764314998034990	0.9999997138253318
5.1794108981309712	0.9999997138253566
5.2151405755990163	0.9999997138253589
5.2300080351250555	0.9999997138253589
