0.0000000000000000	0.0000000000000000
0.6315006516094644	0.0000300000000000
0.6317603344632586	0.0000166781710549
0.6326073329065862	0.0000201739645866
0.6327450798658122	0.0000296837581712
0.6327993306531533	0.0000328443102692
0.6332808370592086	0.0000232008582014
0.6337589962900747	0.0000405716421555
0.6339183596174153	0.0000342310613130
0.6343426406827309	0.0000415289139775
0.6347372051914982	0.0000515289139775
0.6347677773307613	0.0000486227490577
0.6350199335680276	0.0000586227490577
0.6353799943643965	0.0000689536931594
0.6356691978773997	0.0000789536931594
0.6359026347170688	0.0000889536931594
0.6361276353520484	0.0001003126430927
0.6363500878129208	0.0001103126430927
0.6365153769240482	0.0001203126430927
0.6366719710120203	0.0001303126430927
0.6368144646649975	0.0001403126430927
0.6369499715681703	0.0001503126430927
0.6370750241221578	0.0001603126430927
0.6371933963218620	0.0001703126430927
0.6373041916948603	0.0001803126430927
0.6374108171777143	0.0001903126430927
0.6375097960486438	0.0002003126430927
0.6376051013927030	0.0002103126430927
0.6376945436184566	0.0002203126430927
0.6377811329286353	0.0002303126430927
0.6378626863783794	0.0002403126430927
0.6379413711334819	0.0002503126430927
0.6380163308923670	0.0002603126430927
0.6380884091469002	0.0002703126430927
0.6381577487705008	0.0002803126430927
0.6382244328270272	0.0002903126430927
0.6382890349312137	0.0003003126430927
0.6383512178224233	0.0003103126430927
0.6384116664130046	0.0003203126430927
0.6384697625407556	0.0003303126430927
0.6385265636228432	0.0003403126430927
0.6385811326874368	0.0003503126430927
0.6386346940050398	0.0003603126430927
0.6386861078727328	0.0003703126430927
0.6387367820578190	0.0003803126430927
0.6387854278673983	0.0003903126430927
0.6388335117654985	0.0004003126430927
0.6388796418647890	0.0004103126430927
0.6389253842819854	0.0004203126430927
0.6389691576087811	0.0004303126430927
0.6390127470173614	0.0004403126430927
0.6390544900700842	0.0004503126430927
0.6390960929133725	0.0004603126430927
0.6391360483065021	0.0004703126430928
0.6391758153719342	0.0004803126430928
0.6392141579007716	0.0004903126430928
0.6392522189322705	0.0005003126430928
0.6392890801880198	0.0005103126430928
0.6393256097332941	0.0005203126430928
0.6393610949985338	0.0005303126430927
0.6393961688251756	0.0005403126430927
0.6394303768258430	0.0005503126430927
0.6394640965298775	0.0005603126430927
0.6394970205719481	0.0005703126430927
0.6395294812653303	0.0005803126430927
0.6395613580385340	0.0005903126430927
0.6395927405028056	0.0006003126430927
0.6396234822927567	0.0006103126430927
0.6396537550168119	0.0006203126430927
0.6396836193363754	0.0006303126430927
0.6397128455568857	0.0006403126430927
0.6397418264682271	0.0006503126430927
0.6397700925807680	0.0006603126430927
0.6397981901761616	0.0006703126430927
0.6398256244085597	0.0006803126430928
0.6398529143902518	0.0006903126430928
0.6398795030377468	0.0007003126430927
0.6399060662233760	0.0007103126430927
0.6399318621833942	0.0007203126430927
0.6399576716551770	0.0007303126430928
0.6399827902417219	0.0007403126430928
0.6400078475298594	0.0007503126430928
0.6400323640191804	0.0007603126430928
0.6400567125400251	0.0007703126430927
0.6400805345842863	0.0007803126430927
0.6401043243921550	0.0007903126430927
0.6401275937341153	0.0008003126430927
0.6401506751393171	0.0008103126430927
0.6401733791345499	0.0008203126430927
0.6401959649416102	0.0008303126430927
0.6402181685421419	0.0008403126430927
0.6402401098516779	0.0008503126430927
0.6402617600626842	0.0008603126430927
0.6402832280888935	0.0008703126430927
0.6403044361915798	0.0008803126430927
0.6403254302536260	0.0008903126430927
0.6403461759598612	0.0009003126430927
0.6403666211277602	0.0009103126430927
0.6403868832437547	0.0009203126430927
0.6404068926203766	0.0009303126430927
0.6404267477202628	0.0009403126430927
0.6404463295096113	0.0009503126430927
0.6404657865579720	0.0009603126430927
0.6404849540080160	0.0009703126430927
0.6405040235394120	0.0009803126430927
0.6405227863819066	0.0009903126430927
0.6405414804593824	0.0010003126430927
0.6405598572405519	0.0010103157695236
0.6405781948032417	0.0010204189272189
0.6405963870471829	0.0010306231164910
0.6406147272480669	0.0010409293476559
0.6406329366824349	0.0010513386411325
0.6406512578948863	0.0010618520275438
0.6406695008063910	0.0010724705478193
0.6406878053052167	0.0010831952532974
0.6407060867276809	0.0010940272058304
0.6407243653118109	0.0011049674778887
0.6407426902890182	0.0011160171526676
0.6407609468309924	0.0011271773241942
0.6407792957333284	0.0011384490974361
0.6407975457449169	0.0011498335884105
0.6408158641789430	0.0011613319242946
0.6408341726578826	0.0011729452435376
0.6408524529995667	0.0011846746959729
0.6408708106424941	0.0011965214429327
0.6408890726809064	0.0012084866573620
0.6409073877260565	0.0012205715239356
0.6409257218405463	0.0012327772391750
0.6409440005181558	0.0012451050115667
0.6409623350909199	0.0012575560616824
0.6409806491546460	0.0012701316222993
0.6409989442568652	0.0012828329385223
0.6410172863503405	0.0012956612679075
0.6410355965809543	0.0013086178805867
0.6410538979162052	0.0013217040593925
0.6410722387884237	0.0013349210999865
0.6410905605533357	0.0013482703109863
0.6411088605184357	0.0013617530140962
0.6411271938489815	0.0013753705442372
0.6411455416208635	0.0013891242496796
0.6411638351391128	0.0014030154921763
0.6411821569542753	0.0014170456470980
0.6412005037610247	0.0014312161035690
0.6412188281118208	0.0014455282646047
0.6412371361780865	0.0014599835472507
0.6412554650787510	0.0014745833827232
0.6412738124643814	0.0014893292165504
0.6412921419610801	0.0015042225087159
0.6413104531560888	0.0015192647338031
0.6413287803679870	0.0015344573811411
0.6413471201759243	0.0015498019549525
0.6413654718147651	0.0015652999745020
0.6413837903061466	0.0015809529742471
0.6414021101458069	0.0015967625039896
0.6414204405998580	0.0016127301290295
0.6414387782565795	0.0016288574303197
0.6414571235542007	0.0016451460046229
0.6414754730864076	0.0016615974646692
0.6414937933736022	0.0016782134393159
0.6415121203982576	0.0016949955737091
0.6415304514651490	0.0017119455294461
0.6415487877673920	0.0017290649847407
0.6415671262731527	0.0017463556345880
0.6415854680950913	0.0017638191909339
0.6416038108561005	0.0017814573828433
0.6416221554830244	0.0017992719566718
0.6416405001312804	0.0018172646762384
0.6416588383762197	0.0018354373230008
0.6416771733857202	0.0018537916962308
0.6416955097684826	0.0018723296131931
0.6417138480312257	0.0018910529093250
0.6417321872735001	0.0019099634384182
0.6417505278215275	0.0019290630728025
0.6417688692003557	0.0019483537035304
0.6417872113359864	0.0019678372405658
0.6418055530268909	0.0019875156129714
0.6418238943598537	0.0020073907691011
0.6418422355453790	0.0020274646767922
0.6418605763893332	0.0020477393235601
0.6418789174163767	0.0020682167167958
0.6418972579820155	0.0020888988839638
0.6419155991008626	0.0021097878728034
0.6419339396702738	0.0021308857515315
0.6419522807116839	0.0021521946090468
0.6419706215023329	0.0021737165551373
0.6419889625639549	0.0021954537206887
0.6420073038757339	0.0022174082578956
0.6420256451632986	0.0022395823404745
0.6420439872348618	0.0022619781638792
0.6420623290294137	0.0022845979455181
0.6420806712860966	0.0023074439249733
0.6420990138661429	0.0023305183642231
0.6421173565956038	0.0023538235478653
0.6421357000814779	0.0023773617833439
0.6421540435820116	0.0024011354011773
0.6421723874882774	0.0024251467551890
0.6421907321447362	0.0024493982227409
0.6422090768231231	0.0024738922049683
0.6422274220337802	0.0024986311270180
0.6422457679177545	0.0025236174382882
0.6422641139405700	0.0025488536126710
0.6422824605262232	0.0025743421487978
0.6423008078492860	0.0026000855702857
0.6423191553414741	0.0026260864259886
0.6423375033579874	0.0026523472902485
0.6423558521918530	0.0026788707631509
0.6423742012860835	0.0027056594707824
0.6423925508178090	0.0027327160654902
0.6424109010394272	0.0027600432261451
0.6424292519159998	0.0027876436584065
0.6424476031117068	0.0028155200949906
0.6424659548487108	0.0028436752959405
0.6424843073049527	0.0028721120489000
0.6425026604047349	0.0029008331693890
0.6425210138855398	0.0029298415010830
0.6425393679053083	0.0029591399160939
0.6425577226035678	0.0029887313152548
0.6425760780792923	0.0030186186284073
0.6425944340192529	0.0030488048146914
0.6426127904466240	0.0030792928628382
0.6426311474541857	0.0031100857914667
0.6426495051312040	0.0031411866493813
0.6426678635300925	0.0031725985158751
0.6426862226150685	0.0032043245010340
0.6427045821836690	0.0032363677460443
0.6427229422928048	0.0032687314235046
0.6427413030063248	0.0033014187377397
0.6427596643539707	0.0033344329251170
0.6427780263760002	0.0033677772543681
0.6427963890845830	0.0034014550269118
0.6428147525010496	0.0034354695771809
0.6428331166255973	0.0034698242729527
0.6428514813145555	0.0035045225156822
0.6428698465977158	0.0035395677408391
0.6428882124921069	0.0035749634182474
0.6429065790196898	0.0036107130524298
0.6429249461906883	0.0036468201829541
0.6429433140197361	0.0036832883847836
0.6429616825127192	0.0037201212686314
0.6429800516679358	0.0037573224813176
0.6429984214811307	0.0037948957061309
0.6430167919454377	0.0038328446631922
0.6430351630507599	0.0038711731098242
0.6430535347889264	0.0039098848409225
0.6430719071555473	0.0039489836893317
0.6430902801451271	0.0039884735262251
0.6431086537588081	0.0040283582614874
0.6431270279920553	0.0040686418441024
0.6431454028515355	0.0041093282625435
0.6431637783335271	0.0041504215451689
0.6431821544448153	0.0041919257606206
0.6432005311871315	0.0042338450182267
0.6432189085667007	0.0042761834684091
0.6432372865913991	0.0043189453030932
0.6432556652659660	0.0043621347561241
0.6432740446032795	0.0044057561036854
0.6432924246075393	0.0044498136647221
0.6433108052892198	0.0044943118013693
0.6433291866591473	0.0045392549193828
0.6433475687252307	0.0045846474685767
0.6433659515013415	0.0046304939432624
0.6433843349961468	0.0046767988826950
0.6434027192204993	0.0047235668715220
0.6434211041900884	0.0047708025402371
0.6434394899126813	0.0048185105656394
0.6434578763999640	0.0048666956712958
0.6434762636659552	0.0049153626280088
0.6434946517171554	0.0049645162542889
0.6435130405635608	0.0050141614168318
0.6435314302180513	0.0050643030310002
0.6435498206866634	0.0051149460613102
0.6435682119783097	0.0051660955219235
0.6435866041046573	0.0052177564771425
0.6436049970743014	0.0052699340419141
0.6436233908954841	0.0053226333823331
0.6436417855791051	0.0053758597161565
0.6436601811380368	0.0054296183133181
0.6436785775798737	0.0054839144964512
0.6436969749146072	0.0055387536414158
0.6437153731540207	0.0055941411778298
0.6437337723114948	0.0056500825896082
0.6437521723961174	0.0057065834155042
0.6437705734185393	0.0057636492496592
0.6437889753910371	0.0058212857421559
0.6438073783270206	0.0058794985995776
0.6438257820189469	0.0059382935855733
0.6438441864833619	0.0059976765214288
0.6438625919447637	0.0060576532866431
0.6438809984176286	0.0061182298195096
0.6438994059173371	0.0061794121177047
0.6439178144585486	0.0062412062388817
0.6439362240551523	0.0063036183012706
0.6439546347221854	0.0063666544842833
0.6439730464754790	0.0064303210291259
0.6439914593316016	0.0064946242394173
0.6440098733076000	0.0065595704818117
0.6440282884209882	0.0066251661866297
0.6440467046894053	0.0066914178484961
0.6440651221293471	0.0067583320269809
0.6440835406183311	0.0068259153472505
0.6441019600325042	0.0068941745007231
0.6441203804037458	0.0069631162457306
0.6441388017622072	0.0070327474081879
0.6441572241365743	0.0071030748822699
0.6441756475543002	0.0071741056310927
0.6441940720418186	0.0072458466874038
0.6442124976126953	0.0073183051542778
0.6442309242710933	0.0073914882058204
0.6442493520229158	0.0074654030878788
0.6442677808757314	0.0075400571187578
0.6442862108387946	0.0076154576899456
0.6443046419228191	0.0076916122668453
0.6443230741399567	0.0077685283895138
0.6443415075035858	0.0078462136734087
0.6443599420283302	0.0079246758101427
0.6443783777299175	0.0080039225682443
0.6443968146251867	0.0080839617939268
0.6444152527320405	0.0081648014118662
0.6444336920694177	0.0082464494259848
0.6444521326573409	0.0083289139202449
0.6444705745168368	0.0084122030594473
0.6444890176700105	0.0084963250900418
0.6445074621400038	0.0085812883409423
0.6445259079509856	0.0086671012243519
0.6445443551269220	0.0087537722365956
0.6445628036908030	0.0088413099589615
0.6445812536649093	0.0089297230585508
0.6445997011761931	0.0090190202891365
0.6446181490665142	0.0091092104920281
0.6446365985099503	0.0092003025969484
0.6446550495209051	0.0092923056229181
0.6446735021142750	0.0093852286791476
0.6446919563056207	0.0094790809659391
0.6447104121112492	0.0095738717755986
0.6447288695483462	0.0096696104933546
0.6447473286351287	0.0097663065982883
0.6447657893909312	0.0098639696642713
0.6447842518361504	0.0099626093609138
0.6448027159922237	0.0100622354545227
0.6448211818816068	0.0101628578090679
0.6448396495277277	0.0102644863871587
0.6448581189550275	0.0103671312510305
0.6448765901890158	0.0104708025635410
0.6448950632562975	0.0105755105891766
0.6449135381846103	0.0106812656950683
0.6449320150010603	0.0107880783520188
0.6449504937317839	0.0108959591355388
0.6449689743718930	0.0110049187268940
0.6449874569171458	0.0111149679141628
0.6450059413665082	0.0112261175933042
0.6450244277220111	0.0113383787692374
0.6450429159886398	0.0114517625569298
0.6450614061742332	0.0115662801824991
0.6450798982894071	0.0116819429843244
0.6450983923475133	0.0117987624141678
0.6451168883646156	0.0119167500383093
0.6451353863594804	0.0120359175386926
0.6451538863535853	0.0121562767140796
0.6451723883710685	0.0122778394812205
0.6451908924385199	0.0124006178760329
0.6452093985848357	0.0125246240547933
0.6452279068411145	0.0126498702953415
0.6452464172402030	0.0127763689982946
0.6452649298141083	0.0129041326882776
0.6452834445944508	0.0130331740151606
0.6453019616128837	0.0131635057553119
0.6453204809014754	0.0132951408128654
0.6453390024930606	0.0134280922209940
0.6453575264214144	0.0135623731432041
0.6453760522774477	0.0136979968746360
0.6453945799893428	0.0138349768433825
0.6454131096290985	0.0139733266118161
0.6454316412672793	0.0141130598779339
0.6454501749733677	0.0142541904767133
0.6454687108161083	0.0143967323814805
0.6454872488638477	0.0145406997052955
0.6455057891636130	0.0146861067023484
0.6455243317386721	0.0148329677693719
0.6455428766175854	0.0149812974470658
0.6455614238305992	0.0151311104215361
0.6455799734094587	0.0152824215257514
0.6455985253876092	0.0154352457410089
0.6456170798004079	0.0155895981984185
0.6456356366853456	0.0157454941804025
0.6456541960822765	0.0159029491222065
0.6456727580336341	0.0160619786134285
0.6456913225845491	0.0162225983995630
0.6457098897827656	0.0163848243835589
0.6457284596786186	0.0165486726273948
0.6457470323250671	0.0167141593536686
0.6457656077777585	0.0168813009472049
0.6457841860935848	0.0170501139566768
0.6458027673283796	0.0172206150962434
0.6458213515376680	0.0173928212472061
0.6458399387772229	0.0175667494596776
0.6458585291034022	0.0177424169542745
0.6458771225735032	0.0179198411238169
0.6458957192461194	0.0180990395350552
0.6459143191706122	0.0182800299304053
0.6459329223517954	0.0184628302297091
0.6459515288029694	0.0186474585320063
0.6459701385456733	0.0188339331173266
0.6459887516091350	0.0190222724485004
0.6460073680288798	0.0192124951729855
0.6460259878427999	0.0194046201247153
0.6460446110915671	0.0195986663259620
0.6460632378190517	0.0197946529892216
0.6460818680727376	0.0199925995191142
0.6461005019041158	0.0201925255143059
0.6461191391764791	0.0203944507694486
0.6461377792812958	0.0205983952771435
0.6461564223344843	0.0208043792299146
0.6461750684493363	0.0210124230222140
0.6461937177373670	0.0212225472524361
0.6462123703154771	0.0214347727249603
0.6462310262966535	0.0216491204522105
0.6462496758319203	0.0218656116567323
0.6462683267291135	0.0220842677732999
0.6462869814981362	0.0223051104510334
0.6463056401604199	0.0225281615555441
0.6463243027436217	0.0227534431710998
0.6463429692838188	0.0229809776028111
0.6463616398254614	0.0232107873788387
0.6463803144213873	0.0234428952526268
0.6463989931326130	0.0236773242051535
0.6464176760280047	0.0239140974472051
0.6464363631783652	0.0241532384216769
0.6464550546568424	0.0243947708058936
0.6464737505397089	0.0246387185139525
0.6464924509071082	0.0248851056990913
0.6465111558436271	0.0251339567560820
0.6465298654385301	0.0253852963236432
0.6465485797860444	0.0256391492868791
0.6465672989857153	0.0258955407797478
0.6465860230909395	0.0261544961875455
0.6466047521265126	0.0264160411494206
0.6466234861261611	0.0266802015609140
0.6466422251329181	0.0269470035765233
0.6466609691991193	0.0272164736122890
0.6466797178802350	0.0274886383484127
0.6466984706020115	0.0277635247318968
0.6467172275126222	0.0280411599792160
0.6467359887643465	0.0283215715790082
0.6467547545139701	0.0286047872947980
0.6467735249178022	0.0288908351677459
0.6467923001305335	0.0291797435194231
0.6468110803066499	0.0294715409546179
0.6468298656017960	0.0297662563641637
0.6468486561638551	0.0300639189278049
0.6468674510046215	0.0303645581170825
0.6468862499484265	0.0306682036982536
0.6469050543613266	0.0309748857352353
0.6469238643438253	0.0312846345925879
0.6469426800020981	0.0315974809385132
0.6469615014491897	0.0319134557478987
0.6469803288057782	0.0322325903053782
0.6469991622006555	0.0325549162084322
0.6470180017713115	0.0328804653705170
0.6470368476645766	0.0332092700242214
0.6470557000315033	0.0335413627244634
0.6470745589996447	0.0338767763517091
0.6470934245389860	0.0342155441152257
0.6471122880921940	0.0345576995563781
0.6471311450433819	0.0349032765519418
0.6471500078372682	0.0352523093174603
0.6471688766175402	0.0356048324106344
0.6471877515394866	0.0359608807347409
0.6472066327705774	0.0363204895420875
0.6472255204883492	0.0366836944375077
0.6472444148730426	0.0370505313818822
0.6472633161093770	0.0374210366957007
0.6472822243882910	0.0377952470626586
0.6473011399084204	0.0381731995332859
0.6473200627970882	0.0385549315286191
0.6473389931446314	0.0389404808439042
0.6473579310632056	0.0393298856523441
0.6473768766772892	0.0397231845088680
0.6473958301251395	0.0401204163539556
0.6474147915598175	0.0405216205174955
0.6474337611497182	0.0409268367226707
0.6474527390792607	0.0413361050898984
0.6474717242166944	0.0417494661407964
0.6474907162706492	0.0421669608022037
0.6475097155614427	0.0425886304102257
0.6475287222723741	0.0430145167143280
0.6475477365914349	0.0434446618814703
0.6475667587241410	0.0438791085002846
0.6475857888943722	0.0443178995852873
0.6476048273446601	0.0447610785811397
0.6476238743242206	0.0452086893669519
0.6476429300909546	0.0456607762606223
0.6476619949135586	0.0461173840232272
0.6476810690567445	0.0465785578634587
0.6477001526493841	0.0470443434420943
0.6477192298284914	0.0475147868765165
0.6477383040522967	0.0479899347452807
0.6477573886792163	0.0484698340927327
0.6477764836558877	0.0489545324336587
0.6477955871433592	0.0494440777579962
0.6478146994778675	0.0499385185355761
0.6478338210096044	0.0504379037209313
0.6478529521039783	0.0509422827581401
0.6478720931295394	0.0514517055857228
0.6478912442842639	0.0519662226415814
0.6479104057839377	0.0524858848679980
0.6479295778725307	0.0530107437166782
0.6479487608226369	0.0535408511538438
0.6479679547882129	0.0540762596653808
0.6479871559275273	0.0546170222620350
0.6480063688146627	0.0551631924846543
0.6480255937231799	0.0557148244095015
0.6480448292092109	0.0562719726535965
0.6480640746895245	0.0568346923801327
0.6480833305418923	0.0574030393039342
0.6481025971641010	0.0579770696969729
0.6481218749694618	0.0585568403939436
0.6481411643900565	0.0591424087978830
0.6481604658792278	0.0597338328858607
0.6481797667107955	0.0603311712147200
0.6481990563878232	0.0609344829268661
0.6482183595886131	0.0615438277561348
0.6482376765660145	0.0621592660336964
0.6482570076112573	0.0627808586940351
0.6482763530553496	0.0634086672809744
0.6482957111643813	0.0640427539537857
0.6483150814877081	0.0646831814933250
0.6483344646115363	0.0653300133082574
0.6483538609574364	0.0659833134413391
0.6483732708878861	0.0666431465757511
0.6483926948181621	0.0673095780415096
0.6484121332174946	0.0679826738219238
0.6484315865785296	0.0686625005601419
0.6484510554213272	0.0693491255657427
0.6484705401677892	0.0700426168213997
0.6484900411407808	0.0707430429896144
0.6485095553933189	0.0714504734195086
0.6485290835121522	0.0721649781537051
0.6485486261280401	0.0728866279352420
0.6485681450351817	0.0736154942145956
0.6485876736550147	0.0743516491567431
0.6486072190639834	0.0750951656483104
0.6486267817426202	0.0758461173047921
0.6486463621043917	0.0766045784778419
0.6486659606133067	0.0773706242626200
0.6486855714628427	0.0781443305052450
0.6487051998368943	0.0789257738102968
0.6487248440891158	0.0797150315484011
0.6487445050864095	0.0805121818638864
0.6487641833958723	0.0813173036825267
0.6487838796381395	0.0821304767193543
0.6488035944906759	0.0829517814865457
0.6488233286918937	0.0837812993014132
0.6488430830138529	0.0846191122944263
0.6488628580348365	0.0854653034173709
0.6488826209924083	0.0863199564515445
0.6489023808414925	0.0871831560160589
0.6489221595284180	0.0880549875762174
0.6489419578668202	0.0889355374519802
0.6489617767240053	0.0898248928265009
0.6489816170092093	0.0907231417547638
0.6490014794461024	0.0916303731723105
0.6490213646788402	0.0925466769040316
0.6490412734450660	0.0934721436730713
0.6490612052732051	0.0944068651098017
0.6490811574518577	0.0953509337608982
0.6491011311626250	0.0963044430985087
0.6491211273123100	0.0972674875294939
0.6491411467908025	0.0982401624047907
0.6491611640194321	0.0992225640288403
0.6491811675513591	0.1002147896691306
0.6492011896202552	0.1012169375658207
0.6492212383697381	0.1022291069414789
0.6492413117240581	0.1032513980108911
0.6492614090321266	0.1042839119910017
0.6492815313903963	0.1053267511109117
0.6493016799703977	0.1063800186220181
0.6493218560305571	0.1074438188082382
0.6493420605827225	0.1085182569963193
0.6493622945331613	0.1096034395662848
0.6493825554992282	0.1106994739619503
0.6494028397554086	0.1118064687015709
0.6494230804767457	0.1129245333885877
0.6494433502315291	0.1140537787224740
0.6494636503370388	0.1151943165097001
0.6494839818582174	0.1163462596747988
0.6495043459794995	0.1175097222715488
0.6495247440147975	0.1186848194942653
0.6495451708570261	0.1198716676892096
0.6495656280495627	0.1210703843660999
0.6495861169499975	0.1222810882097613
0.6496066324727863	0.1235038990918601
0.6496271770800480	0.1247389380827820
0.6496476726205966	0.1259863274636101
0.6496682037822511	0.1272461907382496
0.6496887691884767	0.1285186526456322
0.6497093684166305	0.1298038391720879
0.6497300031778875	0.1311018775638065
0.6497506753323193	0.1324128963394461
0.6497713866384444	0.1337370253028415
0.6497921385402518	0.1350743955558699
0.6498129265233527	0.1364251395114288
0.6498337510596025	0.1377893909065460
0.6498545214787200	0.1391672848156088
0.6498753297048544	0.1405589576637680
0.6498961807365465	0.1419645472404071
0.6499170762730438	0.1433841927128090
0.6499380164842072	0.1448180346399364
0.6499589839868143	0.1462662149863367
0.6499799912551061	0.1477288771362004
0.6500010428295658	0.1492061659075593
0.6500221408187713	0.1506982275666335
0.6500431907708787	0.1522052098422984
0.6500642770075457	0.1537272619407180
0.6500854083906016	0.1552645345601263
0.6501065864487755	0.1568171799057291
0.6501278135372787	0.1583853517047872
0.6501490922278162	0.1599692052218357
0.6501704253398588	0.1615688972740550
0.6501918071372432	0.1631845862467926
0.6502131828848839	0.1648164321092631
0.6502345469569688	0.1664645964303579
0.6502559510831889	0.1681292423946631
0.6502774097815991	0.1698105348186109
0.6502989289271049	0.1715086401667925
0.6503205011335939	0.1732237265684645
0.6503421289438635	0.1749559638341480
0.6503638158637697	0.1767055234724901
0.6503854687721271	0.1784725787072188
0.6504071464224008	0.1802573044942937
0.6504288892956547	0.1820598775392358
0.6504506918991888	0.1838804763146246
0.6504725581232349	0.1857192810777712
0.6504944919202288	0.1875764738885535
0.6505164806324675	0.1894522386274393
0.6505384565345335	0.1913467610137100
0.6505604246731592	0.1932602286238464
0.6505824615001712	0.1951928309100804
0.6506045715041860	0.1971447592191837
0.6506267582700149	0.1991162068113781
0.6506490191798124	0.2011073688794950
0.6506713515790744	0.2031184425682935
0.6506936481258586	0.2051496269939790
0.6507159743554334	0.2072011232639146
0.6507383837163766	0.2092731344965588
0.6507608518931201	0.2113658658415248
0.6507833983431898	0.2134795244999409
0.6508060288451779	0.2156143197449380
0.6508286871321139	0.2177704629423851
0.6508513169704816	0.2199481675718040
0.6508740395181508	0.2221476492475262
0.6508968490683457	0.2243691257399960
0.6509197517849276	0.2266128169974006
0.6509427530478745	0.2288789451673712
0.6509657670504583	0.2311677346190447
0.6509887386160177	0.2334794119652382
0.6510118070849511	0.2358142060848860
0.6510349792133313	0.2381723481457330
0.6510582610568887	0.2405540716271849
0.6510816461366189	0.2429596123434599
0.6511050064010386	0.2453892084668898
0.6511283966775411	0.2478431005515592
0.6511519004124340	0.2503215315570763
0.6511754942815248	0.2528247468726476
0.6511991979082175	0.2553529943413733
0.6512229740379972	0.2579065242847883
0.6512466893455837	0.2604855895276407
0.6512705360594395	0.2630904454229183
0.6512945107023275	0.2657213498771467
0.6513186111100275	0.2683785633759229
0.6513428175337588	0.2710623490096828
0.6513668987666693	0.2737729724997758
0.6513911272571100	0.2765107022247761
0.6514154895216989	0.2792758092470219
0.6514399964332546	0.2820685673394908
0.6514646211137093	0.2848892530128851
0.6514891639541378	0.2877381455430164
0.6515138420397175	0.2906155269984457
0.6515386446894555	0.2935216822684292
0.6515636145329941	0.2964568990911126
0.6515886298834594	0.2994214680820268
0.6516136414577970	0.3024156827628420
0.6516388209032882	0.3054398395904723
0.6516641815419610	0.3084942379863786
0.6516896778363975	0.3115791803662410
0.6517150756844958	0.3146949721699083
0.6517406179530058	0.3178419218916117
0.6517663569886299	0.3210203411105274
0.6517923012198845	0.3242305445216263
0.6518182690251410	0.3274728499668422
0.6518442155052505	0.3307475784665059
0.6518703733307102	0.3340550542511656
0.6518967570177727	0.3373956047936707
0.6519232421808259	0.3407695608416083
0.6519496969787111	0.3441772564500215
0.6519763649941889	0.3476190290145205
0.6520032373357358	0.3510952193046616
0.6520302453308594	0.3546061714977085
0.6520572044405163	0.3581522332126854
0.6520844276672434	0.3617337555448192
0.6521119051184397	0.3653510931002694
0.6521394418225711	0.3690046040312739
0.6521669675485200	0.3726946500715821
0.6521947860850228	0.3764215965722957
0.6522228999521926	0.3801858125380253
0.6522510255491201	0.3839876706634004
0.6522791897728247	0.3878275473700390
0.6523076805364937	0.3917058228437416
0.6523364913309886	0.3956228810721749
0.6523652033248211	0.3995791098828977
0.6523941085090540	0.4035749009817340
0.6524233655766732	0.4076106499915516
0.6524528125624852	0.4116867564914732
0.6524822491728947	0.4158036240563837
0.6525120114693955	0.4199616602969525
0.6525421310001719	0.4241612768999194
0.6525721645400893	0.4284028896689237
0.6526025088930475	0.4326869185656164
0.6526332294451029	0.4370137877512800
0.6526640475541587	0.4413839256287921
0.6526949761297599	0.4457977648850732
0.6527263680979962	0.4502557425339306
0.6527580423900644	0.4547582999592643
0.6527896253537580	0.4593058829588631
0.6528216952975091	0.4638989417884448
0.6528542873395350	0.4685379312063292
0.6528865919895854	0.4732233105183868
0.6529194318714712	0.4779555436235736
0.6529528410287105	0.4827350990598054
0.6529860910564050	0.4875624500503966
0.6530197902841304	0.4924380745509058
0.6530541049988020	0.4973624552964136
0.6530883540257869	0.5023360798493745
0.6531229756147316	0.5073594406478706
0.6531583144022721	0.5124330350543485
0.6531935975764248	0.5175573654048858
0.6532292767677385	0.5227329390589308
0.6532657848968557	0.5279602684495238
0.6533021409355441	0.5332398711340197
0.6533390210222936	0.5385722698453621
0.6533768068393276	0.5439579925438203
0.6534142837611105	0.5493975724692608
0.6534525551775322	0.5548915481939456
0.6534915983722065	0.5604404636758884
0.6535304606002893	0.5660448683126448
0.6535703393005698	0.5717053169957760
0.6536107119818645	0.5774223701657339
0.6536511772984623	0.5831965938673951
0.6536929037750018	0.5890285598060665
0.6537345914984013	0.5949188454041212
0.6537770235769669	0.6008680338581567
0.6538206639036774	0.6068767141967317
0.6538639427988098	0.6129454813387069
0.6539087025732672	0.6190749361520907
0.6539538555897445	0.6252656855136078
0.6539996212388399	0.6315183423687510
0.6540468600487510	0.6378335257924334
0.6540939294412893	0.6442118610503644
0.6541424291206377	0.6506539796608611
0.6541918509549346	0.6571605194574716
0.6542418733203339	0.6637321246520507
0.6542936053595704	0.6703694458985752
0.6543453360577777	0.6770731403575627
0.6543988432862091	0.6838438717611400
0.6544534594199594	0.6906823104787498
0.6545087571141226	0.6975891335835352
0.6545665670554550	0.7045650249193640
0.6546240116854322	0.7116106751685514
0.6546840607354648	0.7187267819202298
0.6547452214272089	0.7259140497394346
0.6548078068687335	0.7331731902368329
0.6548731003259183	0.7405049221392007
0.6549386641559303	0.7479099713605968
0.6550081555251406	0.7553890710742025
0.6550776110795642	0.7629429617849453
0.6551509005839344	0.7705723914027985
0.6552258256964290	0.7782781153168246
0.6553036091729613	0.7860608964699929
0.6553846100967846	0.7939215054346984
0.6554682586488685	0.8018607204890410
0.6555568888831469	0.8098793276939361
0.6556459360507598	0.8179781209708790
0.6557439092571460	0.8261579021805903
0.6558416094121426	0.8344194812023955
0.6559472051825069	0.8427636760144173
0.6560556450835743	0.8511913127745587
0.6561727684000731	0.8597032259023070
0.6562962615903267	0.8683002581613308
0.6564265346943212	0.8769832607429465
0.6565687934576738	0.8857530933503757
0.6567190977916652	0.8946106242838814
0.6568880186324206	0.9035567305267187
0.6570651073705446	0.9125922978319869
0.6572702609275124	0.9217182208103072
0.6574567292389333	0.9301563781370663
0.6577019934888859	0.9394579419184356
0.6579614038284598	0.9475511355108738
0.6582720604852672	0.9570266468659829
0.6583103934486539	0.9540394532925898
0.6585428237726190	0.9635798478255144
0.6590569520290207	0.9732156463037682
0.6596824392323749	0.9816880843731519
0.6596927243470310	0.9871636135285611
0.6600696006769831	0.9893045878952422
0.6604747010665859	0.9883181328669675
0.6606366558004548	0.9830754424034477
0.6612136286325913	0.9927451556157926
0.6616345646294950	0.9949264691304494
0.6643655540888380	0.9965983776624480
0.6649340131963155	0.9987477250841444
0.6657210801846156	0.9994172279488213
0.6720343518334455	0.9998266570303849
0.6755267585583213	0.9999101144627032
0.6801685261234104	0.9999706174223909
0.6820545609834934	0.9999870551571964
0.6863167051937419	0.9999963766860389
0.6896730578616488	0.9999981279304795
0.6970756930537244	0.9999993886573095
0.6989732754780876	0.9999997175035726
0.7058510829006056	0.9999999132154767
0.7094556052840718	0.9999999605998385
0.7162734041637077	0.9999999881627940
0.7198096579664767	0.9999999946241263
0.7263862405912025	0.9999999983984906
0.7296380526985339	0.9999999992712688
0.7362057641197668	0.9999999997833116
0.7392467912670453	0.9999999999010597
0.7457791412299178	0.9999999999705146
0.7485805575026853	0.9999999999865037
0.7551343807771653	0.9999999999959672
0.7578101862600043	0.9999999999981524
0.7644254433139533	0.9999999999994469
0.7670852535576619	0.9999999999997466
0.7737529633410728	0.9999999999999241
0.7764421773508269	0.9999999999999651
0.7773624900991711	1.0000000001007738
0.7773636374676375	1.0000000001138045
0.7990465879431987	1.0000000001160463
0.7991482287948515	1.0000000001180203
0.7993691622481275	1.0000000001214848
0.7995728984638861	1.0000000001221876
0.8008118056119764	1.0000000001360787
0.8009679136106922	1.0000000001378933
0.8035555028524829	1.0000000001410234
0.8051950333062993	1.0000000001478382
0.8060637146130898	1.0000000001531413
0.8066398933784675	1.0000000001539491
0.8223303973726782	1.0000002242078301
0.8248260069058945	1.0000002574592353
0.8251485319840254	1.0000002956621910
0.8254714670664043	1.0000003387935272
0.8257915402444796	1.0000003896269378
0.8444318961897919	1.0000004080307576
0.8527596105330565	1.0000004132680018
0.8556743534116309	1.0000004160840181
0.8718349340671200	1.0000004167853891
0.8820640901333607	1.0000004169815824
0.8877220810725214	1.0000004170581831
0.8927243144705868	1.0000004170864774
0.9013402712721860	1.0000004170901349
0.9090569760754890	1.0000004170922743
0.9107594831889020	1.0000005685715436
0.9107595360064243	1.0000005881519214
0.9325539571248509	1.0000005914840069
0.9325606849757903	1.0000005944456547
0.9333322525682481	1.0000005978968325
0.9333369044566462	1.0000006009671192
0.9341077564956193	1.0000006045452332
0.9341140673796429	1.0000006077284240
0.9348873274342265	1.0000006114376812
0.9355596572735848	1.0000006160331756
0.9361384744090107	1.0000006166271862
0.9417039345923912	1.0000015668005302
0.9442070710945045	1.0000018443218055
0.9551016722096565	1.0000018882127402
0.9555576548507269	1.0000018938860340
0.9761787828458813	1.0000019016482773
0.9849840218604800	1.0000019028015010
0.9853083888090634	1.0000019029505658
1.0079772408967917	1.0000019031646408
1.0143225518811321	1.0000019031967153
1.0290735049638240	1.0000019032056684
1.0390892134578384	1.0000019032071139
1.0525129599262137	1.0000019032075123
1.0620055599307714	1.0000019032075731
1.0738105163532730	1.0000019032075906
1.0837790845254873	1.0000019032075931
1.0855303967837455	1.0005710562110286
1.0855303967837562	1.0006443575799928
1.1070778028982680	1.0001392449833433
1.1156385449199751	1.0001006859605277
1.1287671810538853	1.0000976288269048
1.1406292752865821	0.9997414379113037
1.1804141966062043	0.9999043416675505
1.2175791055855445	0.9999531523672243
1.2502009348999903	0.9999739994710397
1.2507995123314806	0.9999830032649707
1.2573274456596930	0.9999841669070311
1.2865337030010526	0.9999848352736008
1.2870956391418915	0.9999849216656446
1.2875996004084393	0.9999926081014233
1.2876312751700958	0.9999936016300300
1.3169330758740692	0.9999940261579512
1.3239647608925078	0.9999703029802206
1.3746117472313581	0.9999827080500885
1.3799151456172685	0.9999914361351588
1.3865338648917820	0.9999937174673443
1.3885506730636319	0.9999980963250164
1.3934217291881998	0.9999991259580854
1.4029489016128804	0.9999997112721803
1.4074616087638734	0.9999998225736081
1.4161706244486387	0.9999998848537754
1.4204856112418340	0.9999998963490045
1.4288801691537791	0.9999999028432933
1.4329989692621992	0.9999999040296291
1.4413679458262607	0.9999999047046463
1.4453789147146321	0.9999999048273724
1.4538085307434201	0.9999999048974727
1.4577483874213315	0.9999999049101880
1.4662369364496861	0.9999999049174652
1.4701294085635008	0.9999999049187838
1.4786597423218288	0.9999999049195393
1.4825260381335652	0.9999999049196761
1.4911096417555330	0.9999999049197542
1.4949698661696251	0.9999999049197684
1.5035177697519699	0.9999999049197763
1.5076487886053409	0.9999999049197780
1.5143274693248034	0.9999999049197790
1.5203522626294124	0.9999999049197791
1.5268182200086211	0.9999999049197792
1.5290635404532888	0.9999999049197792
3.5686034297273097	0.9799999068213836
3.5686034297274096	0.9999910654083861
4.4594050867861892	0.9999998990307609
5.1712476991698786	1.0004280043105349
5.1976293429503917	1.0001330212581279
5.2048379571408185	1.0000314617798189
5.2063671106703175	1.0000182374663911
5.2094357940884866	1.0000138589703389
5.2182267243904050	1.0000036516590882
5.2194079376161646	1.0000021992022632
5.2378666527505402	1.0000015499732322
5.2425937446182553	1.0000014625687024
5.2585742347283784	1.0000014235859003
5.2607088774189830	1.0000014185470090
5.2627516062385773	1.0000014176870158
5.2822388398247897	1.0000014160003357
5.2834880269712405	1.0000014157760115
5.3030366382251328	1.0000014156760251
5.3065519857845782	1.0000014156628316
5.3231390201993829	1.0000014156569523
5.3242718392878841	1.0000014156561925
5.3376227653210169	1.0000014156560533
5.3427821749656683	1.0000014156558137
5.3431897090129903	1.0000014156557828
5.3534476659645369	1.0000014156557766
5.3674880927466884	1.0000014156557666
5.3675734785551352	1.0000014156557653
5.3748864189313670	0.9953932365895399
5.3763489256064281	0.9992396819288356
5.3805739482211150	0.9997439056783990
5.4062840556034857	0.9999428723046240
5.4165033417913424	0.9999717258088555
5.4406674103454264	0.9999859207530448
5.4443387985881833	0.9999922039583271
5.4476076140651788	0.9999930160340420
5.4531838819944847	0.9999949142090320
5.4541071336753246	0.9999981997617989
5.4564319821110585	0.9999986244430262
5.4575760718096342	0.9999989633082836
5.4644822988120385	0.9999992370012976
5.4685089033766729	0.9999993710724000
5.4852128086738610	0.9999995725262165
5.4852130282226010	0.9999997039937168
5.4917397898018958	0.9999997724766683
5.4966114716091949	0.9999997791831970
5.4988108610727577	0.9999997889021697
5.5002324932273092	0.9999997983498697
5.5081580069000413	0.9999998012596399
5.5087243891345246	0.9999998069433028
5.5137623178316115	0.9999998088655347
5.5200220466305510	0.9999998091140021
5.5262512329541638	0.9999998098256111
5.5349700674692688	0.9999998099294832
5.5367781229159601	0.9999998099939088
5.5476942213397020	0.9999998101515664
5.5487846732674484	0.9999998102201370
5.5566668152388887	0.9999998102512848
5.5643534945155535	0.9999998102558316
5.5722017347955761	0.9999998102585340
5.5757183571653437	0.9999998102648763
5.5777204053765255	0.9999998102670210
5.5837274804036241	0.9999998102686427
5.5852286127402353	0.9999998217499340
5.5877250390984967	0.9999998251018194
5.5885044516804268	0.9999998297245800
5.5986737121035572	0.9999998304553579
5.5990233717167355	0.9999998331726065
5.6020677664905980	0.9999998335814473
5.6088429412818801	0.9999998345161476
5.6177884503100026	0.9999998349982974
5.6216346255439076	0.9999998351891006
5.6280002054955620	0.9999998353131822
5.6341071897499519	0.9999998353312940
5.6487478162616442	0.9999998353606377
5.6533712613659564	0.9999998353757839
5.6597936540304712	0.9999998353779945
5.6608293742848632	0.9999998353804991
5.6714153768392475	0.9999998353821271
5.6766175303690085	0.9999998353825927
5.6878316917649423	0.9999998353827879
5.6944852591159778	0.9999998353828342
5.7057457792829753	0.9999998353828523
5.7118335575551473	0.9999998353828564
5.7220666307315513	0.9999998353828580
5.7251533702988278	0.9999998353828582
5.7276264115926283	0.9999998353828586
5.7300810758254741	0.9999998353828585
5.7336831661987206	0.9999998353828587
5.7454266619373504	1.0122663145393964
5.7455473712588647	1.0015673201982931
5.7468722606635589	1.0002103589979925
5.7542205658936707	1.0000309954084270
5.7703139040920579	1.0000269725903568
5.7743168707861390	1.0000550128302850
5.8718253687754149	0.9999835116540637
5.8726740603697802	0.9999977240881514
7.0897734386925091	0.9999995617076483
7.1075222074704953	0.9999998000039547
8.5804052293440911	0.9999998308176938
8.6051261164918866	0.9999998347928869
