0.0000000000000000	0.0000000000000000
0.6398778535617780	0.0000300000000000
0.6401465749190438	0.0000145599222923
0.6409132058582570	0.0000245599222923
0.6410976775396395	0.0000191392258591
0.6411800303123201	0.0000289510215653
0.6411823900845286	0.0000322118882944
0.6417922478740038	0.0000235145387874
0.6422740648010324	0.0000404100973662
0.6424028048535794	0.0000344760158643
0.6428316425673017	0.0000531054760535
0.6429493568187203	0.0000444991613543
0.6429784330968560	0.0000459858924028
0.6434609451326621	0.0000559858924028
0.6437527142802150	0.0000647016489954
0.6440095293578821	0.0000747016489954
0.6442937978814504	0.0000847016489954
0.6445209662106264	0.0000947016489954
0.6447330626645549	0.0001047016489954
0.6449062377948993	0.0001147016489954
0.6450776565487980	0.0001247016489954
0.6452271653064736	0.0001347016489954
0.6453697257959583	0.0001447016489954
0.6454958192387319	0.0001547016489954
0.6456191776012030	0.0001647016489954
0.6457306550000452	0.0001747016489954
0.6458386695810171	0.0001847016489954
0.6459388001598247	0.0001947016489954
0.6460353216123397	0.0002047016489954
0.6461260172933563	0.0002147016489954
0.6462126846306722	0.0002247016489954
0.6462956094263721	0.0002347016489954
0.6463747440967845	0.0002447016489953
0.6464510779461297	0.0002547016489953
0.6465235662920653	0.0002647016489953
0.6465942915956814	0.0002747016489953
0.6466614509214134	0.0002847016489953
0.6467271655888552	0.0002947016489953
0.6467892718761247	0.0003047016489953
0.6468508083351114	0.0003147016489953
0.6469090493384722	0.0003247016489953
0.6469667883497355	0.0003347016489953
0.6470213730701208	0.0003447016489953
0.6470757625035763	0.0003547016489954
0.6471274084069236	0.0003647016489954
0.6471785672813343	0.0003747016489954
0.6472275820047444	0.0003847016489954
0.6472760507291836	0.0003947016489954
0.6473226736618964	0.0004047016489954
0.6473685815117254	0.0004147016489954
0.6474130416407307	0.0004247016489954
0.6474567253729550	0.0004347016489954
0.6474991376967559	0.0004447016489953
0.6475407379915806	0.0004547016489953
0.6475813658338647	0.0004647016489953
0.6476211600004005	0.0004747016489953
0.6476601315493919	0.0004847016489953
0.6476982117243918	0.0004947016489953
0.6477356653550279	0.0005047016489953
0.6477722308422288	0.0005147016489953
0.6478082739481728	0.0005247016489953
0.6478433865976346	0.0005347016489953
0.6478781153154036	0.0005447016489953
0.6479119213654619	0.0005547016489953
0.6479453397660788	0.0005647016489953
0.6479778222700603	0.0005747016489953
0.6480101461079305	0.0005847016489953
0.6480415793289696	0.0005947016489953
0.6480727978584168	0.0006047016489953
0.6481030715508802	0.0006147016489953
0.6481333484988882	0.0006247016489953
0.6481626459807449	0.0006347016489953
0.6481918761201917	0.0006447016489952
0.6482203665279893	0.0006547016489953
0.6482486346811052	0.0006647016489952
0.6482763230738250	0.0006747016489952
0.6483037060959645	0.0006847016489952
0.6483306046377018	0.0006947016489952
0.6483571881630920	0.0007047016489952
0.6483833148939169	0.0007147016489952
0.6484091873991229	0.0007247016489952
0.6484345651481920	0.0007347016489952
0.6484597587983036	0.0007447016489952
0.6484844651622870	0.0007547016489952
0.6485088996026792	0.0007647016489952
0.6485330879228369	0.0007747016489952
0.6485568430935335	0.0007847016489952
0.6485803474004646	0.0007947016489952
0.6486035589305938	0.0008047016489952
0.6486265721826998	0.0008147016489952
0.6486491090732199	0.0008247016489951
0.6486715111660135	0.0008347016489951
0.6486935689356480	0.0008447016489951
0.6487155147724677	0.0008547016489951
0.6487370420454884	0.0008647016489951
0.6487584119934693	0.0008747016489951
0.6487794030392083	0.0008847016489951
0.6488003394733459	0.0008947016489951
0.6488208727316559	0.0009047016489951
0.6488413803601261	0.0009147016489951
0.6488614714648590	0.0009247016489951
0.6488815263415695	0.0009347016489951
0.6489011982032045	0.0009447016489951
0.6489207721577750	0.0009547016489951
0.6489400163157910	0.0009647016489951
0.6489591784003426	0.0009747016489951
0.6489780491848430	0.0009847016489951
0.6489968219715652	0.0009947016489951
0.6490153308482486	0.0010047016489951
0.6490337177189544	0.0010147486654851
0.6490519636866793	0.0010248961521399
0.6490702531946764	0.0010351451136613
0.6490885236346348	0.0010454965647979
0.6491067978862418	0.0010559515304459
0.6491250983186448	0.0010665110457503
0.6491433619050568	0.0010771761562078
0.6491616972976099	0.0010879479177699
0.6491799386454810	0.0010988273969476
0.6491982906801654	0.0011098156709171
0.6492165375773030	0.0011209138276262
0.6492348574083173	0.0011321229659025
0.6492531549028626	0.0011434441955615
0.6492714466853095	0.0011548786375171
0.6492897990037743	0.0011664274238923
0.6493080573641573	0.0011780916981312
0.6493263948899669	0.0011898726151126
0.6493446974182605	0.0012017713412637
0.6493629964861543	0.0012137890546763
0.6493813613850838	0.0012259269452231
0.6493996314520917	0.0012381862146753
0.6494179547781191	0.0012505680768220
0.6494363019458812	0.0012630737575902
0.6494545872753180	0.0012757044951661
0.6494729224482576	0.0012884615401178
0.6494912619706912	0.0013013461555190
0.6495095572471561	0.0013143596170742
0.6495278945316572	0.0013275032132449
0.6495462416631319	0.0013407782453774
0.6495645389088153	0.0013541860278312
0.6495828716159067	0.0013677278881095
0.6496012352809361	0.0013814051669906
0.6496195340085597	0.0013952192186605
0.6496378573669365	0.0014091714108471
0.6496562065209406	0.0014232631249556
0.6496745477165035	0.0014374957562051
0.6496928592043755	0.0014518707137672
0.6497111919926103	0.0014663894209048
0.6497295445889868	0.0014810533151139
0.6497478862118296	0.0014958638482650
0.6497662025781006	0.0015108224867477
0.6497845360153603	0.0015259307116152
0.6498028823082036	0.0015411900187313
0.6498212413492207	0.0015566019189186
0.6498395664146313	0.0015721679381078
0.6498578932180291	0.0015878896174888
0.6498762313389530	0.0016037685136638
0.6498945767470222	0.0016198061988004
0.6499129303830378	0.0016360042607884
0.6499312813525155	0.0016523643033962
0.6499496086509556	0.0016688879464302
0.6499679434837581	0.0016855768258945
0.6499862825549656	0.0017024325941535
0.6500046268309736	0.0017194569200950
0.6500229735871051	0.0017366514892959
0.6500413235437161	0.0017540180041889
0.6500596746247670	0.0017715581842308
0.6500780274091938	0.0017892737660731
0.6500963695999161	0.0018071665037338
0.6501147093187885	0.0018252381687712
0.6501330514823862	0.0018434905504588
0.6501513950242265	0.0018619254559634
0.6501697401718622	0.0018805447105230
0.6501880862382310	0.0018993501576283
0.6502064333083183	0.0019183436592046
0.6502247810872746	0.0019375270957967
0.6502431295659629	0.0019569023667546
0.6502614778299899	0.0019764713904222
0.6502798255975923	0.0019962361043264
0.6502981732267877	0.0020161984653697
0.6503165203646981	0.0020363604500234
0.6503348676760787	0.0020567240545236
0.6503532144257215	0.0020772912950689
0.6503715616971673	0.0020980642080196
0.6503899082930400	0.0021190448500997
0.6504082552905421	0.0021402352986007
0.6504266019829908	0.0021616376515867
0.6504449488471311	0.0021832540281025
0.6504632958881189	0.0022050865683835
0.6504816428523326	0.0022271374340673
0.6504999905054850	0.0022494088084080
0.6505183377997628	0.0022719028964922
0.6505366855175152	0.0022946219254570
0.6505550334378387	0.0023175681447115
0.6505733814413311	0.0023407438261586
0.6505917301724354	0.0023641512644202
0.6506100787709513	0.0023877927770644
0.6506284277173465	0.0024116707048351
0.6506467772498443	0.0024357874118835
0.6506651267768263	0.0024601452860022
0.6506834767850584	0.0024847467388623
0.6507018272779869	0.0025095942062510
0.6507201778859898	0.0025346901483135
0.6507385290088932	0.0025600370497967
0.6507568806577405	0.0025856374202947
0.6507752324528213	0.0026114937944978
0.6507935847274132	0.0026376087324428
0.6508119377049739	0.0026639848197672
0.6508302907976448	0.0026906246679649
0.6508486442838783	0.0027175309146446
0.6508669984326254	0.0027447062237909
0.6508853529772476	0.0027721532860289
0.6509037077992254	0.0027998748188892
0.6509220631292602	0.0028278735670780
0.6509404191334892	0.0028561523027488
0.6509587755004566	0.0028847138257763
0.6509771322126131	0.0029135609640341
0.6509954894205857	0.0029426965736744
0.6510138472632194	0.0029721235394111
0.6510322056896434	0.0030018447748052
0.6510505644346005	0.0030318632225532
0.6510689236274602	0.0030621818547786
0.6510872833637870	0.0030928036733264
0.6511056437268032	0.0031237317100596
0.6511240047760595	0.0031549690271601
0.6511423662037855	0.0031865187174317
0.6511607280820197	0.0032183839046061
0.6511790904766834	0.0032505677436522
0.6511974534403029	0.0032830734210888
0.6512158170145006	0.0033159041552997
0.6512341812283248	0.0033490631968526
0.6512525461053069	0.0033825538288210
0.6512709115495033	0.0034163793671093
0.6512892775037119	0.0034505431607803
0.6513076440053507	0.0034850485923882
0.6513260110780016	0.0035198990783122
0.6513443787477665	0.0035550980690952
0.6513627470267546	0.0035906490497861
0.6513811159337346	0.0036265555402841
0.6513994854736797	0.0036628210956870
0.6514178556612631	0.0036994493066438
0.6514362264971072	0.0037364437997102
0.6514545979945074	0.0037738082377073
0.6514729691184216	0.0038115463200845
0.6514913398285106	0.0038496617832854
0.6515097112303889	0.0038881584011184
0.6515280833259047	0.0039270399851295
0.6515464561081012	0.0039663103849807
0.6515648295783011	0.0040059734888306
0.6515832037336530	0.0040460332237189
0.6516015785746078	0.0040864935559560
0.6516199541029074	0.0041273584915156
0.6516383303179248	0.0041686320764308
0.6516567072263962	0.0042103183971951
0.6516750848261536	0.0042524215811669
0.6516934631243666	0.0042949457969787
0.6517118421222483	0.0043378952549485
0.6517302218244825	0.0043812742074981
0.6517486022383313	0.0044250869495730
0.6517669833659713	0.0044693378190687
0.6517853652165041	0.0045140311972595
0.6518037477938506	0.0045591715092321
0.6518221311043031	0.0046047632243242
0.6518405151589265	0.0046508108565674
0.6518588999607124	0.0046973189651332
0.6518772855185986	0.0047442921547846
0.6518956718427720	0.0047917350763324
0.6519140589387279	0.0048396524270958
0.6519324468169960	0.0048880489513667
0.6519508354883897	0.0049369294408802
0.6519692249599872	0.0049862987352891
0.6519876152313978	0.0050361617226420
0.6520060063013671	0.0050865233398683
0.6520243981653411	0.0051373885732670
0.6520427908240256	0.0051887624589998
0.6520611842822543	0.0052406500835897
0.6520795785418928	0.0052930565844256
0.6520979736071607	0.0053459871502698
0.6521163694856342	0.0053994470217724
0.6521347661870988	0.0054534414919902
0.6521531637176027	0.0055079759069102
0.6521715620860478	0.0055630556659794
0.6521899613038411	0.0056186862226393
0.6522083613843145	0.0056748730848656
0.6522267623370146	0.0057316218157141
0.6522451641721592	0.0057889380338714
0.6522635669007046	0.0058468274142102
0.6522819705342736	0.0059052956883524
0.6523003750845201	0.0059643486452361
0.6523187805599243	0.0060239921316885
0.6523371869700707	0.0060842320530053
0.6523555943255055	0.0061450743735353
0.6523740026376181	0.0062065251172708
0.6523924119185838	0.0062685903684436
0.6524108221812583	0.0063312762721280
0.6524292334366013	0.0063945890348495
0.6524476456963149	0.0064585349251982
0.6524660589728700	0.0065231202744500
0.6524844732794691	0.0065883514771947
0.6525028886298677	0.0066542349919667
0.6525213050384009	0.0067207773418863
0.6525397225198246	0.0067879851153053
0.6525581410894100	0.0068558649664582
0.6525765607628095	0.0069244236161226
0.6525949815030592	0.0069936678522838
0.6526134030892005	0.0070636045308067
0.6526318255569015	0.0071342405761149
0.6526502489408044	0.0072055829818759
0.6526686732745935	0.0072776388116947
0.6526870985914917	0.0073504151998116
0.6527055249242177	0.0074239193518095
0.6527239523050018	0.0074981585453276
0.6527423807655092	0.0075731401307810
0.6527608103369127	0.0076488715320886
0.6527792410487383	0.0077253602474094
0.6527976729286055	0.0078026138498836
0.6528161060025469	0.0078806399883824
0.6528345402953299	0.0079594463882660
0.6528529758306698	0.0080390408521489
0.6528714126315595	0.0081194312606706
0.6528898507203814	0.0082006255732774
0.6529082901192053	0.0082826318290103
0.6529267308499430	0.0083654581473003
0.6529451729345429	0.0084491127287734
0.6529636163951936	0.0085336038560612
0.6529820612472249	0.0086189398946218
0.6530005074872425	0.0087051292935682
0.6530189551150504	0.0087921805865041
0.6530374041333956	0.0088801023923694
0.6530558545478030	0.0089689034162931
0.6530743063663128	0.0090585924504558
0.6530927595993763	0.0091491783749606
0.6531112142597610	0.0092406701587101
0.6531296703623823	0.0093330768602969
0.6531481279242566	0.0094264076289000
0.6531665869644402	0.0095206717051887
0.6531850475039163	0.0096158784222408
0.6532035095641787	0.0097120372064634
0.6532219731664625	0.0098091575785283
0.6532404383318341	0.0099072491543134
0.6532589050813856	0.0100063216458566
0.6532773732814906	0.0101063848623152
0.6532958425251761	0.0102074487109381
0.6533143134109503	0.0103095231980473
0.6533327859619322	0.0104126184300280
0.6533512602019428	0.0105167446143285
0.6533697361556687	0.0106219120604716
0.6533882138488184	0.0107281311810762
0.6534066933082614	0.0108354124928868
0.6534251745619333	0.0109437666178159
0.6534436576387943	0.0110532042839940
0.6534621425688306	0.0111637363268340
0.6534806293830756	0.0112753736901020
0.6534991181136565	0.0113881274270031
0.6535176087938108	0.0115020087012728
0.6535361014570674	0.0116170287882857
0.6535545961356144	0.0117331990761685
0.6535730928607859	0.0118505310669305
0.6535915916635076	0.0119690363775998
0.6536100925746029	0.0120887267413761
0.6536285956066666	0.0122096140087900
0.6536471007557814	0.0123317101488777
0.6536656080223021	0.0124550272503662
0.6536841174106665	0.0125795775228698
0.6537026289292364	0.0127053732980987
0.6537211425901724	0.0128324270310796
0.6537396584093392	0.0129607513013903
0.6537581764062399	0.0130903588144045
0.6537766966039603	0.0132212624025482
0.6537952190289393	0.0133534750265737
0.6538137437107350	0.0134870097768392
0.6538322706818489	0.0136218798746077
0.6538507996828209	0.0137580986733539
0.6538693304839132	0.0138956796600878
0.6538878631537297	0.0140346364566890
0.6539063977585371	0.0141749828212560
0.6539249343628435	0.0143167326494685
0.6539434730299339	0.0144598999759629
0.6539620138223721	0.0146044989757221
0.6539805568022600	0.0147505439654792
0.6539991020314486	0.0148980494051336
0.6540176495717739	0.0150470298991851
0.6540361994852965	0.0151975001981769
0.6540547518345493	0.0153494752001589
0.6540733066827935	0.0155029699521603
0.6540918640942848	0.0156579996516823
0.6541104241325154	0.0158145796481988
0.6541289868233651	0.0159727254446811
0.6541475521821825	0.0161324526991276
0.6541661202280157	0.0162937772261188
0.6541846909836292	0.0164567149983796
0.6542032628005217	0.0166212821483637
0.6542218296231982	0.0167874949698479
0.6542403994106910	0.0169553699195467
0.6542589721835400	0.0171249236187422
0.6542775479673414	0.0172961728549292
0.6542961267926790	0.0174691345834783
0.6543147086948712	0.0176438259293129
0.6543332937138011	0.0178202641886063
0.6543518818938235	0.0179984668304928
0.6543704732810157	0.0181784514987972
0.6543890679218296	0.0183602360137852
0.6544076658637520	0.0185438383739235
0.6544262671559256	0.0187292767576627
0.6544448718494279	0.0189165695252396
0.6544634799975162	0.0191057352204920
0.6544820916558920	0.0192967925726969
0.6545007068829840	0.0194897604984242
0.6545193257341768	0.0196846581034090
0.6545379482105866	0.0198815046844436
0.6545565743237661	0.0200803197312883
0.6545752040950786	0.0202811229286010
0.6545938375501833	0.0204839341578868
0.6546124743398452	0.0206887734994656
0.6546311140361933	0.0208956612344597
0.6546497567306985	0.0211046178468042
0.6546684025155967	0.0213156640252728
0.6546870514845169	0.0215288206655255
0.6547057037330756	0.0217441088721805
0.6547243593590832	0.0219615499609025
0.6547430184627309	0.0221811654605115
0.6547616811468472	0.0224029771151172
0.6547803475153728	0.0226270068862678
0.6547990176700541	0.0228532769551307
0.6548176917116426	0.0230818097246818
0.6548363697408764	0.0233126278219288
0.6548550518590756	0.0235457541001476
0.6548737380952028	0.0237812116411493
0.6548924284848475	0.0240190237575613
0.6549111230734396	0.0242592139951366
0.6549298219161215	0.0245018061350876
0.6549485250776793	0.0247468241964384
0.6549672326288455	0.0249942924384031
0.6549859446434368	0.0252442353627868
0.6550046611989986	0.0254966777164143
0.6550233823774464	0.0257516444935778
0.6550421082657173	0.0260091609385135
0.6550608389564141	0.0262692525478983
0.6550795745479000	0.0265319450733769
0.6550983151444828	0.0267972645241105
0.6551170608543330	0.0270652371693511
0.6551358117569691	0.0273358895410454
0.6551545668977214	0.0276092484364561
0.6551733262129166	0.0278853409208209
0.6551920898118704	0.0281641943300299
0.6552108578097890	0.0284458362733301
0.6552296303280019	0.0287302946360640
0.6552484074920798	0.0290175975824249
0.6552671894281690	0.0293077735582489
0.6552859630143681	0.0296008512938318
0.6553047381858609	0.0298968598067710
0.6553235187611052	0.0301958284048386
0.6553423048619729	0.0304977866888861
0.6553610966138649	0.0308027645557753
0.6553798941467313	0.0311107922013329
0.6553986975961159	0.0314219001233464
0.6554175070491709	0.0317361191245796
0.6554363225520757	0.0320534803158248
0.6554551441693709	0.0323740151189832
0.6554739719769099	0.0326977552701736
0.6554928060599746	0.0330247328228760
0.6555116465141705	0.0333549801511047
0.6555304934463104	0.0336885299526162
0.6555493469745960	0.0340254152521428
0.6555682067040418	0.0343656694046651
0.6555870703524510	0.0347093260987113
0.6556059394744256	0.0350564193596988
0.6556248143128595	0.0354069835532950
0.6556436950972442	0.0357610533888289
0.6556625819478603	0.0361186639227174
0.6556814749981968	0.0364798505619445
0.6557003743952164	0.0368446490675650
0.6557192802997922	0.0372130955582418
0.6557381928872346	0.0375852265138252
0.6557571123378581	0.0379610787789632
0.6557760388376009	0.0383406895667535
0.6557949725794552	0.0387240964624213
0.6558139137649566	0.0391113374270460
0.6558328626056726	0.0395024508013162
0.6558518192045775	0.0398974753093304
0.6558707836678848	0.0402964500624231
0.6558897561160115	0.0406994145630467
0.6559087366846632	0.0411064087086770
0.6559277252608507	0.0415174727957628
0.6559467204455620	0.0419326475237211
0.6559657095661713	0.0423519739989587
0.6559846947536457	0.0427754937389488
0.6560036876432318	0.0432032486763384
0.6560226885066264	0.0436352811631011
0.6560416976171606	0.0440716339747318
0.6560607151782191	0.0445123503144784
0.6560797413270342	0.0449574738176235
0.6560987762247009	0.0454070485557993
0.6561178200562446	0.0458611190413565
0.6561368730296065	0.0463197302317703
0.6561559353638007	0.0467829275340890
0.6561750072915317	0.0472507568094308
0.6561940890605820	0.0477232643775248
0.6562131809354056	0.0482004970213013
0.6562322830352764	0.0486825019915140
0.6562513939910054	0.0491693270114278
0.6562705133886833	0.0496610202815416
0.6562896415317931	0.0501576304843571
0.6563087787370365	0.0506592067892020
0.6563279253362946	0.0511657988570944
0.6563470816787911	0.0516774568456640
0.6563662481297106	0.0521942314141193
0.6563854250591502	0.0527161737282610
0.6564046126578899	0.0532433354655451
0.6564238111454412	0.0537757688202002
0.6564430207723840	0.0543135265084006
0.6564622418216089	0.0548566617734843
0.6564814463866111	0.0554052283912198
0.6565006572432096	0.0559592806751308
0.6565198803005214	0.0565188734818833
0.6565391137497352	0.0570840622167016
0.6565583580671167	0.0576549028388693
0.6565776116152116	0.0582314518672567
0.6565968739149718	0.0588137663859282
0.6566161480174397	0.0594019040497880
0.6566354342790821	0.0599959230902869
0.6566547330796608	0.0605958823211908
0.6566740448256724	0.0612018411444036
0.6566933699521063	0.0618138595558484
0.6567127087390537	0.0624319981514067
0.6567320614441460	0.0630563181329203
0.6567514274919651	0.0636868813142508
0.6567708051695175	0.0643237501273916
0.6567901950061101	0.0649669876286640
0.6568095975586300	0.0656166575049518
0.6568290134005431	0.0662728240800001
0.6568484430551245	0.0669355523207993
0.6568678868779199	0.0676049078440063
0.6568873170988967	0.0682809569224456
0.6569067483362995	0.0689637664916718
0.6569261954822414	0.0696534041565867
0.6569456589642689	0.0703499381981515
0.6569651392431244	0.0710534375801312
0.6569846344593544	0.0717639719559307
0.6570041440292683	0.0724816116754906
0.6570236684275156	0.0732064277922461
0.6570432081786568	0.0739384920701680
0.6570627638221580	0.0746778769908705
0.6570823359596493	0.0754246557607794
0.6571019252324231	0.0761789023183889
0.6571215322019061	0.0769406913415707
0.6571411572906981	0.0777100982549876
0.6571608009725898	0.0784871992375365
0.6571804601350427	0.0792720712299114
0.6572001353384539	0.0800647919422112
0.6572198188848134	0.0808654398616315
0.6572394738836644	0.0816740942602461
0.6572591446805548	0.0824908352028504
0.6572788347271145	0.0833157435548793
0.6572985445621944	0.0841489009904281
0.6573182747922806	0.0849903900003310
0.6573380260945284	0.0858402939003335
0.6573577985940277	0.0866986968393373
0.6573775892078202	0.0875656838077318
0.6573973987581444	0.0884413406458095
0.6574172279882838	0.0893257540522650
0.6574370777139873	0.0902190115927890
0.6574569488118609	0.0911212017087149
0.6574768422031558	0.0920324137258032
0.6574967586037651	0.0929527378630619
0.6575166783123415	0.0938822652416903
0.6575365802544988	0.0948210878941087
0.6575565034579141	0.0957692987730478
0.6575764485577331	0.0967269917607804
0.6575964165959193	0.0976942616783856
0.6576164086710061	0.0986712042951673
0.6576364255545447	0.0996579163381200
0.6576564680739073	0.1006544955014985
0.6576765371388400	0.1016610404565140
0.6576966316858378	0.1026776508610799
0.6577167494418236	0.1037044273696879
0.6577368859582521	0.1047414716433877
0.6577570438525802	0.1057888863598187
0.6577772117963225	0.1068467752234150
0.6577973526667373	0.1079152429756478
0.6578175227623709	0.1089943954054052
0.6578377232713016	0.1100843393594584
0.6578579531995500	0.1111851827530536
0.6578782095700000	0.1122970345805824
0.6578984936583098	0.1134200049263907
0.6579188068299923	0.1145542049756557
0.6579391505514722	0.1156997470254130
0.6579595259709496	0.1168567444956671
0.6579799341988620	0.1180253119406228
0.6580003722244134	0.1192055650600315
0.6580207834909757	0.1203976207106346
0.6580412023645390	0.1216015969177418
0.6580616538528740	0.1228176128869203
0.6580821393815308	0.1240457890157929
0.6581026602441367	0.1252862469059485
0.6581232178729320	0.1265391093750094
0.6581437991670849	0.1278045004687565
0.6581644119922951	0.1290825454734432
0.6581850592621779	0.1303733709281809
0.6582057426061125	0.1316771046374660
0.6582264363759454	0.1329938756838397
0.6582471032918475	0.1343238144406783
0.6582678120195233	0.1356670525850883
0.6582885597750209	0.1370237231109415
0.6583093447676117	0.1383939603420488
0.6583301689068968	0.1397778999454694
0.6583510342636471	0.1411756789449266
0.6583719430136357	0.1425874357343720
0.6583928967991969	0.1440133100917175
0.6584138896726370	0.1454534431926378
0.6584348367502098	0.1469079776245676
0.6584558117746534	0.1483770574008117
0.6584768203831453	0.1498608279748175
0.6584978729964840	0.1513594362545650
0.6585189750394693	0.1528730306171067
0.6585401230934049	0.1544017609232806
0.6585613160534057	0.1559457785325112
0.6585825568153283	0.1575052363178323
0.6586038260472533	0.1590802886810066
0.6586250512663998	0.1606710915678195
0.6586463316177564	0.1622778024835016
0.6586676641934777	0.1639005805083402
0.6586890471204576	0.1655395863134272
0.6587104832908715	0.1671949821765651
0.6587319754492977	0.1688669319983326
0.6587535241367372	0.1705556013183130
0.6587750855520195	0.1722611573314998
0.6587966007471168	0.1739837689048128
0.6588181728258052	0.1757236065938586
0.6588398047306148	0.1774808426597929
0.6588614997395912	0.1792556510863889
0.6588832607764358	0.1810482075972548
0.6589050798570512	0.1828586896732250
0.6589269603967961	0.1846872765699564
0.6589488006307216	0.1865341493356585
0.6589706714044050	0.1883994908290153
0.6589926145833744	0.1902834857373084
0.6590146210446931	0.1921863205946771
0.6590366762502960	0.1941081838006199
0.6590588017647266	0.1960492656386298
0.6590810021580408	0.1980097582950205
0.6591031489780167	0.1999898558779740
0.6591253446080698	0.2019897544367525
0.6591476126577527	0.2040096519811204
0.6591699577534684	0.2060497485009319
0.6591923849978182	0.2081102459859431
0.6592148972175655	0.2101913484457993
0.6592374394148421	0.2122932619302531
0.6592599165171710	0.2144161945495522
0.6592824750606316	0.2165603564950505
0.6593051239264180	0.2187259600600046
0.6593278663390231	0.2209132196606062
0.6593506927444880	0.2231223518572149
0.6593735874245543	0.2253535753757876
0.6593964099684969	0.2276071111295508
0.6594193332232489	0.2298831822408499
0.6594423583796726	0.2321820140632602
0.6594654599821250	0.2345038342038877
0.6594886473651039	0.2368488725459257
0.6595118765838891	0.2392173612713886
0.6595350725845484	0.2416095348841073
0.6595583775290308	0.2440256302329482
0.6595817878303014	0.2464658865352762
0.6596053111963827	0.2489305454006248
0.6596289551846505	0.2514198508546324
0.6596525274056702	0.2539340493631838
0.6596761434302064	0.2564733898568149
0.6596998786031832	0.2590381237553809
0.6597237416493013	0.2616285049929288
0.6597477340125180	0.2642447900428592
0.6597717230130928	0.2668872379432926
0.6597957280945078	0.2695561103227263
0.6598198694785582	0.2722516714259594
0.6598441312379104	0.2749741881402209
0.6598685098285580	0.2777239300216175
0.6598928983992652	0.2805011693218334
0.6599173024525034	0.2833061810150569
0.6599418627443687	0.2861392428252112
0.6599665759504374	0.2890006352534584
0.6599914405348160	0.2918906416059947
0.6600162345084580	0.2948095480220504
0.6600410940351332	0.2977576435022689
0.6600661256292398	0.3007352199372884
0.6600913203167638	0.3037425721366575
0.6601166610715409	0.3067799978580300
0.6601419027434225	0.3098477978366068
0.6601673213546621	0.3129462758149759
0.6601928781553453	0.3160757385731195
0.6602186264584198	0.3192364959588558
0.6602443487029004	0.3224288609184429
0.6602701728292443	0.3256531495276239
0.6602961912346562	0.3289096810229028
0.6603223939306059	0.3321987778331256
0.6603486300332005	0.3355207656114572
0.6603748840046905	0.3388759732675735
0.6604013522948725	0.3422647330002445
0.6604280509487535	0.3456873803302424
0.6604548745679274	0.3491442541335487
0.6604816132490084	0.3526356966748874
0.6605085836118701	0.3561620536416354
0.6605358081430428	0.3597236741780526
0.6605631594194198	0.3633209109198402
0.6605905082532300	0.3669541200290395
0.6606180546854457	0.3706236612293311
0.6606458695849194	0.3743298978416281
0.6606737559841818	0.3780731968200473
0.6607017160423568	0.3818539287882537
0.6607299662306531	0.3856724680761424
0.6607584481164197	0.3895291927569072
0.6607868788761924	0.3934244846844702
0.6608155285489429	0.3973587295313193
0.6608445071330397	0.4013323168266389
0.6608737058227312	0.4053456399949121
0.6609027811155778	0.4093990963948541
0.6609322150775468	0.4134930873588020
0.6609620222845279	0.4176280182323924
0.6609918246428083	0.4218042984147213
0.6610217646199449	0.4260223413988615
0.6610520937985699	0.4302825648128579
0.6610827113997326	0.4345853904609880
0.6611132552522533	0.4389312443655966
0.6611441679792632	0.4433205568092533
0.6611755289225429	0.4477537623773428
0.6612067744788367	0.4522313000011162
0.6612383896110497	0.4567536130011272
0.6612704289120515	0.4613211491311400
0.6613025163924792	0.4659343606224562
0.6613349019911674	0.4705937042286830
0.6613677123879261	0.4752996412709755
0.6614006827717838	0.4800526376836877
0.6614338592004603	0.4848531640605290
0.6614675709186549	0.4897016957011375
0.6615014700571189	0.4945987126581541
0.6615355376546854	0.4995446997847403
0.6615702269647514	0.5045401467825842
0.6616051096528891	0.5095855482504132
0.6616401978304703	0.5146814037329216
0.6616759604745772	0.5198282177702563
0.6617118895018804	0.5250264999479636
0.6617481083226701	0.5302767649474412
0.6617850730448807	0.5355795325969125
0.6618221197219867	0.5409353279228809
0.6618595998826341	0.5463446812021071
0.6618979099571471	0.5518081280141215
0.6619361594717410	0.5573262092942650
0.6619750994216396	0.5628994713872076
0.6620149239666555	0.5685284661010825
0.6620544838838918	0.5742137507621010
0.6620950765428875	0.5799558882697295
0.6621362325348863	0.5857554471524270
0.6621775793460376	0.5916130016239494
0.6622199606855300	0.5975291316401967
0.6622626740364466	0.6035044229566021
0.6623060360569643	0.6095394671861712
0.6623505647149719	0.6156348618580270
0.6623950011957617	0.6217912104766067
0.6624405166888181	0.6280091225813688
0.6624870271199771	0.6342892138071846
0.6625338092473699	0.6406321059452489
0.6625821976992885	0.6470384270047019
0.6626305615519983	0.6535088112747516
0.6626803615127992	0.6600438993875043
0.6627312722228539	0.6666443383813789
0.6627824699122593	0.6733107817651907
0.6628358094567368	0.6800438895828352
0.6628890763830285	0.6868443284786632
0.6629441600953152	0.6937127717634433
0.6630005611814059	0.7006498994810776
0.6630577076295860	0.7076563984758820
0.6631176634760264	0.7147329624606410
0.6631769438847303	0.7218802920852435
0.6632395750562747	0.7290990950060995
0.6633026452987481	0.7363900859561600
0.6633681434568544	0.7437539868157196
0.6634358644644377	0.7511915266838712
0.6635043581065698	0.7587034419507077
0.6635775036873721	0.7662904763702114
0.6636496972902273	0.7739533811339084
0.6637269675585178	0.7816929149452493
0.6638054814632210	0.7895098440947016
0.6638879060624305	0.7974049425356459
0.6639733251910767	0.8053789919610054
0.6640617295842215	0.8134327818806115
0.6641551976277847	0.8215671096994218
0.6642493779419176	0.8297827807964201
0.6643531568278722	0.8380806086043812
0.6644578611485188	0.8464614146904257
0.6645737172130176	0.8549260288373272
0.6646892988797485	0.8634752891256966
0.6648202812004124	0.8721100420169513
0.6649520207424180	0.8808311424371214
0.6651003373024235	0.8896394538614902
0.6652543742675961	0.8985358484001076
0.6654236420640184	0.9080252918469591
0.6656286897717076	0.9171055447654265
0.6658382169814573	0.9262766002130791
0.6660801429200577	0.9355393662152069
0.6663501348667266	0.9448947598773586
0.6666191347394249	0.9622190392510653
0.6666905813241227	0.9532928260965592
0.6669373149509008	0.9601375432230294
0.6672933487156507	0.9682934008507018
0.6673733524354469	0.9657178626669718
0.6676297657642767	0.9731277265736191
0.6676585853189351	0.9789061246114750
0.6677997606436379	0.9782037744389516
0.6678902963586801	0.9736570772351529
0.6683002634989315	0.9825829769607305
0.6684710666815384	0.9861934018218640
0.6687888183237307	0.9912176211251134
0.6692342883136353	0.9921518508809551
0.6696070465426471	0.9908668113380175
0.6697382784828187	0.9862711064750055
0.6703953075106833	0.9956016501669241
0.6710209386279014	0.9965490236617219
0.6739296546407481	0.9987214963933906
0.6759950981409167	0.9994279262115842
0.6784820546985645	0.9997702079928218
0.6823773918683927	0.9998910645595452
0.6875384992259878	0.9999751624173772
0.6914624309148787	0.9999888635282459
0.7006956576458355	0.9999968822013537
0.7023774716846682	0.9999985542727020
0.7092914576577593	0.9999995797494823
0.7109618078055189	0.9999998080431447
0.7181634292826546	0.9999999432762443
0.7205111258745195	0.9999999736243204
0.7271660814194707	0.9999999920322605
0.7291798567022341	0.9999999963126192
0.7360008350122061	0.9999999988842186
0.7384650617330011	0.9999999994868324
0.7453501969300291	0.9999999998452880
0.7481398143231631	0.9999999999291034
0.7549588182934691	0.9999999999787111
0.7578927527000957	0.9999999999902602
0.7646419749877548	0.9999999999970832
0.7676010490623083	0.9999999999986660
0.7742873417190090	0.9999999999996008
0.7771933127768300	0.9999999999998170
0.7802101336797921	1.0000000000001137
0.7827399219279029	1.0000000000001519
0.7835846328643868	1.0000000000001701
0.7981750631506237	1.0000000000002001
0.7983101982857589	1.0000000000002043
0.8009883779790771	1.0000000000002265
0.8016435190163841	1.0000000000002294
0.8025817847332035	1.0000000000002551
0.8029433231947422	1.0000000000002585
0.8084136925017801	1.0000000000002751
0.8086317950099592	1.0000000000002773
0.8098206169143001	1.0000000000002898
0.8103469327037747	1.0000000000002911
0.8223303969350040	1.0004280579565772
0.8517605139423083	0.9997240301486031
0.8595974909283407	0.9999825741631650
0.8667221175704126	0.9999741054529674
0.8815435927154002	0.9999735957446984
0.8910742123835558	0.9999735531357692
0.9176372109945973	0.9999735453138674
0.9410478770356462	0.9999735419794875
0.9495466220692700	1.0000347324024448
1.0964531647034201	0.9606732132095384
1.0964531647035201	0.9900815768912159
1.0968207423010627	1.0001115855763687
1.1094832254606701	0.9996348006204332
1.1270664053178514	0.9999948401593187
1.5574109302423296	0.9999704136091622
1.6652062975337876	0.9999946240177920
1.6805821152831417	0.9999951976107408
1.6874063380151207	0.9999983926836749
1.9144414378942167	0.9999984017166167
2.1194162144052298	0.9999990443878478
2.1194164136400135	1.0011741363077564
2.1257105327529944	1.0001704254227979
2.1434548728680469	1.0000445994161142
2.1463866899788662	1.0000441605267147
2.1692115038367890	0.9999338051896604
2.2223514865028959	0.9999852540757977
2.8188407636490389	0.9999969611432200
2.8331038764531864	0.9999984738791650
2.8566131292049217	0.9999986946877717
2.9002528022435947	0.9999986983751104
2.9236369116602301	0.9999988645264384
2.9672367796238879	0.9999988673023160
3.0108461677655334	0.9999988673486927
3.0544573658012193	0.9999988673494675
3.0982527334425538	0.9999988673494802
3.1136754796679869	0.9999988673494804
3.1287545739451472	0.9999988673494808
4.0387278136705831	0.9999988945366673
4.0414808925430146	0.9999988985629804
4.0850860143506029	0.9999988986302523
4.1286960195329163	0.9999988986313759
4.1718357625383469	0.9999988986313950
4.2388786907887139	0.9999988986313951
4.2393299563152889	0.9999988986313952
4.6314191705807124	0.9999996906591181
4.6315304771180390	0.9999997930368039
4.6533330540737836	0.9999998079805255
4.6969387979808950	0.9999998082302031
4.7325654084341302	0.9999998110915598
4.7355962366063835	0.9999998115092258
4.7792018204473008	0.9999998115162041
4.8228199471239339	0.9999998115163206
4.8637526638153696	0.9999998115163227
4.9433918143431601	0.9999998115854135
4.9462053623737612	0.9999998115954984
4.9898210641644383	0.9999998115956670
4.9920913058861247	0.9999998424810380
4.9920985458448097	0.9999998464732721
5.0138997692802594	0.9999998469893391
5.0149881118764315	0.9999998471327984
5.0228096741812331	0.9999998471649456
5.0378018078659199	0.9999998471696382
5.0545704651193191	0.9999998471709383
5.0704362727123184	0.9999998471711284
5.0880793548191194	0.9999998471711811
5.1069148278093559	0.9999998471711886
5.1255167459071620	0.9999998471711907
5.1402577930709619	0.9999998471711909
5.1427106765264892	0.9999998471711909
5.1519612847627387	1.0099998456429029
5.1524563098344069	1.0014477201455303
5.1573233571123982	1.0002190265272768
5.1642817552287221	1.0000539560677122
5.1951562514768153	1.0000149161010219
5.2338747690564089	0.9999951735008361
5.2343484115245689	1.0000024928819877
5.4147022943151404	0.9998237138178576
5.4147234499793733	0.9998005797117050
5.4834056944060192	0.9999700056545798
5.5057836204404094	0.9999735960408832
5.5237196052791502	0.9999736628295569
5.5460369510983574	0.9999736914877485
5.5821989004967900	0.9999736926589000
5.5852285209150105	0.9999956263832018
5.5977562730344426	0.9999988824539088
5.6083835521488004	0.9999993657526942
5.6252623097099628	0.9999994482120296
5.6324435753662172	0.9999994606655097
5.6470751605036726	0.9999994622748167
5.6538590806764031	0.9999994630520082
5.6596946362819303	0.9999994631524676
5.6706469496909850	0.9999994632132857
5.6753019295426332	0.9999994632211472
5.6864516477713600	0.9999994632261185
5.6909084387988589	0.9999994632267611
5.7005115424687984	0.9999994632272023
5.7046107416131484	0.9999994632272593
5.7165597838412987	0.9999994632272969
5.7208720927172694	0.9999994632273016
5.7323112972309680	0.9999994632273046
5.7357154185647303	0.9999994632273055
5.7459291595228077	0.9999994632273055
5.7481672282491401	1.0099994578595795
5.7485351329515240	1.0014065730410369
5.7532574541687858	1.0001069560170628
5.7681315352195179	1.0000037661409547
5.7952245905165949	0.9999996316700829
5.8152277172092086	0.9999994699586302
5.8364169167408457	0.9999994634977342
5.8574505874520124	0.9999994632381884
5.8787080705560921	0.9999994632277440
5.8998944896477665	0.9999994632273234
5.9210833283099058	0.9999994632273065
5.9306884226487204	0.9999994311096969
9.6570104868132081	1.0013907528277506
9.6580341922584925	1.0004315081997317
9.6614460414919812	1.0001409066577771
9.6723002811164793	1.0000393334295894
9.6786898356676243	1.0000147790525502
9.6873997436323620	1.0000042474733208
9.6926038588163941	1.0000019923601644
9.7015456093276384	0.9999987477887328
9.7048708677981530	0.9999980335555526
9.7155792046513323	0.9999977708179968
9.7239430107076661	0.9999976719672551
9.7270674077656629	0.9999976525453502
9.7334164841232163	0.9999950931605802
9.7360110526003147	0.9999943375147112
9.7467754893415091	0.9999942398333209
9.7557265258913883	0.9999941771978491
9.7651599240742808	0.9999941320270300
9.7695728340176213	0.9999941261880747
9.7951183022361317	0.9999941245810290
9.8053576229053672	0.9999941243732962
9.8344203086296513	0.9999941243161223
9.8446596950268912	0.9999941243087318
9.8739395072835947	0.9999941243066974
9.8841740687786324	0.9999941243064345
9.9134558971421374	0.9999941243063627
9.9235981039971684	0.9999941243063528
9.9523269260016463	0.9999941243063502
9.9664142749019895	0.9999941243063503
