0.0000000000000000	0.0000000000000000
0.6323833843488715	0.0000300000000000
0.6326073329065862	0.0000105674657427
0.6327993306531533	0.0000172043439042
0.6335745951201410	0.0000161917822957
0.6337589962900747	0.0000252909063540
0.6343426406827309	0.0000193657537479
0.6348613589651289	0.0000339338772111
0.6348914028660082	0.0000298303482149
0.6353665277260646	0.0000442079234956
0.6353799943643965	0.0000382003353497
0.6357102215571746	0.0000466873831239
0.6361205184124191	0.0000566873831239
0.6361276353520484	0.0000541459776635
0.6363446068522913	0.0000623959433188
0.6366171191375377	0.0000723959433188
0.6368980213481128	0.0000822309168929
0.6371411543814585	0.0000922309168929
0.6373773911363682	0.0001022309168929
0.6375719517397076	0.0001122309168929
0.6377531967238529	0.0001222309168929
0.6379090952058344	0.0001322309168929
0.6380537820339254	0.0001422309168929
0.6381880283223968	0.0001522309168929
0.6383156299377478	0.0001622309168929
0.6384326212663909	0.0001722309168930
0.6385435557485289	0.0001822309168930
0.6386474694015313	0.0001922309168930
0.6387467311079255	0.0002022309168930
0.6388401137743380	0.0002122309168930
0.6389287987831381	0.0002222309168930
0.6390137089524252	0.0002322309168930
0.6390943843588625	0.0002422309168929
0.6391720588718747	0.0002522309168930
0.6392457567217290	0.0002622309168929
0.6393175608217440	0.0002722309168929
0.6393856502649552	0.0002822309168929
0.6394524049714176	0.0002922309168929
0.6395156025567839	0.0003022309168929
0.6395779483662002	0.0003122309168929
0.6396368850244053	0.0003222309168930
0.6396953754920978	0.0003322309168929
0.6397506153442228	0.0003422309168929
0.6398055394791508	0.0003522309168929
0.6398576980563958	0.0003622309168929
0.6399094335167855	0.0003722309168929
0.6399588788919554	0.0003822309168929
0.6400077233910226	0.0003922309168929
0.6400546337219811	0.0004022309168929
0.6401009195118749	0.0004122309168929
0.6401456427012613	0.0004222309168929
0.6401896264923439	0.0004322309168929
0.6402323554741797	0.0004422309168929
0.6402743109224307	0.0004522309168929
0.6403152059195638	0.0004622309168929
0.6403552415482644	0.0004722309168929
0.6403944599670890	0.0004822309168929
0.6404328099445599	0.0004922309168929
0.6404704762226006	0.0005022309168929
0.6405072171396579	0.0005122309168929
0.6405434541216241	0.0005222309168929
0.6405787787895066	0.0005322309168929
0.6406136484245867	0.0005422309168929
0.6406475140089286	0.0005522309168929
0.6406811191035210	0.0005622309168929
0.6407137934768379	0.0005722309168929
0.6407462920472177	0.0005822309168929
0.6407778057691828	0.0005922309168929
0.6408091370408799	0.0006022309168929
0.6408395673453871	0.0006122309168929
0.6408699369489572	0.0006222309168929
0.6408993273220227	0.0006322309168929
0.6409286943175486	0.0006422309168929
0.6409572461545150	0.0006522309168930
0.6409856300472374	0.0006622309168930
0.6410133821031598	0.0006722309168930
0.6410408817865426	0.0006822309168930
0.6410678452089575	0.0006922309168930
0.6410945338305499	0.0007022309168930
0.6411207261776712	0.0007122309168930
0.6411467016863472	0.0007222309168930
0.6411721449989771	0.0007322309168930
0.6411973652131595	0.0007422309168930
0.6412222073123544	0.0007522309168930
0.6412466659265869	0.0007622309168930
0.6412709213864620	0.0007722309168930
0.6412947638763447	0.0007822309168930
0.6413183337435352	0.0007922309168930
0.6413415687312470	0.0008022309168930
0.6413646713524133	0.0008122309168930
0.6413872649026712	0.0008222309168930
0.6414097315007276	0.0008322309168930
0.6414318100299218	0.0008422309168930
0.6414538210508598	0.0008522309168930
0.6414754161453445	0.0008622309168930
0.6414968504946020	0.0008722309168930
0.6415178604172319	0.0008822309168930
0.6415388480448594	0.0008922309168930
0.6415594178609805	0.0009022309168930
0.6415799450374533	0.0009122309168930
0.6416000961916208	0.0009222309168930
0.6416201770925986	0.0009322309168930
0.6416399170973459	0.0009422309168930
0.6416595295600811	0.0009522309168930
0.6416788307540319	0.0009622309168930
0.6416980166232178	0.0009722309168930
0.6417169432174191	0.0009822309168930
0.6417357303910773	0.0009922309168930
0.6417542940185342	0.0010022309168929
0.6417727037649661	0.0010122532260618
0.6417909577885567	0.0010223757583224
0.6418092169686774	0.0010325995159057
0.6418274949885334	0.0010429255110647
0.6418457496305418	0.0010533547661753
0.6418640568019930	0.0010638883138371
0.6418822940777792	0.0010745271969755
0.6419006356763070	0.0010852724689452
0.6419188602069906	0.0010961251936347
0.6419371893130836	0.0011070864455710
0.6419554415409665	0.0011181573100267
0.6419737463560322	0.0011293388831270
0.6419920483321733	0.0011406322719583
0.6420103201959738	0.0011520385946778
0.6420286763808976	0.0011635589806246
0.6420469209106192	0.0011751945704308
0.6420652410180816	0.0011869465161352
0.6420835464747040	0.0011988159812965
0.6421018327743648	0.0012108041411094
0.6421201826008746	0.0012229121825205
0.6421384546347927	0.0012351413043457
0.6421567663444451	0.0012474927173892
0.6421751147135988	0.0012599676445631
0.6421933866194921	0.0012725673210087
0.6422117109441232	0.0012852929942188
0.6422300507286016	0.0012981459241610
0.6422483343303322	0.0013111273834026
0.6422666616389074	0.0013242386572366
0.6422850080838975	0.0013374810438090
0.6423032949699611	0.0013508558542471
0.6423216182782285	0.0013643644127896
0.6423399731367513	0.0013780080569175
0.6423582699615407	0.0013917881374867
0.6423765845155046	0.0014057060188615
0.6423949257374433	0.0014197630790501
0.6424132640982834	0.0014339607098407
0.6424315671480041	0.0014483003169390
0.6424498929199968	0.0014627833201084
0.6424682377759724	0.0014774111533095
0.6424865754063689	0.0014921852648426
0.6425048853650078	0.0015071071174910
0.6425232113416697	0.0015221781886659
0.6425415522013740	0.0015373999705525
0.6425599043280739	0.0015527739702580
0.6425782240565672	0.0015683017099605
0.6425965458488069	0.0015839847270602
0.6426148772851937	0.0015998245743307
0.6426332184548037	0.0016158228200741
0.6426515658454499	0.0016319810482748
0.6426699102444785	0.0016483008587576
0.6426882335697541	0.0016647838673451
0.6427065625664126	0.0016814317060185
0.6427248982350297	0.0016982460230787
0.6427432372071415	0.0017152284833095
0.6427615807249837	0.0017323807681426
0.6427799259445082	0.0017497045758241
0.6427982738729684	0.0017672016215823
0.6428166223152227	0.0017848736377981
0.6428349558037690	0.0018027223741761
0.6428532921774844	0.0018207495979179
0.6428716301855446	0.0018389570938971
0.6428899704082739	0.0018573466648360
0.6429083116606719	0.0018759201314844
0.6429266544281177	0.0018946793327992
0.6429449978790699	0.0019136261261273
0.6429633423127856	0.0019327623873886
0.6429816873225656	0.0019520900112625
0.6430000324858437	0.0019716109113751
0.6430183773030392	0.0019913270204889
0.6430367218140166	0.0020112402906938
0.6430550662701049	0.0020313526936008
0.6430734104194663	0.0020516662205368
0.6430917548380221	0.0020721828827422
0.6431100988150774	0.0020929047115696
0.6431284434247215	0.0021138337586853
0.6431467874810259	0.0021349720962721
0.6431651319896902	0.0021563218172349
0.6431834763394336	0.0021778850354073
0.6432018209186198	0.0021996638857614
0.6432201658330833	0.0022216605246190
0.6432385106867545	0.0022438771298651
0.6432568562852695	0.0022663159011638
0.6432752016738382	0.0022889790601755
0.6432935474636293	0.0023118688507772
0.6433118936645321	0.0023349875392850
0.6433302399392185	0.0023583374146778
0.6433485868915677	0.0023819207888246
0.6433669339567245	0.0024057399967129
0.6433852813379909	0.0024297973966800
0.6434036295347821	0.0024540953706468
0.6434219776987730	0.0024786363243533
0.6434403262964927	0.0025034226875969
0.6434586756673760	0.0025284569144729
0.6434770250890881	0.0025537414836176
0.6434953749717973	0.0025792788984537
0.6435137256647027	0.0026050716874383
0.6435320764735258	0.0026311224043128
0.6435504277034957	0.0026574336283559
0.6435687796516777	0.0026840079646394
0.6435871319929134	0.0027108480442858
0.6436054846702174	0.0027379565247286
0.6436238379404849	0.0027653360899760
0.6436421920016423	0.0027929894508757
0.6436605462820048	0.0028209193453846
0.6436789010086565	0.0028491285388384
0.6436972563544728	0.0028776198242268
0.6437156124780219	0.0029063960224690
0.6437339689087422	0.0029354599826938
0.6437523257813407	0.0029648145825206
0.6437706832420179	0.0029944627283459
0.6437890413885474	0.0030244073556294
0.6438074001765005	0.0030546514291857
0.6438257584748932	0.0030851979434776
0.6438441164220169	0.0031160499229123
0.6438624749974233	0.0031472104221415
0.6438808342551707	0.0031786825263629
0.6438991942559248	0.0032104693516266
0.6439175548840299	0.0032425740451428
0.6439359160093290	0.0032749997855942
0.6439542776992591	0.0033077497834501
0.6439726399927275	0.0033408272812845
0.6439910029316265	0.0033742355540973
0.6440093665371187	0.0034079779096384
0.6440277308333562	0.0034420576887348
0.6440460958290740	0.0034764782656222
0.6440644615344868	0.0035112430482784
0.6440828279504455	0.0035463554787611
0.6441011949735217	0.0035818190335486
0.6441195626096773	0.0036176372238841
0.6441379308686676	0.0036538135961231
0.6441562997594771	0.0036903517320843
0.6441746692897398	0.0037272552494051
0.6441930394657065	0.0037645278018991
0.6442114102951012	0.0038021730799181
0.6442297817717133	0.0038401948107174
0.6442481538921413	0.0038785967588246
0.6442665266492178	0.0039173827264128
0.6442849000431121	0.0039565565536769
0.6443032740668916	0.0039961221192136
0.6443216487247179	0.0040360833404057
0.6443400240097928	0.0040764441738098
0.6443583999265804	0.0041172086155479
0.6443767764720233	0.0041583807017034
0.6443951536495944	0.0041999645087205
0.6444135314616067	0.0042419641538077
0.6444319099099781	0.0042843837953457
0.6444502890026725	0.0043272276332990
0.6444686687399374	0.0043704999096321
0.6444870491302677	0.0044142049087285
0.6445054301777732	0.0044583469578158
0.6445238118887719	0.0045029304273939
0.6445421942742683	0.0045479597316679
0.6445605773381491	0.0045934393289846
0.6445789610907749	0.0046393737222743
0.6445973455413980	0.0046857674594970
0.6446157305468997	0.0047326251340919
0.6446341160855508	0.0047799513854329
0.6446525021777226	0.0048277508992873
0.6446708888436774	0.0048760284082801
0.6446892761070461	0.0049247886923630
0.6447076639862565	0.0049740365792866
0.6447260525001476	0.0050237769450795
0.6447444416704257	0.0050740147145302
0.6447628315154608	0.0051247548616755
0.6447812220525442	0.0051760024102922
0.6447996133014828	0.0052277624343951
0.6448180052823892	0.0052800400587392
0.6448363980110118	0.0053328404593266
0.6448547915054097	0.0053861688639198
0.6448731857857191	0.0054400305525590
0.6448915808698317	0.0054944308580847
0.6449099767741842	0.0055493751666654
0.6449283735172594	0.0056048689183322
0.6449467711188621	0.0056609176075155
0.6449651695977009	0.0057175267835905
0.6449835689692219	0.0057747020514265
0.6450019692490024	0.0058324490719407
0.6450203704528725	0.0058907735626602
0.6450387725965701	0.0059496812982867
0.6450571756934373	0.0060091781112694
0.6450755797554003	0.0060692698923820
0.6450939847948226	0.0061299625913058
0.6451123908245695	0.0061912622172188
0.6451307978578017	0.0062531748393911
0.6451492059080380	0.0063157065877850
0.6451676149879725	0.0063788636536629
0.6451860251092285	0.0064426522901996
0.6452044362842244	0.0065070788131014
0.6452228485260620	0.0065721496012326
0.6452412618485295	0.0066378710972448
0.6452596762660328	0.0067042498082172
0.6452780917934858	0.0067712923062995
0.6452965084462126	0.0068390052293627
0.6453149262398740	0.0069073952816564
0.6453333451904545	0.0069764692344729
0.6453517653142182	0.0070462339268177
0.6453701866277526	0.0071166962660861
0.6453886091308506	0.0071878632287471
0.6454070328200866	0.0072597418610346
0.6454254576948804	0.0073323392796447
0.6454438837572671	0.0074056626724412
0.6454623110116670	0.0074797192991658
0.6454807394646440	0.0075545164921573
0.6454991691248844	0.0076300616570789
0.6455176000021775	0.0077063622736498
0.6455360321065622	0.0077834258963861
0.6455544654484112	0.0078612601553499
0.6455729000385458	0.0079398727569037
0.6455913358882422	0.0080192714844727
0.6456097730093104	0.0080994641993172
0.6456282114141250	0.0081804588413103
0.6456466511157363	0.0082622634297233
0.6456650921278476	0.0083448860640205
0.6456835344649575	0.0084283349246609
0.6457019781423740	0.0085126182739078
0.6457204231762969	0.0085977444566467
0.6457388695839050	0.0086837219012130
0.6457573173833453	0.0087705591202251
0.6457757665938492	0.0088582647114272
0.6457942172356986	0.0089468473585416
0.6458126693301287	0.0090363158321268
0.6458311228993195	0.0091266789904480
0.6458495779662976	0.0092179457803527
0.6458680345549429	0.0093101252381561
0.6458864926900254	0.0094032264905378
0.6459049523971401	0.0094972587554430
0.6459234137023483	0.0095922313429973
0.6459418766304836	0.0096881536564274
0.6459603412054757	0.0097850351929917
0.6459788074507316	0.0098828855449214
0.6459972753894828	0.0099817144003705
0.6460157450450031	0.0100815315443740
0.6460342164406893	0.0101823468598175
0.6460526896001848	0.0102841703284158
0.6460711645475019	0.0103870120317001
0.6460896413070907	0.0104908821520168
0.6461081199039921	0.0105957909735367
0.6461266003566284	0.0107017488832718
0.6461450826590903	0.0108087663721046
0.6461635665297905	0.0109168540358253
0.6461820517177009	0.0110260225761835
0.6462005387560726	0.0111362828019453
0.6462190276562338	0.0112476456299647
0.6462375184329517	0.0113601220862640
0.6462560107275067	0.0114737233071265
0.6462745044931516	0.0115884605401976
0.6462929997798372	0.0117043451455994
0.6463114966355314	0.0118213885970557
0.6463299951065399	0.0119396024830260
0.6463484952379255	0.0120589985078562
0.6463669970739018	0.0121795884929344
0.6463855006582063	0.0123013843778636
0.6464040060344450	0.0124243982216426
0.6464225132464063	0.0125486422038587
0.6464410223381353	0.0126741286258971
0.6464595333540177	0.0128008699121565
0.6464780463363932	0.0129288786112777
0.6464965613287034	0.0130581673973906
0.6465150783772323	0.0131887490713649
0.6465335975291293	0.0133206365620786
0.6465521188325606	0.0134538429276995
0.6465706423368678	0.0135883813569768
0.6465891680907780	0.0137242651705465
0.6466076961413622	0.0138615078222519
0.6466262265344532	0.0140001229004740
0.6466447593150594	0.0141401241294791
0.6466632945277542	0.0142815253707736
0.6466818321980039	0.0144243406244809
0.6467003723281977	0.0145685840307255
0.6467189149259100	0.0147142698710330
0.6467374600037958	0.0148614125697430
0.6467560075795072	0.0150100266954403
0.6467745576754295	0.0151601269623945
0.6467931103183878	0.0153117282320186
0.6468116655394239	0.0154648455143384
0.6468302233736348	0.0156194939694817
0.6468487838596862	0.0157756889091764
0.6468673429414035	0.0159334457982683
0.6468858997874716	0.0160927802562508
0.6469044595518303	0.0162537080588133
0.6469230222621538	0.0164162451394017
0.6469415879485069	0.0165804075907960
0.6469601566434307	0.0167462116667040
0.6469787283820722	0.0169136737833714
0.6469973032023381	0.0170828105212052
0.6470158811450604	0.0172536386264173
0.6470344622541778	0.0174261750126816
0.6470530465769345	0.0176004367628082
0.6470716341638726	0.0177764411304360
0.6470902250677603	0.0179542055417404
0.6471088193374180	0.0181337475971574
0.6471274166900807	0.0183150850731286
0.6471460166791152	0.0184982359238601
0.6471646193573908	0.0186832182830983
0.6471832247802018	0.0188700504659296
0.6472018330056033	0.0190587509705888
0.6472204440947525	0.0192493384802950
0.6472390581121524	0.0194418318650977
0.6472576751256007	0.0196362501837487
0.6472762952062099	0.0198326126855861
0.6472949184284934	0.0200309388124419
0.6473135448705041	0.0202312482005665
0.6473321746109395	0.0204335606825724
0.6473508077277053	0.0206378962893978
0.6473694442987989	0.0208442752522915
0.6473880844027857	0.0210527180048139
0.6474067281193056	0.0212632451848614
0.6474253755295940	0.0214758776367095
0.6474440267169975	0.0216906364130769
0.6474626817674890	0.0219075427772071
0.6474813407192845	0.0221266182049798
0.6475000035972663	0.0223478843870299
0.6475186704369673	0.0225713632309007
0.6475373412788101	0.0227970768632099
0.6475560161680375	0.0230250476318425
0.6475746951551363	0.0232552981081616
0.6475933782962745	0.0234878510892425
0.6476120656537289	0.0237227296001348
0.6476307572958375	0.0239599568961356
0.6476494532970331	0.0241995564650973
0.6476681537379552	0.0244415520297477
0.6476868587049982	0.0246859675500447
0.6477055682848707	0.0249328272255452
0.6477242819571093	0.0251821554978001
0.6477429993573809	0.0254339770527782
0.6477617206454096	0.0256883168233059
0.6477804459704438	0.0259451999915383
0.6477991754041011	0.0262046519914533
0.6478179090266424	0.0264666985113678
0.6478366469270874	0.0267313654964819
0.6478553892033749	0.0269986791514467
0.6478741359620588	0.0272686659429606
0.6478928873114487	0.0275413526023897
0.6479116433622140	0.0278167661284127
0.6479304042283494	0.0280949337896972
0.6479491700281086	0.0283758831275942
0.6479679403335036	0.0286596419588706
0.6479866995433150	0.0289462383784587
0.6480054643007448	0.0292357007622429
0.6480242347164996	0.0295280577698648
0.6480430109062791	0.0298233383475636
0.6480617929239549	0.0301215717310388
0.6480805807980067	0.0304227874483490
0.6480993745699732	0.0307270153228325
0.6481181742945343	0.0310342854760608
0.6481369800394197	0.0313446283308207
0.6481557918854536	0.0316580746141285
0.6481746099266982	0.0319746553602698
0.6481934337609413	0.0322944019138727
0.6482122626006362	0.0326173459330108
0.6482310966485936	0.0329435193923413
0.6482499361065480	0.0332729545862651
0.6482687811767383	0.0336056841321286
0.6482876320634563	0.0339417409734490
0.6483064888935383	0.0342811583831835
0.6483253517696348	0.0346239699670148
0.6483442208112824	0.0349702096666849
0.6483630943042782	0.0353199117633517
0.6483819733127356	0.0356731108809845
0.6484008588711149	0.0360298419897951
0.6484197511360064	0.0363901404096932
0.6484386502743810	0.0367540418137898
0.6484575564641375	0.0371215822319279
0.6484764698898654	0.0374927980542474
0.6484953907387890	0.0378677260347902
0.6485143190769190	0.0382464032951387
0.6485332549887473	0.0386288673280891
0.6485521985779772	0.0390151560013700
0.6485711484996838	0.0394053075613834
0.6485901047358782	0.0397993606369970
0.6486090675353996	0.0401973542433680
0.6486280371520151	0.0405993277858027
0.6486470138417166	0.0410053210636607
0.6486659978645779	0.0414153742742985
0.6486849664909584	0.0418295280170402
0.6487039417462178	0.0422478232972106
0.6487229253228413	0.0426703015301834
0.6487419173252370	0.0430970045454862
0.6487609178859044	0.0435279745909422
0.6487799271524067	0.0439632543368521
0.6487989452886440	0.0444028868802197
0.6488179724761914	0.0448469157490207
0.6488370089157319	0.0452953849065110
0.6488560548273700	0.0457483387555771
0.6488751104421987	0.0462058221431329
0.6488941747220563	0.0466678803645647
0.6489132470242629	0.0471345591682113
0.6489323275788914	0.0476059047598935
0.6489514166348114	0.0480819638074920
0.6489705144608264	0.0485627834455666
0.6489896213463067	0.0490484112800208
0.6490087375931013	0.0495388953928199
0.6490278635119199	0.0500342843467470
0.6490469994254984	0.0505346271902133
0.6490661456219655	0.0510399734621167
0.6490853022713894	0.0515503731967384
0.6491044695799013	0.0520658769287072
0.6491236477774146	0.0525865356979957
0.6491428371157808	0.0531124010549743
0.6491620368635503	0.0536435250655227
0.6491812458916499	0.0541799603161768
0.6492004358005372	0.0547217599193398
0.6492196329776039	0.0552689775185330
0.6492388410255492	0.0558216672937191
0.6492580602353519	0.0563798839666565
0.6492772908576719	0.0569436828063234
0.6492965331727575	0.0575131196343854
0.6493157874918066	0.0580882508307298
0.6493350541587206	0.0586691333390372
0.6493543299112705	0.0592558246724263
0.6493736174162258	0.0598483829191495
0.6493929182043756	0.0604468667483403
0.6494122323940735	0.0610513354158247
0.6494315575495119	0.0616618487699841
0.6494508941227241	0.0622784672576833
0.6494702425919034	0.0629012519302593
0.6494896034505738	0.0635302644495636
0.6495089772114511	0.0641655670940611
0.6495283644104769	0.0648072227650010
0.6495477653624081	0.0654552949926517
0.6495671804241134	0.0661098479425776
0.6495866099854097	0.0667709464220039
0.6496060315239406	0.0674386558862221
0.6496254490214538	0.0681130424450857
0.6496448828094272	0.0687941728695379
0.6496643300286702	0.0694821145982343
0.6496837912464234	0.0701769357442154
0.6497032669470260	0.0708787051016559
0.6497227575732480	0.0715874921526728
0.6497422636108426	0.0723033670742008
0.6497617855920506	0.0730264007449433
0.6497813240892903	0.0737566647523908
0.6498008797010170	0.0744942313999166
0.6498204528217870	0.0752391737139166
0.6498400438442512	0.0759915654510577
0.6498596496705025	0.0767514811055688
0.6498792708777341	0.0775189959166237
0.6498989082035116	0.0782941858757893
0.6499185624115967	0.0790771277345461
0.6499382342324828	0.0798678990118894
0.6499578817698946	0.0806665780020083
0.6499775397071412	0.0814732437820295
0.6499972151659380	0.0822879762198512
0.6500169060674397	0.0831108559820515
0.6500366178174771	0.0839419645418725
0.6500563473700772	0.0847813841872932
0.6500760950810220	0.0856291980291683
0.6500958616274852	0.0864854900094615
0.6501156477097242	0.0873503449095559
0.6501354540816071	0.0882238483586493
0.6501552815561404	0.0891060868422366
0.6501751310118905	0.0899971477106592
0.6501950030635476	0.0908971191877633
0.6502148962114842	0.0918060903796409
0.6502348088215180	0.0927241512834368
0.6502546935881514	0.0936513927962689
0.6502745894823218	0.0945879067242310
0.6502945081035725	0.0955337857914729
0.6503144504738109	0.0964891236493886
0.6503344172750982	0.0974540148858839
0.6503544092533791	0.0984285550347434
0.6503744272522726	0.0994128405850882
0.6503944684743181	0.1004069689909404
0.6504145325403058	0.1014110386808504
0.6504346206305013	0.1024251490676595
0.6504547336455838	0.1034494005583341
0.6504748726151288	0.1044838945639188
0.6504950323858006	0.1055287335095570
0.6505151663108758	0.1065840208446534
0.6505353080945039	0.1076498610530983
0.6505554776883672	0.1087263596636275
0.6505756731966306	0.1098136232602634
0.6505958957880178	0.1109117594928635
0.6506161467430654	0.1120208770877895
0.6506364274132571	0.1131410858586648
0.6506567389784756	0.1142724967172536
0.6506770824554252	0.1154152216844285
0.6506974546896241	0.1165693739012696
0.6507178552099702	0.1177350676402806
0.6507382817157844	0.1189124183166863
0.6507586630887994	0.1201015424998543
0.6507790777156355	0.1213025579248497
0.6507995267475609	0.1225155835040986
0.6508200115024111	0.1237407393391404
0.6508405310353375	0.1249781467325310
0.6508610822693857	0.1262279281998587
0.6508816659480285	0.1274902074818574
0.6509022729459740	0.1287651095566729
0.6509229164103777	0.1300527606522364
0.6509435981064701	0.1313532882587552
0.6509642589198089	0.1326668211413426
0.6509849247277502	0.1339934893527584
0.6510056265446229	0.1353334242462848
0.6510263661068568	0.1366867584887447
0.6510471453215844	0.1380536260736309
0.6510679662299313	0.1394341623343662
0.6510888305135534	0.1408285039577093
0.6511097348104486	0.1422367889972834
0.6511306780182093	0.1436591568872578
0.6511516527972132	0.1450957484561279
0.6511725771422527	0.1465467059406894
0.6511935474859197	0.1480121730000984
0.6512145652428095	0.1494922947300968
0.6512356153678029	0.1509872176773985
0.6512567081030877	0.1524970898541719
0.6512778461880189	0.1540220607527129
0.6512990320792190	0.1555622813602409
0.6513202680184340	0.1571179041738415
0.6513415048588368	0.1586890832155772
0.6513627283044174	0.1602759740477342
0.6513839994786486	0.1618787337882130
0.6514053214953534	0.1634975211260910
0.6514266967687431	0.1651324963373519
0.6514481280099366	0.1667838213007281
0.6514696167345601	0.1684516595137392
0.6514911565996199	0.1701361761088763
0.6515126967485971	0.1718375378699681
0.6515342013969000	0.1735559132486652
0.6515557658495581	0.1752914723811561
0.6515773933585979	0.1770443871049631
0.6515990822293979	0.1788148309760128
0.6516208289512658	0.1806029792857762
0.6516426368417891	0.1824090090786342
0.6516645096136540	0.1842330991694239
0.6516863185958722	0.1860754301611197
0.6517081857541150	0.1879361844627286
0.6517301169810192	0.1898155463073547
0.6517521144521002	0.1917137017704304
0.6517741678461075	0.1936308387881307
0.6517962868336359	0.1955671471760098
0.6518184769583286	0.1975228186477718
0.6518405929754373	0.1994980468342539
0.6518627724307048	0.2014930273025981
0.6518850285088200	0.2035079575756202
0.6519073659518123	0.2055430371513793
0.6519297843188094	0.2075984675228901
0.6519522780137699	0.2096744521981140
0.6519747893635764	0.2117711967200988
0.6519972695077887	0.2138889086872962
0.6520198195536999	0.2160277977741711
0.6520424592934055	0.2181880757519177
0.6520651818454065	0.2203699565094346
0.6520879931937360	0.2225736560745304
0.6521108573117316	0.2247993926352775
0.6521336701643251	0.2270473865616285
0.6521565814726027	0.2293178604272495
0.6521795853471646	0.2316110390315191
0.6522026879861721	0.2339271494218296
0.6522258645739760	0.2362664209160532
0.6522490637468377	0.2386290851252113
0.6522722437165949	0.2410153759764602
0.6522955274019172	0.2434255297362273
0.6523189222951118	0.2458597850335952
0.6523424352024043	0.2483183828839283
0.6523660557744648	0.2508015667127619
0.6523896061529831	0.2533095823798897
0.6524132124465033	0.2558426782036852
0.6524369328286840	0.2584011049857162
0.6524607793529189	0.2609851160355737
0.6524847448128123	0.2635949671959288
0.6525087034640881	0.2662309168678889
0.6525326886118571	0.2688932260365731
0.6525568165253932	0.2715821582969388
0.6525810703809486	0.2742979798799050
0.6526054236508023	0.2770409596787004
0.6526297826108158	0.2798113692754873
0.6526541688457833	0.2826094829682382
0.6526787056109042	0.2854355777979168
0.6527033889682984	0.2882899335758928
0.6527282299941616	0.2911728329116524
0.6527530158668224	0.2940845612407704
0.6527778544185165	0.2970254068531717
0.6528028513990477	0.2999956609216972
0.6528280183268560	0.3029956175309127
0.6528533281563087	0.3060255737062210
0.6528785501421109	0.3090858294432820
0.6529039452281087	0.3121766877377150
0.6529294799009354	0.3152984546150978
0.6529552038975107	0.3184514391612482
0.6529808952294101	0.3216359535528662
0.6530066751208302	0.3248523130884005
0.6530326582887447	0.3281008362192794
0.6530588595482952	0.3313818445814768
0.6530850651903116	0.3346956630272865
0.6531112725409910	0.3380426196575642
0.6531377017244346	0.3414230458541405
0.6531643710312949	0.3448372763126781
0.6531911621406361	0.3482856490757988
0.6532178785466389	0.3517685055665606
0.6532448050654006	0.3552861906222328
0.6532719975853115	0.3588390525284590
0.6532993152550525	0.3624274430537455
0.6533266070089057	0.3660517174842786
0.6533541400184064	0.3697122346591141
0.6533819200022675	0.3734093570057128
0.6534097723337772	0.3771434505757722
0.6534376697217856	0.3809148850815264
0.6534658719966522	0.3847240339323355
0.6534943382348992	0.3885712742716522
0.6535227339541444	0.3924569870143712
0.6535513165147825	0.3963815568845093
0.6535802435205372	0.4003453724533586
0.6536094443138692	0.4043488261778903
0.6536384530968199	0.4083923144396616
0.6536678156392208	0.4124762375840567
0.6536975689442235	0.4166009999598961
0.6537273680615459	0.4207670099594948
0.6537572284616019	0.4249746800590950
0.6537874852172015	0.4292244268596904
0.6538180607401379	0.4335166711282895
0.6538485821019752	0.4378518378395691
0.6538794104851213	0.4422303562179588
0.6539106976239233	0.4466526597801354
0.6539418997732067	0.4511191863779443
0.6539734707700630	0.4556303782417210
0.6540054141896111	0.4601866820241360
0.6540374546599442	0.4647885488443833
0.6540697672378779	0.4694364343328200
0.6541025167712774	0.4741307986761490
0.6541354363696494	0.4788721066629111
0.6541685130102913	0.4836608277295383
0.6542021718034314	0.4884974360068253
0.6542360168141534	0.4933824103668938
0.6542699657558810	0.4983162344705641
0.6543046128525358	0.5032993968152732
0.6543394435269729	0.5083323907834326
0.6543743756944401	0.5134157146912703
0.6544100624902498	0.5185498718381840
0.6544459537891069	0.5237353705565679
0.6544820146055880	0.5289727242621255
0.6545188822971323	0.5342624515047543
0.6545558772962777	0.5396050760197946
0.6545932276755854	0.5450011267799906
0.6546314253437820	0.5504511380477933
0.6546695961953082	0.5559556494282673
0.6547083635516773	0.5615152059225491
0.6547480387100517	0.5671303579817758
0.6547875034599344	0.5728016615615997
0.6548279168116610	0.5785296781772226
0.6548690442921966	0.5843149749589920
0.6549101535729687	0.5901581247085825
0.6549523831464649	0.5960597059556706
0.6549949840124044	0.6020203030152245
0.6550381932744017	0.6080405060453821
0.6550824168049323	0.6141209111058386
0.6551267263035159	0.6202621202168974
0.6551720982734903	0.6264647414190696
0.6552184596089129	0.6327293888332541
0.6552649733309065	0.6390566827215824
0.6553129774140963	0.6454472495487984
0.6553613590080872	0.6519017220442886
0.6554106954771406	0.6584207392647362
0.6554616154333871	0.6650049466573787
0.6555123652304780	0.6716549961239597
0.6555654771139614	0.6783715460852027
0.6556185264883918	0.6851552615460561
0.6556733204471704	0.6920068141615131
0.6557294601712459	0.6989268823031231
0.6557864060265175	0.7059161511261566
0.6558457293418136	0.7129753126374204
0.6559049616946017	0.7201050657637902
0.6559670231576917	0.7273061164214341
0.6560300209930925	0.7345791775856539
0.6560949641870960	0.7419249693615061
0.6561622322829741	0.7493442190551156
0.6562302482184905	0.7568376612456733
0.6563023521714626	0.7644060378581270
0.6563742973017419	0.7720500982367048
0.6564507892914780	0.7797705992190681
0.6565286338451123	0.7875683052112645
0.6566099017957452	0.7954439882633777
0.6566952122554366	0.8033984281460143
0.6567818761739376	0.8114324124274727
0.6568751655019712	0.8195467365517524
0.6569696418809831	0.8277422039172649
0.6570724312027417	0.8360196259564334
0.6571749966642505	0.8443798222159931
0.6572890248497176	0.8528236204381516
0.6574052928086219	0.8613518566425376
0.6575282941672513	0.8699653752089602
0.6576624476123595	0.8786650289610510
0.6578025279917828	0.8874516792506644
0.6579605189095424	0.8963261960431675
0.6581229879419305	0.9052894580036007
0.6583103934486539	0.9146875601270525
0.6585299973157414	0.9238344357283254
0.6587420887030164	0.9330727800856067
0.6590178959180850	0.9424035078864637
0.6593048425104040	0.9518275429653296
0.6596927243470310	0.9686106168140721
0.6597969799884544	0.9606476985262560
0.6600696006769831	0.9752641564128539
0.6602709478064797	0.9699240782565480
0.6606366558004548	0.9755500813126048
0.6610960730747907	0.9818185539202704
0.6616345646294950	0.9885602284912233
0.6618929024059033	0.9915915422964011
0.6622697260036944	0.9937530590789058
0.6648168221566745	0.9968058654793629
0.6657210801846156	0.9988914509333375
0.6695412939117092	0.9995696744940452
0.6755267585583213	0.9998291489717110
0.6767711094037964	0.9999288573108654
0.6820545609834934	0.9999798277854689
0.6825336465878549	0.9999914395733133
0.6896730578616488	0.9999968688532699
0.6937969188354504	0.9999985147388791
0.6989732754780876	0.9999995341682553
0.7026110348504950	0.9999997900297960
0.7094556052840718	0.9999999369214878
0.7132879548185137	0.9999999714946249
0.7198096579664767	0.9999999915247577
0.7231482863302782	0.9999999961548864
0.7296380526985339	0.9999999988604978
0.7327353284054826	0.9999999994805734
0.7392467912670453	0.9999999998455933
0.7420609248638891	0.9999999999293439
0.7485805575026853	0.9999999999789101
0.7512159561230219	0.9999999999903335
0.7578101862600043	0.9999999999971071
0.7604220713789775	0.9999999999986738
0.7670852535576619	0.9999999999996028
0.7697513343479915	0.9999999999998177
0.7764421773508269	0.9999999999999453
0.7773636374676375	1.0000000000403400
0.7773738015185496	1.0000000000455909
0.7990130700024807	1.0000000000464939
0.7990465879431987	1.0000000000472893
0.7995728984638861	1.0000000000494684
0.7996404160729597	1.0000000000498708
0.8009679136106922	1.0000000000554956
0.8011829074127331	1.0000000000562306
0.8050836408949894	1.0000000000576077
0.8051950333062993	1.0000000000600258
0.8066398933784675	1.0000000000625306
0.8070138243443309	1.0000000000628633
0.8223303973726782	1.0000006946295616
0.8248260224460678	1.0000007977316621
0.8251488138476017	1.0000009161341916
0.8254734309294670	1.0000010517207230
0.8444318961897919	1.0000011053703437
0.8522780572344298	1.0000011123050192
0.8549623400366387	1.0000011196605627
0.8718349340671200	1.0000011216192157
0.8807668569240147	1.0000011218723890
0.8877220810725214	1.0000011221098524
0.8893914853188926	1.0000011221405465
0.9013402712721860	1.0000011221518843
0.9089693979300610	1.0000011221533498
0.9107595360064243	1.0000011828526052
0.9107596040805427	1.0000011906985222
0.9325030450642111	1.0000011917189044
0.9325142208953726	1.0000011919997340
0.9325539571248509	1.0000011931820851
0.9333116512063677	1.0000011945216591
0.9333322525682481	1.0000011957462687
0.9340847900234236	1.0000011971348373
0.9341077564956193	1.0000011984044885
0.9348616552467981	1.0000011998441203
0.9348873274342265	1.0000012011603059
0.9355513362155923	1.0000012013304347
0.9361384744090107	1.0000012031718690
0.9363702419760155	1.0000012036067760
0.9417039345923912	1.0000041487115776
0.9442000096527603	1.0000045293678237
0.9551016722096565	1.0000046434158623
0.9645115818827097	1.0000046604280137
0.9849840218604800	1.0000046635915461
0.9983469136482165	1.0000046640601705
1.0143225518811321	1.0000046641475133
1.0277366870615274	1.0000046641588030
1.0390892134578384	1.0000046641624927
1.0477076802625029	1.0000046641629694
1.0620055599307714	1.0000046641631326
1.0702960297348116	1.0000046641631537
1.0837790845254873	1.0000046641631606
1.0855303967837562	1.0002326304722742
1.0855303967839254	1.0002620538426383
1.1406292752865821	0.9997489862617333
1.1732547883136681	0.9999416603941176
1.1778105008882571	0.9999947557817290
1.1895459123847827	0.9999649283236499
1.2507995123314806	0.9999928416771349
1.2791322810728361	0.9999932546281024
1.2870956391418915	0.9999935224405306
1.2876312751700958	0.9999966024540509
1.3223373291396308	0.9994033296355004
1.3239647608925078	0.9999230611913041
1.3501092011855871	0.9999615171283213
1.3799151456172685	0.9999885730910106
1.3831594274562724	0.9999948360927025
1.3865338648917820	0.9999956454717085
1.3934217291881998	0.9999988373756930
1.3985451830140685	0.9999994221854138
1.4074616087638734	0.9999997672214704
1.4121920662076601	0.9999998261036136
1.4204856112418340	0.9999998617388387
1.4247735392758849	0.9999998677254400
1.4329989692621992	0.9999998714030807
1.4371025918905840	0.9999998720174514
1.4453789147146321	0.9999998723979023
1.4493951027176522	0.9999998724612938
1.4577483874213315	0.9999998725007112
1.4617121385061440	0.9999998725072707
1.4701294085635008	0.9999998725113580
1.4740596782761979	0.9999998725120377
1.4825260381335652	0.9999998725124617
1.4864351349712142	0.9999998725125321
1.4949698661696251	0.9999998725125759
1.4988130290846753	0.9999998725125835
1.5076487886053409	0.9999998725125877
1.5116678487957642	0.9999998725125888
1.5203522626294124	0.9999998725125894
1.5290635404532888	0.9999998725125895
5.1709740711012779	1.0011749581743554
5.1730053113921093	1.0003428032124482
5.2037786017578238	1.0000638134010933
5.2063671106703175	1.0000228942479796
5.2094357940884866	1.0000093235111447
5.2107759679479635	1.0000065000106126
5.2194079376161646	1.0000019976413561
5.2212413296973761	1.0000014156471053
5.2276051901331462	1.0000012664078146
5.2425937446182553	1.0000009954558455
5.2433384748645206	1.0000009604327258
5.2542479103479911	1.0000009532619838
5.2607088774189830	1.0000009376414019
5.2627516062385773	1.0000009349754189
5.2662886957483170	1.0000009346308159
5.2705901990529229	1.0000009344968988
5.2834880269712405	1.0000009338014912
5.2840783800153197	1.0000009337116034
5.2939827505291159	1.0000009336942599
5.3065519857845782	1.0000009336533597
5.3068616240709643	1.0000009336480726
5.3218494339351086	1.0000009336470934
5.3242718392878841	1.0000009336447377
5.3244859867417045	1.0000009336444333
5.3376227653210169	1.0000009336443059
5.3410599350296648	1.0000009336442783
5.3431897090129903	1.0000009336441824
5.3437712701635940	1.0000009336441700
5.3534476659645369	1.0000009336441629
5.3565534172190690	1.0000009336441609
5.3675734785551352	1.0000009336441564
5.3679766622139953	1.0000009336441560
5.3748864189313670	0.9857155530378680
5.3748864189314673	0.9981287283878892
5.3805739482211150	0.9996805781369277
5.3919092069605190	0.9998625903296346
5.4165033417913424	0.9999432501337565
5.4301557922846504	0.9999646800774861
5.4364126491908014	0.9999822285339264
5.4406674103454264	0.9999872651808476
5.4476076140651788	0.9999897828373653
5.4517445725000186	0.9999949936086500
5.4531838819944847	0.9999956671352485
5.4564319821110585	0.9999969836752671
5.4575760718096342	0.9999980341585641
5.4644822988120385	0.9999988826061041
5.4742621535129015	0.9999989301787765
5.4751476639181957	0.9999990459960146
5.4843362199432173	0.9999992312309330
5.4852130282226010	0.9999996387800415
5.4884952322177538	0.9999996914593673
5.4890210544379503	0.9999997801269858
5.4988108610727577	0.9999998102557939
5.5002324932273092	0.9999998395436559
5.5085027582554833	0.9999998551462216
5.5137623178316115	0.9999998611051394
5.5221948145284827	0.9999998619749496
5.5238205496040766	0.9999998625649077
5.5349700674692688	0.9999998628542721
5.5367781229159601	0.9999998630539917
5.5455454485009952	0.9999998634193491
5.5487846732674484	0.9999998636319180
5.5553823944189533	0.9999998636593945
5.5566216380936666	0.9999998636827160
5.5643534945155535	0.9999998636953820
5.5695426717374570	0.9999998636970189
5.5722017347955761	0.9999998637037595
5.5739387167522887	0.9999998637182652
5.5777204053765255	0.9999998637249142
5.5837274804036241	0.9999998637287908
5.5852286127402353	0.9999998993201353
5.5877245666048072	0.9999999039209840
5.5880427317461194	0.9999999105361906
5.5884176612132954	0.9999999166112037
5.5986737121035572	0.9999999185108466
5.5987663300839188	0.9999999257108209
5.6020677664905980	0.9999999268200788
5.6088429412818801	0.9999999297176480
5.6158009484258331	0.9999999300921866
5.6169869288789158	0.9999999305028624
5.6216346255439076	0.9999999310722376
5.6232708917573158	0.9999999311458349
5.6267419281690181	0.9999999313364060
5.6341071897499519	0.9999999313868618
5.6447515105087129	0.9999999313933836
5.6487478162616442	0.9999999314705696
5.6514239364763990	0.9999999314805467
5.6526090666420963	0.9999999315003891
5.6597936540304712	0.9999999315065481
5.6608293742848632	0.9999999315143125
5.6692244346451242	0.9999999315168930
5.6766175303690085	0.9999999315182607
5.6832223053612489	0.9999999315184375
5.6844428871756367	0.9999999315186099
5.6944852591159778	0.9999999315187442
5.6991452362444406	0.9999999315187618
5.7011320894131323	0.9999999315187760
5.7118335575551473	0.9999999315187880
5.7158532196247425	0.9999999315187896
5.7169435199650982	0.9999999315187907
5.7276264115926283	0.9999999315187919
5.7300810758254741	0.9999999315187922
5.7365929957250508	0.9999999315187919
5.7454266619373504	1.0043525535549056
5.7468722606635589	1.0000744238130617
5.7743168707861390	0.9999551143541189
5.8726740603697802	0.9999991802100970
7.1075222074704953	0.9999999189863411
8.6051261164918866	0.9999999313094533
