0.0000000000000000	0.0000000000000000
0.6408416457621900	0.0000300000000000
0.6410976775396395	0.0000100254519998
0.6411823900845286	0.0000168730722394
0.6419794300879901	0.0000164106991604
0.6422740648010324	0.0000252608925151
0.6428316425673017	0.0000319110200856
0.6429784330968560	0.0000215489641557
0.6435611317987956	0.0000414527995831
0.6437527142802150	0.0000330543235361
0.6438603022042870	0.0000371521086770
0.6443464986625795	0.0000474421195330
0.6447366221042533	0.0000583134006964
0.6451035531375997	0.0000683134006964
0.6453538618862197	0.0000783134006964
0.6455986365878610	0.0000883134006964
0.6458071500164204	0.0000983134006964
0.6460006462002318	0.0001083134006964
0.6461694699934377	0.0001183134006964
0.6463304361242429	0.0001283134006964
0.6464740873478823	0.0001383134006964
0.6466125479132373	0.0001483134006964
0.6467359438373447	0.0001583134006964
0.6468572233571257	0.0001683134006964
0.6469655281616863	0.0001783134006964
0.6470731922655770	0.0001883134006964
0.6471701474449474	0.0001983134006964
0.6472661099351970	0.0002083134006964
0.6473542703957781	0.0002183134006964
0.6474415150988294	0.0002283134006964
0.6475222797811226	0.0002383134006964
0.6476015697788413	0.0002483134006964
0.6476760808611296	0.0002583134006964
0.6477492674980642	0.0002683134006964
0.6478183720890026	0.0002783134006964
0.6478859156692308	0.0002883134006964
0.6479503552591188	0.0002983134006964
0.6480133440445668	0.0003083134006964
0.6480736621966302	0.0003183134006964
0.6481323646034531	0.0003283134006964
0.6481889531148650	0.0003383134006964
0.6482441439504717	0.0003483134006964
0.6482975478619868	0.0003583134006964
0.6483494419337194	0.0003683134006964
0.6484000068058104	0.0003783134006964
0.6484490950615418	0.0003883134006964
0.6484971055773472	0.0003983134006964
0.6485437105754565	0.0004083134006964
0.6485894001105649	0.0004183134006964
0.6486337139542280	0.0004283134006964
0.6486772978734405	0.0004383134006964
0.6487195366257612	0.0004483134006964
0.6487612032187952	0.0004583134006964
0.6488015469595999	0.0004683134006964
0.6488414518651163	0.0004783134006964
0.6488799950981003	0.0004883134006964
0.6489182527323333	0.0004983134006964
0.6489552258936615	0.0005083134006964
0.6489919996591874	0.0005183134006964
0.6490275006718300	0.0005283134006964
0.6490628962396519	0.0005383134006964
0.6490970462309166	0.0005483134006965
0.6491310854004726	0.0005583134006965
0.6491640667125117	0.0005683134006964
0.6491968635033047	0.0005783134006965
0.6492286348396041	0.0005883134006964
0.6492602369588650	0.0005983134006965
0.6492910826642376	0.0006083134006964
0.6493215732745966	0.0006183134006964
0.6493513716357969	0.0006283134006964
0.6493809598826115	0.0006383134006964
0.6494097782319382	0.0006483134006965
0.6494384154092205	0.0006583134006965
0.6494664113576974	0.0006683134006965
0.6494941314808577	0.0006783134006965
0.6495213313129994	0.0006883134006965
0.6495482468618921	0.0006983134006965
0.6495746662975131	0.0007083134006965
0.6496008201694281	0.0007183134006965
0.6496264973309342	0.0007283134006965
0.6496518670004340	0.0007383134006965
0.6496769628237985	0.0007483134006965
0.6497015537147358	0.0007583134006965
0.6497260142211020	0.0007683134006965
0.6497500242248521	0.0007783134006965
0.6497737873653777	0.0007883134006965
0.6497971525132252	0.0007983134006965
0.6498204446752672	0.0008083134006965
0.6498431717971120	0.0008183134006965
0.6498658158624221	0.0008283134006965
0.6498880188084112	0.0008383134006965
0.6499102022808454	0.0008483134006965
0.6499319014853383	0.0008583134006965
0.6499534707451680	0.0008683134006965
0.6499746196640637	0.0008783134006965
0.6499957284108263	0.0008883134006965
0.6500164469161833	0.0008983134006964
0.6500370887479917	0.0009083134006964
0.6500573821933469	0.0009183134006964
0.6500775741577461	0.0009283134006964
0.6500974091084322	0.0009383134006964
0.6501171024293388	0.0009483134006964
0.6501365287122487	0.0009583134006964
0.6501558124107886	0.0009683134006964
0.6501748574839409	0.0009783134006964
0.6501937386336647	0.0009883134006964
0.6502124140223968	0.0009983134006964
0.6502309104088208	0.0010083134006964
0.6502492286521737	0.0010183965347033
0.6502675029727142	0.0010285805000504
0.6502858117138802	0.0010388663050509
0.6503040795210910	0.0010492549681014
0.6503224151560597	0.0010597475177824
0.6503406699581943	0.0010703449929603
0.6503590377554286	0.0010810484428899
0.6503772762996046	0.0010918589273188
0.6503956265827553	0.0011027775165920
0.6504139002998445	0.0011138052917579
0.6504322224069121	0.0011249433446755
0.6504505440913371	0.0011361927781222
0.6504688372475036	0.0011475547059035
0.6504872113274410	0.0011590302529625
0.6505054731603246	0.0011706205554921
0.6505238162599956	0.0011823267610470
0.6505421355857047	0.0011941500286575
0.6505604410206876	0.0012060915289441
0.6505788149539952	0.0012181524442335
0.6505970971215916	0.0012303339686759
0.6506154288271486	0.0012426373083626
0.6506337861781603	0.0012550636814463
0.6506520801622022	0.0012676143182607
0.6506704249602245	0.0012802904614433
0.6506887704962607	0.0012930933660578
0.6507070762019092	0.0013060242997184
0.6507254238178588	0.0013190845427156
0.6507437730906903	0.0013322753881428
0.6507620815585365	0.0013455981420242
0.6507804247789517	0.0013590541234445
0.6507987924830581	0.0013726446646789
0.6508170975491777	0.0013863711113257
0.6508354311502291	0.0014002348224390
0.6508537936440829	0.0014142371706634
0.6508721281135906	0.0014283795423700
0.6508904492646295	0.0014426633377937
0.6509087944384429	0.0014570899711717
0.6509271577490252	0.0014716608708834
0.6509454880443163	0.0014863774795922
0.6509638156595638	0.0015012412543881
0.6509821587592115	0.0015162536669319
0.6510005167854436	0.0015314162036013
0.6510188697551527	0.0015467303656373
0.6510371940294674	0.0015621976692937
0.6510555311462669	0.0015778196459866
0.6510738780416765	0.0015935978424465
0.6510922338095202	0.0016095338208709
0.6511105962434308	0.0016256291590796
0.6511289256158608	0.0016418854506704
0.6511472616483993	0.0016583043051772
0.6511656040050881	0.0016748873482290
0.6511839515260169	0.0016916362217112
0.6512023032532473	0.0017085525839283
0.6512206579903868	0.0017256381097677
0.6512390152441708	0.0017428944908653
0.6512573620849604	0.0017603234357740
0.6512757022011753	0.0017779266701318
0.6512940455668438	0.0017957059368331
0.6513123908292842	0.0018136629962015
0.6513307383446154	0.0018317996261635
0.6513490866817363	0.0018501176224251
0.6513674365857985	0.0018686187986494
0.6513857866061952	0.0018873049866358
0.6514041377794556	0.0019061780365022
0.6514224886023789	0.0019252398168672
0.6514408404094180	0.0019444922150359
0.6514591913827179	0.0019639371371862
0.6514775424892030	0.0019835765085580
0.6514958924150387	0.0020034122736436
0.6515142424189402	0.0020234463963800
0.6515325915940046	0.0020436808603438
0.6515509407705359	0.0020641176689472
0.6515692895056753	0.0020847588456367
0.6515876381113997	0.0021056064340931
0.6516059866980621	0.0021266624984340
0.6516243349917407	0.0021479291234183
0.6516426837212613	0.0021694084146524
0.6516610319455834	0.0021911024987989
0.6516793805936689	0.0022130135237869
0.6516977290369459	0.0022351436590248
0.6517160776053619	0.0022574950956150
0.6517344265515377	0.0022800700465712
0.6517527753346734	0.0023028707470369
0.6517711246465432	0.0023258994545072
0.6517894739401366	0.0023491584490523
0.6518078234319353	0.0023726500335428
0.6518261735997429	0.0023963765338783
0.6518445235935545	0.0024203402992171
0.6518628739917267	0.0024445437022092
0.6518812249064758	0.0024689891392312
0.6518995758290154	0.0024936790306235
0.6519179272451583	0.0025186158209297
0.6519362791636495	0.0025438019791390
0.6519546311686504	0.0025692399989304
0.6519729836710444	0.0025949323989196
0.6519913368010062	0.0026208817229088
0.6520096900187684	0.0026470905401380
0.6520280436706605	0.0026735614455393
0.6520463980139414	0.0027002970599948
0.6520647525889214	0.0027273000305947
0.6520831074913259	0.0027545730309006
0.6521014629435058	0.0027821187612097
0.6521198190718818	0.0028099399488218
0.6521381753948494	0.0028380393483100
0.6521565321096451	0.0028664197417930
0.6521748893948877	0.0028950839392109
0.6521932473830538	0.0029240347786031
0.6522116056285766	0.0029532751263891
0.6522299642604146	0.0029828078776530
0.6522483234025405	0.0030126359564296
0.6522666831607035	0.0030427623159939
0.6522850435639818	0.0030731899391538
0.6523034042917527	0.0031039218385454
0.6523217654459474	0.0031349610569308
0.6523401271080617	0.0031663106675001
0.6523584893413629	0.0031979737741751
0.6523768521970251	0.0032299535119169
0.6523952157093315	0.0032622530470362
0.6524135796462840	0.0032948755775066
0.6524319440443387	0.0033278243332817
0.6524503089455983	0.0033611025766146
0.6524686743905691	0.0033947136023808
0.6524870404025565	0.0034286607384046
0.6525054070074623	0.0034629473457887
0.6525237742137097	0.0034975768192465
0.6525421420373578	0.0035325525874389
0.6525605104777550	0.0035678781133134
0.6525788795449019	0.0036035568944465
0.6525972492295870	0.0036395924633911
0.6526156195281687	0.0036759883880250
0.6526339904214664	0.0037127482719054
0.6526523618831052	0.0037498757546245
0.6526707339252000	0.0037873745121708
0.6526891065441590	0.0038252482572924
0.6527074797399574	0.0038635007398653
0.6527258535045447	0.0039021357472641
0.6527442278349277	0.0039411571047368
0.6527626027301148	0.0039805686757842
0.6527809781918961	0.0040203743625420
0.6527993542232294	0.0040605781061675
0.6528177308312906	0.0041011838872291
0.6528361080187757	0.0041421957261013
0.6528544857981103	0.0041836176833622
0.6528728641706572	0.0042254538601958
0.6528912431472949	0.0042677083987977
0.6529096227352521	0.0043103854827856
0.6529280029431108	0.0043534893376134
0.6529463837841100	0.0043970242309895
0.6529647652643911	0.0044409944732993
0.6529831473969379	0.0044854044180323
0.6530015301904816	0.0045302584622125
0.6530199136532853	0.0045755610468345
0.6530382977986959	0.0046213166573030
0.6530566826314929	0.0046675298238762
0.6530750681608321	0.0047142051221150
0.6530934543984860	0.0047613471733361
0.6531118413496496	0.0048089606450694
0.6531302290240778	0.0048570502515202
0.6531486174332838	0.0049056207540355
0.6531670065834564	0.0049546769615759
0.6531853964847877	0.0050042237311915
0.6532037871504137	0.0050542659685035
0.6532221785871180	0.0051048086281885
0.6532405708050593	0.0051558567144704
0.6532589638172827	0.0052074152816153
0.6532773570154895	0.0052594894344316
0.6532957487158637	0.0053120843287758
0.6533141412926250	0.0053652051720636
0.6533325347554773	0.0054188572237843
0.6533509291093800	0.0054730457960222
0.6533693243615714	0.0055277762539823
0.6533877205213672	0.0055830540165223
0.6534061176000331	0.0056388845566874
0.6534245156057105	0.0056952734022542
0.6534429145472614	0.0057522261362769
0.6534613144355251	0.0058097483976396
0.6534797152827257	0.0058678458816161
0.6534981171024735	0.0059265243404324
0.6535165199054530	0.0059857895838366
0.6535349237035373	0.0060456474796750
0.6535533285100770	0.0061061039544716
0.6535717343394193	0.0061671649940165
0.6535901412068302	0.0062288366439568
0.6536085491281677	0.0062911250103962
0.6536269581180362	0.0063540362605004
0.6536453681902399	0.0064175766231054
0.6536637793580071	0.0064817523893364
0.6536821916341599	0.0065465699132299
0.6537006050311411	0.0066120356123624
0.6537190195611635	0.0066781559684862
0.6537374352362638	0.0067449375281711
0.6537558520684222	0.0068123869034528
0.6537742700696553	0.0068805107724872
0.6537926892521172	0.0069493158802120
0.6538111096282089	0.0070188090390140
0.6538295312106408	0.0070889971294042
0.6538479540125569	0.0071598871006983
0.6538663780361971	0.0072314859717053
0.6538848032746211	0.0073038008314225
0.6539032297235977	0.0073768388397368
0.6539216573814602	0.0074506072281343
0.6539400862488330	0.0075251133004155
0.6539585163285756	0.0076003644334198
0.6539769476255324	0.0076763680777540
0.6539953801465328	0.0077531317585314
0.6540138139001882	0.0078306630761168
0.6540322488968809	0.0079089697068780
0.6540506851486499	0.0079880594039468
0.6540691226691443	0.0080679399979863
0.6540875614736001	0.0081486193979661
0.6541060015787507	0.0082301055919458
0.6541244430028045	0.0083124066478650
0.6541428857638385	0.0083955307143435
0.6541613298794572	0.0084794860214869
0.6541797753669556	0.0085642808817018
0.6541982222434470	0.0086499236905190
0.6542166704616110	0.0087364229274245
0.6542351197431470	0.0088237871566986
0.6542535701291365	0.0089120250282657
0.6542720216591869	0.0090011452785486
0.6542904743716392	0.0090911567313341
0.6543089283038815	0.0091820682986474
0.6543273834925936	0.0092738889816338
0.6543458399739212	0.0093666278714503
0.6543642977837214	0.0094602941501648
0.6543827569576549	0.0095548970916666
0.6544012175311741	0.0096504460625835
0.6544196795396119	0.0097469505232092
0.6544381430182786	0.0098444200284416
0.6544566080024828	0.0099428642287258
0.6544750745276482	0.0100422928710132
0.6544935426294302	0.0101427157997232
0.6545120123437854	0.0102441429577204
0.6545304837068341	0.0103465843872974
0.6545489567527953	0.0104500502311703
0.6545674315144967	0.0105545507334819
0.6545859080237837	0.0106600962408168
0.6546043863117366	0.0107666972032248
0.6546228663943482	0.0108743641752571
0.6546413482702494	0.0109831078170095
0.6546598319414314	0.0110929388951796
0.6546783174130841	0.0112038682841313
0.6546968046934992	0.0113159069669725
0.6547152937939965	0.0114290660366420
0.6547337847288628	0.0115433566970083
0.6547522775152885	0.0116587902639787
0.6547707721733032	0.0117753781666188
0.6547892687256852	0.0118931319482850
0.6548077671977488	0.0120120632677675
0.6548262676171859	0.0121321839004455
0.6548447700139522	0.0122535057394499
0.6548632744201824	0.0123760407968446
0.6548817808673133	0.0124998012048127
0.6549002893863587	0.0126247992168608
0.6549188000083089	0.0127510472090292
0.6549373127645057	0.0128785576811198
0.6549558276869942	0.0130073432579308
0.6549743448087175	0.0131374166905101
0.6549928641635905	0.0132687908574149
0.6550113857865958	0.0134014787659890
0.6550299097138982	0.0135354935536490
0.6550484359829792	0.0136708484891858
0.6550669646327890	0.0138075569740773
0.6550854957038955	0.0139456325438180
0.6551040292386324	0.0140850888692562
0.6551225652811619	0.0142259397579490
0.6551411038762940	0.0143681991555286
0.6551596450300590	0.0145118811470838
0.6551781887455087	0.0146569999585549
0.6551967350294351	0.0148035699581405
0.6552152838924016	0.0149516056577218
0.6552338351163055	0.0151011217142989
0.6552523880447979	0.0152521329314421
0.6552709435962251	0.0154046542607567
0.6552895012977190	0.0155587008033642
0.6553080610726356	0.0157142878113982
0.6553266229911809	0.0158714306895123
0.6553451871242394	0.0160301449964072
0.6553637535434973	0.0161904464463710
0.6553823223215974	0.0163523509108343
0.6554008935323250	0.0165158744199428
0.6554194672487527	0.0166810331641418
0.6554380435417537	0.0168478434957831
0.6554566224808140	0.0170163219307406
0.6554752041345384	0.0171864851500485
0.6554937885710602	0.0173583500015493
0.6555123758584641	0.0175319335015643
0.6555309660652202	0.0177072528365804
0.6555495592606031	0.0178843253649465
0.6555681534998666	0.0180631686185958
0.6555867425118592	0.0182438003047818
0.6556053348427928	0.0184262383078296
0.6556239304953626	0.0186105006909082
0.6556425294813562	0.0187966056978178
0.6556611318206625	0.0189845717547959
0.6556797375366458	0.0191744174723440
0.6556983466564620	0.0193661616470669
0.6557169592113743	0.0195598232635381
0.6557355752370697	0.0197554214961735
0.6557541947739834	0.0199529757111350
0.6557728178672455	0.0201525054682460
0.6557914445666561	0.0203540305229287
0.6558100749267185	0.0205575708281579
0.6558287090067301	0.0207631465364396
0.6558473468709258	0.0209707780018036
0.6558659885840660	0.0211804857818220
0.6558846342115319	0.0213922906396398
0.6559032838198386	0.0216062135460360
0.6559219374771629	0.0218222756814968
0.6559405952437305	0.0220404984383117
0.6559592571229529	0.0222609034226951
0.6559779226326165	0.0224835124569220
0.6559965913952179	0.0227083475814917
0.6560152634962130	0.0229354310573073
0.6560339390266279	0.0231647853678801
0.6560526180828689	0.0233964332215589
0.6560713007638056	0.0236303975537741
0.6560899871681448	0.0238667015293112
0.6561086773953692	0.0241053685446038
0.6561273715466308	0.0243464222300497
0.6561460697255610	0.0245898864523496
0.6561647720385874	0.0248357853168735
0.6561834785953343	0.0250841431700423
0.6562021895090566	0.0253349846017422
0.6562209048971116	0.0255883344477599
0.6562396248752475	0.0258442177922372
0.6562583495010711	0.0261026599701602
0.6562770788132385	0.0263636865698626
0.6562958128596456	0.0266273234355604
0.6563145516974654	0.0268935966699161
0.6563332953932607	0.0271625326366149
0.6563520440231757	0.0274341579629817
0.6563707976730693	0.0277084995426115
0.6563895564382248	0.0279855845380377
0.6564083204160942	0.0282654403834177
0.6564270897072848	0.0285480947872513
0.6564458644165863	0.0288335757351240
0.6564646446539933	0.0291219114924752
0.6564834294680862	0.0294131306074002
0.6565022188143002	0.0297072619134734
0.6565210128727912	0.0300043345326075
0.6565398117458912	0.0303043778779331
0.6565586155482290	0.0306074216567123
0.6565774169823942	0.0309134958732796
0.6565962134660508	0.0312226308320120
0.6566150154964918	0.0315348571403314
0.6566338231815009	0.0318502057117338
0.6566526366370268	0.0321687077688507
0.6566714559876663	0.0324903948465387
0.6566902813672580	0.0328152987950050
0.6567091129195161	0.0331434517829554
0.6567279507915461	0.0334748863007852
0.6567467951328103	0.0338096351637922
0.6567656460628526	0.0341477315154301
0.6567845036289197	0.0344892088305847
0.6568033678960584	0.0348341009188896
0.6568222389472522	0.0351824419280775
0.6568411168831336	0.0355342663473584
0.6568600018191472	0.0358896090108317
0.6568788938783420	0.0362485051009405
0.6568977921098086	0.0366109901519502
0.6569166961711490	0.0369771000534707
0.6569356063080263	0.0373468710540062
0.6569545227694710	0.0377203397645461
0.6569734458090442	0.0380975431621923
0.6569923755957604	0.0384785185938151
0.6570113122672465	0.0388633037797534
0.6570302554936727	0.0392519368175505
0.6570492032912901	0.0396444561857249
0.6570681584247156	0.0400409007475830
0.6570871210819709	0.0404413097550585
0.6571060914653816	0.0408457228526093
0.6571250697878812	0.0412541800811366
0.6571440562672791	0.0416667218819481
0.6571630511279849	0.0420833891007664
0.6571820544655491	0.0425042229917751
0.6572010663914452	0.0429292652216916
0.6572200867214574	0.0433585578739081
0.6572390998246447	0.0437921434526477
0.6572581096978016	0.0442300648871734
0.6572771273662399	0.0446723655360440
0.6572961530876317	0.0451190891914050
0.6573151871269528	0.0455702800833182
0.6573342297587523	0.0460259828841507
0.6573532812694198	0.0464862427129921
0.6573723419353706	0.0469511051401225
0.6573914119002389	0.0474206161915242
0.6574104913317522	0.0478948223534397
0.6574295804174543	0.0483737705769735
0.6574486793664646	0.0488575082827436
0.6574677884094886	0.0493460833655711
0.6574869077833945	0.0498395441992267
0.6575060377585517	0.0503379396412196
0.6575251778383310	0.0508413190376327
0.6575443267458941	0.0513497322280105
0.6575634847576796	0.0518632295502917
0.6575826521595709	0.0523818618457954
0.6576018292619713	0.0529056804642549
0.6576210164007608	0.0534347372688963
0.6576402139236200	0.0539690846415852
0.6576594221916131	0.0545087754880009
0.6576786415816950	0.0550538632428794
0.6576978724111198	0.0556044018753066
0.6577171148947127	0.0561604458940591
0.6577363487281993	0.0567220503529992
0.6577555804506002	0.0572892708565306
0.6577748250969874	0.0578621635650967
0.6577940822854672	0.0584407852007460
0.6578133502136388	0.0590251930527519
0.6578326293549007	0.0596154449832807
0.6578519202038293	0.0602115994331149
0.6578712231907301	0.0608137154274443
0.6578905386084473	0.0614218525817178
0.6579098667838499	0.0620360711075348
0.6579292080795327	0.0626564318186107
0.6579485591510777	0.0632829961367969
0.6579679225893554	0.0639158260981651
0.6579873003535969	0.0645549843591473
0.6580066927534092	0.0652005342027405
0.6580260979342816	0.0658525395447678
0.6580455154398036	0.0665110649402158
0.6580649457838155	0.0671761755896168
0.6580843895070766	0.0678479373455124
0.6581038471710144	0.0685264167189667
0.6581233193620236	0.0692116808861562
0.6581427671986048	0.0699037976950175
0.6581622269119674	0.0706028356719659
0.6581817029188489	0.0713088640286837
0.6582011955907312	0.0720219526689710
0.6582207053434618	0.0727421721956606
0.6582402315819557	0.0734695939176180
0.6582597723056043	0.0742042898567927
0.6582793282624850	0.0749463327553622
0.6582989000543562	0.0756957960829165
0.6583184881827638	0.0764527540437470
0.6583380931964491	0.0772172815841863
0.6583577156950909	0.0779894544000299
0.6583773563307036	0.0787693489440318
0.6583970157845639	0.0795570424334721
0.6584166944760291	0.0803526128578086
0.6584363895671663	0.0811561389863866
0.6584561011751597	0.0819677003762494
0.6584757904615637	0.0827873773800112
0.6584954864185617	0.0836152511538093
0.6585152015741997	0.0844514036653458
0.6585349367178689	0.0852959177019979
0.6585546915649693	0.0861488768790199
0.6585744608513763	0.0870103656478094
0.6585942517994845	0.0878804693042877
0.6586140642658382	0.0887592739973316
0.6586338953393409	0.0896468667373064
0.6586537460545809	0.0905433354046812
0.6586736172805464	0.0914487687587287
0.6586935097692765	0.0923632564463134
0.6587134243209064	0.0932868890107790
0.6587333618021940	0.0942197579008851
0.6587533151384194	0.0951619554798916
0.6587732375137688	0.0961135750346930
0.6587931849332804	0.0970747107850384
0.6588131541469995	0.0980454578928872
0.6588331460866943	0.0990259124718146
0.6588531617492724	0.1000161715965311
0.6588732022063384	0.1010163333124982
0.6588932685865482	0.1020264966456238
0.6589133616516688	0.1030467616120811
0.6589334822562584	0.1040772292282018
0.6589536272962511	0.1051180015204813
0.6589737965567198	0.1061691815356889
0.6589939914405283	0.1072308733510466
0.6590141966812567	0.1083031820845554
0.6590343680275990	0.1093862139053994
0.6590545646300100	0.1104800760444515
0.6590747915531097	0.1115848768048953
0.6590950499720436	0.1127007255729457
0.6591153360368369	0.1138277328286745
0.6591356500597780	0.1149660101569597
0.6591559932473338	0.1161156702585261
0.6591763669203359	0.1172768269611128
0.6591967725261340	0.1184495952307223
0.6592172115446344	0.1196340911830297
0.6592376832754671	0.1208304320948613
0.6592581146465535	0.1220387364158095
0.6592785671522976	0.1232591237799657
0.6592990522691000	0.1244917150177636
0.6593195716556222	0.1257366321679409
0.6593401270083460	0.1269939984896179
0.6593607195623326	0.1282639384745159
0.6593813498784122	0.1295465778592623
0.6594020130468490	0.1308420436378518
0.6594227015109991	0.1321504640742286
0.6594434230968406	0.1334719687149677
0.6594641316092120	0.1348066884021157
0.6594848370723293	0.1361547552861333
0.6595055845304805	0.1375163028389931
0.6595263732486034	0.1388914658673824
0.6595471996176403	0.1402803805260549
0.6595680657589145	0.1416831843313133
0.6595889735408861	0.1431000161746243
0.6596099250312575	0.1445310163363674
0.6596309224800725	0.1459763264997291
0.6596519378934639	0.1474360897647277
0.6596729156145048	0.1489104506623740
0.6596939370991377	0.1503995551689976
0.6597150045573679	0.1519035507206841
0.6597361182998731	0.1534225862278932
0.6597572684912260	0.1549568120901761
0.6597784662667612	0.1565063802110765
0.6597997096481131	0.1580714440131898
0.6598210014076908	0.1596521584533213
0.6598422720661848	0.1612486800378513
0.6598635502319515	0.1628611668382327
0.6598848846751477	0.1644897785066143
0.6599062726418937	0.1661346762916776
0.6599277117639868	0.1677960230545915
0.6599492053280261	0.1694739832851359
0.6599707563115229	0.1711687231179898
0.6599923674718536	0.1728804103491679
0.6600139437200666	0.1746092144526576
0.6600355219212131	0.1763553065971887
0.6600571561926749	0.1781188596631599
0.6600788518920119	0.1799000482597924
0.6601006120319638	0.1816990487423896
0.6601224387986286	0.1835160392298112
0.6601443247099906	0.1853511996221138
0.6601662310679739	0.1872047116183389
0.6601881034469116	0.1890767587345234
0.6602100458870651	0.1909675263218697
0.6602320620940096	0.1928772015850883
0.6602541469466215	0.1948059736009348
0.6602762919393548	0.1967540333369479
0.6602984944200495	0.1987215736703160
0.6603207070575399	0.2007087894070176
0.6603429043207150	0.2027158773010904
0.6603651803148296	0.2047430360741032
0.6603875314067287	0.2067904664348438
0.6604099619836261	0.2088583710991887
0.6604324767987516	0.2109469548101792
0.6604550761003687	0.2130564243582782
0.6604775940388973	0.2151869886018603
0.6605001808894585	0.2173388584878775
0.6605228331846167	0.2195122470727582
0.6605455781182238	0.2217073695434808
0.6605684156867347	0.2239244432389201
0.6605913408171236	0.2261636876713072
0.6606142051908788	0.2284253245480195
0.6606371319245113	0.2307095777935048
0.6606601620834266	0.2330166735714409
0.6606832928452321	0.2353468403071596
0.6607065171149925	0.2377003087102255
0.6607298110626321	0.2400773117973297
0.6607530109475728	0.2424780849152979
0.6607763263757256	0.2449028657644566
0.6607997487367773	0.2473518944220992
0.6608232810296645	0.2498254133663219
0.6608469305220672	0.2523236674999831
0.6608705745137438	0.2548469041749856
0.6608942418278021	0.2573953732167368
0.6609179903714082	0.2599693269489038
0.6609418612124155	0.2625690202183931
0.6609658647040473	0.2651947104205730
0.6609899170685137	0.2678466575247750
0.6610139367678713	0.2705251241000167
0.6610380901533855	0.2732303753410135
0.6610623858540317	0.2759626790944285
0.6610868057467676	0.2787223058853662
0.6611112582144482	0.2815095289442192
0.6611356764048666	0.2843246242336655
0.6611602472802365	0.2871678704760064
0.6611849809157049	0.2900395491807607
0.6612098637271370	0.2929399446725652
0.6612347543840307	0.2958693441192872
0.6612596411246443	0.2988280375604768
0.6612846892637830	0.3018163179360764
0.6613099055883205	0.3048344811154408
0.6613352933467569	0.3078828259265943
0.6613605683215720	0.3109616541858652
0.6613860183478161	0.3140712707277283
0.6614116338100129	0.3172119834350098
0.6614374018712080	0.3203841032693669
0.6614631875783503	0.3235879443020593
0.6614890263596132	0.3268238237450743
0.6615150741274437	0.3300920619825290
0.6615413265581881	0.3333929826023473
0.6615676512053962	0.3367269124283703
0.6615939229117191	0.3400941815526580
0.6616204242078719	0.3434951233681803
0.6616471512697820	0.3469300746018553
0.6616740393053556	0.3503993753478786
0.6617008498462940	0.3539033691013538
0.6617278562748699	0.3574424027923614
0.6617551127419554	0.3610168268202811
0.6617825294631751	0.3646269950884868
0.6618099070790020	0.3682732650393754
0.6618375473497171	0.3719559976897744
0.6618653970396690	0.3756755576666791
0.6618933496073720	0.3794323132433464
0.6619213488417824	0.3832266363757815
0.6619496473567030	0.3870589027395426
0.6619782171462678	0.3909294917669370
0.6620067160251022	0.3948387866846105
0.6620354224169108	0.3987871745514521
0.6620644527673695	0.4027750462969629
0.6620937732601058	0.4068027967599386
0.6621228886142719	0.4108708247275370
0.6621523842770277	0.4149795329748133
0.6621822478052126	0.4191293283045693
0.6622121573009673	0.4233206215876186
0.6622421628612151	0.4275538278034941
0.6622725604842976	0.4318293660815296
0.6623032499286635	0.4361476597423511
0.6623338940310872	0.4405091363397782
0.6623649040660441	0.4449142277031822
0.6623963415898569	0.4493633699802100
0.6624276617444670	0.4538570036800100
0.6624593968213677	0.4583955737168041
0.6624915278801450	0.4629795294539710
0.6625236932832027	0.4676093247485043
0.6625561661953605	0.4722854179959845
0.6625891273578209	0.4770082721759412
0.6626221780996948	0.4817783548977059
0.6626554554870387	0.4865961384466894
0.6626893178231383	0.4914620998311627
0.6627233022868922	0.4963767208294727
0.6627574965947493	0.5013404880377712
0.6627923476613355	0.5063538929181461
0.6628273206054468	0.5114174318473304
0.6628625356151797	0.5165316061657961
0.6628984797099713	0.5216969222274478
0.6629345105500544	0.5269138914497246
0.6629708458258142	0.5321830303642197
0.6630080243768887	0.5375048606678681
0.6630451722624540	0.5428799092745534
0.6630827978125682	0.5483087083672932
0.6631213561648414	0.5537917954509733
0.6631597147933348	0.5593297134054754
0.6631988258024770	0.5649230105395379
0.6632388238509171	0.5705722406449265
0.6632785380582092	0.5762779630513835
0.6633193774281926	0.5820407426819019
0.6633606782418489	0.5878611501087283
0.6634022167988570	0.5937397616098125
0.6634449060215906	0.5996771592259023
0.6634877631361411	0.6056739308181557
0.6635314027341827	0.6117306701263301
0.6635761545164293	0.6178479768275993
0.6636208345224596	0.6240264565958704
0.6636666825655260	0.6302667211618360
0.6637133692460999	0.6365693883734537
0.6637604856352795	0.6429350822571858
0.6638092191301527	0.6493644330797635
0.6638578270282841	0.6558580774105645
0.6639079770485257	0.6624166581846743
0.6639591581463736	0.6690408247665151
0.6640108317195875	0.6757312330141859
0.6640646276661192	0.6824885453443343
0.6641181541938899	0.6893134307977710
0.6641739086282562	0.6962065651057544
0.6642306049712152	0.7031686307568108
0.6642882030608482	0.7102003170643834
0.6643485113245574	0.7173023202350306
0.6644084777419772	0.7244753434373837
0.6644717661566567	0.7317200968717525
0.6645352469854033	0.7390372978404762
0.6646016832146855	0.7464276708188766
0.6646698885706223	0.7538919475270682
0.6647391930650913	0.7614308670023415
0.6648129056354476	0.7690451756723655
0.6648862184690731	0.7767356274290909
0.6649645642192585	0.7845029837033821
0.6650438098224856	0.7923480135404113
0.6651274289578133	0.8002714936758201
0.6652136581691633	0.8082742086125831
0.6653038957508859	0.8163569506987104
0.6653983279992201	0.8245205202056971
0.6654949953555968	0.8327657254077550
0.6656002423639436	0.8410933826618306
0.6657079349201074	0.8495043164884459
0.6658256162212831	0.8579993596533290
0.6659446471865073	0.8665793532498580
0.6660799897119867	0.8752451467823551
0.6662146584270066	0.8839975982501755
0.6663687910832092	0.8928375742326747
0.6665255424593260	0.9017659499750039
0.6666905813241227	0.9111567526569627
0.6669002641477250	0.9202683201835331
0.6671188425842096	0.9294710033853670
0.6673733524354469	0.9384462928791456
0.6676585853189351	0.9557371818202971
0.6676680548121829	0.9465749641417848
0.6678902963586801	0.9539784064426848
0.6682237575499813	0.9629711607265311
0.6682508257775225	0.9597296220194591
0.6684710666815384	0.9706868264639217
0.6684909765944744	0.9664756449015623
0.6687888183237307	0.9786673580372055
0.6690157367626730	0.9841178253504670
0.6692342883136353	0.9816066562509387
0.6692793167654247	0.9760621494989316
0.6697382784828187	0.9811311354354388
0.6702351851173036	0.9852610756568956
0.6702853022291819	0.9888448773708003
0.6710209386279014	0.9918347956751326
0.6713662781955478	0.9955234680974420
0.6735178562381339	0.9977891886509614
0.6739296546407481	0.9985547210692444
0.6777219537680270	0.9994973835947966
0.6823773918683927	0.9998725623549565
0.6833072511965168	0.9999206941436755
0.6847639231511624	0.9999423828385053
0.6914624309148787	0.9999848870829181
0.6930943047567875	0.9999926678524236
0.7023774716846682	0.9999978515742565
0.7037559254149263	0.9999990032462241
0.7109618078055189	0.9999997109612578
0.7132920570881900	0.9999998649842662
0.7205111258745195	0.9999999590633853
0.7224029379238104	0.9999999809210420
0.7291798567022341	0.9999999941901548
0.7315174356629589	0.9999999973213357
0.7384650617330011	0.9999999991894380
0.7412806256120034	0.9999999996284029
0.7481398143231631	0.9999999998882303
0.7511279011563992	0.9999999999488860
0.7578927527000957	0.9999999999846885
0.7609130306103539	0.9999999999930006
0.7676010490623083	0.9999999999979069
0.7705541719623654	0.9999999999990427
0.7771933127768300	0.9999999999997135
0.7800505156716065	0.9999999999998690
0.7827399219279029	0.9999999999999876
0.7835846328643868	1.0000000000000453
0.7889710652707688	1.0000000000000624
0.7977861146527694	1.0000000000000668
0.7983101982857589	1.0000000000000790
0.7992905904426216	1.0000000000000824
0.8016435190163841	1.0000000000000913
0.8023110038767799	1.0000000000000930
0.8029433231947422	1.0000000000001035
0.8034728480188470	1.0000000000001048
0.8086317950099592	1.0000000000001121
0.8088017666813474	1.0000000000001130
0.8103469327037747	1.0000000000001181
0.8108374987415109	1.0000000000001188
0.8223303969350036	1.0011750881317287
0.8300340739639117	1.0003114673117799
0.8404349841613776	1.0001890003385618
0.8503698583950976	1.0001763946816791
0.8595974909283407	1.0000173853253815
0.8596319501473857	0.9999965998338753
0.8667221175704126	0.9999909069225992
0.8713334740828693	0.9999897257841958
0.8815435927154002	0.9999893226361725
0.8834079659170450	0.9999892266810059
0.8910742123835558	0.9999891905621008
0.8945913231027870	0.9999891815075452
0.9011022806760931	0.9999891795864055
0.9176372109945973	0.9999891663150792
0.9195640532405915	0.9999891616797381
0.9205951603338234	0.9999891589050965
0.9410478770356462	0.9999891559788545
0.9452003775253205	0.9999891553001103
0.9486684249809048	0.9999891281242109
0.9689934732100078	0.9999828731123492
0.9907885292503377	0.9999779696122216
1.0248404274016241	0.9999781396281864
1.0729502904011550	0.9999865282680915
1.4922797627919941	1.0000950123969048
1.5045610064790775	1.0000115452682481
1.5495131524349206	0.9993969968123418
1.5574109302423296	0.9999245289483991
1.5845522086797830	0.9999873820833395
1.6874063380151207	0.9999972867728232
1.7797694916920770	0.9999973147989101
2.1194162144052298	0.9999993070756646
2.1194164136400135	1.0036420860261011
2.1197839442944919	1.0004687895674766
2.1434548728680469	1.0000700088870282
2.1463866899788662	1.0000689325887964
2.1657085962264118	0.9998107676149519
2.2223514865028959	0.9999702813486189
2.2230800151657055	0.9999909262954004
2.3435977519994640	0.9999935124729422
2.8331038764531864	0.9999982033792451
2.8347689517360180	0.9999988095743854
2.8566131292049217	0.9999988879239058
2.8784371138990190	0.9999988980469884
2.9002528022435947	0.9999988993554002
2.9220605614213730	0.9999988995245118
2.9236294089558621	0.9999993554667977
2.9236369116602301	0.9999994144236529
2.9454326072045198	0.9999994220439271
2.9672367796238879	0.9999994230289163
2.9890421202388739	0.9999994231562280
3.0108461677655334	0.9999994231726843
3.0326501612718570	0.9999994231748115
3.0544573658012193	0.9999994231750863
3.0762790181255584	0.9999994231751220
3.0982527334425538	0.9999994231751266
3.1136754796679869	0.9999994231751264
3.1266068571077565	0.9999994231751270
3.1282700533681638	0.9999994231751271
3.1287545739451472	0.9999994231751272
4.0387278136705831	0.9999995074552736
4.0390211024142326	0.9999995185081444
4.0414808925430146	0.9999995199368364
4.0632833801999411	0.9999995201215085
4.0850860143506029	0.9999995201453791
4.1068882767785393	0.9999995201484646
4.1286960195329163	0.9999995201488634
4.1505350688990346	0.9999995201489149
4.1718357625383469	0.9999995201489217
4.1948605027179484	0.9999995201489226
4.6315304771180390	0.9999998375187714
4.6315304776796591	0.9999998785418738
4.6533330540737836	0.9999998838444759
4.6751359349205082	0.9999998845298849
4.6969387979808950	0.9999998846184800
4.7325654084341302	0.9999998934886833
4.7328828762773654	0.9999998946352436
4.7355962366063835	0.9999998947834478
4.7573988745659657	0.9999998948026043
4.7792018204473008	0.9999998948050806
4.8010001028473575	0.9999998948054004
4.8228199471239339	0.9999998948054417
4.8439139865212582	0.9999998948054474
4.8637526638153696	0.9999998948054482
4.9433918143431601	0.9999998950196294
4.9437096472049697	0.9999998950473143
4.9462053623737612	0.9999998950508928
4.9680046834649358	0.9999998950513554
4.9898210641644383	0.9999998950514153
4.9920985458448097	0.9999999074273412
4.9920986382357286	0.9999999090271483
5.0149881118764315	0.9999999094718718
5.0153361573755957	0.9999999095601209
5.0228096741812331	0.9999999095715280
5.0378018078659199	0.9999999095860752
5.0442463467413328	0.9999999095896450
5.0545704651193191	0.9999999095901063
5.0704362727123184	0.9999999095906948
5.0777739413592879	0.9999999095908395
5.0880793548191194	0.9999999095908580
5.1069148278093559	0.9999999095908817
5.1130177685632638	0.9999999095908875
5.1255167459071620	0.9999999095908884
5.1402577930709619	0.9999999095908891
5.1427106765264892	0.9999999095908894
5.1465170697503773	0.9999999095908896
5.1483417013317823	0.9999999095908896
5.1519612847627387	1.0099999086867955
5.1524563098344069	1.0005103613259902
5.1642817552287221	1.0000222676986774
5.1951562514768153	1.0000052621557416
5.2343484115245689	1.0000008484520289
5.4147234499793733	0.9999292020646798
5.5852285014636669	0.9999894112029798
5.5977562730344426	0.9999983504309554
5.6252623097099628	0.9999985507866401
5.6470751605036726	0.9999985557754900
5.6596946362819303	0.9999985560869142
5.6753019295426332	0.9999985561112846
5.6909084387988589	0.9999985561132766
5.7046107416131484	0.9999985561134535
5.7208720927172694	0.9999985561134683
5.7354536952650435	0.9999985561134695
5.7372518709801277	0.9999985561134698
5.7393365954870417	0.9999985561134698
9.6568910891258852	1.0301985125080966
9.6570104868132081	1.0043116503531553
9.6573039194501984	1.0011858795276436
9.6614460414919812	1.0002831251629831
9.6691192527793461	1.0001014531149923
9.6786898356676243	1.0000254053874260
9.6841867390866092	1.0000109992447299
9.6926038588163941	1.0000040090471727
9.6975302583045000	1.0000027474114845
9.7009898478082945	0.9999964889445452
9.7048708677981530	0.9999942748563174
9.7138655569693952	0.9999939886294614
9.7232507160667989	0.9999937172696388
9.7270674077656629	0.9999936570619824
9.7325036878768589	0.9999936466014719
9.7334164841232163	0.9999857229932716
9.7359150839941684	0.9999846985758483
9.7467754893415091	0.9999843957706126
9.7557265258913883	0.9999842016022477
9.7600022491212073	0.9999841765014480
9.7695728340176213	0.9999841584008325
9.8053576229053672	0.9999841577568652
9.8446596950268912	0.9999841577339549
9.8841740687786324	0.9999841577331398
9.9235981039971684	0.9999841577331106
9.9664142749019895	0.9999841577331098
9.9672743790739933	0.9999955978269163
9.9697705429213297	0.9999970762559247
