0.0000000000000000	1.0000000000000000
0.0110360598870343	0.9604000000000000
0.0110360598870343	0.9983545379135712
0.0220857330042551	0.9980732643863394
0.0372234274240122	0.9980281747622125
0.0448638673898080	0.9980271343793188
0.0480138412494803	0.9929148201721449
0.0482028527286727	0.9967257745402647
0.0575007575867723	0.9977820503931480
0.0697661218956253	0.9979107666016708
0.0805019612655596	0.9979286478516296
0.0813678390966401	0.9979476662422658
0.0840333755749524	0.9979501284089198
0.1061697838857032	0.9979504444407651
0.1238387395895729	0.9979847874598013
0.1540033281950644	0.9979856893896586
0.1786464001715246	0.9979857031695175
0.1888482243627660	0.9979857282049106
0.2179648666238557	0.9979857285880109
0.2208698446392787	0.9979857293095211
0.4212001270349559	0.9979813734827644
0.6901473984655124	0.9979927794737855
0.9406965498696029	0.9980798862616869
0.9521851390397956	0.9979963248554923
1.2850250405102077	0.9586419486379464
1.2850250405103076	0.9833037284338051
1.2851863042632361	0.9933307803555970
1.2851905072125220	0.9974162833752503
1.2961329103888302	0.9979000744887382
1.3026391178427634	0.9976073285370545
1.3061391454813349	0.9978762865039777
1.3215629678557290	0.9979500208522580
1.3464206786820017	0.9979594958908909
1.3473291825118832	0.9979724066131923
1.3506515657444098	0.9979766999273818
1.3614938003230435	0.9979781863116215
1.3686990383000823	0.9979784859904453
1.3906914495179887	0.9979785303057894
1.4082607763895831	0.9979785368234619
1.4130452158389828	0.9979788633461375
1.4130954854773374	0.9979789057280173
1.4416042909266722	0.9979789243573474
1.4479990576294057	0.9979789267753894
1.4519878618097841	0.9979798196467183
1.4545333710107404	0.9979799548813754
1.4593736423918615	0.9979799793940487
1.4709883147448233	0.9979800001270306
1.4751882308486535	0.9979801390968069
1.4763606087665895	0.9979803170695722
1.4802970132141506	0.9979803442980425
1.4806742233143655	0.9979803478534252
1.4947496228537944	0.9979803732612448
1.5033029991284617	0.9979804002883127
1.5094977619577934	0.9979804076041622
1.5151213288465926	0.9979804121745933
1.5235013114054754	0.9979804127678206
1.5264431924477491	0.9979804133000927
1.5326779472543413	0.9979804141624820
1.5343749743811248	0.9979804142744174
1.5445299737860936	0.9979804581618759
1.5470213313885115	0.9979804647409450
1.5471995828083343	0.9979804769180628
1.5555005393759491	0.9979804797652116
1.5585228177236468	0.9979804836965444
1.5676827676360854	0.9979804842068183
1.5684909410575361	0.9979804849495395
1.5739310902997379	0.9979804861239799
1.5769188236885747	0.9979804864944454
1.5845178038649732	0.9979804866358675
1.5889278943328031	0.9979804866939763
1.5934223796344065	0.9979804867359100
1.5991008389979238	0.9979804867413528
1.6084181104419386	0.9979804867434234
1.6096585841437596	0.9979804867445790
1.6119583050337254	0.9979804867502694
1.6152716859364584	0.9979804867519766
1.6203361656406479	0.9979804867535933
1.6289377246123595	0.9979804867541751
1.6368209518066061	0.9979804867543429
1.6380878340170901	0.9979804867544554
1.6504981272785695	0.9979804867544902
1.6574443528382423	0.9979804867545082
1.6639062499840422	0.9979804867545127
1.6748188295147870	0.9979804867545139
1.6763893606398583	0.9979804867545141
1.6788165451058779	0.9979804867545141
