0.0000000000000000	0.0000000000000000
0.6723374067222261	0.0000300000000000
0.6725241715352024	0.0000078776730257
0.6740414750774244	0.0000158291630674
0.6742905163186558	0.0000361203924970
0.6743098549265383	0.0000294699731591
0.6747016372714256	0.0000355227683211
0.6750765658286787	0.0000382100182477
0.6752746642272069	0.0000456220627354
0.6757351128140519	0.0000528577179262
0.6761362434512512	0.0000628577179262
0.6764849851926523	0.0000724077311186
0.6767856646967827	0.0000824077311186
0.6770439023022590	0.0000924077311186
0.6772730512466356	0.0001041075631561
0.6775073070000645	0.0001141075631561
0.6776767993675039	0.0001241075631561
0.6778321902752615	0.0001341075631561
0.6779768394645612	0.0001441075631561
0.6781122324751570	0.0001541075631561
0.6782372286498587	0.0001641075631561
0.6783552633923732	0.0001741075631561
0.6784641582925232	0.0001841075631561
0.6785705192968005	0.0001941075631561
0.6786677014757776	0.0002041075631561
0.6787615319380327	0.0002141075631561
0.6788492994154410	0.0002241075631561
0.6789344295476304	0.0002341075631561
0.6790146475728329	0.0002441075631561
0.6790919242853718	0.0002541075631561
0.6791658696336725	0.0002641075631561
0.6792372492316886	0.0002741075631561
0.6793057959798127	0.0002841075631561
0.6793716199803338	0.0002941075631561
0.6794355366894727	0.0003041075631561
0.6794969354530946	0.0003141075631561
0.6795567746998669	0.0003241075631561
0.6796140480307635	0.0003341075631561
0.6796703146877524	0.0003441075631561
0.6797242179464085	0.0003541075631561
0.6797773059766036	0.0003641075631561
0.6798279874019791	0.0003741075631561
0.6798782051848518	0.0003841075631561
0.6799261595318360	0.0003941075631561
0.6799738388257955	0.0004041075631561
0.6800192972085254	0.0004141075631561
0.6800646530083954	0.0004241075631561
0.6801080233026121	0.0004341075631561
0.6801511241811127	0.0004441075631561
0.6801926120068028	0.0004541075631561
0.6802337664782392	0.0004641075631561
0.6802735251722903	0.0004741075631561
0.6803128328962497	0.0004841075631561
0.6803509965246706	0.0004941075631561
0.6803886623564731	0.0005041075631561
0.6804253538490808	0.0005141075631561
0.6804614759956097	0.0005241075631561
0.6804967743737331	0.0005341075631561
0.6805314430718568	0.0005441075631561
0.6805654376601411	0.0005541075631561
0.6805987981580437	0.0005641075631561
0.6806316413626085	0.0005741075631561
0.6806638543811956	0.0005841075631561
0.6806955531693477	0.0005941075631561
0.6807265515311863	0.0006041075631561
0.6807572800616801	0.0006141075631561
0.6807872679454331	0.0006241075631561
0.6808169595701024	0.0006341075631561
0.6808460451887043	0.0006441075631561
0.6808747928907153	0.0006541075631561
0.6809029271942141	0.0006641075631561
0.6809308614227301	0.0006741075631561
0.6809581324063332	0.0006841075631561
0.6809852577632435	0.0006941075631561
0.6810117498213800	0.0007041075631561
0.6810380521414929	0.0007141075631561
0.6810638317932045	0.0007241075631561
0.6810893894534845	0.0007341075631561
0.6811144295900402	0.0007441075631561
0.6811393944103374	0.0007541075631561
0.6811637233428507	0.0007641075631561
0.6811879502952051	0.0007741075631561
0.6812118108452808	0.0007841075631561
0.6812353339009164	0.0007941075631561
0.6812585247246300	0.0008041075631561
0.6812815311766669	0.0008141075631561
0.6813042382240848	0.0008241075631561
0.6813265886472262	0.0008341075631561
0.6813486962847376	0.0008441075631561
0.6813705590870063	0.0008541075631561
0.6813922160748279	0.0008641075631561
0.6814136040620624	0.0008741075631561
0.6814347112215403	0.0008841075631561
0.6814555208176013	0.0008941075631561
0.6814761932534252	0.0009041075631561
0.6814965619185694	0.0009141075631561
0.6815168137704755	0.0009241075631561
0.6815367353315843	0.0009341075631561
0.6815565745184433	0.0009441075631561
0.6815760725588182	0.0009541075631561
0.6815955083583805	0.0009641075631562
0.6816145819748594	0.0009741075631562
0.6816336258131630	0.0009841075631562
0.6816523005114430	0.0009941075631562
0.6816709282629980	0.0010041075631562
0.6816892376030130	0.0010141486387877
0.6817075696054762	0.0010242901251756
0.6817257942200297	0.0010345330264274
0.6817441128705243	0.0010448783566916
0.6817623629664729	0.0010553271402585
0.6817806684854837	0.0010658804116611
0.6817989511476714	0.0010765392157777
0.6818172349966641	0.0010873046079355
0.6818355570786929	0.0010981776540148
0.6818538209136045	0.0011091594305550
0.6818721872590167	0.0011202510248605
0.6818904245921960	0.0011314535351091
0.6819087606498528	0.0011427680704602
0.6819270522841387	0.0011541957511648
0.6819453537302922	0.0011657377086765
0.6819637047550590	0.0011773950857632
0.6819819732094617	0.0011891690366209
0.6820003167120687	0.0012010607269871
0.6820186215925043	0.0012130713342570
0.6820369263481146	0.0012252020475996
0.6820552942049551	0.0012374540680756
0.6820735705634907	0.0012498286087563
0.6820918961510050	0.0012623268948438
0.6821102542261211	0.0012749501637923
0.6821285394861356	0.0012876996654302
0.6821468737951607	0.0013005766620845
0.6821652284673553	0.0013135824287053
0.6821835218499138	0.0013267182529924
0.6822018560773440	0.0013399854355223
0.6822202227706039	0.0013533852898775
0.6822385166391192	0.0013669191427763
0.6822568443150505	0.0013805883342040
0.6822752036105281	0.0013943942175461
0.6822935264450405	0.0014083381597215
0.6823118435929036	0.0014224215413188
0.6823301875950080	0.0014366457567319
0.6823485525234824	0.0014510122142992
0.6823668618883211	0.0014655223364422
0.6823851891384733	0.0014801775598067
0.6824035338182934	0.0014949793354047
0.6824218960611516	0.0015099291287588
0.6824402201510760	0.0015250284200463
0.6824585453576659	0.0015402787042468
0.6824768858832556	0.0015556814912892
0.6824952364637682	0.0015712383062022
0.6825135978992748	0.0015869506892642
0.6825319224023914	0.0016028201961569
0.6825502524456243	0.0016188483981185
0.6825685921261789	0.0016350368820996
0.6825869378963302	0.0016513872509206
0.6826052900952791	0.0016679011234298
0.6826236460089219	0.0016845801346641
0.6826419853497215	0.0017014259360108
0.6826603196757821	0.0017184401953709
0.6826786580482099	0.0017356245973246
0.6826970004215699	0.0017529808432978
0.6827153453176401	0.0017705106517308
0.6827336926241913	0.0017882157582481
0.6827520413018716	0.0018060979158306
0.6827703910558321	0.0018241588949888
0.6827887413740026	0.0018424004839387
0.6828070918909436	0.0018608244887781
0.6828254424620435	0.0018794327336659
0.6828437925801890	0.0018982270610025
0.6828621425140492	0.0019172093316125
0.6828804917013952	0.0019363814249287
0.6828988406857300	0.0019557452391780
0.6829171887820290	0.0019753026915697
0.6829355368941034	0.0019950557184854
0.6829538841745212	0.0020150062756702
0.6829722317925412	0.0020351563384269
0.6829905785274502	0.0020555079018111
0.6830089256639212	0.0020760629808292
0.6830272721523246	0.0020968236106376
0.6830456188518114	0.0021177918467439
0.6830639653660183	0.0021389697652114
0.6830823118793001	0.0021603594628635
0.6831006587038672	0.0021819630574922
0.6831190052745968	0.0022037826880672
0.6831373524907549	0.0022258205149478
0.6831556993864859	0.0022480787200973
0.6831740466049822	0.0022705595072983
0.6831923941326112	0.0022932651023712
0.6832107416405032	0.0023161977533950
0.6832290898259534	0.0023393597309290
0.6832474379475886	0.0023627533282382
0.6832657863635420	0.0023863808615206
0.6832841354611042	0.0024102446701358
0.6833024844775892	0.0024343471168373
0.6833208339485598	0.0024586905880056
0.6833391839708799	0.0024832774938856
0.6833575340557125	0.0025081102688245
0.6833758846457898	0.0025331913715127
0.6833942358055877	0.0025585232852279
0.6834125870735659	0.0025841085180801
0.6834309388148286	0.0026099496032610
0.6834492912873383	0.0026360490992935
0.6834676438397067	0.0026624095902865
0.6834859967799010	0.0026890336861893
0.6835043503966428	0.0027159240230513
0.6835227043841686	0.0027430832632818
0.6835410586357404	0.0027705140959146
0.6835594134044378	0.0027982192368737
0.6835777688647288	0.0028262014292424
0.6835961246260764	0.0028544634435349
0.6836144807279888	0.0028830080779702
0.6836328373286044	0.0029118381587499
0.6836511945801805	0.0029409565403374
0.6836695523350418	0.0029703661057408
0.6836879103981675	0.0030000697667982
0.6837062689091385	0.0030300704644663
0.6837246279663091	0.0030603711691109
0.6837429876601323	0.0030909748808020
0.6837613479392389	0.0031218846296101
0.6837797085713574	0.0031531034759063
0.6837980696463963	0.0031846345106653
0.6838164312302161	0.0032164808557719
0.6838347933789187	0.0032486456643297
0.6838531561320416	0.0032811321209729
0.6838715195193370	0.0033139434421826
0.6838898834980754	0.0033470828766045
0.6839082479268984	0.0033805537053707
0.6839266128465964	0.0034143592424243
0.6839449782924918	0.0034485028348486
0.6839633442884050	0.0034829878631971
0.6839817108576639	0.0035178177418291
0.6840000780119502	0.0035529959192475
0.6840184457668909	0.0035885258784400
0.6840368141263604	0.0036244111372243
0.6840551831018009	0.0036606552485965
0.6840735526924109	0.0036972618010824
0.6840919229083633	0.0037342344190932
0.6841102937472582	0.0037715767632840
0.6841286652151474	0.0038092925309168
0.6841470373054659	0.0038473854562260
0.6841654100265179	0.0038858593107883
0.6841837833751783	0.0039247179038962
0.6842021573596624	0.0039639650829352
0.6842205319814334	0.0040036047337645
0.6842389072483398	0.0040436407811021
0.6842572831664305	0.0040840771889132
0.6842756597063764	0.0041249179608022
0.6842940367429026	0.0041661671404103
0.6843124142918200	0.0042078288118145
0.6843307923769206	0.0042499070999326
0.6843491710113794	0.0042924061709320
0.6843675502135513	0.0043353302326413
0.6843859299995384	0.0043786835349677
0.6844043103818361	0.0044224703703173
0.6844226913791598	0.0044666950740205
0.6844410730004731	0.0045113620247607
0.6844594552592526	0.0045564756450083
0.6844778381701002	0.0046020404014584
0.6844962217420462	0.0046480608054728
0.6845146059890802	0.0046945414135275
0.6845329909229242	0.0047414868276629
0.6845513765534440	0.0047889016959394
0.6845697628947748	0.0048367907128989
0.6845881499579404	0.0048851586200278
0.6846065377532584	0.0049340102062280
0.6846249262918287	0.0049833503082903
0.6846433155709670	0.0050331838113731
0.6846617055878126	0.0050835156494867
0.6846800963442501	0.0051343508059815
0.6846984878447694	0.0051856943140412
0.6847168800900960	0.0052375512571816
0.6847352730849132	0.0052899267697535
0.6847536668372057	0.0053428260374510
0.6847720613537321	0.0053962542978255
0.6847904566407077	0.0054502168408038
0.6848088527071882	0.0055047190092118
0.6848272495646225	0.0055597661993038
0.6848456472234197	0.0056153638612969
0.6848640456930483	0.0056715174999098
0.6848824449852282	0.0057282326749090
0.6849008451134656	0.0057855150016582
0.6849192460928661	0.0058433701516748
0.6849376479360286	0.0059018038531915
0.6849560506564016	0.0059608218917234
0.6849744542690810	0.0060204301106408
0.6849928587903901	0.0060806344117471
0.6850112642377572	0.0061414407558647
0.6850296706285497	0.0062028551634233
0.6850480779764982	0.0062648837150577
0.6850664862953124	0.0063275325522082
0.6850848955985285	0.0063908078777303
0.6851033058997237	0.0064547159565074
0.6851217172123392	0.0065192631160724
0.6851401295498866	0.0065844557472330
0.6851585429258266	0.0066503003047055
0.6851769573537538	0.0067168033077526
0.6851953728473222	0.0067839713408302
0.6852137894197736	0.0068518110542384
0.6852322070843676	0.0069203291647807
0.6852506258549035	0.0069895324564287
0.6852690457458339	0.0070594277809930
0.6852874667722398	0.0071300220588030
0.6853058889498302	0.0072013222793911
0.6853243122948421	0.0072733355021850
0.6853427368239979	0.0073460688572070
0.6853611625543788	0.0074195295457791
0.6853795895034378	0.0074937248412371
0.6853980176890343	0.0075686620896494
0.6854164471294439	0.0076443487105457
0.6854348778434430	0.0077207921976509
0.6854533098502839	0.0077980001196275
0.6854717431698223	0.0078759801208238
0.6854901778224514	0.0079547399220321
0.6855086138292348	0.0080342873212522
0.6855270512103361	0.0081146301944647
0.6855454899850190	0.0081957764964091
0.6855639301719263	0.0082777342613730
0.6855823717891982	0.0083605116039869
0.6856008148546930	0.0084441167200270
0.6856192593753152	0.0085285578872270
0.6856377053443351	0.0086138434660991
0.6856561527577839	0.0086999819007602
0.6856746016143053	0.0087869817197675
0.6856930519150977	0.0088748515369653
0.6857115036637503	0.0089636000523352
0.6857299568662041	0.0090532360528584
0.6857484115307220	0.0091437684133871
0.6857668676677682	0.0092352060975208
0.6857853252900077	0.0093275581584958
0.6858037844122259	0.0094208337400807
0.6858222450510887	0.0095150420774814
0.6858407072250319	0.0096101924982563
0.6858591709541613	0.0097062944232389
0.6858776362601191	0.0098033573674712
0.6858961031660630	0.0099013909411461
0.6859145716966486	0.0100004048505576
0.6859330418763983	0.0101004088990630
0.6859515137291586	0.0102014129880536
0.6859699872784590	0.0103034271179341
0.6859884625478155	0.0104064613891132
0.6860069395609864	0.0105105260030046
0.6860254183421299	0.0106156312630345
0.6860438989158991	0.0107217875756646
0.6860623812373382	0.0108290054514214
0.6860808649525661	0.0109372955059353
0.6860993501168694	0.0110466684609947
0.6861178367840998	0.0111571351456048
0.6861363250069606	0.0112687064970610
0.6861548148372519	0.0113813935620314
0.6861733063261378	0.0114952074976513
0.6861917995244026	0.0116101595726277
0.6862102944826913	0.0117262611683538
0.6862287912515365	0.0118435237800375
0.6862472898813962	0.0119619590178377
0.6862657904222432	0.0120815786080158
0.6862842929006809	0.0122023943940957
0.6863027973279044	0.0123244183380367
0.6863213037171646	0.0124476625214174
0.6863398120838797	0.0125721391466318
0.6863583224457409	0.0126978605380984
0.6863768348228172	0.0128248391434796
0.6863953492376619	0.0129530875349147
0.6864138657153765	0.0130826184102636
0.6864323842834871	0.0132134445943665
0.6864509049718598	0.0133455790403100
0.6864694278126513	0.0134790348307135
0.6864879523619118	0.0136138251790208
0.6865064718918562	0.0137499634308111
0.6865249938089102	0.0138874630651195
0.6865435181409535	0.0140263376957705
0.6865620449190264	0.0141666010727284
0.6865805741761859	0.0143082670834554
0.6865991059453217	0.0144513497542898
0.6866176402594644	0.0145958632518327
0.6866361771520775	0.0147418218843507
0.6866547166573562	0.0148892401031946
0.6866732588105328	0.0150381325042266
0.6866918036481671	0.0151885138292688
0.6867103512084271	0.0153403989675616
0.6867289015313605	0.0154938029572368
0.6867474546590507	0.0156487409868091
0.6867660106356032	0.0158052283966775
0.6867845694771890	0.0159632806806446
0.6868031311841664	0.0161229134874510
0.6868216957644345	0.0162841426223251
0.6868402632320807	0.0164469840485479
0.6868588336040787	0.0166114538890331
0.6868774069006088	0.0167775684279230
0.6868959831453710	0.0169453441122023
0.6869145623657679	0.0171147975533244
0.6869331445928639	0.0172859455288577
0.6869517298613910	0.0174588049841468
0.6869703182097973	0.0176333930339886
0.6869889091437272	0.0178097269643286
0.6870075025226985	0.0179878242339715
0.6870260984404984	0.0181677024763113
0.6870446969914036	0.0183493795010742
0.6870632982703558	0.0185328732960848
0.6870819023699155	0.0187182020290454
0.6871005093795846	0.0189053840493363
0.6871191193866337	0.0190944378898292
0.6871377324768929	0.0192853822687274
0.6871563487354959	0.0194782360914149
0.6871749682475897	0.0196730184523287
0.6871935910408745	0.0198697486368519
0.6872122171443287	0.0200684461232198
0.6872308465944488	0.0202691305844522
0.6872494794349269	0.0204718218902969
0.6872681157164113	0.0206765401092000
0.6872867554947968	0.0208833055102914
0.6873053988276150	0.0210921385653949
0.6873240457747910	0.0213030599510487
0.6873426963991079	0.0215160905505587
0.6873613507664735	0.0217312514560639
0.6873800089462233	0.0219485639706250
0.6873986710114414	0.0221680496103310
0.6874173370393387	0.0223897301064348
0.6874360071116463	0.0226136274074996
0.6874546813145628	0.0228397636815740
0.6874733597339787	0.0230681613183899
0.6874920424554434	0.0232988429315735
0.6875107295078196	0.0235318313608885
0.6875294209104870	0.0237671496744977
0.6875481166922086	0.0240048211712421
0.6875668168912280	0.0242448693829542
0.6875855214317008	0.0244873180767844
0.6876042294597543	0.0247321912575522
0.6876229401807752	0.0249795131701280
0.6876416536575853	0.0252293083018297
0.6876603709952027	0.0254816013848479
0.6876790923236039	0.0257364173986957
0.6876978177720581	0.0259937815726832
0.6877165474701397	0.0262537193884092
0.6877352732674888	0.0265162565822938
0.6877539968346468	0.0267814191481169
0.6877727252252023	0.0270492333395979
0.6877914585539269	0.0273197256729944
0.6878101969286003	0.0275929229297248
0.6878289403815765	0.0278688521590225
0.6878476889592733	0.0281475406806134
0.6878664427158427	0.0284290160874191
0.6878852017135787	0.0287133062482925
0.6879039660233627	0.0290004393107762
0.6879227357251569	0.0292904437038839
0.6879415109085143	0.0295833481409232
0.6879602916724830	0.0298791816223327
0.6879790781256373	0.0301779734385569
0.6879978703803389	0.0304797531729416
0.6880166685517490	0.0307845507046716
0.6880354727592739	0.0310923962117185
0.6880542831037648	0.0314033201738359
0.6880730988255990	0.0317173533755752
0.6880919194759678	0.0320345269093317
0.6881107451881210	0.0323548721784257
0.6881295761057993	0.0326784209002101
0.6881484123738939	0.0330052051092116
0.6881672541481708	0.0333352571603043
0.6881861015906693	0.0336686097319074
0.6882049548677938	0.0340052958292267
0.6882238141513967	0.0343453487875192
0.6882426796199256	0.0346888022753946
0.6882615514594882	0.0350356902981490
0.6882804298616128	0.0353860472011298
0.6882993149158209	0.0357399076731421
0.6883182067088622	0.0360973067498736
0.6883371053413724	0.0364582798173717
0.6883560109286005	0.0368228626155453
0.6883749236010891	0.0371910912417009
0.6883938435045871	0.0375630021541180
0.6884127707989696	0.0379386321756583
0.6884317056493655	0.0383180184974155
0.6884506469691201	0.0387011986823893
0.6884695945364584	0.0390882106692134
0.6884885277347618	0.0394790927759059
0.6885074663216965	0.0398738837036654
0.6885264121172565	0.0402726225407023
0.6885453652537110	0.0406753487661088
0.6885643258844176	0.0410821022537704
0.6885832941801722	0.0414929232763082
0.6886022703216317	0.0419078525090703
0.6886212545009828	0.0423269310341605
0.6886402469230390	0.0427502003445030
0.6886592478064921	0.0431777023479482
0.6886782573852726	0.0436094793714282
0.6886972758653019	0.0440455741651430
0.6887163033451866	0.0444860299067945
0.6887353399459052	0.0449308902058634
0.6887543858114199	0.0453801991079226
0.6887734408397538	0.0458340010990011
0.6887925034236947	0.0462923411099898
0.6888115738929189	0.0467552645210904
0.6888306525838171	0.0472228171663025
0.6888497398350667	0.0476950453379653
0.6888688359907045	0.0481719957913436
0.6888879412959419	0.0486537157492564
0.6889070529203657	0.0491402529067476
0.6889261731589730	0.0496316554358150
0.6889453031797117	0.0501279719901746
0.6889644432465734	0.0506292517100758
0.6889835936409676	0.0511355442271766
0.6890027546635834	0.0516468996694473
0.6890219121930343	0.0521633686661423
0.6890410632722519	0.0526850023528035
0.6890602261830344	0.0532118523763310
0.6890793988888186	0.0537439709000937
0.6890985814474933	0.0542814106090951
0.6891177741724615	0.0548242247151847
0.6891369773991927	0.0553724669623352
0.6891561914865973	0.0559261916319598
0.6891754168169759	0.0564854535482798
0.6891946537816140	0.0570503080837610
0.6892139027218080	0.0576208111645973
0.6892331638530795	0.0581970192762441
0.6892524374303342	0.0587789894690063
0.6892717237485766	0.0593667793636972
0.6892910231305674	0.0599604471573358
0.6893103348699433	0.0605600516289084
0.6893296575748175	0.0611656521451961
0.6893489918021282	0.0617773086666498
0.6893683380252836	0.0623950817533176
0.6893876966038950	0.0630190325708513
0.6894070679339194	0.0636492228965585
0.6894264524375618	0.0642857151255225
0.6894458430328264	0.0649285722767768
0.6894652147613716	0.0655778579995447
0.6894846014759529	0.0662336365795419
0.6895040036325171	0.0668959729453367
0.6895234214693415	0.0675649326747889
0.6895428546139799	0.0682405820015374
0.6895623008420861	0.0689229878215524
0.6895817606930347	0.0696122176997661
0.6896012347416606	0.0703083398767631
0.6896207235931157	0.0710114232755312
0.6896402278706166	0.0717215375082885
0.6896597466209546	0.0724387528833735
0.6896792767676012	0.0731631404122055
0.6896988235627358	0.0738947718163257
0.6897183875239542	0.0746337195344880
0.6897379686880273	0.0753800567298316
0.6897575644522040	0.0761338572971301
0.6897771756380168	0.0768951958701013
0.6897968027628603	0.0776641478288044
0.6898163993916865	0.0784407893070904
0.6898360122183542	0.0792251972001624
0.6898556432258879	0.0800174491721641
0.6898752930404605	0.0808176236638862
0.6898949623377431	0.0816257999005262
0.6899146516535801	0.0824420578995330
0.6899343614403933	0.0832664784785276
0.6899540883460556	0.0840991432633107
0.6899738329228653	0.0849401346959417
0.6899935960058146	0.0857895360429033
0.6900133784810321	0.0866474314033344
0.6900331811526115	0.0875139057173663
0.6900530046278400	0.0883890447745384
0.6900728495845235	0.0892729352222856
0.6900927167745836	0.0901656645745072
0.6901125714496325	0.0910673212202527
0.6901324226951747	0.0919779944324565
0.6901522944879994	0.0928977743767797
0.6901721877911779	0.0938267521205450
0.6901921033438210	0.0947650196417524
0.6902120382652102	0.0957126698381703
0.6902319921758282	0.0966697965365532
0.6902519709088577	0.0976364945019186
0.6902719752634217	0.0986128594469364
0.6902920024362867	0.0995989880414068
0.6903120518856439	0.1005949779218208
0.6903321247207451	0.1016009277010398
0.6903522221139555	0.1026169369780515
0.6903723383471451	0.1036431063478302
0.6903924190277615	0.1046795374113068
0.6904125278637785	0.1057263327854214
0.6904326657066034	0.1067835961132779
0.6904528311708079	0.1078514320744127
0.6904730220017643	0.1089299463951541
0.6904932396165288	0.1100192458591079
0.6905134852248082	0.1111194383176982
0.6905337599034131	0.1122306327008746
0.6905540648454558	0.1133529390278817
0.6905744013380287	0.1144864684181618
0.6905947667084853	0.1156313331023414
0.6906151421465910	0.1167876464333642
0.6906354870043488	0.1179555228976994
0.6906558522844800	0.1191350781266775
0.6906762497098621	0.1203264289079415
0.6906966807409295	0.1215296931970179
0.6907171468293970	0.1227449901289852
0.6907376476653374	0.1239724400302764
0.6907581792601321	0.1252121644305771
0.6907787433105220	0.1264642860748795
0.6907993416193023	0.1277289289356290
0.6908199759412508	0.1290062182249836
0.6908405933340399	0.1302962804072335
0.6908612125959122	0.1315992432113046
0.6908818715887252	0.1329152356434204
0.6909025655310164	0.1342443879998536
0.6909232965100552	0.1355868318798508
0.6909440664380155	0.1369427001986472
0.6909648769801707	0.1383121272006331
0.6909857299713157	0.1396952484726399
0.6910066134242312	0.1410922009573647
0.6910275306752534	0.1425031229669380
0.6910483961059228	0.1439281541966038
0.6910692966182470	0.1453674357385690
0.6910902415742387	0.1468211100959560
0.6911112331052585	0.1482893211969186
0.6911322730528535	0.1497722144088896
0.6911533549391501	0.1512699365529810
0.6911744810115822	0.1527826359185099
0.6911956537479921	0.1543104622776986
0.6912168641851542	0.1558535669004723
0.6912380216911935	0.1574121025694755
0.6912592333750955	0.1589862235951743
0.6912804931978913	0.1605760858311243
0.6913018004607888	0.1621818466894389
0.6913231436432548	0.1638036651563314
0.6913445415141541	0.1654417018078906
0.6913659964423059	0.1670961188259739
0.6913875019768203	0.1687670800142342
0.6914089423109384	0.1704547508143734
0.6914304327656090	0.1721592983225207
0.6914519819577434	0.1738808913057500
0.6914735925655741	0.1756197002188056
0.6914952658854061	0.1773758972209901
0.6915169952224957	0.1791496561931999
0.6915387845445526	0.1809411527551329
0.6915605842925570	0.1827505642826824
0.6915823483817435	0.1845780699255093
0.6916041746142000	0.1864238506247599
0.6916260662540983	0.1882880891310050
0.6916480222979593	0.1901709700223126
0.6916700467102477	0.1920726797225397
0.6916921432029443	0.1939934065197664
0.6917142577792528	0.1959333405849661
0.6917363468910322	0.1978926739908141
0.6917585060757021	0.1998716007307193
0.6917807398559227	0.2018703167380251
0.6918030523968134	0.2038890199054074
0.6918254302915897	0.2059279101044611
0.6918478730368968	0.2079871892055066
0.6918702763389686	0.2100670610975593
0.6918927125828125	0.2121677317085356
0.6919152352445522	0.2142894090256197
0.6919378494342763	0.2164323031158733
0.6919605448215207	0.2185966261470273
0.6919833265779389	0.2207825924084985
0.6920061120318850	0.2229904183325823
0.6920288942590539	0.2252203225159078
0.6920517481944751	0.2274725257410707
0.6920746915143491	0.2297472509984851
0.6920977306066191	0.2320447235084669
0.6921208714053653	0.2343651707435518
0.6921439938678970	0.2367088224509929
0.6921671425715369	0.2390759106755063
0.6921903921031063	0.2414666697822653
0.6922137491148435	0.2438813364800851
0.6922372097183715	0.2463201498448840
0.6922607547087235	0.2487833513433318
0.6922841974138080	0.2512711848567611
0.6923077539454265	0.2537838967053257
0.6923314313635297	0.2563217356723764
0.6923552376265578	0.2588849530290940
0.6923791598292510	0.2614738025593838
0.6924030470909949	0.2640885405849789
0.6924269695983988	0.2667294259908232
0.6924510064991783	0.2693967202507343
0.6924751777950631	0.2720906874532403
0.6924994809574868	0.2748115943277714
0.6925237693843710	0.2775597102710554
0.6925481014249208	0.2803353073737602
0.6925725880485312	0.2831386604475016
0.6925972037828880	0.2859700470519734
0.6926219382533021	0.2888297475224866
0.6926466195171251	0.2917180449977061
0.6926713997708105	0.2946352254476773
0.6926963376360288	0.2975815777021517
0.6927214398075950	0.3005573934791686
0.6927466837458994	0.3035629674139555
0.6927717993151485	0.3065985970880993
0.6927970762913743	0.3096645830589866
0.6928225306487028	0.3127612288895740
0.6928481775381587	0.3158888411784706
0.6928738039198902	0.3190477295902582
0.6928995128244575	0.3222382068861678
0.6929253813550331	0.3254605889550233
0.6929514347530437	0.3287151948445758
0.6929775756168766	0.3320023467930187
0.6930037033512105	0.3353223702609514
0.6930300442644011	0.3386755939635546
0.6930566155788869	0.3420623499031974
0.6930832763869204	0.3454829734022279
0.6931098698094844	0.3489378031362444
0.6931366988978227	0.3524271811676085
0.6931637822285022	0.3559514529792819
0.6931910393730175	0.3595109675090727
0.6932181738547385	0.3631060771841593
0.6932455480151810	0.3667371379560022
0.6932732048985834	0.3704045093355638
0.6933009959117209	0.3741085544289262
0.6933287772365494	0.3778496399732102
0.6933567819937534	0.3816281363729435
0.6933850868016456	0.3854444177366724
0.6934134215265908	0.3892988619140330
0.6934418715964378	0.3931918505331719
0.6934706294058786	0.3971237690384961
0.6934996653047649	0.4010950067288798
0.6935285543547912	0.4051059567961673
0.6935577625685985	0.4091570163641275
0.6935873417670129	0.4132485865277679
0.6936169827693721	0.4173810723930455
0.6936466718212402	0.4215548831169815
0.6936767460188674	0.4257704319481512
0.6937072452654073	0.4300281362676280
0.6937374857465075	0.4343284176303042
0.6937681162404045	0.4386717018066088
0.6937991883564755	0.4430584188246757
0.6938303262335789	0.4474890030129275
0.6938615866368408	0.4519638930430569
0.6938933039939679	0.4564835319734925
0.6939252783125671	0.4610483672932292
0.6939572910239303	0.4656588509661688
0.6939897316413710	0.4703154394758344
0.6940225807417342	0.4750185938705908
0.6940553820032259	0.4797687798093007
0.6940886705443331	0.4845664676073936
0.6941224404687094	0.4894121322834623
0.6941560849958183	0.4943062536063022
0.6941903019831787	0.4992493161423727
0.6942250458176783	0.5042418093037928
0.6942596537783555	0.5092842273968378
0.6942948987728732	0.5143770696708071
0.6943306756868362	0.5195208403675159
0.6943663773950780	0.5247160487711960
0.6944027640331019	0.5299632092589014
0.6944396444034012	0.5352628413514867
0.6944765383119762	0.5406154697649975
0.6945142067002066	0.5460216244626400
0.6945522733556270	0.5514818407072598
0.6945905335785988	0.5569966591143337
0.6946296364983029	0.5625666257054810
0.6946689861235331	0.5681922919625360
0.6947088207007045	0.5738742148821666
0.6947495260896475	0.5796129570309828
0.6947902728481981	0.5854090866012949
0.6948317908837485	0.5912631774673131
0.6948742440110577	0.5971758092419822
0.6949167063394112	0.6031475673343966
0.6949601937892599	0.6091790430077428
0.6950043346457133	0.6152708334378183
0.6950488149398232	0.6214235417721939
0.6950948303573153	0.6276377771899204
0.6951406230082505	0.6339141549618216
0.6951877026011372	0.6402532965114385
0.6952358042833070	0.6466558294765489
0.6952841908919503	0.6531223877713068
0.6953343937861447	0.6596536116490213
0.6953844244884893	0.6662501477655159
0.6954362789459023	0.6729126492431767
0.6954890073331331	0.6796417757356121
0.6955424812847265	0.6864381934929653
0.6955980264575473	0.6933025754278970
0.6956535462818119	0.7002356011821745
0.6957112280839639	0.7072379571940026
0.6957700612002686	0.7143103367659454
0.6958299934645694	0.7214534401335992
0.6958925422160149	0.7286679745349401
0.6959553267617407	0.7359546542802942
0.6960210584209012	0.7433142008230974
0.6960876792163017	0.7507473428313339
0.6961571027473198	0.7582548162596497
0.6962284714822397	0.7658373644222499
0.6963018568295641	0.7734957380664688
0.6963787385848451	0.7812306954471329
0.6964568132411871	0.7890430024016000
0.6965404485000305	0.7969334324256194
0.6966234459709063	0.8049027667498808
0.6967135492076547	0.8129517944173771
0.6968046823072004	0.8210813123615500
0.6969027335159016	0.8292921254851706
0.6970030501915928	0.8375850467400184
0.6971104027779457	0.8459608972074137
0.6972230873937999	0.8544205061794917
0.6973417868959589	0.8629647112412897
0.6974694796207676	0.8715943583537000
0.6976044584822209	0.8803103019372355
0.6977535548204979	0.8891134049566114
0.6979050308049801	0.8980045390061759
0.6980725485315467	0.9074882066309485
0.6982698878354010	0.9165630886972599
0.6984735873929484	0.9257287195842334
0.6987146970411479	0.9347461746795510
0.6989861557641722	0.9435976061560614
0.6992864731138131	0.9530335822176224
0.6996044928710918	0.9671526130770354
0.6996659724739464	0.9608691523750488
0.6999418668695089	0.9668073845533601
0.7003310503955330	0.9737472849674603
0.7007506823233917	0.9820216083449637
0.7008456856440082	0.9876761094996138
0.7012934847364378	0.9897490028197354
0.7016884253562559	0.9887323288704538
0.7018608789630076	0.9837690474798291
0.7024655117835309	0.9929164888696433
0.7028343454192008	0.9956284448759786
0.7057193298431181	0.9976542565848197
0.7076249847384779	0.9985088169364503
0.7080091802065074	0.9993388142490693
0.7109356774533410	0.9995604948433221
0.7109371988875696	0.9996963614880054
0.7129783392330261	0.9998811366708540
0.7170572839784539	0.9999561015880788
0.7213387341313346	0.9999755745897512
0.7248502444018949	0.9999923482648118
0.7274943611125270	0.9999964474567490
0.7345265885616058	0.9999989733258678
0.7374896037501288	0.9999995055871238
0.7448591313523706	0.9999998450572630
0.7466905150455194	0.9999999275790997
0.7535619686064466	0.9999999777282046
0.7564115998334406	0.9999999897785358
0.7633925273054271	0.9999999969069333
0.7666077050891915	0.9999999985876110
0.7733835667163168	0.9999999995764079
0.7765717519911276	0.9999999998067785
0.7832521796478167	0.9999999999422939
0.7863434517690087	0.9999999999736469
0.7929557532970828	0.9999999999921333
0.7958816732346907	0.9999999999964021
0.8024682045179872	0.9999999999989249
0.8052605498167420	0.9999999999995077
0.8118653937699334	0.9999999999998527
0.8146009834396669	0.9999999999999326
0.8212207448503135	0.9999999999999801
0.8223305356261906	1.0000000002593197
0.8223310779650570	1.0000000002930733
0.8441156687130523	1.0000000003178535
0.8442002822053561	1.0000000003210565
0.8455449089791994	1.0000000003531266
0.8458377979233327	1.0000000003573462
0.8499833048691514	1.0000000003755163
0.8505798786441409	1.0000000003779477
0.8530159041846528	1.0000000003887701
0.8536654420593022	1.0000000003902183
0.8551057294408002	1.0000006949572577
0.8576013595213089	1.0000007847354053
0.8579194379855629	1.0000009138172237
0.8582514339618139	1.0000010322667758
0.8683336379460311	1.0000010697843313
0.8772313817113576	1.0000010746337487
0.8777197569012514	1.0000011092787608
0.8805117349041126	1.0000011137569349
0.8876040819299190	1.0000011202361982
0.8995991205553276	1.0000011226126055
0.9071398619005798	1.0000011229197769
0.9111819933042915	1.0000011232890444
0.9128928597006009	1.0000011233367756
0.9234387282869514	1.0000018031600282
0.9259347074320987	1.0000019023922193
0.9262550170599680	1.0000020194163839
0.9450494508842219	1.0000020373905156
0.9617218005921274	1.0000020423259590
0.9716854654543924	1.0000020431209389
0.9843924878743154	1.0000020433359775
0.9940997557522857	1.0000020433637731
1.0035616249811425	1.0000020433789683
1.0093829619679517	1.0000020433809322
1.0197786469721692	1.0000020433820025
1.0256196585182291	1.0000020433821408
1.0302229597855264	1.0000021948607627
1.0302229623667511	1.0000022144406091
1.0520258807408400	1.0000022226874430
1.0524986943250594	1.0000022263640003
1.0537973023096410	1.0000022353292060
1.0555382727010152	1.0000022394725794
1.0578134424038286	1.0000022416421963
1.0633279176812285	1.0000022423771069
1.0735090317392586	1.0000022426021340
1.0749059600888393	1.0000022428813833
1.0751995021236465	1.0000022429174784
1.0831345824694898	1.0000022430776654
1.0837695769829550	1.0000022430983713
1.1069616580049384	1.0000022431156066
1.1103473080780462	1.0000022431178346
1.1249985967320291	1.0000022431194260
1.1289428554383423	1.0000022431196316
1.1407547392846280	1.0000022431197737
1.1448459825476243	1.0000022431197921
1.1581128446147095	1.0000022431198032
1.1614716099941615	1.0000022431198048
1.1719768407820161	1.0000022431198061
1.1722135974377914	1.0000022431198061
1.1736771102090153	1.0100022655510041
1.1741089070967552	1.0017029672547966
1.1758613728428056	1.0006715749126291
1.1909198489310779	1.0001547158520006
1.1958705772828682	1.0000681610575164
1.2012753508995533	1.0000205799005730
1.2047024227027352	1.0000127898309032
1.2093029860577318	1.0000068918968472
1.2126805416182880	1.0000059819397782
1.2207378283195962	1.0000051704188420
1.2229910231547767	1.0000050483548117
1.2277815213009187	0.9999901917643362
1.2302937875873610	0.9999882708276181
1.2400286170889301	0.9999876036373317
1.2470102224861597	0.9999875173246388
1.2495645898222414	0.9999868050315999
1.2677097869421974	0.9999867879869528
1.2688846081428631	0.9999683033457440
1.2713722688377025	0.9999655942696967
1.2903440794314369	0.9999654880113716
1.2905306742030360	0.9999640386384370
1.3017291751753102	0.9999140718708865
1.3235002304982315	0.9999119748302248
1.3382816371780930	0.9997867429534473
1.3783935508579555	0.9999018344216137
1.3784191011603819	0.9999177598711912
1.4002468681141873	0.9999197031731957
1.4002858314806703	0.9999202382135608
1.4078714325426003	0.9999203577572479
1.4215428774199641	0.9999203752075757
1.4222607876908733	0.9999628476499667
1.4222619454601613	0.9999683370377719
1.4439763122697309	0.9999690508057725
1.4440154674494159	0.9999692472781322
1.4440645286961669	0.9999700741811505
1.4447341147894341	0.9999701810721121
1.4665510171503851	0.9999701948807097
1.4702012531812911	0.9999857603241289
1.4702173539348149	0.9999877740181388
1.4828838495640362	0.9999879617179708
1.4912274303742599	0.9999882462302828
1.5114779851165909	0.9999885844724217
1.5117493258399779	0.9999886281944155
1.5228285651324074	0.9999943264653901
1.5228501884844288	0.9999950630132252
1.5521720301989257	0.9999953777614543
1.5587681692306146	0.9999954184447052
1.5803735670136276	0.9999975025008773
1.5804285869553725	0.9999977718845953
1.6080900075445543	0.9999979274505019
1.6129704110389489	0.9999979475588018
1.6199455487333203	0.9999983234872037
1.6212089780482581	0.9999984262365904
1.6303097322544904	0.9999984665775631
1.6355978871622896	0.9999984762977865
1.6379898230737888	0.9999984775542289
1.6438089898637331	0.9999992377032304
1.6438470891118984	0.9999993359596846
1.6651371968105664	0.9999993532586003
1.6655156028391578	0.9999993681951673
1.6663122368448444	0.9999993856280639
1.6663656540556224	0.9999994010117630
1.6671554797243018	0.9999994189165698
1.6677277308574763	0.9999994393050765
1.6683738320664332	0.9999994419404912
1.6711177908120889	0.9999995903054022
1.6738084041253429	0.9999996558646280
1.6818127477579068	0.9999996643387680
1.6849632945513879	0.9999996743820876
1.6984582118466320	0.9999996785878889
1.7043920696903452	0.9999996792018007
1.7064732626126238	1.0000001103874920
1.7064768683594420	1.0000001661222599
1.7274282344805831	1.0000001736413373
1.7275265950191943	1.0000001757107833
1.7281576916503480	1.0000001841544079
1.7289852210905461	1.0000001943455672
1.7290339901618903	1.0000002031327431
1.7298315641058783	1.0000002196262976
1.7298575770836391	1.0000002228940725
1.7309298375177722	1.0000002353287423
1.7318003467447496	1.0000002369360417
1.7475164052282408	1.0000002373568440
1.7504134133014904	1.0000002383126518
1.7510718609488811	1.0000002384379800
1.7588010519365864	1.0000002389090914
1.7593489586422992	1.0000002389723515
1.7776926886535245	1.0000002390307898
1.7778353756145815	1.0000002390403164
1.7916231744150641	1.0000002390468459
1.7937695574255108	1.0000002390478695
1.8049764089924909	1.0000002390485772
1.8073278252021676	1.0000002390486931
1.8178987077936062	1.0000002390487674
1.8210004172121859	1.0000002390487799
1.8304648226308178	1.0000002390487879
1.8342409711876402	1.0000002390487890
1.8433774855230673	1.0000002390487901
1.8515294455564462	1.0000002390487903
1.8569294435525407	1.0011753275004163
1.8708805857841826	1.0003843510174328
1.8742755659245347	1.0001587234321685
1.8807923060335581	1.0000386424285734
1.8841591134456965	1.0000230676405981
1.8855466498706779	1.0000139433377908
1.8937665441108036	1.0000038569462968
1.8968277577607584	1.0000025530252188
1.8995444033336728	1.0000020564019720
1.9064745531084306	1.0000012673408278
1.9085547271804624	1.0000011653466299
1.9132487306780515	1.0000011328371872
1.9192261408096105	1.0000010735588358
1.9202736174092105	1.0000010658965539
1.9273338498448285	1.0000010639361017
1.9318467128642673	1.0000010595597397
1.9325164386258933	1.0000010589940542
1.9418677437841982	1.0000010585786705
1.9546192276328727	1.0000010584987509
1.9562499508954732	1.0000010584859276
1.9586480191830546	1.0000010584725398
1.9601889601498055	1.0000010584683501
1.9659606848519500	1.0000010584674905
1.9771318441676036	1.0000010584666379
1.9789675381801730	1.0000010584665058
1.9904979584237510	1.0000010584664365
1.9929889481056922	1.0000010584664245
2.0017106443782211	1.0000010584664183
2.0049245961738693	1.0000010584664174
2.0114309445697311	0.9983224018781522
2.0131743340872164	0.9993359990968442
2.0324073720020954	0.9997578696625760
2.0372312323493187	0.9998734154096959
2.0389756125845602	0.9999034462968537
2.0498002643995137	0.9999158975208202
2.0506403430202940	0.9999175068361120
2.0608117721099277	0.9999185602095280
2.0630503179174551	0.9999829950889749
2.0631157934147946	0.9999914580466184
2.0823269043352597	0.9999931202418251
2.0839719236396101	0.9999969289971262
2.0844242414708711	0.9999974213060600
2.0873244481466404	0.9999989582810905
2.0881853142719904	0.9999991671496452
2.1083790875717403	0.9999992614077550
2.1085804116575670	0.9999992735915267
2.1203138660891780	0.9999993077114245
2.1207336737575000	0.9999993125043789
2.1258619028340808	0.9999993421701899
2.1262429453730851	0.9999993461153922
2.1470453033205605	0.9999993477789476
2.1473917538702239	0.9999993480856592
2.1592113381479501	0.9999993482029947
2.1607977930631055	0.9999993487759703
2.1610836566746965	0.9999993488709866
2.1779437448178980	0.9999993488842406
2.1780616887659727	0.9999993488982355
2.1789908234020112	0.9999993489038934
2.1816879539542247	0.9999993494843447
2.1817203151116926	0.9999993495593738
2.2031754527860326	0.9999993495723698
2.2036409611649330	0.9999993495949168
2.2040446312000728	0.9999993495980237
2.2052482101108395	0.9999993496106659
2.2060303564685726	0.9999993496122999
2.2086103892213842	0.9999998674742123
2.2086103992624411	0.9999999344127452
2.2304129734013460	0.9999999441835922
2.2304130452216988	0.9999999540989650
2.2311233193928515	0.9999999630425296
2.2311735220624298	0.9999999731656910
2.2318535549147471	0.9999999824173809
2.2324460225997140	0.9999999956179211
2.2356701580175420	1.0000000022663063
2.2412657305506349	1.0000000031256744
2.2625287717412998	1.0000000037427295
2.2628427791883610	1.0000000039335715
2.2674303877968227	1.0000000039582395
2.2694620654947180	1.0000000044452646
2.2704151884548769	1.0000000045114059
2.2758740949637719	1.0000000092255283
2.2788038473150491	1.0000000099314301
2.2976241207066268	1.0000000100569768
2.3024140371205211	1.0000000100967237
2.3091620502065595	1.0000000101018611
2.3258855386752164	1.0000000101049520
2.3305699129064585	1.0000000101053514
2.3466488544757866	1.0000000101054856
2.3511871828631508	1.0000000101055251
2.3541920645685681	1.0000000101055475
2.3592125310995531	1.0000000101055506
2.3788945460816993	1.0000000101055542
2.3791667098973242	1.0000000101055548
2.3840161237627937	1.0000000101055551
2.3865526446410379	1.0000000101055551
2.3991575109677554	1.0100000102066109
2.3995247195213483	1.0001692714494066
2.4235874070458783	0.9998527151167338
2.4720494083529307	0.9999975366588224
2.7193087568182635	0.9999972742334049
2.8681602172160003	1.0002114276328042
2.9139248095005827	0.9997974005967526
2.9497675307640163	0.9999955336570566
3.3061192728628699	0.9999977928350446
3.3495955875928680	0.9999978302363236
3.3934029011645412	0.9999978308611281
3.4370092685852938	0.9999978308715677
3.4805994889840939	0.9999978308717421
3.5188396503908352	0.9999540693657648
3.5787007462412603	0.9999912188091152
3.5787504719152916	0.9999960212384715
3.6000928754155059	0.9999968629750986
3.6153503512801310	0.9999968814444036
3.6329465699406507	0.9999968865281121
3.6403519631185888	0.9999968876228094
3.6495143721683831	0.9999968879879741
3.6583230377777771	0.9999968880640863
3.6673131849158280	0.9999968880892544
3.6779171028095083	0.9999968880944893
3.6864589358599287	0.9999968880962192
3.6974650603097388	0.9999968880965791
3.7058790201352183	0.9999968880966981
3.7169936468767015	0.9999968880967227
3.7252951462888402	0.9999968880967309
3.7363740995790073	0.9999968880967327
3.7459457066740871	0.9999968880967331
3.7610097710808721	1.0111504386957597
3.7611466802433622	1.0025652450367128
3.7658797676322293	1.0006481254953103
3.7676016141299522	1.0002508663631882
3.7781700935768834	1.0000852721055657
3.7831566677937083	1.0000540976794459
3.7860040782637845	1.0000458060540447
3.7912508283231547	1.0000146691089511
3.7919999072688610	1.0000106431285423
3.7988037643333294	1.0000078851778704
3.8008356419918856	1.0000071818175262
3.8116284269444329	1.0000069376100427
3.8155937125306614	1.0000068796677315
3.8181474866383680	1.0000051397329275
3.8206680395707728	1.0000046908212421
3.8412321616142404	1.0000044591991697
3.8485638283916215	1.0000044292597312
3.8598302568608038	1.0000022955232470
3.8650495169347314	1.0000017049078738
3.8765257140508083	1.0000016285616216
3.8816800914157858	1.0000013957082505
3.8930554402940141	0.9999956108865414
3.8956470313346090	0.9999948630338035
3.9146558347409570	0.9991865661904841
3.9146584403036946	0.9990815429087151
3.9272062654032038	0.9998345264815746
3.9501210137538374	0.9999369175135268
3.9722203230751081	0.9999499608739888
4.0062339379731320	0.9999878572322362
4.0108639991150854	0.9999948355571895
4.0173373538509791	0.9999986057197773
4.0222794377496385	0.9999993034719478
4.0301455119290805	0.9999996869261404
4.0346330731123423	0.9999997590883132
4.0437922924088081	0.9999997963065985
4.0492417885318925	0.9999998029943045
4.0585639039046866	0.9999998063001632
4.0654291447167177	0.9999998068536596
4.0753442126820669	0.9999998071260716
4.0838099879747158	0.9999998071612834
4.0941261252111492	0.9999998071806873
4.1022783389006916	0.9999998071831953
4.1127000867101993	0.9999998071845921
4.1206833169898340	0.9999998071847724
4.1313899921075929	0.9999998071848734
4.1392929670382239	0.9999998071848861
4.1502846639375939	0.9999998071848935
4.1583906543446849	0.9999998071848945
4.1745289400015455	0.9999998071848949
4.1845174306220017	0.9999998071848949
4.1845174306220017	1.0099998052567418
4.1846561965883229	1.0053669945946844
4.1863778497313460	1.0011950906041618
4.1875997156602276	1.0004767752426158
4.2006216199313178	1.0001135929637124
4.2036816321889177	1.0000500312332752
4.2058794990668700	1.0000354848953097
4.2120912130122212	1.0000105610451342
4.2137279602044133	1.0000073364573800
4.2171796063063622	1.0000026752331266
4.2194103240162013	1.0000015764276542
4.2297583425949439	0.9999987050287218
4.2324726566594029	0.9999980504495527
4.2480369869774330	0.9999977456856649
4.2517765965460619	0.9999975734733317
4.2594092735309603	0.9999975387177225
4.2622520648020270	0.9999949086953902
4.2648558194049313	0.9999941414610600
4.2757459974521774	0.9999940210971759
4.2841961129318529	0.9999937428759796
4.2892817402337640	0.9999866309977278
4.2918616834516206	0.9999857115397542
4.3027316737248595	0.9999854418016713
4.3111132018810343	0.9999851203500194
4.3147308126788761	0.9999850787686517
4.3192157732434699	0.9999671928259400
4.3217604327808621	0.9999645816920489
4.3367989964751459	0.9999644511038018
4.3407973211177779	0.9999640959334986
4.3443911662947077	0.9999640419039368
4.5240333970009994	1.0004607776773462
4.5421246940148476	0.9996846475840639
4.5453728218937233	0.9999111424054163
4.5641553733676741	0.9999007877000886
4.6317810445359981	0.9999818709448697
4.9077669330004792	0.9999922690995756
5.0661743681210014	0.9999950959677113
5.0776476852425345	0.9999954613131747
5.1002321682329974	0.9999955617934032
5.1105578639468279	0.9999986362638721
5.1105972871229302	0.9999990466534365
5.1298874343528693	0.9999992757952835
5.1355872830079150	0.9999993054140328
5.1491623202880934	0.9999993212118109
5.1551290373694760	0.9999993232538328
5.1675346078493209	0.9999993243397588
5.1735190395373145	0.9999993244801256
5.1858021634733173	0.9999993245547566
5.1917877443592184	0.9999993245644034
5.2040597441072682	0.9999993245695326
5.2100456438809424	0.9999993245701954
5.2223195512338147	0.9999993245705475
5.2282897112663012	0.9999993245705933
5.2404958577275247	0.9999993245706175
5.2462479737103616	0.9999993245706208
5.2578419285317137	0.9999993245706226
5.2631766500258284	0.9999993245706228
5.2761717837494979	0.9999993245706229
5.3113783299666855	0.9999993245706230
