0.0000000000000000	0.0000000000000000
0.6740810256590640	0.0000300000000000
0.6743098549265383	0.0000154368731273
0.6751253554493726	0.0000254368731273
0.6753026486936805	0.0000318396898956
0.6757351128140519	0.0000289067441463
0.6762873940962341	0.0000470615172634
0.6764849851926523	0.0000402424040458
0.6768231512896304	0.0000470042574417
0.6772131894694676	0.0000570042574417
0.6772730512466356	0.0000544618458163
0.6774606738478371	0.0000627747396159
0.6777484797686715	0.0000727747396159
0.6780540080212849	0.0000827747396159
0.6783100915611832	0.0000938142022176
0.6785544778929067	0.0001038142022176
0.6787310093220014	0.0001138142022176
0.6789069422155195	0.0001238142022176
0.6790572550983476	0.0001338142022176
0.6792047590152972	0.0001438142022176
0.6793336812350960	0.0001538142022176
0.6794595737282463	0.0001638142022176
0.6795726912833422	0.0001738142022176
0.6796836564540024	0.0001838142022176
0.6797835766074382	0.0001938142022176
0.6798830894936664	0.0002038142022176
0.6799742521548348	0.0002138142022176
0.6800635574860944	0.0002238142022176
0.6801456805374630	0.0002338142022176
0.6802267758309737	0.0002438142022176
0.6803024914215439	0.0002538142022176
0.6803766548361240	0.0002638142022176
0.6804468880409134	0.0002738142022176
0.6805154175840724	0.0002838142022176
0.6805808623198935	0.0002938142022176
0.6806444423714856	0.0003038142022176
0.6807056983650086	0.0003138142022176
0.6807650656340059	0.0003238142022176
0.6808226152069669	0.0003338142022176
0.6808782651871740	0.0003438142022176
0.6809325308586635	0.0003538142022176
0.6809849830604172	0.0003638142022176
0.6810362260526360	0.0003738142022176
0.6810856813824134	0.0003838142022176
0.6811343131011239	0.0003938142022176
0.6811812396667788	0.0004038142022176
0.6812275100393045	0.0004138142022176
0.6812720907383365	0.0004238142022176
0.6813162149457158	0.0004338142022176
0.6813587283904182	0.0004438142022176
0.6814008879984910	0.0004538142022176
0.6814414724708331	0.0004638142022176
0.6814818364585371	0.0004738142022176
0.6815206726764659	0.0004838142022176
0.6815593624365117	0.0004938142022175
0.6815966124367936	0.0005038142022176
0.6816337078445536	0.0005138142022176
0.6816695024990417	0.0005238142022176
0.6817050912286216	0.0005338142022176
0.6817395731190246	0.0005438142022176
0.6817737791551597	0.0005538142022176
0.6818070537737750	0.0005638142022176
0.6818400294451992	0.0005738142022176
0.6818722303955969	0.0005838142022175
0.6819039311151608	0.0005938142022175
0.6819349892203117	0.0006038142022175
0.6819657243307160	0.0006138142022175
0.6819957757956250	0.0006238142022176
0.6820254156817612	0.0006338142022176
0.6820546408409907	0.0006438142022176
0.6820832736618672	0.0006538142022176
0.6821116201972470	0.0006638142022176
0.6821393672379649	0.0006738142022176
0.6821668859784825	0.0006838142022176
0.6821938060019828	0.0006938142022176
0.6822205745505606	0.0007038142022176
0.6822466728146520	0.0007138142022176
0.6822726753804133	0.0007238142022176
0.6822980960323026	0.0007338142022175
0.6823233441340674	0.0007438142022176
0.6823481532746460	0.0007538142022176
0.6823726920005668	0.0007638142022176
0.6823967645907570	0.0007738142022176
0.6824208148653340	0.0007838142022176
0.6824442108346614	0.0007938142022176
0.6824675781417997	0.0008038142022176
0.6824904483575216	0.0008138142022176
0.6825133032560721	0.0008238142022175
0.6825355624502528	0.0008338142022175
0.6825577704496529	0.0008438142022175
0.6825795704717368	0.0008538142022175
0.6826012851249841	0.0008638142022175
0.6826226374805081	0.0008738142022175
0.6826438070921084	0.0008838142022176
0.6826646179949897	0.0008938142022176
0.6826852877526244	0.0009038142022176
0.6827056779796415	0.0009138142022176
0.6827259074345452	0.0009238142022176
0.6827458833598978	0.0009338142022176
0.6827656693502406	0.0009438142022175
0.6827852398070076	0.0009538142022175
0.6828046037236577	0.0009638142022175
0.6828237788837661	0.0009738142022175
0.6828427251179299	0.0009838142022175
0.6828615169828688	0.0009938142022175
0.6828800677275185	0.0010038142022175
0.6828984892382317	0.0010138523442397
0.6829167251251241	0.0010239908676821
0.6829350499236551	0.0010342307763589
0.6829532835523743	0.0010445730841225
0.6829716343897421	0.0010550188149637
0.6829898563226120	0.0010655690031133
0.6830082073909697	0.0010762246931445
0.6830264479158241	0.0010869869400759
0.6830447738972045	0.0010978568094767
0.6830630572610324	0.0011088353775715
0.6830813572462079	0.0011199237313472
0.6830996882630673	0.0011311229686607
0.6831179593360093	0.0011424341983472
0.6831363220650911	0.0011538585403307
0.6831545842310013	0.0011653971257340
0.6831729106773170	0.0011770510969914
0.6831912353469233	0.0011888216079613
0.6832095248897048	0.0012007098240409
0.6832278858874878	0.0012127169222813
0.6832461700455533	0.0012248440915042
0.6832644896147212	0.0012370925324192
0.6832828495132450	0.0012494634577434
0.6833011303663669	0.0012619580923208
0.6833194653360423	0.0012745776732440
0.6833378108440179	0.0012873234499765
0.6833561055662000	0.0013001966844762
0.6833744453507520	0.0013131986513210
0.6833927925064741	0.0013263306378342
0.6834110918226325	0.0013395939442125
0.6834294282102141	0.0013529898836547
0.6834477921870917	0.0013665197824912
0.6834660890327754	0.0013801849803162
0.6834844167097387	0.0013939868301193
0.6835027747179899	0.0014079266984205
0.6835211017144835	0.0014220059654047
0.6835394171306145	0.0014362260250587
0.6835577583860104	0.0014505882853093
0.6835761184181960	0.0014650941681624
0.6835944383955513	0.0014797451098440
0.6836127617141805	0.0014945425609424
0.6836311010603033	0.0015094879865519
0.6836494565643858	0.0015245828664174
0.6836677972648781	0.0015398286950816
0.6836861173678260	0.0015552269820324
0.6837044511948955	0.0015707792518527
0.6837227950610040	0.0015864870443712
0.6837411485906871	0.0016023519148148
0.6837594972178739	0.0016183754339630
0.6837778215308893	0.0016345591883027
0.6837961543651631	0.0016509047801857
0.6838144936026789	0.0016674138279875
0.6838328385104685	0.0016840879662674
0.6838511875838622	0.0017009288459300
0.6838695399481778	0.0017179381343893
0.6838878880502186	0.0017351175157333
0.6839062212053867	0.0017524686908906
0.6839245579116952	0.0017699933777995
0.6839428977558035	0.0017876933115775
0.6839612396561850	0.0018055702446933
0.6839795836347872	0.0018236259471402
0.6839979285297759	0.0018418622066117
0.6840162747671360	0.0018602808286777
0.6840346211311034	0.0018788836369645
0.6840529683878895	0.0018976724733341
0.6840713152451569	0.0019166491980675
0.6840896628025179	0.0019358156900481
0.6841080097226814	0.0019551738469485
0.6841263568267605	0.0019747255854181
0.6841447027478721	0.0019944728412722
0.6841630489610029	0.0020144175696849
0.6841813942318783	0.0020345617453818
0.6841997396814018	0.0020549073628356
0.6842180845775441	0.0020754564364640
0.6842364295475972	0.0020962110008286
0.6842547743875640	0.0021171731108369
0.6842731190949702	0.0021383448419453
0.6842914641322225	0.0021597282903648
0.6843098088478450	0.0021813255732684
0.6843281541439673	0.0022031388290011
0.6843464990702943	0.0022251702172910
0.6843648443059487	0.0022474219194639
0.6843831897563808	0.0022698961386585
0.6844015351600843	0.0022925951000451
0.6844198812661868	0.0023155210510456
0.6844382271524949	0.0023386762615560
0.6844565733474426	0.0023620630241715
0.6844749200334385	0.0023856836544132
0.6844932666797521	0.0024095404909574
0.6845116138346251	0.0024336358958669
0.6845299612976649	0.0024579722548255
0.6845483088931174	0.0024825519773738
0.6845666570778027	0.0025073774971476
0.6845850055412285	0.0025324512721190
0.6846033542053865	0.0025577757848401
0.6846217034543773	0.0025833535426886
0.6846400530995920	0.0026091870781155
0.6846584029358341	0.0026352789488967
0.6846767532892198	0.0026616317383857
0.6846951042912449	0.0026882480557696
0.6847134554176497	0.0027151305363273
0.6847318069497943	0.0027422818416905
0.6847501591243651	0.0027697046601074
0.6847685117183370	0.0027974017067084
0.6847868645779087	0.0028253757237754
0.6848052179076949	0.0028536294810133
0.6848235718805297	0.0028821657758233
0.6848419263174920	0.0029109874335817
0.6848602810446600	0.0029400973079175
0.6848786362210761	0.0029694982809966
0.6848969919661704	0.0029991932638066
0.6849153483868287	0.0030291851964447
0.6849337051602707	0.0030594770484091
0.6849520623055489	0.0030900718188933
0.6849704199287671	0.0031209725370822
0.6849887780991800	0.0031521822624529
0.6850071368873828	0.0031837040850775
0.6850254963289688	0.0032155411259282
0.6850438561421335	0.0032476965371876
0.6850622163989037	0.0032801735025594
0.6850805771428130	0.0033129752375850
0.6850989384269864	0.0033461049899607
0.6851173002737801	0.0033795660398604
0.6851356627153917	0.0034133617002590
0.6851540257604359	0.0034474953172617
0.6851723894262717	0.0034819702704342
0.6851907537124192	0.0035167899731387
0.6852091185581783	0.0035519578728701
0.6852274839360639	0.0035874774515988
0.6852458498638099	0.0036233522261147
0.6852642163634955	0.0036595857483757
0.6852825834480792	0.0036961816058594
0.6853009511334367	0.0037331434219180
0.6853193194306829	0.0037704748561372
0.6853376883502036	0.0038081796046987
0.6853560578910682	0.0038462614007456
0.6853744280537427	0.0038847240147532
0.6853927988412019	0.0039235712549006
0.6854111702550065	0.0039628069674497
0.6854295423021664	0.0040024350371241
0.6854479149838680	0.0040424593874954
0.6854662883114205	0.0040828839813704
0.6854846622858221	0.0041237128211841
0.6855030369183064	0.0041649499493958
0.6855214122134277	0.0042065994488898
0.6855397881810802	0.0042486654433787
0.6855581648310904	0.0042911520978126
0.6855765421708048	0.0043340636187908
0.6855949202153936	0.0043774042549786
0.6856132989698434	0.0044211782975285
0.6856316784459920	0.0044653900805039
0.6856500586534021	0.0045100439813090
0.6856684395992426	0.0045551444211221
0.6856868212958619	0.0046006958653333
0.6857052037479267	0.0046467028239865
0.6857235869635543	0.0046931698522262
0.6857419709537966	0.0047401015507485
0.6857603557224810	0.0047875025662559
0.6857787412783072	0.0048353775919185
0.6857971276312178	0.0048837313678376
0.6858155147860565	0.0049325686815159
0.6858339027519091	0.0049818943683311
0.6858522915396174	0.0050317133120143
0.6858706811547629	0.0050820304451344
0.6858890716066712	0.0051328507495857
0.6859074629077029	0.0051841792570815
0.6859258550651625	0.0052360210496523
0.6859442480884443	0.0052883812601490
0.6859626419896127	0.0053412650727504
0.6859810367805560	0.0053946777234780
0.6859994324701622	0.0054486245007129
0.6860178290697196	0.0055031107457201
0.6860362265923999	0.0055581418531774
0.6860546250507983	0.0056137232717091
0.6860730244525410	0.0056698605044262
0.6860914247926646	0.0057265591094705
0.6861098260696885	0.0057838247005652
0.6861282282850103	0.0058416629475707
0.6861466314388464	0.0059000795770464
0.6861650355334146	0.0059590803728170
0.6861834405734664	0.0060186711765452
0.6862018465661157	0.0060788578883105
0.6862202535203723	0.0061396464671935
0.6862386614462154	0.0062010429318653
0.6862570703529765	0.0062630533611840
0.6862754802517866	0.0063256838947960
0.6862938911546609	0.0063889407337441
0.6863123030735450	0.0064528301410817
0.6863307160204939	0.0065173584424925
0.6863491300074839	0.0065825320269174
0.6863675450465867	0.0066483573471866
0.6863859611498555	0.0067148409206584
0.6864043783280680	0.0067819893298651
0.6864227965925108	0.0068498092231638
0.6864412159549258	0.0069183073153953
0.6864596364276218	0.0069874903885494
0.6864780580234219	0.0070573652924349
0.6864964807375199	0.0071279389453592
0.6865149043086060	0.0071992183348130
0.6865333287700548	0.0072712105181610
0.6865517541544405	0.0073439226233426
0.6865701804936681	0.0074173618495760
0.6865886078190503	0.0074915354680716
0.6866070361613448	0.0075664508227522
0.6866254655508195	0.0076421153309796
0.6866438960172798	0.0077185364842896
0.6866623275901781	0.0077957218491322
0.6866807602986149	0.0078736790676237
0.6866991941715084	0.0079524158582997
0.6867176292375649	0.0080319400168827
0.6867360655254561	0.0081122594170513
0.6867545030638488	0.0081933820112221
0.6867729418815209	0.0082753158313342
0.6867913820063066	0.0083580689896475
0.6868098234645074	0.0084416496795441
0.6868282662813260	0.0085260661763394
0.6868467104810712	0.0086113268381026
0.6868651560873660	0.0086974401064836
0.6868836031233033	0.0087844145075483
0.6869020516115752	0.0088722586526239
0.6869205015746859	0.0089609812391504
0.6869389530350483	0.0090505910515421
0.6869574060151458	0.0091410969620577
0.6869758605377123	0.0092325079316782
0.6869943166054010	0.0093248330109952
0.6870127742152234	0.0094180813411049
0.6870312333677376	0.0095122621545160
0.6870496940668231	0.0096073847760614
0.6870681563195770	0.0097034586238223
0.6870866201360930	0.0098004932100608
0.6871050855291354	0.0098984981421614
0.6871235525139499	0.0099974831235827
0.6871420211081126	0.0100974579548183
0.6871604913313606	0.0101984325343662
0.6871789632054819	0.0103004168597097
0.6871974367520607	0.0104034210283065
0.6872159119925508	0.0105074552385894
0.6872343889485146	0.0106125297909753
0.6872528676419095	0.0107186550888850
0.6872713480953463	0.0108258416397742
0.6872898303322680	0.0109341000561721
0.6873083143769290	0.0110434410567340
0.6873268002544577	0.0111538754673015
0.6873452879909350	0.0112654142219748
0.6873637776134736	0.0113780683641946
0.6873822691482383	0.0114918490478369
0.6874007626227154	0.0116067675383153
0.6874192580677372	0.0117228352136986
0.6874377555155347	0.0118400635658357
0.6874562549998446	0.0119584642014940
0.6874747565558155	0.0120780488435093
0.6874932602199153	0.0121988293319442
0.6875117660277338	0.0123208176252634
0.6875302740136692	0.0124440258015159
0.6875487842113430	0.0125684660595314
0.6875672966539960	0.0126941507201270
0.6875858113701985	0.0128210922273281
0.6876043283546992	0.0129493031496016
0.6876228439396921	0.0130787961810979
0.6876413579659927	0.0132095841429086
0.6876598744223100	0.0133416799843377
0.6876783933060157	0.0134750967841810
0.6876969146195233	0.0136098477520226
0.6877154383699946	0.0137459462295427
0.6877339645691005	0.0138834056918385
0.6877524929117642	0.0140222397487568
0.6877710231723489	0.0141624621462439
0.6877895554092445	0.0143040867677061
0.6878080896820356	0.0144471276353833
0.6878266260511833	0.0145915989117370
0.6878451645750729	0.0147375149008543
0.6878637053106699	0.0148848900498627
0.6878822483138980	0.0150337389503616
0.6879007936400130	0.0151840763398656
0.6879193413439746	0.0153359171032643
0.6879378914808181	0.0154892762742974
0.6879564441060267	0.0156441690370400
0.6879749992758823	0.0158006107274104
0.6879935570477983	0.0159586168346850
0.6880121174804154	0.0161182030030322
0.6880306806336537	0.0162793850330622
0.6880492465688189	0.0164421788833931
0.6880678153478219	0.0166066006722270
0.6880863869999555	0.0167726666789490
0.6881049615354847	0.0169403933457385
0.6881235389690140	0.0171097972791956
0.6881421183243108	0.0172808952519879
0.6881607003197039	0.0174537042045081
0.6881792852724141	0.0176282412465530
0.6881978732159441	0.0178045236590183
0.6882164641881221	0.0179825688956090
0.6882350582310994	0.0181623945845648
0.6882536553913920	0.0183440185304100
0.6882722557199619	0.0185274587157147
0.6882908592722097	0.0187127333028721
0.6883094661038800	0.0188998606359006
0.6883280762709432	0.0190888592422592
0.6883466898301167	0.0192797478346823
0.6883653068393881	0.0194725453130296
0.6883839273585378	0.0196672707661594
0.6884025514496331	0.0198639434738206
0.6884211791774572	0.0200625829085587
0.6884398106095797	0.0202632087376444
0.6884584457687010	0.0204658408250203
0.6884770846676572	0.0206704992332709
0.6884957265361381	0.0208772042256034
0.6885143713898573	0.0210859762678595
0.6885330193121129	0.0212968360305383
0.6885516703865496	0.0215098043908433
0.6885703246979634	0.0217249024347511
0.6885889823329264	0.0219421514590986
0.6886076433800937	0.0221615729736900
0.6886263079305572	0.0223831887034268
0.6886449760782233	0.0226070205904613
0.6886636479202182	0.0228330907963662
0.6886823235573253	0.0230614217043302
0.6887010030927665	0.0232920359213742
0.6887196866280477	0.0235249562805877
0.6887383742639032	0.0237602058433942
0.6887570661012139	0.0239978079018282
0.6887757622317374	0.0242377859808460
0.6887944626818080	0.0244801638406543
0.6888131674885130	0.0247249654790607
0.6888318766994110	0.0249722151338509
0.6888505903721014	0.0252219372851894
0.6888693085739324	0.0254741566580415
0.6888880313778079	0.0257288982246220
0.6889067472507385	0.0259861872068683
0.6889254645080535	0.0262460490789369
0.6889441868336633	0.0265085095697257
0.6889629142925522	0.0267735946654221
0.6889816469565661	0.0270413306120769
0.6890003849047214	0.0273117439181974
0.6890191282235737	0.0275848613573792
0.6890378764506671	0.0278607099709528
0.6890566290322322	0.0281393170706628
0.6890753861457833	0.0284207102413688
0.6890941478810508	0.0287049173437831
0.6891129143250055	0.0289919665172216
0.6891316855718328	0.0292818861823945
0.6891504617234263	0.0295747050442186
0.6891692428899118	0.0298704520946613
0.6891880291901433	0.0301691566156079
0.6892068207516241	0.0304708481817645
0.6892256177081691	0.0307755566635820
0.6892444201947820	0.0310833122302182
0.6892632283491196	0.0313941453525206
0.6892820423129096	0.0317080868060466
0.6893008622328242	0.0320251676741067
0.6893196882208691	0.0323454193508475
0.6893385203299073	0.0326688735443551
0.6893573586310914	0.0329955622797982
0.6893762032097446	0.0333255179025961
0.6893950541602994	0.0336587730816219
0.6894139115872246	0.0339953608124376
0.6894327756055224	0.0343353144205611
0.6894516460542096	0.0346786675647666
0.6894705218291611	0.0350254542404145
0.6894894031686265	0.0353757087828190
0.6895082903155875	0.0357294658706473
0.6895271835093104	0.0360867605293533
0.6895460829623866	0.0364476281346469
0.6895649887917912	0.0368121044159944
0.6895839011285604	0.0371802254601540
0.6896028201184495	0.0375520277147560
0.6896217459223649	0.0379275479919031
0.6896406787163136	0.0383068234718230
0.6896596135955677	0.0386898917065405
0.6896785379075837	0.0390767906236052
0.6896974700755286	0.0394675585298405
0.6897164102638235	0.0398622341151381
0.6897353586486548	0.0402608564562894
0.6897543153986719	0.0406634650208512
0.6897732805730236	0.0410700996710588
0.6897922516384762	0.0414808006677705
0.6898112306581012	0.0418956086744486
0.6898302165724306	0.0423145647611935
0.6898492095750215	0.0427377104088062
0.6898682099247356	0.0431650875128951
0.6898872178905858	0.0435967383880230
0.6899062337531758	0.0440327057719037
0.6899252577988348	0.0444730328296215
0.6899442903162060	0.0449177631579187
0.6899633314511291	0.0453669407894981
0.6899823813626780	0.0458206101973937
0.6900014402332579	0.0462788162993671
0.6900205082693799	0.0467416044623605
0.6900395856973378	0.0472090205069851
0.6900586727547549	0.0476811107120556
0.6900777696927127	0.0481579218191760
0.6900968767779092	0.0486395010373678
0.6901159929468434	0.0491258960477424
0.6901351175325069	0.0496171550082198
0.6901542508072528	0.0501133265583033
0.6901733930653052	0.0506144598238867
0.6901925446132628	0.0511206044221267
0.6902116925899596	0.0516318104663470
0.6902308330572725	0.0521481285710119
0.6902499841244697	0.0526696098567208
0.6902691461084588	0.0531963059552878
0.6902883193409306	0.0537282690148408
0.6903075040283797	0.0542655517049892
0.6903267003459574	0.0548082072220390
0.6903459085027768	0.0553562892942608
0.6903651287425516	0.0559098521872037
0.6903843610764541	0.0564689507090742
0.6904036034226682	0.0570336402161650
0.6904228562434209	0.0576039766183276
0.6904421200067905	0.0581800163845114
0.6904613951160103	0.0587618165483565
0.6904806818668563	0.0593494347138392
0.6904999805938574	0.0599429290609764
0.6905192916603926	0.0605423583515848
0.6905386154521629	0.0611477819351018
0.6905579523805246	0.0617592597544544
0.6905773028847988	0.0623768523519989
0.6905966672800459	0.0630006208755207
0.6906160451494697	0.0636306270842766
0.6906354324794541	0.0642669333551181
0.6906547935381190	0.0649096026886690
0.6906741641454098	0.0655586987155575
0.6906935480540155	0.0662142857027120
0.6907129457635134	0.0668764285597390
0.6907323578034433	0.0675451928453352
0.6907517846640437	0.0682206447737889
0.6907712266570598	0.0689028512215283
0.6907906841434347	0.0695918797337418
0.6908101575347900	0.0702877985310785
0.6908296472889387	0.0709906765163908
0.6908491518153671	0.0717005832815552
0.6908686703239397	0.0724175891143688
0.6908882035096546	0.0731417650055141
0.6909077518488724	0.0738731826555673
0.6909273158724719	0.0746119144821239
0.6909468961564182	0.0753580336269452
0.6909664933101207	0.0761116139632166
0.6909861079812164	0.0768727301028475
0.6910057059495679	0.0776414574038738
0.6910253077740405	0.0784178719779147
0.6910449291370072	0.0792020506976942
0.6910645668829313	0.0799940712046716
0.6910842213947889	0.0807940119167191
0.6911038933982131	0.0816019520358872
0.6911235836633079	0.0824179715562440
0.6911432929911849	0.0832421512718075
0.6911630218914544	0.0840745727845234
0.6911827709342548	0.0849153185123669
0.6912025407558970	0.0857644716974888
0.6912223316157428	0.0866221164144628
0.6912421402828209	0.0874883375786091
0.6912619634345409	0.0883632209543960
0.6912818026115887	0.0892468531639386
0.6913016565661629	0.0901393216955765
0.6913214791845240	0.0910407149125317
0.6913413241764004	0.0919511220616582
0.6913611923595888	0.0928706332822750
0.6913810846015892	0.0937993396150999
0.6914010014762695	0.0947373330112533
0.6914209390619065	0.0956847063413651
0.6914408980888800	0.0966415534047800
0.6914608795805142	0.0976079689388300
0.6914808846091878	0.0985840486282195
0.6915009142409022	0.0995698891144990
0.6915209692284380	0.1005655880056461
0.6915410503941108	0.1015712438857002
0.6915611566714664	0.1025869563245579
0.6915812431882929	0.1036128258878010
0.6916013307326898	0.1046489541466799
0.6916214439172581	0.1056954436881479
0.6916415838000854	0.1067523981250299
0.6916617513449149	0.1078199221062832
0.6916819476197954	0.1088981213273472
0.6917021737815597	0.1099871025406231
0.6917224251000614	0.1110869735660322
0.6917426958003904	0.1121978433016941
0.6917629938691578	0.1133198217347118
0.6917833206253186	0.1144530199520596
0.6918036774770455	0.1155975501515797
0.6918240113019741	0.1167535256530934
0.6918443530874731	0.1179210609096264
0.6918647291857657	0.1191002715187230
0.6918851361105421	0.1202912742339109
0.6919055733832861	0.1214941869762512
0.6919260426280140	0.1227091288460133
0.6919465455801267	0.1239362201344703
0.6919670834841033	0.1251755823358179
0.6919876577193542	0.1264273381591731
0.6920082664120949	0.1276916115407632
0.6920289075287508	0.1289685276561677
0.6920494956597733	0.1302582129327299
0.6920701197089715	0.1315607950620595
0.6920907816469803	0.1328764030126780
0.6921114716125715	0.1342051670428046
0.6921322007332683	0.1355472187132357
0.6921529678747398	0.1369026909003701
0.6921737719414982	0.1382717178093716
0.6921946147736118	0.1396544349874634
0.6922154983688291	0.1410509793373374
0.6922363930939617	0.1424614891307101
0.6922572612879260	0.1438861040220192
0.6922781763936373	0.1453249650622369
0.6922991317525050	0.1467782147128560
0.6923201295483261	0.1482459968599884
0.6923411721230250	0.1497284568285848
0.6923622620029226	0.1512257413968681
0.6923834010772616	0.1527379988108401
0.6924045852827351	0.1542653787989473
0.6924257572105440	0.1558080325869372
0.6924469059996510	0.1573661129128036
0.6924681044987082	0.1589397740419297
0.6924893551919611	0.1605291717823483
0.6925106603322810	0.1621344635001714
0.6925320163416671	0.1637558081351770
0.6925534221238507	0.1653933662165320
0.6925748809571797	0.1670472998787004
0.6925963623964047	0.1687177728774917
0.6926178074584517	0.1704049506062657
0.6926393138467756	0.1721090001123307
0.6926608760150760	0.1738300901134547
0.6926824947613862	0.1755683910145936
0.6927041649600464	0.1773240749247388
0.6927258857490988	0.1790973156739838
0.6927476710406504	0.1808882888307270
0.6927694204900862	0.1826971717190312
0.6927911896187673	0.1845241434362171
0.6928130228523316	0.1863693848705773
0.6928349236456367	0.1882330787192813
0.6928568958629312	0.1901154095064719
0.6928789347868549	0.1920165636015362
0.6929010400302394	0.1939367292375484
0.6929231260803697	0.1958760965299223
0.6929452211976700	0.1978348574952242
0.6929673713293324	0.1998132060701797
0.6929895982368424	0.2018113381308841
0.6930118972186199	0.2038294515121930
0.6930342727563400	0.2058677460273187
0.6930567297596086	0.2079264234875931
0.6930791043773675	0.2100056877224649
0.6931015611383744	0.2121057445996903
0.6931240973616901	0.2142268020456892
0.6931467180922731	0.2163690700661500
0.6931694287514004	0.2185327607668148
0.6931922032373425	0.2207180883744868
0.6932149318056484	0.2229252692582369
0.6932376994620326	0.2251545219508203
0.6932605604773011	0.2274060671703248
0.6932835210432835	0.2296801278420307
0.6933065810842792	0.2319769291204544
0.6933297348445004	0.2342966984116577
0.6933528295429786	0.2366396653957740
0.6933759883224465	0.2390060620497263
0.6933992269869306	0.2413961226702245
0.6934225707958322	0.2438100838969209
0.6934460197007601	0.2462481847358897
0.6934695369159434	0.2487106665832474
0.6934929951333159	0.2511977732490817
0.6935165786167529	0.2537097509815764
0.6935402744373967	0.2562468484913861
0.6935640894302397	0.2588093169763002
0.6935879984153813	0.2613974101460669
0.6936118197861378	0.2640113842475215
0.6936357448083288	0.2666514980899982
0.6936597966568286	0.2693180130708986
0.6936839841143873	0.2720111932016139
0.6937083170813524	0.2747313051336355
0.6937325791365413	0.2774786181849773
0.6937569111534966	0.2802534043668306
0.6937813655183803	0.2830559384104935
0.6938059750012873	0.2858864977946011
0.6938307338809883	0.2887453627725535
0.6938553883008525	0.2916328164002814
0.6938801824191831	0.2945491445642844
0.6939051445798350	0.2974946360099299
0.6939302404176262	0.3004695823700249
0.6939554057050651	0.3034742781937228
0.6939805239714000	0.3065090209756599
0.6940058244381215	0.3095741111854203
0.6940313141302341	0.3126698522972787
0.6940569807752630	0.3157965508202503
0.6940825553349151	0.3189545163284572
0.6941082294976082	0.3221440614917354
0.6941341129001379	0.3253655021066459
0.6941601889201257	0.3286191571277193
0.6941863048576330	0.3319053486990013
0.6942124553792488	0.3352244021859884
0.6942387932567460	0.3385766462078511
0.6942653234714795	0.3419624126699229
0.6942919582033190	0.3453820367966207
0.6943185769199255	0.3488358571645822
0.6943454494019848	0.3523242157362305
0.6943725336120596	0.3558474578935896
0.6943996915074480	0.3594059324725279
0.6944268350424302	0.3629999917972551
0.6944542553205638	0.3666299917152201
0.6944819376967993	0.3702962916323694
0.6945096802071348	0.3739992545486912
0.6945374146584226	0.3777392470941775
0.6945654494154850	0.3815166395651192
0.6945937764802464	0.3853318059607738
0.6946220898257435	0.3891851240203863
0.6946505273791275	0.3930769752605850
0.6946792562436098	0.3970077450131870
0.6947082911888978	0.4009778224633184
0.6947371841130684	0.4049876006879438
0.6947664299851388	0.4090374766948247
0.6947959460768107	0.4131278514617686
0.6948255545146268	0.4172591299763883
0.6948552809795803	0.4214317212761569
0.6948854173451028	0.4256460384889189
0.6949157920092778	0.4299024988738107
0.6949460344363266	0.4342015238625433
0.6949767202473938	0.4385435391011652
0.6950078373390801	0.4429289744921782
0.6950388294531028	0.4473582642371043
0.6950701152196661	0.4518318468794804
0.6951019144426099	0.4563501653482804
0.6951338147816752	0.4609136670017606
0.6951657761174515	0.4655228036717709
0.6951982772790019	0.4701780317084957
0.6952311158617474	0.4748798120255796
0.6952638585601606	0.4796286101458407
0.6952971558019266	0.4844248962473026
0.6953309164711312	0.4892691452097751
0.6953645724074980	0.4941618366618806
0.6953987653388851	0.4991034550284928
0.6954335011876887	0.5040944895787748
0.6954681271360558	0.5091354344745688
0.6955033439323365	0.5142267888193177
0.6955391164420747	0.5193690567075135
0.6955748166287857	0.5245627472745851
0.6956111868860633	0.5298083747473327
0.6956480656726072	0.5351064584948083
0.6956849641505606	0.5404575230797647
0.6957226035343687	0.5458620983105682
0.6957606716777371	0.5513207192936660
0.6957989163173501	0.5568339264865958
0.6958380114067164	0.5624022657514659
0.6958773665508799	0.5680262884089750
0.6959171221059759	0.5737065512930674
0.6959579129626791	0.5794436168059974
0.6959985704220939	0.5852380529740652
0.6960400940788750	0.5910904335038027
0.6960825666013464	0.5970013378388375
0.6961248540669098	0.6029713512172317
0.6961684902865232	0.6090010647294073
0.6962124646266169	0.6150910753766986
0.6962570159312512	0.6212419861304580
0.6963030554236241	0.6274544059917649
0.6963486390558060	0.6337289500516851
0.6963959526980519	0.6400662395522033
0.6964437439087585	0.6464669019477177
0.6964922346138900	0.6529315709671982
0.6965423903456821	0.6594608866768734
0.6965924716439010	0.6660554955436461
0.6966440576361141	0.6727160504990862
0.6966968604311115	0.6794432110040800
0.6967502174057051	0.6862376431141241
0.6968059727976497	0.6931000195452621
0.6968611083674486	0.7000310197407195
0.6969191591165794	0.7070313299381341
0.6969775824751658	0.7141016432375125
0.6970378361925802	0.7212426596698944
0.6971001257155043	0.7284550862665975
0.6971629165900410	0.7357396371292654
0.6972291767596381	0.7430970335005523
0.6972952514774210	0.7505280038355565
0.6973650834999110	0.7580332838739156
0.6974359881792312	0.7656136167126593
0.6975095927910774	0.7732697528797871
0.6975866521000107	0.7810024504085832
0.6976643258331174	0.7888124749126723
0.6977479494928766	0.7967005996618022
0.6978316583085156	0.8046676056584159
0.6979211518736199	0.8127142817149998
0.6980121812113420	0.8208414245321494
0.6981094263783310	0.8290498387774721
0.6982091390964494	0.8373403371652501
0.6983158950086240	0.8457137405369006
0.6984284608285919	0.8541708779422671
0.6985464178769017	0.8627125867216875
0.6986736673739123	0.8713397125889004
0.6988069389177808	0.8800531097147906
0.6989557531146104	0.8888536408119405
0.6991104388392501	0.8977421772200581
0.6992888582112394	0.9067195989922558
0.6994652897338675	0.9157867949821756
0.6996659724739464	0.9247829207452740
0.6998952134261295	0.9340307499527248
0.7001618259405485	0.9433710574522524
0.7004781320341790	0.9528047680267760
0.7008456856440082	0.9700839336556015
0.7009990434693582	0.9622271857450263
0.7012934847364378	0.9765387870686583
0.7015037180588848	0.9710823333869588
0.7018608789630076	0.9764281499582043
0.7022837705205758	0.9823339925633146
0.7028343454192008	0.9898047867479345
0.7032247534628039	0.9925233592105701
0.7040170152970248	0.9946688265010889
0.7047559428630120	0.9961020284092360
0.7080091802065074	0.9986735628157120
0.7084763274267314	0.9993626092570181
0.7129783392330261	0.9997700855520877
0.7155766660638634	0.9999019452595239
0.7213387341313346	0.9999623441599125
0.7237108403538142	0.9999818554615287
0.7274943611125270	0.9999945639094902
0.7298590194241991	0.9999975706358581
0.7374896037501288	0.9999992206743447
0.7406180072846534	0.9999996273563035
0.7466905150455194	0.9999998831744819
0.7493933971323669	0.9999999463072650
0.7564115998334406	0.9999999836633016
0.7598157183335233	0.9999999925545756
0.7666077050891915	0.9999999977646770
0.7699285549035083	0.9999999989822139
0.7765717519911276	0.9999999996963630
0.7797480803919672	0.9999999998615380
0.7863434517690087	0.9999999999587325
0.7893214481393095	0.9999999999811375
0.7958816732346907	0.9999999999943698
0.7986766656962426	0.9999999999974225
0.8052605498167420	0.9999999999992293
0.8079670363133643	0.9999999999996471
0.8146009834396669	0.9999999999998943
0.8172829391651016	0.9999999999999519
0.8223310779650570	1.0000000001039824
0.8223329979724460	1.0000000001174296
0.8440952662148191	1.0000000001197360
0.8442002822053561	1.0000000001296654
0.8443579555678561	1.0000000001309488
0.8458377979233327	1.0000000001440297
0.8461319797912542	1.0000000001457503
0.8505798786441409	1.0000000001532869
0.8511584871155824	1.0000000001542948
0.8536654420593022	1.0000000001587834
0.8543110336244705	1.0000000001593841
0.8551057232554070	1.0000019068568220
0.8576013595213089	1.0000021851701681
0.8579194379855629	1.0000025133736017
0.8582514339618139	1.0000028805676726
0.8772313817113576	1.0000028956008977
0.8772560579462414	1.0000029869685310
0.8805117349041126	1.0000030008508929
0.8876040819299190	1.0000030167538452
0.8983194480841690	1.0000030205627373
0.9071398619005798	1.0000030215149709
0.9088573479969869	1.0000030222099134
0.9128928597006009	1.0000030223578802
0.9234387282869514	1.0000051297647305
0.9259371160105909	1.0000054419129309
0.9450494508842219	1.0000054898147381
0.9613502588824799	1.0000054960049793
0.9716854654543924	1.0000054980383408
0.9802653280665745	1.0000054983011606
0.9940997557522857	1.0000054983873268
1.0026957716028631	1.0000054983984648
1.0093829619679517	1.0000054984045534
1.0145384885574253	1.0000054984053401
1.0256196585182291	1.0000054984057691
1.0302229623667511	1.0000055591035046
1.0302229664273272	1.0000055669490955
1.0520258807408400	1.0000055698753703
1.0578134424038286	1.0000055766012022
1.0583495431741332	1.0000055778487933
1.0731911131605987	1.0000055781432724
1.0746987029123820	1.0000055782334409
1.0751995021236465	1.0000055783453363
1.0837695769829550	1.0000055784095239
1.1103473080780462	1.0000055784164301
1.1289428554383423	1.0000055784170678
1.1448459825476243	1.0000055784171245
1.1614716099941615	1.0000055784171291
1.1722135974377914	1.0000055784171298
1.1736771102090153	1.0040024549778712
1.1758613728428056	1.0007524747141183
1.1786505996701035	1.0003455994897714
1.1958705772828682	1.0000787390174268
1.1999369522790024	1.0000440826699990
1.2047024227027352	1.0000199448376170
1.2083553328006333	1.0000168237536458
1.2126805416182880	1.0000140030123768
1.2155767504763308	1.0000136384168739
1.2229910231547767	1.0000132600184519
1.2256255693051357	1.0000132111100364
1.2277640528415896	0.9999725192755752
1.2302937875873610	0.9999665648350996
1.2470102224861597	0.9999662972733688
1.2493429907427012	0.9999644097347151
1.2688846081428631	0.9999071083232338
1.2905306742030360	0.9999048665413661
1.3015840157710328	0.9997660591801499
1.3382816371780930	0.9998917709621876
1.3392392868770870	0.9999092433711495
1.3571186884446356	0.9999127855696223
1.3784191011603819	0.9999593482523673
1.3785078328573508	0.9999653759596482
1.4002858314806703	0.9999670344803028
1.4003184280763117	0.9999673626100161
1.4078714325426003	0.9999674050301185
1.4215428774199641	0.9999674591207292
1.4222619454601613	0.9999844785498586
1.4222994470473092	0.9999866916589493
1.4440154674494159	0.9999873007075166
1.4447341147894341	0.9999876320582183
1.4702173539348149	0.9999938748172444
1.4828838495640362	0.9999944567475848
1.4930871082824839	0.9999945577017642
1.5117493258399779	0.9999946932383403
1.5228501884844288	0.9999969765769577
1.5587681692306146	0.9999971026949197
1.5804285869553725	0.9999979377894879
1.6129704110389489	0.9999980001251779
1.6198015769082006	0.9999990169125405
1.6212089780482581	0.9999993181923031
1.6282232265757455	0.9999993783518415
1.6355978871622896	0.9999994066341491
1.6398131514169862	0.9999994127290308
1.6438470891118984	0.9999997173247470
1.6438993552519605	0.9999997566966609
1.6622201007904882	0.9999997627662504
1.6624840331159749	0.9999997644732883
1.6651371968105664	0.9999997709515057
1.6662558682493369	0.9999997779579575
1.6663122368448444	0.9999997841438258
1.6671388614616061	0.9999997911077374
1.6671554797243018	0.9999997974610575
1.6677054956257675	0.9999997986341682
1.6683738320664332	0.9999998068039488
1.6687332317344317	0.9999998080312085
1.6711177908120889	1.0000002667348407
1.6736130972099830	1.0000003852634647
1.6818127477579068	1.0000004115333136
1.6849632945513879	1.0000004338132331
1.6968307268161096	1.0000004389855746
1.7043920696903452	1.0000004406957943
1.7064768683594420	1.0000006134739234
1.7065385583692891	1.0000006367831216
1.7275265950191943	1.0000006431984065
1.7287506873479723	1.0000006480148467
1.7289852210905461	1.0000006516310613
1.7298575770836391	1.0000006617611676
1.7300012783790453	1.0000006635380063
1.7318003467447496	1.0000006685206364
1.7328053297945987	1.0000006691646874
1.7384651818085892	1.0000006695488690
1.7389297277728852	1.0000006696758066
1.7475164052282408	1.0000006698251234
1.7494548436378643	1.0000006698629524
1.7510718609488811	1.0000006702514708
1.7513817273941192	1.0000006703016904
1.7593489586422992	1.0000006704977973
1.7601639057275689	1.0000006705231459
1.7778353756145815	1.0000006705526783
1.7780396198209765	1.0000006705564959
1.7937695574255108	1.0000006705596691
1.7951557880160729	1.0000006705601872
1.8073278252021676	1.0000006705605464
1.8102407989868694	1.0000006705606024
1.8210004172121859	1.0000006705606406
1.8241644184984900	1.0000006705606468
1.8342409711876402	1.0000006705606508
1.8373841509690441	1.0000006705606515
1.8510287440119726	1.0000006705606517
1.8515294455564462	1.0000006705606519
1.8569294435525407	1.0036434459082397
1.8573607194277282	1.0009360930231745
1.8742755659245347	1.0002353351279154
1.8780526236742896	1.0000903719754712
1.8841591134456965	1.0000421670345914
1.8855466498706779	1.0000138847958253
1.8924536889821317	1.0000073847024296
1.8968277577607584	1.0000033428882089
1.8995444033336728	1.0000018033794809
1.9049709165840427	1.0000014700158357
1.9085547271804624	1.0000011538351727
1.9109479195538490	1.0000011129645754
1.9132487306780515	1.0000010530559245
1.9165623569577959	1.0000010382437763
1.9202736174092105	1.0000010144906797
1.9218319778376070	1.0000010114203723
1.9273338498448285	1.0000010084132698
1.9308684302858294	1.0000010076871653
1.9325164386258933	1.0000010059335378
1.9335187986808902	1.0000010057068656
1.9418677437841982	1.0000010054363171
1.9440884274915107	1.0000010053833699
1.9562499508954732	1.0000010053436175
1.9591004496812232	1.0000010053321156
1.9659606848519500	1.0000010053294515
1.9703812426271694	1.0000010053289794
1.9789675381801730	1.0000010053285693
1.9814949622381741	1.0000010053285073
1.9929889481056922	1.0000010053284702
1.9953136916419312	1.0000010053284643
2.0049245961738693	1.0000010053284609
2.0087608057955255	1.0000010053284605
2.0114309445697303	0.9953928136909983
2.0131743340872164	0.9985372001623165
2.0142071700612103	0.9995029140382408
2.0252666550847045	0.9996920454839712
2.0324073720020954	0.9998416784290022
2.0389756125845602	0.9999348761648922
2.0402329903243017	0.9999469052656527
2.0477996526750073	0.9999584097353523
2.0506403430202940	0.9999633990890765
2.0551591651147119	0.9999657192124350
2.0631157934147946	0.9999919611536251
2.0633649959732545	0.9999953528129037
2.0743085557001488	0.9999962722558781
2.0774369453453825	0.9999965252938839
2.0823269043352597	0.9999971151076357
2.0834086631577997	0.9999972478286621
2.0844242414708711	0.9999987740182340
2.0846515586469923	0.9999989906649586
2.0881853142719904	0.9999996381622041
2.0892501421972196	0.9999997218571909
2.1073346288298742	0.9999997427312568
2.1085804116575670	0.9999997805009686
2.1093280683686890	0.9999997856919129
2.1207336737575000	0.9999998005500607
2.1208056313733850	0.9999998024706205
2.1262429453730851	0.9999998147007390
2.1267095949534425	0.9999998163259201
2.1473917538702239	0.9999998172767255
2.1475150799069920	0.9999998173996266
2.1610836566746965	0.9999998176941772
2.1616859236893236	0.9999998177352646
2.1789908234020112	0.9999998177528038
2.1802687555572895	0.9999998177559266
2.1817203151116926	0.9999998179885164
2.1817581473665850	0.9999998180185808
2.2010147288932731	0.9999998180229814
2.2014594159835261	0.9999998180241924
2.2031754527860326	0.9999998180288039
2.2040446312000728	0.9999998180384350
2.2041990529285069	0.9999998180396799
2.2060303564685726	0.9999998180447455
2.2067230214615989	0.9999998180454002
2.2086103992624411	1.0000000255552843
2.2086104081603390	1.0000000523779147
2.2304129734013460	1.0000000558449849
2.2356701580175420	1.0000000764549788
2.2628427791883610	1.0000000770465884
2.2704151884548769	1.0000000772516264
2.2758740949637719	1.0000000918654062
2.2976241207066268	1.0000000921604362
2.3091620502065595	1.0000000921763628
2.3305699129064585	1.0000000921776013
2.3541920645685681	1.0000000921776708
2.3791667098973242	1.0000000921776733
2.3840161237627937	1.0000000921776735
2.7193087568182635	0.9999992289951890
3.5074632752871109	0.9995085354529860
3.5188396503908352	0.9998635687064050
3.5272276630177108	0.9999561672335071
3.5450929726476401	0.9999746983075086
3.5512314882483533	0.9999797926142064
3.5699027438208142	0.9999808009564378
3.5756251965497969	0.9999810784692659
3.5787504719152916	0.9999959649835276
3.5788030089103229	0.9999978891007352
3.5973154648732271	0.9999981925484326
3.5982555565430507	0.9999982760671230
3.6000928754155059	0.9999985747485213
3.6006486126663040	0.9999986320126056
3.6329465699406507	0.9999986477720701
3.6334112702691379	0.9999986511656184
3.6495143721683831	0.9999986522976246
3.6521357760159980	0.9999986525335710
3.6673131849158280	0.9999986526115923
3.6716760488143172	0.9999986526278203
3.6864589358599287	0.9999986526331832
3.6912237700049748	0.9999986526342988
3.7058790201352183	0.9999986526346674
3.7107429031353525	0.9999986526347437
3.7252951462888402	0.9999986526347695
3.7301662930591393	0.9999986526347746
3.7459457066740871	0.9999986526347762
3.7520187691491254	0.9999986526347765
3.7540818585852613	0.9999986526347767
3.7556842339352228	0.9999986526347767
3.7610097710808721	1.0306108562868639
3.7611466802433622	1.0040544883026155
3.7616256030666420	1.0015466686983399
3.7676016141299522	1.0003531664490639
3.7730886890458857	1.0001479393837229
3.7831566677937083	1.0000514642043652
3.7860040782637845	1.0000257701249897
3.7919999072688610	1.0000132915542779
3.7936202742071856	1.0000071498067364
3.8008356419918856	1.0000049694010262
3.8049163853515426	1.0000045486007987
3.8155937125306614	1.0000043689784608
3.8180958332984440	0.9999996130766413
3.8206680395707728	0.9999982214458816
3.8315275404199061	0.9999980415475912
3.8397556026654569	0.9999977448902407
3.8485638283916215	0.9999976520777482
3.8575269940894557	0.9999976400802435
3.8598302568608038	0.9999910374567932
3.8623276391606729	0.9999901838610877
3.8765257140508083	0.9999899471903116
3.8816800914157858	0.9999892253434106
3.8930013329612403	0.9999734547170881
3.8956470313346090	0.9999711364477002
3.9146584403036946	0.9996470435006218
3.9146591118806109	0.9996047586335258
3.9501210137538374	0.9999229238489487
4.0020025440170626	0.9999718173121463
4.0108639991150854	0.9999934531122909
4.0138447869738361	0.9999970840046123
4.0222794377496385	0.9999992471082335
4.0249201693005583	0.9999996268599239
4.0346330731123423	0.9999998505633428
4.0376449663791227	0.9999998904238039
4.0492417885318925	0.9999999111556948
4.0553606180516333	0.9999999138354917
4.0654291447167177	0.9999999155513301
4.0703995130150101	0.9999999157731185
4.0838099879747158	0.9999999158822752
4.0895360698212704	0.9999999158963850
4.1022783389006916	0.9999999159041602
4.1073920859076152	0.9999999159051653
4.1206833169898340	0.9999999159057247
4.1257538435085657	0.9999999159057973
4.1392929670382239	0.9999999159058376
4.1446302448144223	0.9999999159058427
4.1583906543446849	0.9999999159058457
4.1610426974681758	0.9999999159058460
4.1845174306220017	0.9999999159058460
4.1845174306220017	1.0306121582294943
4.1846561965883229	1.0057460782880081
4.1849401981395529	1.0027747697047673
4.1875997156602276	1.0006126116735008
4.1918828467411853	1.0002669090601892
4.2036816321889177	1.0000705788903224
4.2058794990668700	1.0000255347486025
4.2137279602044133	1.0000155401971935
4.2147787780512749	1.0000067263456882
4.2194103240162013	1.0000033201002381
4.2235297837842225	1.0000026810123603
4.2295369652504782	0.9999965561234980
4.2324726566594029	0.9999945269505065
4.2418906948169139	0.9999942646293243
4.2512765884604127	0.9999937918808545
4.2594092735309603	0.9999937184398264
4.2622520648020270	0.9999855793231115
4.2648340314951456	0.9999845270333346
4.2757459974521774	0.9999842120668151
4.2838171827874394	0.9999841713310555
4.2841961129318529	0.9999833978185227
4.2892776225292408	0.9999639862334413
4.2918616834516206	0.9999611360549281
4.3109892656947633	0.9999602536383624
4.3147308126788761	0.9999601247389506
4.3192157732434699	0.9999047390379701
4.3407973211177779	0.9999036380611553
4.3521893795957149	0.9999731001503499
4.3546771077998896	0.9999820779957327
4.3649520838279132	0.9999845470947762
4.3751851758998273	0.9999850469103925
4.3782355641816464	0.9999852108568317
4.3896445361025052	0.9999852448892668
4.3953501111415116	0.9999852561302149
4.4075062587579952	0.9999852584676078
4.4134960629310918	0.9999852592400195
4.4257273283289749	0.9999852594006498
4.4317428258215861	0.9999852594537336
4.4439805648462940	0.9999852594647731
4.4499984763524010	0.9999852594684214
4.4622392124914771	0.9999852594691800
4.4682552974729051	0.9999852594694307
4.4805075526028615	0.9999852594694828
4.4864884025866134	0.9999852594695000
4.4983985132528090	0.9999852594695038
4.5047223081721954	0.9999852594695048
4.5156895744410566	0.9999852594695050
4.5164338513585873	0.9999852594695051
4.5223401422327649	0.9999852594695051
4.5236656595675599	1.0099851120642003
4.5240333970009994	1.0014446758444229
4.5257693420029756	1.0003795621743388
4.5453728218937233	1.0000398213041199
4.5511563059072095	0.9999747916260278
4.5641553733676741	0.9998956056658292
4.5650729445084606	0.9999598934073352
4.5944751481035695	0.9999594332257506
4.6214059858823786	0.9999594167963588
4.6498625173270094	0.9999519358247473
4.6717524023825723	0.9999476946783994
4.7347659959474813	0.9999601132443029
4.9077669330004792	0.9999916601044213
4.9094100252755100	0.9999957367337234
5.0776476852425345	0.9999968693701971
5.0880445947656119	0.9999970155670028
5.1105972871229302	0.9999982877894136
5.1109213379729814	0.9999984522354221
5.1355872830079150	0.9999985440537391
5.1406349377446841	0.9999985559221091
5.1551290373694760	0.9999985622523720
5.1604128500041497	0.9999985630706210
5.1735190395373145	0.9999985635057580
5.1788184790809355	0.9999985635620040
5.1917877443592184	0.9999985635919092
5.1970883291236776	0.9999985635957748
5.2100456438809424	0.9999985635978299
5.2153500737895202	0.9999985635980954
5.2282897112663012	0.9999985635982366
5.2336482298700826	0.9999985635982549
5.2462479737103616	0.9999985635982648
5.2511676880160625	0.9999985635982660
5.2631766500258284	0.9999985635982669
5.3822047466577638	0.9999985635982669
