0.0000000000000000	0.0000000000000000
0.6825473611397846	0.0000300000000000
0.6828856815382021	0.0000150279004731
0.6834627933246832	0.0000250279004731
0.6836888891494657	0.0000277958182084
0.6840143603382384	0.0000380891685875
0.6842354451294586	0.0000274241192543
0.6847223445427419	0.0000461553620285
0.6849518529514084	0.0000396537456150
0.6853345621044257	0.0000469640617157
0.6856981995493198	0.0000569640617157
0.6857231413854503	0.0000541807432218
0.6859451190840012	0.0000623708146024
0.6862144871531063	0.0000723708146024
0.6864916710491422	0.0000822166018191
0.6867370708701751	0.0000922166018191
0.6869758460981519	0.0001022166018191
0.6871681259290684	0.0001122166018191
0.6873451917737062	0.0001222166018191
0.6875032336611094	0.0001322166018191
0.6876460837306551	0.0001422166018191
0.6877817853660944	0.0001522166018191
0.6879071500374317	0.0001622166018191
0.6880254233826441	0.0001722166018191
0.6881348526134098	0.0001822166018191
0.6882398134179337	0.0001922166018191
0.6883378580111258	0.0002022166018192
0.6884320520672983	0.0002122166018192
0.6885191570909447	0.0002222166018192
0.6886047601600653	0.0002322166018192
0.6886845553507800	0.0002422166018192
0.6887630120446985	0.0002522166018192
0.6888360494031658	0.0002622166018192
0.6889085008664184	0.0002722166018192
0.6889761513231163	0.0002822166018192
0.6890431200439198	0.0002922166018192
0.6891060701728650	0.0003022166018192
0.6891684672991949	0.0003122166018192
0.6892274939301882	0.0003222166018192
0.6892856713871495	0.0003322166018192
0.6893412456633712	0.0003422166018192
0.6893958941812852	0.0003522166018192
0.6894483873015814	0.0003622166018192
0.6894997434398502	0.0003722166018192
0.6895493958733405	0.0003822166018192
0.6895979890952901	0.0003922166018192
0.6896451853423649	0.0004022166018192
0.6896912534867677	0.0004122166018192
0.6897362277112872	0.0004222166018192
0.6897800288200857	0.0004322166018192
0.6898229764996509	0.0004422166018192
0.6898647336363207	0.0004522166018192
0.6899058268629078	0.0004622166018192
0.6899457077732849	0.0004722166018192
0.6899851070943746	0.0004822166018192
0.6900232945527258	0.0004922166018192
0.6900611225447031	0.0005022166018192
0.6900977189011649	0.0005122166018192
0.6901340614626832	0.0005222166018192
0.6901691819591019	0.0005322166018192
0.6902041632072377	0.0005422166018192
0.6902379342222932	0.0005522166018192
0.6902716138921363	0.0005622166018192
0.6903042555454260	0.0005722166018192
0.6903367343248770	0.0005822166018192
0.6903682028309113	0.0005922166018192
0.6903994842909212	0.0006022166018191
0.6904300466427997	0.0006122166018191
0.6904602370345503	0.0006222166018191
0.6904897769052455	0.0006322166018191
0.6905190978263583	0.0006422166018191
0.6905476814632390	0.0006522166018192
0.6905760323103608	0.0006622166018192
0.6906038048461500	0.0006722166018192
0.6906312947837647	0.0006822166018192
0.6906582782424043	0.0006922166018192
0.6906849572686349	0.0007022166018192
0.6907111695836454	0.0007122166018192
0.6907370679338320	0.0007222166018192
0.6907626136470242	0.0007322166018192
0.6907877134526295	0.0007422166018192
0.6908127023590085	0.0007522166018192
0.6908370551019839	0.0007622166018192
0.6908613323990914	0.0007722166018192
0.6908851724108431	0.0007822166018192
0.6909087889135312	0.0007922166018192
0.6909319288149371	0.0008022166018192
0.6909550552881834	0.0008122166018192
0.6909776831576629	0.0008222166018192
0.6910001489053360	0.0008322166018192
0.6910221691663000	0.0008422166018192
0.6910441473668094	0.0008522166018192
0.6910657210348577	0.0008622166018192
0.6910872142446363	0.0008722166018192
0.6911082465260874	0.0008822166018192
0.6911291598944302	0.0008922166018192
0.6911497599802642	0.0009022166018192
0.6911702218691577	0.0009122166018193
0.6911904050501362	0.0009222166018193
0.6912104234162160	0.0009322166018193
0.6912301971652969	0.0009422166018193
0.6912497804024700	0.0009522166018192
0.6912691541380266	0.0009622166018192
0.6912883172605029	0.0009722166018192
0.6913073019180934	0.0009822166018192
0.6913260485314690	0.0009922166018192
0.6913446465421758	0.0010022166018192
0.6913630098119773	0.0010122387678374
0.6913812990066175	0.0010223611555158
0.6913995157726560	0.0010325847670709
0.6914178281964345	0.0010429106147417
0.6914360410837802	0.0010533397208891
0.6914543794597026	0.0010638731180979
0.6914725809902506	0.0010745118492790
0.6914909006270928	0.0010852569677718
0.6915091378842609	0.0010961095374495
0.6915274297495149	0.0011070706328239
0.6915457131555717	0.0011181413391522
0.6915639814957789	0.0011293227525437
0.6915823155976103	0.0011406159800691
0.6916005522855105	0.0011520221398698
0.6916188809345666	0.0011635423612686
0.6916371522635265	0.0011751777848813
0.6916554416338127	0.0011869295627301
0.6916737782214838	0.0011987988583574
0.6916920351350495	0.0012107868469410
0.6917103578677869	0.0012228947154103
0.6917286594327263	0.0012351236625645
0.6917469450002065	0.0012474748991901
0.6917652858177162	0.0012599496481820
0.6917835694567169	0.0012725491446638
0.6918018703507053	0.0012852746361104
0.6918202176036695	0.0012981273824716
0.6918384996388148	0.0013111086562963
0.6918568056800289	0.0013242197428593
0.6918751506601134	0.0013374619402879
0.6918934465603119	0.0013508365596907
0.6919117503487463	0.0013643449252876
0.6919300869387855	0.0013779883745405
0.6919484112610793	0.0013917682582859
0.6919667077808082	0.0014056859408688
0.6919850320804922	0.0014197428002775
0.6920033813783595	0.0014339402282802
0.6920216846004019	0.0014482796305630
0.6920399945033247	0.0014627624268686
0.6920583253011087	0.0014773900511373
0.6920766740972984	0.0014921639516487
0.6920949850245731	0.0015070855911651
0.6921132976186248	0.0015221564470768
0.6921316258022873	0.0015373780115476
0.6921499666640506	0.0015527517916631
0.6921683119049771	0.0015682793095797
0.6921866216319755	0.0015839621026755
0.6922049422043242	0.0015998017237022
0.6922232730230464	0.0016157997409393
0.6922416111735229	0.0016319577383487
0.6922599565998286	0.0016482773157321
0.6922782941013643	0.0016647600888894
0.6922966141077583	0.0016814076897783
0.6923149411825102	0.0016982217666761
0.6923332724634841	0.0017152039843429
0.6923516088063801	0.0017323560241863
0.6923699473223496	0.0017496795844282
0.6923882893227283	0.0017671763802725
0.6924066319812293	0.0017848481440752
0.6924249766087576	0.0018026966255160
0.6924433189528219	0.0018207235917711
0.6924616513438304	0.0018389308276888
0.6924799866208321	0.0018573201359657
0.6924983230595388	0.0018758933373254
0.6925166615193475	0.0018946522706986
0.6925350007756423	0.0019135987934056
0.6925533415751549	0.0019327347813397
0.6925716830434349	0.0019520621291531
0.6925900251078845	0.0019715827504446
0.6926083666397269	0.0019912985779491
0.6926267080966779	0.0020112115637285
0.6926450493213109	0.0020313236793658
0.6926633903804761	0.0020516369161594
0.6926817315496823	0.0020721532853209
0.6927000724943122	0.0020928748181742
0.6927184139249686	0.0021138035663559
0.6927367549475306	0.0021349416020195
0.6927550966498811	0.0021562910180397
0.6927734380239509	0.0021778539282202
0.6927917797966042	0.0021996324675024
0.6928101217578091	0.0022216287921774
0.6928284638653117	0.0022438450800992
0.6928468067063921	0.0022662835309003
0.6928651493776695	0.0022889463662093
0.6928834926585345	0.0023118358298714
0.6929018362098789	0.0023349541881701
0.6929201800073167	0.0023583037300518
0.6929385246834165	0.0023818867673524
0.6929568693194521	0.0024057056350260
0.6929752144425457	0.0024297626913761
0.6929935602759233	0.0024540603182899
0.6930119062211592	0.0024786009214729
0.6930302527655648	0.0025033869306876
0.6930485999424667	0.0025284207999945
0.6930669473237987	0.0025537050079944
0.6930852953183442	0.0025792420580744
0.6931036440109883	0.0026050344786552
0.6931219929175119	0.0026310848234418
0.6931403423846294	0.0026573956716761
0.6931586926999271	0.0026839696283929
0.6931770432301909	0.0027108093246768
0.6931953942202091	0.0027379174179237
0.6932137459142168	0.0027652965921028
0.6932320982257123	0.0027929495580238
0.6932504508669562	0.0028208790536040
0.6932688040172102	0.0028490878441401
0.6932871577749619	0.0028775787225815
0.6933055120331958	0.0029063545098073
0.6933238665551646	0.0029354180549055
0.6933422215159262	0.0029647722354546
0.6933605770424460	0.0029944199578092
0.6933789332548294	0.0030243641573872
0.6933972898259557	0.0030546077989610
0.6934156467823627	0.0030851538769506
0.6934340042401418	0.0031160054157202
0.6934523622720216	0.0031471654698773
0.6934707209564999	0.0031786371245761
0.6934890802657424	0.0032104234958219
0.6935074399751645	0.0032425277307801
0.6935258001663123	0.0032749530080879
0.6935441608860794	0.0033077025381689
0.6935625221886922	0.0033407795635505
0.6935808841004929	0.0033741873591861
0.6935992466538052	0.0034079292327779
0.6936176098602025	0.0034420085251057
0.6936359737365687	0.0034764286103568
0.6936543381831849	0.0035111928964603
0.6936727031821934	0.0035463048254248
0.6936910687633562	0.0035817678736790
0.6937094349452525	0.0036175855524157
0.6937278017480485	0.0036537614079400
0.6937461691847948	0.0036902990220194
0.6937645372690749	0.0037272020122395
0.6937829060096644	0.0037644740323619
0.6938012754054577	0.0038021187726857
0.6938196454479298	0.0038401399604126
0.6938380161274295	0.0038785413600166
0.6938563874392371	0.0039173267736169
0.6938747593765846	0.0039565000413531
0.6938931319403301	0.0039960650417666
0.6939115051253522	0.0040360256921843
0.6939298789379795	0.0040763859491061
0.6939482533738983	0.0041171498085971
0.6939666284401128	0.0041583213066831
0.6939850041375591	0.0041999045197500
0.6940033804721270	0.0042419035649475
0.6940217574494673	0.0042843226005969
0.6940401350726684	0.0043271658266029
0.6940585133520927	0.0043704374848690
0.6940768922880157	0.0044141418597178
0.6940952718884101	0.0044582832783149
0.6941136521591280	0.0045028661110980
0.6941320331049774	0.0045478947722088
0.6941504147369938	0.0045933737199310
0.6941687970579767	0.0046393074571303
0.6941871800755487	0.0046857005317017
0.6942055637996651	0.0047325575370188
0.6942239482347100	0.0047798831123889
0.6942423333899586	0.0048276819435126
0.6942607192748212	0.0048759587629478
0.6942791058953595	0.0049247183505772
0.6942974932617365	0.0049739655340830
0.6943158813843999	0.0050237051894240
0.6943342702704318	0.0050739422413183
0.6943526599304671	0.0051246816637314
0.6943710503775261	0.0051759284803686
0.6943894416192952	0.0052276877651724
0.6944078336665765	0.0052799646428242
0.6944262265330844	0.0053327642892523
0.6944446202302987	0.0053860919321448
0.6944630147689966	0.0054399528514664
0.6944814101625189	0.0054943523799811
0.6944998064260011	0.0055492959037810
0.6945182035717702	0.0056047888628188
0.6945366016122360	0.0056608367514470
0.6945550005614678	0.0057174451189616
0.6945734004350073	0.0057746195701512
0.6945918012480217	0.0058323657658528
0.6946102030133191	0.0058906894235115
0.6946286057451927	0.0059495963177465
0.6946470094590559	0.0060090922809239
0.6946654141713031	0.0060691832037331
0.6946838198981392	0.0061298750357706
0.6947022266518119	0.0061911737861281
0.6947206344445623	0.0062530855239895
0.6947390432887464	0.0063156163792294
0.6947574531968672	0.0063787725430217
0.6947758641816163	0.0064425602684518
0.6947942762558841	0.0065069858711362
0.6948126894327190	0.0065720557298475
0.6948311037242286	0.0066377762871460
0.6948495191420287	0.0067041540500173
0.6948679356982053	0.0067711955905176
0.6948863534052188	0.0068389075464228
0.6949047722759766	0.0069072966218871
0.6949231923237496	0.0069763695881060
0.6949416135622861	0.0070461332839870
0.6949600360057288	0.0071165946168268
0.6949784596687559	0.0071877605629949
0.6949968845664964	0.0072596381686247
0.6950153104403854	0.0073322345503108
0.6950337372676229	0.0074055568958139
0.6950521653168413	0.0074796124647719
0.6950705945895608	0.0075544085894195
0.6950890250897459	0.0076299526753137
0.6951074568236389	0.0077062522020670
0.6951258897995050	0.0077833147240879
0.6951443240274804	0.0078611478713290
0.6951627595194302	0.0079397593500420
0.6951811962887974	0.0080191569435426
0.6951996343491712	0.0080993485129779
0.6952180737139014	0.0081803419981074
0.6952365143963841	0.0082621454180884
0.6952549564101884	0.0083447668722693
0.6952733997692541	0.0084282145409920
0.6952918444880614	0.0085124966864019
0.6953102905817140	0.0085976216532657
0.6953287380661254	0.0086835978697983
0.6953471869579827	0.0087704338484961
0.6953656372747392	0.0088581381869810
0.6953840890346508	0.0089467195688510
0.6954025422567108	0.0090361867645397
0.6954209969607272	0.0091265486321851
0.6954394531673580	0.0092178141185067
0.6954579108980986	0.0093099922596919
0.6954763701753695	0.0094030921822889
0.6954948310225654	0.0094971231041115
0.6955132931586244	0.0095920943351526
0.6955317565328946	0.0096880152785044
0.6955502211954814	0.0097848954312896
0.6955686871957220	0.0098827443856024
0.6955871545822492	0.0099815718294586
0.6956056234017663	0.0100813875477531
0.6956240936983256	0.0101822014232308
0.6956425655137495	0.0102840234374628
0.6956610388880425	0.0103868636718374
0.6956795138597713	0.0104907323085559
0.6956979904663699	0.0105956396316415
0.6957164687444799	0.0107015960279579
0.6957349487302622	0.0108086119882373
0.6957534304567595	0.0109166981081196
0.6957719139263213	0.0110258650892007
0.6957903991451758	0.0111361237400931
0.6958088861231192	0.0112474849774940
0.6958273748732653	0.0113599598272688
0.6958458654118369	0.0114735594255414
0.6958643577579611	0.0115882950197967
0.6958828519335380	0.0117041779699944
0.6959013479631400	0.0118212197496946
0.6959198458739373	0.0119394319471918
0.6959383456955730	0.0120588262666638
0.6959568474573141	0.0121794145293308
0.6959753511884603	0.0123012086746238
0.6959938569185818	0.0124242207613700
0.6960123646776807	0.0125484629689836
0.6960308744963620	0.0126739475986734
0.6960493864060135	0.0128006870746604
0.6960679004389942	0.0129286939454068
0.6960864166288199	0.0130579808848608
0.6961049350103402	0.0131885606937097
0.6961234542418827	0.0133204463006468
0.6961419695126914	0.0134536507636529
0.6961604872090550	0.0135881872712895
0.6961790073596956	0.0137240691440027
0.6961975299956433	0.0138613098354430
0.6962160551501946	0.0139999229337977
0.6962345828589023	0.0141399221631354
0.6962531131562454	0.0142813213847665
0.6962716460761661	0.0144241345986145
0.6962901816525914	0.0145683759446004
0.6963087198884124	0.0147140597040462
0.6963272607770922	0.0148612003010864
0.6963458043177767	0.0150098123040973
0.6963643505149810	0.0151599104271378
0.6963828993783376	0.0153115095314093
0.6964014509224008	0.0154646246267234
0.6964200051665059	0.0156192708729905
0.6964385621346753	0.0157754635817202
0.6964571218555468	0.0159332182175369
0.6964756843623273	0.0160925503997125
0.6964942496925126	0.0162534759037096
0.6965128177010570	0.0164160106627468
0.6965313879239913	0.0165801707693743
0.6965499604452056	0.0167459724770685
0.6965685353461606	0.0169134322018392
0.6965871127065488	0.0170825665238576
0.6966056926049173	0.0172533921890963
0.6966242751192596	0.0174259261109877
0.6966428603275847	0.0176001853720977
0.6966614483081163	0.0177761872258189
0.6966800391395300	0.0179539490980774
0.6966986329012144	0.0181334885890576
0.6967172296735552	0.0183148234749484
0.6967358295015779	0.0184979717096977
0.6967544324102359	0.0186829514267947
0.6967730384281628	0.0188697809410628
0.6967916475880745	0.0190584787504729
0.6968102599269478	0.0192490635379775
0.6968288754845479	0.0194415541733568
0.6968474943009485	0.0196359697150904
0.6968661164264285	0.0198323294122408
0.6968847419158447	0.0200306527063632
0.6969033708287946	0.0202309592334267
0.6969220032296373	0.0204332688257610
0.6969406391873180	0.0206376015140191
0.6969592787706000	0.0208439775291597
0.6969779220484273	0.0210524173044518
0.6969965690906634	0.0212629414774964
0.6970152199687926	0.0214755708922709
0.6970338747565935	0.0216903266011941
0.6970525335305042	0.0219072298672067
0.6970711963465289	0.0221263021658786
0.6970898632177016	0.0223475651875372
0.6971085341680411	0.0225710408394120
0.6971272092321239	0.0227967512478067
0.6971458884520448	0.0230247187602842
0.6971645713911983	0.0232549659478876
0.6971832576354747	0.0234875156073666
0.6972019472994667	0.0237223907634397
0.6972206404983655	0.0239596146710741
0.6972393373485586	0.0241992108177846
0.6972580379682478	0.0244412029259630
0.6972767424780929	0.0246856149552230
0.6972954510018531	0.0249324711047746
0.6973141636665311	0.0251817958158225
0.6973328805976610	0.0254336137739811
0.6973516019189072	0.0256879499117204
0.6973703277532757	0.0259448294108375
0.6973890504138140	0.0262042777049464
0.6974077703697821	0.0264663204819963
0.6974264952512425	0.0267309836868165
0.6974452250952906	0.0269982935236851
0.6974639599508859	0.0272682764589215
0.6974826998785020	0.0275409592235109
0.6975014449499333	0.0278163688157455
0.6975201952425849	0.0280945325039038
0.6975389508384939	0.0283754778289433
0.6975577118253226	0.0286592326072332
0.6975764782967835	0.0289458249333053
0.6975952503531591	0.0292352831826384
0.6976140281018711	0.0295276360144651
0.6976328116580841	0.0298229123746105
0.6976516010912612	0.0301211414983561
0.6976703954895532	0.0304223529133395
0.6976891946137379	0.0307265764424735
0.6977079985900546	0.0310338422068973
0.6977268075501264	0.0313441806289658
0.6977456211984256	0.0316576224352554
0.6977644380943945	0.0319741986596081
0.6977832603881909	0.0322939406462038
0.6978020882406275	0.0326168800526658
0.6978209218176669	0.0329430488531928
0.6978397612854762	0.0332724793417252
0.6978586068122080	0.0336052041351430
0.6978774585697261	0.0339412561764954
0.6978963166644961	0.0342806687382607
0.6979151811703856	0.0346234754256426
0.6979340521790944	0.0349697101799000
0.6979529297999623	0.0353194072816992
0.6979718141518531	0.0356726013545153
0.6979907053626370	0.0360293273680606
0.6980096035699913	0.0363896206417412
0.6980285089221886	0.0367535168481581
0.6980474214209015	0.0371210520166398
0.6980663397304728	0.0374922625368056
0.6980852641310773	0.0378671851621735
0.6981041949005063	0.0382458570137957
0.6981231321858475	0.0386283155839328
0.6981420662545365	0.0390145987397716
0.6981609946210859	0.0394047447271687
0.6981799303036491	0.0397987921744393
0.6981988734549121	0.0401967800961840
0.6982178242443114	0.0405987478971463
0.6982367828580074	0.0410047353761184
0.6982557494895577	0.0414147827298805
0.6982747243396701	0.0418289305571805
0.6982937076183136	0.0422472198627535
0.6983126994984410	0.0426696920613801
0.6983317000674160	0.0430963889819944
0.6983507094407528	0.0435273528718148
0.6983697277579678	0.0439626264005325
0.6983887551738018	0.0444022526645377
0.6984077899315769	0.0448462751911830
0.6984268322524776	0.0452947379430937
0.6984458824508391	0.0457476853225239
0.6984649408505605	0.0462051621757495
0.6984840077863942	0.0466672137975080
0.6985030835084824	0.0471338859354818
0.6985221681994361	0.0476052247948353
0.6985412620627390	0.0480812770427835
0.6985603653235338	0.0485620898132110
0.6985794782296588	0.0490477107113445
0.6985986010523163	0.0495381878184587
0.6986177340723917	0.0500335696966440
0.6986368775829170	0.0505339053936094
0.6986560318295486	0.0510392444475454
0.6986751962052415	0.0515496368920209
0.6986943435350611	0.0520651332609402
0.6987134961281137	0.0525857845935509
0.6987326584907525	0.0531116424394863
0.6987518309385234	0.0536427588638802
0.6987710138000758	0.0541791864525175
0.6987902074198904	0.0547209783170419
0.6988094121611370	0.0552681881002133
0.6988286248712121	0.0558208699812153
0.6988478482985223	0.0563790786810286
0.6988670836264966	0.0569428694678390
0.6988863311085942	0.0575122981625182
0.6989055910292735	0.0580874211441432
0.6989248637059264	0.0586682953555838
0.6989441480690392	0.0592549783091386
0.6989634431778339	0.0598475280922290
0.6989827495726432	0.0604460033731501
0.6990020676361220	0.0610504634068802
0.6990213977174268	0.0616609680409474
0.6990407402016354	0.0622775777213555
0.6990600955105315	0.0629003534985705
0.6990794640854836	0.0635293570335580
0.6990988463892351	0.0641646506038950
0.6991182230068035	0.0648062971099325
0.6991375935024324	0.0654543600810310
0.6991569792877829	0.0661089036818401
0.6991763803496063	0.0667699927186587
0.6991957941375541	0.0674376926458451
0.6992152211755321	0.0681120695723021
0.6992346620111827	0.0687931902680250
0.6992541172206965	0.0694811221707039
0.6992735874117050	0.0701759333924090
0.6992930729613724	0.0708776927263329
0.6993125742689548	0.0715864696535952
0.6993320917780489	0.0723023343501315
0.6993516259800882	0.0730253576936320
0.6993711774162862	0.0737556112705703
0.6993907435029486	0.0744931673832762
0.6994103244722064	0.0752380990571103
0.6994299208509404	0.0759904800476835
0.6994495332136415	0.0767503848481610
0.6994691551544178	0.0775178886966429
0.6994887524111498	0.0782930675836080
0.6995083644204924	0.0790759982594461
0.6995279922407879	0.0798667582420421
0.6995476394932416	0.0806654258244632
0.6995673065843320	0.0814720800827075
0.6995869920673012	0.0822868008835336
0.6996066945000253	0.0831096688923669
0.6996264146879279	0.0839407655812920
0.6996461534702444	0.0847801732371067
0.6996659116918149	0.0856279749694797
0.6996856899199058	0.0864842547191723
0.6997054888044393	0.0873490972663615
0.6997253090494240	0.0882225882390262
0.6997451514201398	0.0891048141214164
0.6997650124806342	0.0899958622626304
0.6997848535231491	0.0908958208852554
0.6998046977204061	0.0918047790941096
0.6998245633117413	0.0927228268850496
0.6998444510653237	0.0936500551539019
0.6998643618166279	0.0945865557054427
0.6998842964763918	0.0955324212624974
0.6999042559405368	0.0964877454751246
0.6999242408343554	0.0974526229298737
0.6999442469442304	0.0984271491591726
0.6999642752890386	0.0994114206507634
0.6999843269875808	0.1004055348572685
0.7000044032327847	0.1014095902058407
0.7000244972234533	0.1024236861078978
0.7000446013199956	0.1034479229689783
0.7000646777679532	0.1044824021986705
0.7000847829738794	0.1055272262206585
0.7001049144449837	0.1065824984828659
0.7001250711790814	0.1076483234676942
0.7001452545295550	0.1087248067023730
0.7001654654772079	0.1098120547693992
0.7001857051156395	0.1109101753170914
0.7002059746585880	0.1120192770702631
0.7002262754006131	0.1131394698409663
0.7002466038670020	0.1142708645393792
0.7002669598449640	0.1154135731847723
0.7002873218028540	0.1165677089166224
0.7003076590676333	0.1177333860057909
0.7003280283704045	0.1189107198658470
0.7003484311714414	0.1200998270645056
0.7003688686749265	0.1213008253351491
0.7003893403412245	0.1225138335885037
0.7004098424520020	0.1237389719243891
0.7004303685830989	0.1249763616436324
0.7004509244432766	0.1262261252600662
0.7004715156300215	0.1274883865126634
0.7004921435560461	0.1287632703777896
0.7005127488155698	0.1300509030815670
0.7005333619138401	0.1313514121123837
0.7005540094979867	0.1326649262335050
0.7005746936369632	0.1339915754958415
0.7005954160006838	0.1353314912507964
0.7006161782456160	0.1366848061633041
0.7006369822156843	0.1380516542249382
0.7006578266897526	0.1394321707671897
0.7006787087936304	0.1408264924748632
0.7006996304270540	0.1422347573996153
0.7007204983320733	0.1436571049736086
0.7007414045525282	0.1450936760233441
0.7007623542183188	0.1465446127835792
0.7007833391207750	0.1480100589114161
0.7008043657730305	0.1494901595005289
0.7008254354735897	0.1509850610955374
0.7008465506906832	0.1524949117064958
0.7008677140651021	0.1540198608235598
0.7008889121352768	0.1555600594317953
0.7009100614729754	0.1571156600261150
0.7009312597003582	0.1586868166263752
0.7009525058866709	0.1602736847926384
0.7009738029460221	0.1618764216405667
0.7009951535865137	0.1634951858569720
0.7010165601726871	0.1651301377155457
0.7010380185640505	0.1667814390927015
0.7010595220943447	0.1684492534836260
0.7010809515272393	0.1701337460184647
0.7011024294726044	0.1718350834786458
0.7011239672418824	0.1735534343134329
0.7011455677016010	0.1752889686565632
0.7011672238983586	0.1770418583431295
0.7011889382991683	0.1788122769265626
0.7012107141357429	0.1806003996958245
0.7012325014687966	0.1824064036927861
0.7012542673629767	0.1842304677297115
0.7012761009271000	0.1860727724070096
0.7012979970915070	0.1879335001310838
0.7013199543950214	0.1898128351323994
0.7013419642691552	0.1917109634837255
0.7013640478778113	0.1936280731185600
0.7013861505173468	0.1955643538497485
0.7014082194639526	0.1975199973882508
0.7014303605437360	0.1994951973621345
0.7014525778370042	0.2014901493357531
0.7014748758340875	0.2035050508291072
0.7014972493065939	0.2055401013373933
0.7015196982112795	0.2075955023507673
0.7015421160031526	0.2096714573742783
0.7015645415984643	0.2117681719480250
0.7015870481302336	0.2138858536675073
0.7016096390129808	0.2160247122041850
0.7016323127860422	0.2181849593262311
0.7016550747286021	0.2203668089194933
0.7016778479350475	0.2225704770086903
0.7017006127297023	0.2247961817787774
0.7017234704811051	0.2270441435965644
0.7017464204221010	0.2293145850325252
0.7017694593377486	0.2316077308828463
0.7017925805317889	0.2339238081916729
0.7018156909934993	0.2362630462735848
0.7018388120238880	0.2386256767363247
0.7018620359866394	0.2410119335036879
0.7018853696558793	0.2434220528387287
0.7019088185855660	0.2458562733671144
0.7019323719693293	0.2483148361007813
0.7019558353883584	0.2507979844617916
0.7019793698025451	0.2533059643064081
0.7020030224537115	0.2558390239494681
0.7020267959283002	0.2583974141889671
0.7020506875199056	0.2609813883308549
0.7020745612391731	0.2635912022141645
0.7020984719586194	0.2662271142363037
0.7021225232062946	0.2688893853786629
0.7021466927819988	0.2715782792324475
0.7021709632987775	0.2742940620247783
0.7021952386468305	0.2770370026450247
0.7022195405972911	0.2798073726714704
0.7022439876352780	0.2826054463981797
0.7022685800044347	0.2854315008621566
0.7022933277639202	0.2882858158707836
0.7023180332167001	0.2911686740294977
0.7023427748042710	0.2940803607697969
0.7023676714966145	0.2970211643774924
0.7023927358830865	0.2999913760212724
0.7024179634399050	0.3029912897814787
0.7024430790025115	0.3060212026792914
0.7024683628358394	0.3090814147060780
0.7024937896253501	0.3121722288531368
0.7025193970827355	0.3152939511416670
0.7025450077936494	0.3184468906530803
0.7025706662569696	0.3216313595596157
0.7025965227858761	0.3248476731552132
0.7026225935807089	0.3280961498867657
0.7026487292225865	0.3313771113856332
0.7026748013922902	0.3346908824994890
0.7027010902887456	0.3380377913244832
0.7027276144051401	0.3414181692377342
0.7027543233088519	0.3448323509301108
0.7027809054216250	0.3482806744394156
0.7028076770591397	0.3517634811838061
0.7028347069525307	0.3552811159956369
0.7028619422841419	0.3588339271555906
0.7028890643021724	0.3624222664271489
0.7029164441557979	0.3660464890914273
0.7029440419871826	0.3697069539823458
0.7029718109835777	0.3734040235221628
0.7029995193196402	0.3771380637573876
0.7030275259606067	0.3809094443949687
0.7030558188775685	0.3847185388389217
0.7030841299359744	0.3885657242273104
0.7031125002523435	0.3924513814695762
0.7031412041641363	0.3963758952842736
0.7031702488140079	0.4003396542371240
0.7031991323940180	0.4043430507794879
0.7032282551596789	0.4083864812872842
0.7032577540302215	0.4124703461001618
0.7032874610288106	0.4165950495611624
0.7033171019199485	0.4207610000567680
0.7033470848305902	0.4249686100573408
0.7033774969870875	0.4292182961579160
0.7034077998333443	0.4335104791194904
0.7034383822148411	0.4378455839106876
0.7034693550606786	0.4422240397497934
0.7035004554391089	0.4466462801472980
0.7035317201496324	0.4511127429487715
0.7035633619582771	0.4556238703782598
0.7035952943873031	0.4601801090820378
0.7036272361314266	0.4647819101728650
0.7036596800830466	0.4694297292746003
0.7036924834778802	0.4741240265673497
0.7037251550690857	0.4788652668330189
0.7037584268918096	0.4836539195013464
0.7037921679439846	0.4884904586963674
0.7038256974992455	0.4933753632833239
0.7038598628512081	0.4983091169161500
0.7038946006298483	0.5032922080853031
0.7039290950882191	0.5083251301661524
0.7039642414029080	0.5134083814678070
0.7040000833236214	0.5185424652824789
0.7040356034155622	0.5237278899352967
0.7040718756936426	0.5289651688346455
0.7041088392992866	0.5342548205229898
0.7041455462797493	0.5395973687282206
0.7041831015031746	0.5449933424155097
0.7042212169632505	0.5504432758396652
0.7042592669025133	0.5559477085980626
0.7042983122923138	0.5615071856840387
0.7043376323472891	0.5671222575408741
0.7043772260717291	0.5727934801162761
0.7044179385566134	0.5785214149174458
0.7044585739164231	0.5843066290666162
0.7044999744953629	0.5901496953572754
0.7045424301552008	0.5960511923108546
0.7045846119201349	0.6020117042339673
0.7046280390162936	0.6080318212763137
0.7046720317213597	0.6141121394890805
0.7047164741272312	0.6202532608839753
0.7047621026357378	0.6264557934928092
0.7048079522166244	0.6327203514277416
0.7048547534898817	0.6390475549420167
0.7049028186638167	0.6454380304914383
0.7049509608799419	0.6518924107963548
0.7050007649930322	0.6584113349043240
0.7050509143129601	0.6649954482533704
0.7051023325575896	0.6716454027359059
0.7051551967675755	0.6783618567632587
0.7052081338025603	0.6851454753308964
0.7052634627952193	0.6919969300841993
0.7053188985911727	0.6989168993850466
0.7053761496450874	0.7059060683788958
0.7054350251733837	0.7129651290626789
0.7054945771085405	0.7200947803533027
0.7055573813168571	0.7272957281568415
0.7056193038532284	0.7345686854384154
0.7056849886940318	0.7419143722927984
0.7057513154271468	0.7493335160157327
0.7058202064224254	0.7568268511758856
0.7058917907295610	0.7643951196876438
0.7059641067668201	0.7720390708845233
0.7060412414771698	0.7797594615933741
0.7061185215007991	0.7875570562093033
0.7062007273470138	0.7954326267713950
0.7062841071427036	0.8033869530391100
0.7063728531877156	0.8114208225694983
0.7064629935413037	0.8195350307951941
0.7065599241757732	0.8277303811031496
0.7066605071350365	0.8360076849141831
0.7067649304584559	0.8443677617633285
0.7068769556489040	0.8528114393809583
0.7069937315526716	0.8613395537747668
0.7071213262465670	0.8699529493125175
0.7072521873616670	0.8786524788056405
0.7073991465004178	0.8874390035936971
0.7075480600745579	0.8963133936296365
0.7077118181038945	0.9060183100143361
0.7079141843730355	0.9150784931144772
0.7081156802032000	0.9242292780456194
0.7083479471887718	0.9334715708260760
0.7086075164917111	0.9428062865343375
0.7089196215501407	0.9602902376470678
0.7089659562944399	0.9511330738841575
0.7091956694281863	0.9577862261984190
0.7095326343091281	0.9662592298277364
0.7099377287113772	0.9789848958957018
0.7101614489698471	0.9846020541475209
0.7103261557489523	0.9819206631466896
0.7104796291813247	0.9763518784649067
0.7109239736053954	0.9814601597485593
0.7113420748740625	0.9880031038879019
0.7121998213717584	0.9947052920763242
0.7131493607730699	0.9961728582532079
0.7139376217411056	0.9977015373710250
0.7184089024312323	0.9994740622962068
0.7195374123713387	0.9996985889391541
0.7220243689289781	0.9998087723786916
0.7298228905978603	0.9999552439815386
0.7310808134563975	0.9999823522026996
0.7415111204034275	0.9999952923945529
0.7442379718762541	0.9999978787662666
0.7508400666097271	0.9999993909971744
0.7528337718882647	0.9999997217927197
0.7593878445583079	0.9999999192601122
0.7617057435068368	0.9999999628836355
0.7685647140568043	0.9999999889519230
0.7707083955928624	0.9999999948899674
0.7773411723598431	0.9999999984611267
0.7795431490207819	0.9999999992906748
0.7863463163443708	0.9999999997861777
0.7888925143966443	0.9999999999018084
0.7957218097191175	0.9999999999704686
0.7985010943972503	0.9999999999864712
0.8052891562530585	0.9999999999959418
0.8081840935329242	0.9999999999981428
0.8149157468285428	0.9999999999994440
0.8178296142923285	0.9999999999997455
0.8236378991338352	1.0000000000001006
0.8257354968230607	1.0000000000001648
0.8367505269542934	1.0000000000001938
0.8385293359256780	1.0000000000002007
0.8437563508402349	1.0000000000002078
0.8445139265385285	1.0000000000002189
0.8452079636841789	1.0000000000002212
0.8455038453897012	1.0000000000002425
0.8458300336469242	1.0000000000002454
0.8481356444887721	1.0000000000002702
0.8485238432465363	1.0000000000002738
0.8543621333785911	1.0000000000002893
0.8551057231221835	1.0036427732082784
0.8554734519807865	1.0004692254528278
0.8806400519149571	1.0000781705061916
0.8808687442102517	1.0000771171720864
0.9033410671469250	0.9998239288114266
0.9611145279779425	0.9999833165900679
0.9618774541050681	1.0000039438947124
2.2213870535602025	0.9604073155650149
2.2213870535602025	0.9898075395108827
2.2217012974545627	1.0002875480415938
2.2335615048172874	1.0000404173741246
2.3067541663991968	0.9856834302437145
2.3069190618789444	0.9980985946551756
2.3076271481700834	0.9997945834293831
2.3412360392799725	0.9999890403787268
2.5107773059164935	0.9999991843922893
2.6401346431826567	1.0000006635036900
2.6793573551483427	1.0000008264267126
2.7098926307920634	1.0000008749156937
2.7193803963950951	1.0000008811805257
2.7438489107368960	1.0000008829051246
2.7540867196684085	1.0000008831280429
2.7778363874198688	1.0000008831893961
2.7880758482138401	1.0000008831973262
2.8118211077985737	1.0000008831995093
2.8220559840921431	1.0000008831997913
2.8292637661169926	1.0000171834133842
2.8292637661655866	1.0000192901517446
2.8510735727248893	1.0000195623521293
2.8728998043256997	1.0000195975249908
2.8947235125897124	1.0000196020697705
2.9165473721272011	1.0000196026570343
3.4657982943617163	0.9604191933268953
3.4657982943617163	0.9850993642945433
3.4659584138551094	0.9949503579374925
3.4666881398791438	0.9999771022750159
3.6578489113656216	1.0000008336925155
3.7686508249431308	1.0000384122842578
4.0330654052293111	0.9604376276981994
4.0330654052293111	0.9852158745704187
4.0332256911768276	0.9950680333161270
4.0339723693354994	0.9999764881046443
4.0526823253178739	1.0000143379394320
4.0641613345055481	1.0000002011980849
7.6422733407801804	0.9999999193515934
