0.0000000000000000	0.0000000000000000
0.7059182293561319	0.0000300000000000
0.7061451188375109	0.0000084815309350
0.7074318826824988	0.0000177750926129
0.7074619265833781	0.0000248546011106
0.7077373822192360	0.0000208185400178
0.7079370514434346	0.0000283498088230
0.7082807452745445	0.0000260359714810
0.7087439553347805	0.0000406643329285
0.7089151305696613	0.0000360718188649
0.7093536857436220	0.0000534015391125
0.7094685450654827	0.0000457342978351
0.7095361973436161	0.0000476870741475
0.7099981688112724	0.0000576870741475
0.7103180040729293	0.0000661669810049
0.7105537290509303	0.0000761669810049
0.7108432104049581	0.0000861669810049
0.7110665371876619	0.0000961669810049
0.7112769527329422	0.0001061669810049
0.7114517255728519	0.0001161669810049
0.7116194548266044	0.0001261669810049
0.7117673162501598	0.0001361669810049
0.7119064758072311	0.0001461669810049
0.7120347894356410	0.0001561669810049
0.7121543092602580	0.0001661669810049
0.7122668873379514	0.0001761669810049
0.7123730137310461	0.0001861669810049
0.7124734689937581	0.0001961669810049
0.7125677734765861	0.0002061669810049
0.7126588959694473	0.0002161669810049
0.7127445467306545	0.0002261669810049
0.7128277626864264	0.0002361669810049
0.7129055217757582	0.0002461669810049
0.7129821445651222	0.0002561669810049
0.7130539457664028	0.0002661669810049
0.7131248858715910	0.0002761669810049
0.7131912186488163	0.0002861669810049
0.7132570628812219	0.0002961669810049
0.7133189745863358	0.0003061669810049
0.7133801429349196	0.0003161669810049
0.7134381762533820	0.0003261669810049
0.7134954068250714	0.0003361669810049
0.7135501314350630	0.0003461669810049
0.7136038602361681	0.0003561669810049
0.7136556505766553	0.0003661669810049
0.7137064832251048	0.0003761669810049
0.7137556168177478	0.0003861669810049
0.7138036641718986	0.0003961669810049
0.7138503991820115	0.0004061669810049
0.7138960907082582	0.0004161669810049
0.7139406423514676	0.0004261669810049
0.7139840725393949	0.0004361669810049
0.7140266341200596	0.0004461669810049
0.7140681197374722	0.0004561669810049
0.7141088323290778	0.0004661669810049
0.7141483855600398	0.0004761669810049
0.7141874079403709	0.0004861669810049
0.7142253392346181	0.0004961669810049
0.7142628332962573	0.0005061669810049
0.7142992071595691	0.0005161669810049
0.7143352822219645	0.0005261669810049
0.7143702572196556	0.0005361669810049
0.7144050037898800	0.0005461669810049
0.7144386521776718	0.0005561669810048
0.7144721925693768	0.0005661669810048
0.7145045643912356	0.0005761669810048
0.7145368289923385	0.0005861669810048
0.7145681434706023	0.0005961669810048
0.7145993898583408	0.0006061669810048
0.7146296129647332	0.0006161669810048
0.7146597376636962	0.0006261669810048
0.7146891446576807	0.0006361669810048
0.7147182249911234	0.0006461669810048
0.7147467698436348	0.0006561669810048
0.7147749254141276	0.0006661669810049
0.7148026220818152	0.0006761669810049
0.7148299314330916	0.0006861669810048
0.7148568564696967	0.0006961669810049
0.7148833400502238	0.0007061669810049
0.7149095356361138	0.0007161669810049
0.7149352535528324	0.0007261669810048
0.7149606919555523	0.0007361669810049
0.7149857887302563	0.0007461669810049
0.7150104973470039	0.0007561669810049
0.7150349073847860	0.0007661669810049
0.7150590659232146	0.0007761669810049
0.7150827517633840	0.0007861669810049
0.7151062968192253	0.0007961669810049
0.7151294770288952	0.0008061669810049
0.7151524043534245	0.0008161669810049
0.7151749179496049	0.0008261669810049
0.7151973503394810	0.0008361669810049
0.7152193733220501	0.0008461669810049
0.7152413104376696	0.0008561669810049
0.7152627294707108	0.0008661669810049
0.7152841211464378	0.0008761669810049
0.7153050751028271	0.0008861669810049
0.7153260088288921	0.0008961669810050
0.7153465319723485	0.0009061669810050
0.7153670007002422	0.0009161669810050
0.7153871021195355	0.0009261669810050
0.7154070638487646	0.0009361669810050
0.7154267016636058	0.0009461669810050
0.7154462364731859	0.0009561669810050
0.7154654875822183	0.0009661669810050
0.7154846193777331	0.0009761669810050
0.7155034941886226	0.0009861669810050
0.7155222248232891	0.0009961669810050
0.7155407354815687	0.0010061669810050
0.7155590900035219	0.0010162286508150
0.7155773627771567	0.0010263909373232
0.7155956361754711	0.0010366548466964
0.7156139334593654	0.0010470213951634
0.7156322011722019	0.0010574916091150
0.7156505281565411	0.0010680665252062
0.7156687773088145	0.0010787471904583
0.7156871393057391	0.0010895346623629
0.7157053735941777	0.0011004300089865
0.7157237127207318	0.0011114343090764
0.7157419857716661	0.0011225486521672
0.7157602984539487	0.0011337741386888
0.7157786219764054	0.0011451118800757
0.7157969022069736	0.0011565629988765
0.7158152679570661	0.0011681286288652
0.7158335316099875	0.0011798099151539
0.7158518587947823	0.0011916080143055
0.7158701871260026	0.0012035240944485
0.7158884788038634	0.0012155593353930
0.7159068345834264	0.0012277149287469
0.7159251302160997	0.0012399920780343
0.7159434464487873	0.0012523919988147
0.7159618165402069	0.0012649159188029
0.7159800961846488	0.0012775650779909
0.7159984242451900	0.0012903407287708
0.7160167892264304	0.0013032441360585
0.7160350771457620	0.0013162765774191
0.7160534076689534	0.0013294393431933
0.7160717762219855	0.0013427337366252
0.7160900708547312	0.0013561610739915
0.7161083969038466	0.0013697226847314
0.7161267550158463	0.0013834199115787
0.7161450788682516	0.0013972541106944
0.7161633959941579	0.0014112266518013
0.7161817402848637	0.0014253389183194
0.7162001065942674	0.0014395923075025
0.7162184120101323	0.0014539882305776
0.7162367406470399	0.0014685281128833
0.7162550877281318	0.0014832133940122
0.7162734525410558	0.0014980455279523
0.7162917672681669	0.0015130259832318
0.7163100954580524	0.0015281562430641
0.7163284390204668	0.0015434378054947
0.7163467933842947	0.0015588721835496
0.7163651435002920	0.0015744609053852
0.7163834682332995	0.0015902055144390
0.7164018020444309	0.0016061075695834
0.7164201459439078	0.0016221686452792
0.7164384957384968	0.0016383903317320
0.7164568523485565	0.0016547742350493
0.7164751975231174	0.0016713219773998
0.7164935291031554	0.0016880351971737
0.7165118671246749	0.0017049155491455
0.7165302088855141	0.0017219647046369
0.7165485548439297	0.0017391843516833
0.7165669029804989	0.0017565761952002
0.7165852536590481	0.0017741419571522
0.7166036053239475	0.0017918833767237
0.7166219581151033	0.0018098022104910
0.7166403110458941	0.0018279002325959
0.7166586536782659	0.0018461792349219
0.7166769974920610	0.0018646410272711
0.7166953427987419	0.0018832874375439
0.7167136894567492	0.0019021203119193
0.7167320372657463	0.0019211415150384
0.7167503860202521	0.0019403529301888
0.7167687358121220	0.0019597564594907
0.7167870851741431	0.0019793540240856
0.7168054343659921	0.0019991475643265
0.7168237829637384	0.0020191390399697
0.7168421316844780	0.0020393304303694
0.7168604797583602	0.0020597237346731
0.7168788282862767	0.0020803209720198
0.7168971761014814	0.0021011241817400
0.7169155243127873	0.0021221354235573
0.7169338721065726	0.0021433567777929
0.7169522201040258	0.0021647903455708
0.7169705681465645	0.0021864382490265
0.7169889161459385	0.0022083026315168
0.7170072646852561	0.0022303856578320
0.7170256129265977	0.0022526895144103
0.7170439616680655	0.0022752164095543
0.7170623104165846	0.0022979685736499
0.7170806593463438	0.0023209482593865
0.7170990088994789	0.0023441577419803
0.7171173583009977	0.0023675993194001
0.7171357081739459	0.0023912753125941
0.7171540583794564	0.0024151880657200
0.7171724086952116	0.0024393399463773
0.7171907596275465	0.0024637333458411
0.7172091107386843	0.0024883706792995
0.7172274620785515	0.0025132543860925
0.7172458140608697	0.0025383869299535
0.7172641662114340	0.0025637707992529
0.7172825186178359	0.0025894085072454
0.7173008716250103	0.0026153025923178
0.7173192249351552	0.0026414556182409
0.7173375784668344	0.0026678701744233
0.7173559325076219	0.0026945488761675
0.7173742871210217	0.0027214943649292
0.7173926418761709	0.0027487093085785
0.7174109970194363	0.0027761964016643
0.7174293527804455	0.0028039583656809
0.7174477089398394	0.0028319979493378
0.7174660653457028	0.0028603179288313
0.7174844222033435	0.0028889211081195
0.7175027796549672	0.0029178103192008
0.7175211375986722	0.0029469884223928
0.7175394958249184	0.0029764583066168
0.7175578544629339	0.0030062228896829
0.7175762136426085	0.0030362851185797
0.7175945734464660	0.0030666479697654
0.7176129337017355	0.0030973144494631
0.7176312943153170	0.0031282875939578
0.7176496553714087	0.0031595704698973
0.7176680169522814	0.0031911661745962
0.7176863791101494	0.0032230778363420
0.7177047418946174	0.0032553086147055
0.7177231052213829	0.0032878617008526
0.7177414689653994	0.0033207403178612
0.7177598331833501	0.0033539477210398
0.7177781979150292	0.0033874871982502
0.7177965631953301	0.0034213620702327
0.7178149290485027	0.0034555756909349
0.7178332954939933	0.0034901314478443
0.7178516625452948	0.0035250327623227
0.7178700302103981	0.0035602830899458
0.7178883984961093	0.0035958859208454
0.7179067674033652	0.0036318447800538
0.7179251369355791	0.0036681632278545
0.7179435070895778	0.0037048448601329
0.7179618778400623	0.0037418933087343
0.7179802492018242	0.0037793122418217
0.7179986211859538	0.0038171053642399
0.7180169937971893	0.0038552764178821
0.7180353670302784	0.0038938291820609
0.7180537408904143	0.0039327674738815
0.7180721153728863	0.0039720951486204
0.7180904904851162	0.0040118161001067
0.7181088662234709	0.0040519342611078
0.7181272425915661	0.0040924536037188
0.7181456195901719	0.0041333781397559
0.7181639972240514	0.0041747119211536
0.7181823754964605	0.0042164590403651
0.7182007544169411	0.0042586236307688
0.7182191339866950	0.0043012098670765
0.7182375142151487	0.0043442219657472
0.7182558951066256	0.0043876641854046
0.7182742766679895	0.0044315408272587
0.7182926589096160	0.0044758562355313
0.7183110418353745	0.0045206147978865
0.7183294254558481	0.0045658209458654
0.7183478097787500	0.0046114791553242
0.7183661948114837	0.0046575939468775
0.7183845805670274	0.0047041698863464
0.7184029670520338	0.0047512115852099
0.7184213542762161	0.0047987237010620
0.7184397422539790	0.0048467109380727
0.7184581309924848	0.0048951780474533
0.7184765205028890	0.0049441298279278
0.7184949108003528	0.0049935711262070
0.7185133018939404	0.0050435068374692
0.7185316937953578	0.0050939419058440
0.7185500865195978	0.0051448813249024
0.7185684800785563	0.0051963301381516
0.7185868744836600	0.0052482934395332
0.7186052697491592	0.0053007763739285
0.7186236658908463	0.0053537841376676
0.7186420629194330	0.0054073219790443
0.7186604608481695	0.0054613951988346
0.7186788596921738	0.0055160091508231
0.7186972594671225	0.0055711692423312
0.7187156601836656	0.0056268809347543
0.7187340607277233	0.0056831497441019
0.7187524601226200	0.0057399812415429
0.7187708605527560	0.0057973810539582
0.7187892620240633	0.0058553548644977
0.7188076645417384	0.0059139084131428
0.7188260681122214	0.0059730474972742
0.7188444727284505	0.0060327779722470
0.7188628783824271	0.0060931057519694
0.7188812850684971	0.0061540368094892
0.7188996927804068	0.0062155771775840
0.7189181015145641	0.0062777329493597
0.7189365112696767	0.0063405102788534
0.7189549220465243	0.0064039153816420
0.7189733338476666	0.0064679545354583
0.7189917466773249	0.0065326340808129
0.7190101605411361	0.0065979604216212
0.7190285754460353	0.0066639400258373
0.7190469911337655	0.0067305794260958
0.7190654076565368	0.0067978852203567
0.7190838252405997	0.0068658640725602
0.7191022438971948	0.0069345227132857
0.7191206636386452	0.0070038679404184
0.7191390844784659	0.0070739066198227
0.7191575064311752	0.0071446456860210
0.7191759295123612	0.0072160921428813
0.7191943537384075	0.0072882530643101
0.7192127791264536	0.0073611355949531
0.7192312056942389	0.0074347469509026
0.7192496334601564	0.0075090944204117
0.7192680624424270	0.0075841853646160
0.7192864926582792	0.0076600272182621
0.7193049241241796	0.0077366274904444
0.7193233568560757	0.0078139937653489
0.7193417908696417	0.0078921337030022
0.7193602261804245	0.0079710550400321
0.7193786628041102	0.0080507655904324
0.7193971007565705	0.0081312732463366
0.7194155400540945	0.0082125859787998
0.7194339807134641	0.0082947118385878
0.7194524225950797	0.0083776589569737
0.7194708655340299	0.0084614355465436
0.7194893095703982	0.0085460499020089
0.7195077547431346	0.0086315104010289
0.7195262010901736	0.0087178255050390
0.7195446486485940	0.0088050037600891
0.7195630974548237	0.0088930537976902
0.7195815475446997	0.0089819843356673
0.7195999989536656	0.0090718041790240
0.7196184517169384	0.0091625222208142
0.7196369058695931	0.0092541474430223
0.7196553614467448	0.0093466889174526
0.7196738184836486	0.0094401558066269
0.7196922770154974	0.0095345573646931
0.7197107370647920	0.0096299029383398
0.7197291986357134	0.0097262019677232
0.7197476617340273	0.0098234639874004
0.7197661263671261	0.0099216986272742
0.7197845925440746	0.0100209156135467
0.7198030602756041	0.0101211247696822
0.7198215295741578	0.0102223360173789
0.7198400004539505	0.0103245593775527
0.7198584729310226	0.0104278049713286
0.7198769470232271	0.0105320830210418
0.7198954227502947	0.0106374038512523
0.7199139001337822	0.0107437778897647
0.7199323791969644	0.0108512156686621
0.7199508599647152	0.0109597278253490
0.7199693424634604	0.0110693251036026
0.7199878267211551	0.0111800183546384
0.7200063127672810	0.0112918185381848
0.7200248006328568	0.0114047367235666
0.7200432903504319	0.0115187840908024
0.7200617819522055	0.0116339719317104
0.7200802754695431	0.0117503116510277
0.7200987709334291	0.0118678147675376
0.7201172683746745	0.0119864929152129
0.7201357678241114	0.0121063578443651
0.7201542693127688	0.0122274214228087
0.7201727728720813	0.0123496956370371
0.7201912785341049	0.0124731925934073
0.7202097863317207	0.0125979245193418
0.7202282962988275	0.0127239037645354
0.7202468084705295	0.0128511428021804
0.7202653228832979	0.0129796542302021
0.7202838395749166	0.0131094507725044
0.7203023585613580	0.0132405452802293
0.7203208798437583	0.0133729507330312
0.7203394034290146	0.0135066802403612
0.7203579293290991	0.0136417470427648
0.7203764575578571	0.0137781645131922
0.7203949881312359	0.0139159461583239
0.7204135210675110	0.0140551056199074
0.7204320563875055	0.0141956566761066
0.7204505941147894	0.0143376132428676
0.7204691342756085	0.0144809893752960
0.7204876768988422	0.0146257992690486
0.7205062220159988	0.0147720572617387
0.7205247696612495	0.0149197778343559
0.7205433198506175	0.0150689756126995
0.7205618720085494	0.0152196653688260
0.7205804262163763	0.0153718620225145
0.7205989825552134	0.0155255806427399
0.7206175411061833	0.0156808364491676
0.7206361019481010	0.0158376448136591
0.7206546651566460	0.0159960212617960
0.7206732308050245	0.0161559814744135
0.7206917989646021	0.0163175412891574
0.7207103697054988	0.0164807167020486
0.7207289430971574	0.0166455238690689
0.7207475192088866	0.0168119791077592
0.7207660980911523	0.0169800988988367
0.7207846797619543	0.0171498998878253
0.7208032642457323	0.0173213988867037
0.7208218515730099	0.0174946128755709
0.7208404417801162	0.0176695590043262
0.7208590349089811	0.0178462545943692
0.7208776310039482	0.0180247171403134
0.7208962301107478	0.0182049643117165
0.7209148322770663	0.0183870139548341
0.7209334304239460	0.0185708840943821
0.7209520283776574	0.0187565929353263
0.7209706297087256	0.0189441588646797
0.7209892344574340	0.0191336004533265
0.7210078426679949	0.0193249364578600
0.7210264543887414	0.0195181858224386
0.7210450696723331	0.0197133676806627
0.7210636885757898	0.0199105013574687
0.7210823111603685	0.0201096063710439
0.7211009374866667	0.0203107024347538
0.7211195676153630	0.0205138094591017
0.7211382016079463	0.0207189475536928
0.7211568394708193	0.0209261370292294
0.7211754812091486	0.0211353983995215
0.7211941268371806	0.0213467523835167
0.7212127763779598	0.0215602199073516
0.7212314298629606	0.0217758221064249
0.7212500873318126	0.0219935803274888
0.7212687479475497	0.0222135161307634
0.7212874117607092	0.0224356512920707
0.7213060788837693	0.0226600078049908
0.7213247494270889	0.0228866078830406
0.7213434235001185	0.0231154739618715
0.7213621012120479	0.0233466287014896
0.7213807826724696	0.0235800949885052
0.7213994679920576	0.0238158959383907
0.7214181572832667	0.0240540548977743
0.7214368506610089	0.0242945954467517
0.7214555482429705	0.0245375414012193
0.7214742501008886	0.0247829168152321
0.7214929562779686	0.0250307459833841
0.7215116668236828	0.0252810534432186
0.7215303817941716	0.0255338639776507
0.7215491012526709	0.0257892026174269
0.7215678252699442	0.0260470946436011
0.7215865539243863	0.0263075655900369
0.7216052873019857	0.0265706412459371
0.7216240254964117	0.0268363476583969
0.7216427686073201	0.0271047111349811
0.7216615167355638	0.0273757582463314
0.7216802699845142	0.0276495158287948
0.7216990284608499	0.0279260109870824
0.7217177922752354	0.0282052710969541
0.7217365615047170	0.0284873238079238
0.7217553361792612	0.0287721970460031
0.7217741152474504	0.0290599190164629
0.7217928987111624	0.0293505182066280
0.7218116867082088	0.0296440233886940
0.7218304793799489	0.0299404636225816
0.7218492768696182	0.0302398682588066
0.7218680793233907	0.0305422669413938
0.7218868868914378	0.0308476896108076
0.7219056975137914	0.0311561665069160
0.7219244999888669	0.0314677281719852
0.7219433034675530	0.0317824054537046
0.7219621128899999	0.0321002295082426
0.7219809284009601	0.0324212318033250
0.7219997501422958	0.0327454441213583
0.7220185781548852	0.0330728985625715
0.7220374124947104	0.0334036275481963
0.7220562532330740	0.0337376638236780
0.7220751004563948	0.0340750404619156
0.7220939542661677	0.0344157908665353
0.7221128147790856	0.0347599487752004
0.7221316821177913	0.0351075482629530
0.7221505564121895	0.0354586237455818
0.7221694378003429	0.0358132099830373
0.7221883255514591	0.0361713420828667
0.7222072191228438	0.0365330555036951
0.7222261187749468	0.0368983860587323
0.7222450246453181	0.0372673699193194
0.7222639368855962	0.0376400436185121
0.7222828556576628	0.0380164440546970
0.7223017811315533	0.0383966084952432
0.7223207134866774	0.0387805745801963
0.7223396529132019	0.0391683803259990
0.7223585996130691	0.0395600641292599
0.7223775538004263	0.0399556647705515
0.7223965156933007	0.0403552214182577
0.7224154855133647	0.0407587736324401
0.7224344633533675	0.0411663613687657
0.7224534493229343	0.0415780249824537
0.7224724435537856	0.0419938052322791
0.7224914461996165	0.0424137432846027
0.7225104574337395	0.0428378807174489
0.7225294758366942	0.0432662595246234
0.7225485013686733	0.0436989221198684
0.7225675262325425	0.0441359113410670
0.7225865414320828	0.0445772704544767
0.7226055649395048	0.0450230431590218
0.7226245970476334	0.0454732735906117
0.7226436379162805	0.0459280063265185
0.7226626877107386	0.0463872863897843
0.7226817466139123	0.0468511592536815
0.7227008148262947	0.0473196708462177
0.7227198925671284	0.0477928675546809
0.7227389800757238	0.0482707962302286
0.7227580776129605	0.0487535041925318
0.7227771854500317	0.0492410392344568
0.7227963037836167	0.0497334496268011
0.7228154327236438	0.0502307841230690
0.7228345705742150	0.0507330919643006
0.7228537172203359	0.0512404228839429
0.7228728729967731	0.0517528271127817
0.7228920382597132	0.0522703553839104
0.7229112133727289	0.0527930589377484
0.7229303987089174	0.0533209895271253
0.7229495946542146	0.0538541994223961
0.7229688014678217	0.0543927414166208
0.7229880173980193	0.0549366688307859
0.7230072421276433	0.0554860355190932
0.7230264784572858	0.0560408958742848
0.7230457266983323	0.0566013048330265
0.7230649647015340	0.0571673178813573
0.7230842024509503	0.0577389910601700
0.7231034516128299	0.0583163809707712
0.7231227118007422	0.0588995447804779
0.7231419834171381	0.0594885402282839
0.7231612667703985	0.0600834256305683
0.7231805621977416	0.0606842598868749
0.7231998700680499	0.0612911024857430
0.7232191907829824	0.0619040135106008
0.7232385247687293	0.0625230536457051
0.7232578724685341	0.0631482841821619
0.7232772341821784	0.0637797670239833
0.7232966101761408	0.0644175646942231
0.7233160006154501	0.0650617403411665
0.7233354029427875	0.0657123577445796
0.7233548177194401	0.0663694813220247
0.7233742455210013	0.0670331761352446
0.7233936869431038	0.0677035078965972
0.7234131425145409	0.0683805429755621
0.7234326126199538	0.0690643484053181
0.7234520940263953	0.0697549918893709
0.7234715505822030	0.0704525418082632
0.7234910235319810	0.0711570672263442
0.7235105133203298	0.0718686378986096
0.7235300204380568	0.0725873242775962
0.7235495430584288	0.0733131975203718
0.7235690804536726	0.0740463294955765
0.7235886331342722	0.0747867927905334
0.7236082016510345	0.0755346607184374
0.7236277865996058	0.0762900073256215
0.7236473886233326	0.0770529073988793
0.7236670083969722	0.0778234364728690
0.7236866418621145	0.0786016708375997
0.7237062916961547	0.0793876875459777
0.7237259602890964	0.0801815644214357
0.7237456446701176	0.0809833800656496
0.7237653456731383	0.0817932138663063
0.7237850631662675	0.0826111460049673
0.7238047477953649	0.0834372574650151
0.7238244518559387	0.0842716300396632
0.7238441758572430	0.0851143463400580
0.7238639203887348	0.0859654898034565
0.7238836861048129	0.0868251447014889
0.7239034737130459	0.0876933961485039
0.7239232819907251	0.0885703301099878
0.7239431092308608	0.0894560334110859
0.7239629561664751	0.0903505937451990
0.7239828236115866	0.0912540996826497
0.7240027124301686	0.0921666406794784
0.7240226235449754	0.0930883070862711
0.7240425578560290	0.0940191901571323
0.7240625159978628	0.0949593820587040
0.7240824679749013	0.0959089758792898
0.7241024101612527	0.0968680656380809
0.7241223742210575	0.0978367462944603
0.7241423611975775	0.0988151137574031
0.7241623722058299	0.0998032648949790
0.7241824082363097	0.1008012975439300
0.7242024629588626	0.1018093105193699
0.7242225420769922	0.1028274036245641
0.7242426487674071	0.1038556776608099
0.7242627790471786	0.1048942344374191
0.7242829338052190	0.1059431767817939
0.7243031141082705	0.1070026085496117
0.7243233210498831	0.1080726346351105
0.7243435103831971	0.1091533609814644
0.7243637014306622	0.1102448945912782
0.7243839231490349	0.1113473435371903
0.7244041765496976	0.1124608169725632
0.7244244569503241	0.1135854251422915
0.7244447652612220	0.1147212793937127
0.7244651028554360	0.1158684921876516
0.7244854712166934	0.1170271771095260
0.7245058717335684	0.1181974488806192
0.7245263055066210	0.1193794233694239
0.7245467713631486	0.1205732176031150
0.7245672453003191	0.1217789497791434
0.7245876906265315	0.1229967392769359
0.7246081620153235	0.1242267066697042
0.7246286628320311	0.1254689737363986
0.7246491993092696	0.1267236634737638
0.7246697728802265	0.1279909001085039
0.7246903835121505	0.1292708091095870
0.7247110271682530	0.1305635172006819
0.7247317057975999	0.1318691523726920
0.7247524210189655	0.1331878438964201
0.7247731731185403	0.1345197223353862
0.7247938709642872	0.1358649195587432
0.7248146111813825	0.1372235687543343
0.7248353922487174	0.1385958044418801
0.7248562111023907	0.1399817624863023
0.7248770696573187	0.1413815801111668
0.7248979700180578	0.1427953959122751
0.7249189144415376	0.1442233498713966
0.7249399042367474	0.1456655833701111
0.7249609195681412	0.1471222392038115
0.7249819052473474	0.1485934615958468
0.7250029022593771	0.1500793962118080
0.7250239453257801	0.1515801901739280
0.7250450367961877	0.1530959920756661
0.7250661786138980	0.1546269519964204
0.7250873677270459	0.1561732215163807
0.7251086025579906	0.1577349537315452
0.7251298861300752	0.1593123032688571
0.7251512056346543	0.1609054263015491
0.7251724737670640	0.1625144805645673
0.7251937982059581	0.1641396253702149
0.7252151760034644	0.1657810216239152
0.7252366052455015	0.1674388318401570
0.7252580704575898	0.1691132201585597
0.7252795925105544	0.1708043523601472
0.7253011745239594	0.1725123958837531
0.7253227817921661	0.1742375198425912
0.7253443469580434	0.1759798950410160
0.7253659703283035	0.1777396939914236
0.7253876549130410	0.1795170909313396
0.7254094040134069	0.1813122618406490
0.7254312196893422	0.1831253844590521
0.7254530948508213	0.1849566383036449
0.7254750330360225	0.1868062046866828
0.7254969158443846	0.1886742667335528
0.7255188237945813	0.1905610094008862
0.7255408048564276	0.1924666194948938
0.7255628542576945	0.1943912856898423
0.7255849717519428	0.1963351985467369
0.7256071616184050	0.1982985505322058
0.7256294284805863	0.2002815360375248
0.7256516133673513	0.2022843513979025
0.7256738753281448	0.2043071949118779
0.7256962119515306	0.2063502668610014
0.7257186279619133	0.2084137695296086
0.7257411194033582	0.2104979072249025
0.7257636776567500	0.2126028862971502
0.7257862277793806	0.2147289151601265
0.7258087767149916	0.2168762043117317
0.7258314128802534	0.2190449663548537
0.7258541420970632	0.2212354160184038
0.7258769642578805	0.2234477701785824
0.7258998732944355	0.2256822478803706
0.7259228003586001	0.2279390703591694
0.7259457085886440	0.2302184610627574
0.7259686920151772	0.2325206456733880
0.7259917738507826	0.2348458521301176
0.7260149525130012	0.2371943106514195
0.7260382349296776	0.2395662537579284
0.7260614926135909	0.2419619162955081
0.7260847880383294	0.2443815354584653
0.7261081911405299	0.2468253508130497
0.7261317034524007	0.2492936043211790
0.7261553161775349	0.2517865403643870
0.7261789918593674	0.2543044057680296
0.7262026012795936	0.2568474498257080
0.7262263263434696	0.2594159243239704
0.7262501751110352	0.2620100835672135
0.7262741566815958	0.2646301844028862
0.7262982657198401	0.2672764862469144
0.7263222776594456	0.2699492511093807
0.7263463742038959	0.2726487436204709
0.7263706027768390	0.2753752310566729
0.7263949776467217	0.2781289833672403
0.7264194885395329	0.2809102732009077
0.7264438971734923	0.2837193759329105
0.7264684409346800	0.2865565696922423
0.7264931472809597	0.2894221353891627
0.7265179675201118	0.2923163567430520
0.7265428876652746	0.2952395203104813
0.7265677308383509	0.2981919155135893
0.7265927489747142	0.3011738346687262
0.7266179364834383	0.3041855730154096
0.7266432954530953	0.3072274287455584
0.7266686365307369	0.3102997030330081
0.7266939992947866	0.3134027000633413
0.7267195507991521	0.3165367270639781
0.7267452873338085	0.3197020943346244
0.7267711594916287	0.3228991152779654
0.7267969622412863	0.3261281064307481
0.7268229548439678	0.3293893874950489
0.7268491094718599	0.3326832813699985
0.7268754844408106	0.3360101141836956
0.7269017335836707	0.3393702153255301
0.7269281986102154	0.3427639174787838
0.7269548867495175	0.3461915566535724
0.7269817603547184	0.3496534722201057
0.7270085261600153	0.3531500069423097
0.7270354925624085	0.3566815070117386
0.7270627067031167	0.3602483220818512
0.7270901897384120	0.3638508053026708
0.7271175032614189	0.3674893133556976
0.7271450317163302	0.3711642064892591
0.7271728367544079	0.3748758485541540
0.7272008945311565	0.3786246070396890
0.7272288415098772	0.3824108531100789
0.7272570176475769	0.3862349616411845
0.7272854874989209	0.3900973112575909
0.7273140952796168	0.3939982843701726
0.7273427429320481	0.3979382672138765
0.7273716878520586	0.4019176498860179
0.7274009112808368	0.4059368263848775
0.7274300804531276	0.4099961946487298
0.7274595166373027	0.4140961565952189
0.7274893127679605	0.4182371181611787
0.7275192320587562	0.4224194893427839
0.7275491491610375	0.4266436842362095
0.7275794796421402	0.4309101210785664
0.7276102239814406	0.4352192222893546
0.7276407436487721	0.4395714145122476
0.7276716581365275	0.4439671286573758
0.7277030193892539	0.4484067999439488
0.7277344479920614	0.4528908679433906
0.7277659793217643	0.4574197766228176
0.7277980305550182	0.4619939743890458
0.7278303399515234	0.4666139141329400
0.7278626274427694	0.4712800532742641
0.7278954253124347	0.4759928538070146
0.7279286280670020	0.4807527823450815
0.7279617785512258	0.4855603101685382
0.7279953973900043	0.4904159132702155
0.7280295426907606	0.4953200724029114
0.7280636276941348	0.5002732731269345
0.7280981953756834	0.5052760058581980
0.7281333378525106	0.5103287659167838
0.7281684253247395	0.5154320535759588
0.7282040815047583	0.5205863741117177
0.7282402849432855	0.5257922378528376
0.7282764831326798	0.5310501602313679
0.7283133491206859	0.5363606618336763
0.7283506890573059	0.5417242684520055
0.7283881727023463	0.5471415111365333
0.7284263859288925	0.5526129262479058
0.7284649500089253	0.5581390555103901
0.7285038395489887	0.5637204460654963
0.7285435780408743	0.5693576505261464
0.7285834704335942	0.5750512270314132
0.7286239438587542	0.5808017393017237
0.7286654649114104	0.5866097566947431
0.7287067726930595	0.5924758542616980
0.7287490811831648	0.5984006128043177
0.7287921927239716	0.6043846189323658
0.7288353737408545	0.6104284651216965
0.7288799674586054	0.6165327497729082
0.7289246752467337	0.6226980772706388
0.7289701842914752	0.6289250580433431
0.7290170961523605	0.6352143086237796
0.7290637161586723	0.6415664517100107
0.7291121679786963	0.6479821162271113
0.7291608103870615	0.6544619373893771
0.7292106136000146	0.6610065567632729
0.7292618350500683	0.6676166223309068
0.7293131663428017	0.6742927885542216
0.7293662455026908	0.6810357164397621
0.7294201658142528	0.6878460736041543
0.7294751701814518	0.6947245343402002
0.7295322637701046	0.7016717796836076
0.7295891434347936	0.7086884974804454
0.7296492312519356	0.7157753824552474
0.7297091073549726	0.7229331362798016
0.7297714807141316	0.7301624676426060
0.7298354847449371	0.7374640923190269
0.7299008266300948	0.7448387332422104
0.7299695720102776	0.7522871205746350
0.7300378481782224	0.7598099917803770
0.7301106047902358	0.7674080916981838
0.7301839211941513	0.7750821726151677
0.7302609131202301	0.7828329943413144
0.7303404456089757	0.7906613242847262
0.7304224063220478	0.7985679375275704
0.7305088453878781	0.8065536169028465
0.7305973922462887	0.8146191530718739
0.7306928505674103	0.8227653446025943
0.7307872443071733	0.8309929980486201
0.7308920124411733	0.8393029280291059
0.7309975310806308	0.8476959573093927
0.7311142944655046	0.8561729168824868
0.7312321342976500	0.8647346460513153
0.7313610791394272	0.8733819925118295
0.7314974795678290	0.8821158124369438
0.7316469441082770	0.8909369705613163
0.7318051724890278	0.8998463402669271
0.7319761915884451	0.9088448036695975
0.7321693200328925	0.9179332517062951
0.7323675037058233	0.9268388219098801
0.7326109491154097	0.9361072101289769
0.7328414715238477	0.9437956582711249
0.7331117065213111	0.9532336148538352
0.7335212586196254	0.9627659510023746
0.7340026632464002	0.9723936105123989
0.7341683211491337	0.9702071541514476
0.7344634261232632	0.9795973515408231
0.7344722507222687	0.9767574647617151
0.7348402497210560	0.9862710159819513
0.7352308158810089	0.9901822568349354
0.7355157802417887	0.9910910108039980
0.7360116511991792	0.9926441031279564
0.7373873458740234	0.9938287874560621
0.7379280270890077	0.9971856834944517
0.7421118176291240	0.9993036703793819
0.7432139322402916	0.9995688080770646
0.7493416331211908	0.9998782702739479
0.7498238962713214	0.9999181583386983
0.7533387458896372	0.9999516909175380
0.7551041703052553	0.9999877006976038
0.7561847077503095	0.9999923525561790
0.7663674425524861	0.9999974549481205
0.7683955120012975	0.9999988666626612
0.7751815585704845	0.9999996598378728
0.7793695765843256	0.9999998477966791
0.7858584785132831	0.9999999549735042
0.7893700997990463	0.9999999796402080
0.7957188100412933	0.9999999939936092
0.7988016880648444	0.9999999972691470
0.8053058514551159	0.9999999991913815
0.8081416768595919	0.9999999996301735
0.8146314447366100	0.9999999998898002
0.8172168765802654	0.9999999999494674
0.8237865454324010	0.9999999999848802
0.8263323082356808	0.9999999999930645
0.8329927814211014	0.9999999999979213
0.8356121579581582	0.9999999999990471
0.8423219154989386	0.9999999999997143
0.8450339484701413	0.9999999999998693
0.8517636476794638	0.9999999999999608
0.8545801404885499	0.9999999999999819
0.8611568136108052	0.9999999999999948
0.8640781119656296	0.9999999999999973
0.8689590855783693	1.0000000112083749
0.8689590863527834	1.0000000126571660
0.8884205962891507	1.0000000133407920
0.8885455999632141	1.0000000134589744
0.8904218193881716	1.0000000144106829
0.8907866315653856	1.0000000145369603
0.8945028179088323	1.0000000149224717
0.8987487288750476	1.0000000154023030
0.9030657446495889	1.0000000154643260
0.9069421537253930	1.0000000155727218
0.9073282735189958	1.0000000156217217
0.9080747137825559	1.0000000156551871
0.9087324519634149	1.0000000156866200
0.9106171236425474	1.0000000157013424
0.9166341411548358	1.0000000157032454
0.9177242880149002	1.0000000157463245
0.9288716704794140	1.0000000157754698
0.9340864979756088	1.0000000157804751
0.9426497365598369	1.0000000157847053
0.9430802425101432	1.0000000157852522
0.9498467446736231	1.0000000157869124
0.9547739389263826	1.0000000157875613
0.9597046434313481	1.0000000157879279
0.9638879610278925	1.0000000162113321
0.9663840737507551	1.0000000164302139
0.9683848344786664	1.0000000166047334
0.9772396676910078	1.0000000166315781
0.9795233276433669	1.0000000166563408
0.9822497565786937	1.0000000166789931
0.9850653484715265	1.0000000166997181
0.9870893782477568	1.0000000167189989
1.0049344581837123	1.0000000167280627
1.0116059612660080	1.0000000167321013
1.0140660138924014	1.0000000167343857
1.0181261388100580	1.0000000167351737
1.0273500547848369	1.0000000167352756
1.0361009429911354	1.0000000167353305
1.0398928777672198	1.0000000167356411
1.0419240276266672	1.0000000167357777
1.0499576309881209	1.0000000167357990
1.0510989691216239	1.0000000167358289
1.0605103477840938	1.0000000167358434
1.0659444864262879	1.0000000167358480
1.0728198196747785	1.0000000167358500
1.0841789241978597	1.0000000167358503
1.0864170146938146	1.0011751048365571
1.0939839892912087	1.0001344345977656
1.1081100649551392	1.0000110060742051
1.1254825569901454	1.0000007641682849
1.1420935870973528	0.9999996754758115
1.1648972790105527	0.9999994337337491
1.1867910510447310	0.9999985018136308
1.2135949320778741	0.9999964582878584
1.2402059459721730	0.9999960084970166
1.2881069196321007	0.9999765680033825
1.3393551524116261	0.9997827322964415
1.3820462211651419	0.9999955716814288
1.4199155258156966	0.9999986884240476
1.4374834983285922	0.9999996305943860
1.4814586368182261	0.9999998320030030
1.4982716513635743	0.9999998360219361
1.4986818781491500	0.9999998372734633
1.5056433524621036	0.9999998375560628
1.5083398408981143	0.9999998376563853
1.5157481367754155	0.9999998376812871
1.5190632418321544	0.9999998376905344
1.5267006884435297	0.9999998376929169
1.5302871619559852	0.9999998376938199
1.5380395839717862	0.9999998376940570
1.5417915788721317	0.9999998376941478
1.5496725385060226	0.9999998376941719
1.5535480586338808	0.9999998376941812
1.5618555301149875	0.9999998376941835
1.5653787978138851	0.9999998376941844
1.5707373146249386	0.9999998376941848
1.5719167740623994	0.9999998376941850
1.5783973695774320	1.0036488676730271
1.5785500136235977	1.0050495749291619
1.5788486244050823	1.0012074911709594
1.5898083545090094	1.0002712963587881
1.5949650480223683	1.0000981939333524
1.6047760521699563	1.0000242753697801
1.6081622112096259	1.0000105517606570
1.6183083319923908	1.0000046931808255
1.6184712360801587	0.9999957907486970
1.6221032383263994	0.9999930929951578
1.6323256092049145	0.9999927442239458
1.6383509755459753	0.9999925239591471
1.6445724194444307	0.9999830334262156
1.6470984649428495	0.9999818063793133
1.6612815133247478	0.9999814686762442
1.6660797751630325	0.9999808267744394
1.6677730471174566	0.9999579194573339
1.6703731827786363	0.9999545587577123
1.6895038131836018	0.9999529864249107
1.6934586197889006	0.9998883438080192
1.7214252217660688	0.9997238671015192
1.7522083699946212	0.9998731152401836
1.7522223747649370	0.9998941559075101
1.7734359154855281	0.9998976232841403
1.7827661749895258	0.9999830022268974
1.7827916193829005	0.9999940464942734
1.8045883435472239	0.9999970848839549
1.8045956568250301	0.9999977216877107
1.8156555763241795	0.9999978969527481
1.8174907233822766	0.9999979584202432
1.8251418752071544	0.9999979806565858
1.8257387965962137	0.9999979835308597
1.8394615100363250	0.9999979858347831
1.8450704957153143	0.9999979861325886
1.8506795267144642	0.9999979861710834
1.8514253526896327	0.9999979863899429
1.8519210316361649	0.9999979864182328
1.8718055561178057	0.9999979865038600
1.8795569543404520	0.9999979865193896
1.8932719111339211	0.9999979865252239
1.8939392481688151	0.9999979865259780
1.9096927634586427	0.9999979865262997
1.9105724001484476	0.9999979865263414
1.9188989278400341	0.9999979865263832
1.9239004831368929	0.9999979865263889
1.9290629639004762	0.9999979865263897
1.9329197902906801	0.9999979865263937
1.9333275218147614	0.9999979865263945
1.9519197669831523	0.9999979865263958
1.9578340133998486	0.9999979865263962
1.9751604242225154	0.9999979865263963
2.3799124235910964	0.9999996296012550
2.6423526656565359	0.9999996570491136
2.6859671595823138	0.9999996575076496
2.7295746216601007	0.9999996575153112
2.7733018531094942	0.9999996575154390
2.8206487180004833	0.9999996575154408
2.8272140472314917	0.9999996575154411
