0.0000000000000000	0.0000000000000000
0.7013656162091740	0.0000300000000000
0.7015523810221503	0.0000078776730257
0.7030696845643722	0.0000158291630674
0.7033187258056037	0.0000361203924970
0.7033380644134862	0.0000294699731591
0.7037298467583736	0.0000355227683211
0.7041047753156267	0.0000382100182477
0.7043028737141549	0.0000456220627354
0.7047633223009998	0.0000528577179262
0.7051644529381991	0.0000628577179262
0.7055131946796002	0.0000724077311186
0.7058138741837305	0.0000824077311186
0.7060721117892068	0.0000924077311186
0.7063012607335835	0.0001041075631561
0.7065355164870124	0.0001141075631561
0.7067050088544519	0.0001241075631561
0.7068603997622095	0.0001341075631561
0.7070050489515092	0.0001441075631561
0.7071404419621049	0.0001541075631561
0.7072654381368066	0.0001641075631561
0.7073834728793211	0.0001741075631561
0.7074923677794711	0.0001841075631561
0.7075987287837483	0.0001941075631561
0.7076959109627254	0.0002041075631561
0.7077897414249806	0.0002141075631561
0.7078775089023890	0.0002241075631561
0.7079626390345783	0.0002341075631561
0.7080428570597809	0.0002441075631561
0.7081201337723197	0.0002541075631561
0.7081940791206205	0.0002641075631561
0.7082654587186366	0.0002741075631561
0.7083340054667606	0.0002841075631561
0.7083998294672817	0.0002941075631561
0.7084637461764206	0.0003041075631561
0.7085251449400426	0.0003141075631561
0.7085849841868148	0.0003241075631561
0.7086422575177115	0.0003341075631561
0.7086985241747004	0.0003441075631561
0.7087524274333564	0.0003541075631561
0.7088055154635515	0.0003641075631561
0.7088561968889271	0.0003741075631561
0.7089064146717997	0.0003841075631561
0.7089543690187839	0.0003941075631561
0.7090020483127435	0.0004041075631561
0.7090475066954733	0.0004141075631561
0.7090928624953433	0.0004241075631561
0.7091362327895601	0.0004341075631561
0.7091793336680606	0.0004441075631561
0.7092208214937508	0.0004541075631561
0.7092619759651871	0.0004641075631561
0.7093017346592383	0.0004741075631561
0.7093410423831976	0.0004841075631561
0.7093792060116185	0.0004941075631561
0.7094168718434211	0.0005041075631561
0.7094535633360287	0.0005141075631561
0.7094896854825576	0.0005241075631561
0.7095249838606811	0.0005341075631561
0.7095596525588047	0.0005441075631561
0.7095936471470891	0.0005541075631561
0.7096270076449916	0.0005641075631561
0.7096598508495564	0.0005741075631561
0.7096920638681435	0.0005841075631561
0.7097237626562957	0.0005941075631561
0.7097547610181343	0.0006041075631561
0.7097854895486281	0.0006141075631561
0.7098154774323810	0.0006241075631561
0.7098451690570503	0.0006341075631561
0.7098742546756522	0.0006441075631561
0.7099030023776634	0.0006541075631561
0.7099311366811620	0.0006641075631561
0.7099590709096780	0.0006741075631561
0.7099863418932811	0.0006841075631561
0.7100134672501914	0.0006941075631561
0.7100399593083280	0.0007041075631561
0.7100662616284409	0.0007141075631561
0.7100920412801525	0.0007241075631562
0.7101175989404325	0.0007341075631562
0.7101426390769882	0.0007441075631561
0.7101676038972854	0.0007541075631561
0.7101919328297986	0.0007641075631562
0.7102161597821530	0.0007741075631561
0.7102400203322288	0.0007841075631562
0.7102635433878643	0.0007941075631562
0.7102867342115780	0.0008041075631562
0.7103097406636149	0.0008141075631562
0.7103324477110328	0.0008241075631561
0.7103547981341741	0.0008341075631561
0.7103769057716856	0.0008441075631561
0.7103987685739542	0.0008541075631561
0.7104204255617759	0.0008641075631561
0.7104418135490104	0.0008741075631561
0.7104629207084883	0.0008841075631561
0.7104837303045493	0.0008941075631562
0.7105044027403732	0.0009041075631561
0.7105247714055174	0.0009141075631561
0.7105450232574234	0.0009241075631561
0.7105649448185323	0.0009341075631562
0.7105847840053913	0.0009441075631562
0.7106042820457662	0.0009541075631562
0.7106237178453284	0.0009641075631562
0.7106427914618073	0.0009741075631562
0.7106618353001110	0.0009841075631562
0.7106805099983909	0.0009941075631562
0.7106991377499460	0.0010041075631562
0.7107174470899610	0.0010141486387878
0.7107357790924241	0.0010242901251756
0.7107540037069776	0.0010345330264274
0.7107723223574722	0.0010448783566917
0.7107905724534208	0.0010553271402586
0.7108088779724316	0.0010658804116612
0.7108271606346194	0.0010765392157778
0.7108454444836121	0.0010873046079355
0.7108637665656409	0.0010981776540149
0.7108820304005524	0.0011091594305550
0.7109003967459646	0.0011202510248605
0.7109186340791439	0.0011314535351091
0.7109369701368008	0.0011427680704602
0.7109552617710867	0.0011541957511648
0.7109735632172401	0.0011657377086765
0.7109919142420069	0.0011773950857632
0.7110101826964097	0.0011891690366209
0.7110285261990167	0.0012010607269871
0.7110468310794522	0.0012130713342570
0.7110651358350626	0.0012252020475996
0.7110835036919031	0.0012374540680756
0.7111017800504387	0.0012498286087563
0.7111201056379529	0.0012623268948439
0.7111384637130691	0.0012749501637923
0.7111567489730836	0.0012876996654302
0.7111750832821087	0.0013005766620845
0.7111934379543032	0.0013135824287053
0.7112117313368618	0.0013267182529924
0.7112300655642919	0.0013399854355223
0.7112484322575519	0.0013533852898775
0.7112667261260671	0.0013669191427763
0.7112850538019985	0.0013805883342041
0.7113034130974760	0.0013943942175461
0.7113217359319884	0.0014083381597216
0.7113400530798516	0.0014224215413188
0.7113583970819559	0.0014366457567320
0.7113767620104303	0.0014510122142992
0.7113950713752690	0.0014655223364422
0.7114133986254213	0.0014801775598067
0.7114317433052414	0.0014949793354047
0.7114501055480995	0.0015099291287588
0.7114684296380239	0.0015250284200464
0.7114867548446139	0.0015402787042468
0.7115050953702036	0.0015556814912893
0.7115234459507161	0.0015712383062022
0.7115418073862227	0.0015869506892643
0.7115601318893393	0.0016028201961569
0.7115784619325722	0.0016188483981185
0.7115968016131269	0.0016350368820997
0.7116151473832781	0.0016513872509206
0.7116334995822271	0.0016679011234299
0.7116518554958698	0.0016845801346642
0.7116701948366695	0.0017014259360108
0.7116885291627301	0.0017184401953709
0.7117068675351579	0.0017356245973247
0.7117252099085178	0.0017529808432979
0.7117435548045881	0.0017705106517309
0.7117619021111392	0.0017882157582481
0.7117802507888196	0.0018060979158306
0.7117986005427801	0.0018241588949889
0.7118169508609505	0.0018424004839387
0.7118353013778915	0.0018608244887781
0.7118536519489914	0.0018794327336659
0.7118720020671370	0.0018982270610026
0.7118903520009972	0.0019172093316126
0.7119087011883432	0.0019363814249287
0.7119270501726780	0.0019557452391780
0.7119453982689770	0.0019753026915698
0.7119637463810513	0.0019950557184855
0.7119820936614691	0.0020150062756703
0.7120004412794891	0.0020351563384269
0.7120187880143981	0.0020555079018112
0.7120371351508692	0.0020760629808293
0.7120554816392726	0.0020968236106376
0.7120738283387593	0.0021177918467440
0.7120921748529663	0.0021389697652114
0.7121105213662481	0.0021603594628636
0.7121288681908151	0.0021819630574922
0.7121472147615447	0.0022037826880672
0.7121655619777029	0.0022258205149479
0.7121839088734339	0.0022480787200974
0.7122022560919301	0.0022705595072984
0.7122206036195592	0.0022932651023713
0.7122389511274512	0.0023161977533950
0.7122572993129014	0.0023393597309290
0.7122756474345365	0.0023627533282383
0.7122939958504899	0.0023863808615207
0.7123123449480522	0.0024102446701359
0.7123306939645372	0.0024343471168373
0.7123490434355078	0.0024586905880056
0.7123673934578278	0.0024832774938857
0.7123857435426605	0.0025081102688246
0.7124040941327378	0.0025331913715128
0.7124224452925356	0.0025585232852279
0.7124407965605138	0.0025841085180802
0.7124591483017766	0.0026099496032610
0.7124775007742863	0.0026360490992936
0.7124958533266547	0.0026624095902866
0.7125142062668489	0.0026890336861894
0.7125325598835908	0.0027159240230513
0.7125509138711166	0.0027430832632818
0.7125692681226884	0.0027705140959147
0.7125876228913858	0.0027982192368738
0.7126059783516767	0.0028262014292425
0.7126243341130244	0.0028544634435350
0.7126426902149368	0.0028830080779703
0.7126610468155523	0.0029118381587500
0.7126794040671285	0.0029409565403375
0.7126977618219897	0.0029703661057409
0.7127161198851154	0.0030000697667983
0.7127344783960865	0.0030300704644663
0.7127528374532570	0.0030603711691110
0.7127711971470803	0.0030909748808021
0.7127895574261869	0.0031218846296101
0.7128079180583053	0.0031531034759063
0.7128262791333443	0.0031846345106654
0.7128446407171640	0.0032164808557720
0.7128630028658667	0.0032486456643297
0.7128813656189895	0.0032811321209730
0.7128997290062850	0.0033139434421827
0.7129180929850234	0.0033470828766046
0.7129364574138464	0.0033805537053707
0.7129548223335443	0.0034143592424244
0.7129731877794397	0.0034485028348487
0.7129915537753529	0.0034829878631972
0.7130099203446119	0.0035178177418292
0.7130282874988981	0.0035529959192476
0.7130466552538388	0.0035885258784401
0.7130650236133084	0.0036244111372244
0.7130833925887489	0.0036606552485966
0.7131017621793588	0.0036972618010825
0.7131201323953112	0.0037342344190933
0.7131385032342061	0.0037715767632841
0.7131568747020953	0.0038092925309169
0.7131752467924138	0.0038473854562261
0.7131936195134658	0.0038858593107884
0.7132119928621262	0.0039247179038963
0.7132303668466103	0.0039639650829353
0.7132487414683814	0.0040036047337646
0.7132671167352878	0.0040436407811022
0.7132854926533785	0.0040840771889133
0.7133038691933243	0.0041249179608023
0.7133222462298505	0.0041661671404104
0.7133406237787679	0.0042078288118146
0.7133590018638686	0.0042499070999327
0.7133773804983273	0.0042924061709321
0.7133957597004993	0.0043353302326414
0.7134141394864864	0.0043786835349678
0.7134325198687841	0.0044224703703174
0.7134509008661077	0.0044666950740206
0.7134692824874210	0.0045113620247608
0.7134876647462005	0.0045564756450084
0.7135060476570482	0.0046020404014585
0.7135244312289941	0.0046480608054730
0.7135428154760282	0.0046945414135276
0.7135612004098721	0.0047414868276630
0.7135795860403920	0.0047889016959395
0.7135979723817227	0.0048367907128990
0.7136163594448883	0.0048851586200279
0.7136347472402064	0.0049340102062281
0.7136531357787766	0.0049833503082905
0.7136715250579150	0.0050331838113732
0.7136899150747605	0.0050835156494868
0.7137083058311980	0.0051343508059816
0.7137266973317173	0.0051856943140413
0.7137450895770440	0.0052375512571817
0.7137634825718612	0.0052899267697536
0.7137818763241537	0.0053428260374511
0.7138002708406801	0.0053962542978257
0.7138186661276557	0.0054502168408040
0.7138370621941361	0.0055047190092119
0.7138554590515704	0.0055597661993039
0.7138738567103676	0.0056153638612971
0.7138922551799962	0.0056715174999099
0.7139106544721762	0.0057282326749092
0.7139290546004136	0.0057855150016583
0.7139474555798141	0.0058433701516750
0.7139658574229766	0.0059018038531917
0.7139842601433496	0.0059608218917236
0.7140026637560289	0.0060204301106409
0.7140210682773380	0.0060806344117473
0.7140394737247051	0.0061414407558649
0.7140578801154976	0.0062028551634235
0.7140762874634462	0.0062648837150579
0.7140946957822604	0.0063275325522083
0.7141131050854764	0.0063908078777305
0.7141315153866716	0.0064547159565076
0.7141499266992871	0.0065192631160726
0.7141683390368345	0.0065844557472332
0.7141867524127745	0.0066503003047056
0.7142051668407018	0.0067168033077528
0.7142235823342702	0.0067839713408304
0.7142419989067216	0.0068518110542386
0.7142604165713156	0.0069203291647809
0.7142788353418514	0.0069895324564289
0.7142972552327819	0.0070594277809932
0.7143156762591878	0.0071300220588032
0.7143340984367782	0.0072013222793913
0.7143525217817901	0.0072733355021852
0.7143709463109459	0.0073460688572072
0.7143893720413268	0.0074195295457793
0.7144077989903858	0.0074937248412372
0.7144262271759823	0.0075686620896496
0.7144446566163919	0.0076443487105459
0.7144630873303910	0.0077207921976511
0.7144815193372318	0.0077980001196277
0.7144999526567702	0.0078759801208240
0.7145183873093993	0.0079547399220323
0.7145368233161827	0.0080342873212524
0.7145552606972840	0.0081146301944649
0.7145736994719669	0.0081957764964093
0.7145921396588742	0.0082777342613732
0.7146105812761462	0.0083605116039871
0.7146290243416410	0.0084441167200272
0.7146474688622632	0.0085285578872272
0.7146659148312831	0.0086138434660993
0.7146843622447319	0.0086999819007604
0.7147028111012532	0.0087869817197678
0.7147212614020456	0.0088748515369655
0.7147397131506983	0.0089636000523354
0.7147581663531520	0.0090532360528587
0.7147766210176699	0.0091437684133874
0.7147950771547161	0.0092352060975210
0.7148135347769556	0.0093275581584961
0.7148319938991738	0.0094208337400810
0.7148504545380366	0.0095150420774817
0.7148689167119798	0.0096101924982565
0.7148873804411092	0.0097062944232392
0.7149058457470671	0.0098033573674714
0.7149243126530109	0.0099013909411464
0.7149427811835966	0.0100004048505579
0.7149612513633462	0.0101004088990633
0.7149797232161066	0.0102014129880538
0.7149981967654070	0.0103034271179343
0.7150166720347635	0.0104064613891135
0.7150351490479343	0.0105105260030048
0.7150536278290779	0.0106156312630348
0.7150721084028471	0.0107217875756649
0.7150905907242862	0.0108290054514217
0.7151090744395141	0.0109372955059356
0.7151275596038174	0.0110466684609950
0.7151460462710477	0.0111571351456050
0.7151645344939086	0.0112687064970612
0.7151830243241999	0.0113813935620316
0.7152015158130859	0.0114952074976523
0.7152200090113506	0.0116101595726287
0.7152385039696394	0.0117262611683548
0.7152570007384845	0.0118435237800385
0.7152754993683442	0.0119619590178388
0.7152939999091913	0.0120815786080169
0.7153125023876290	0.0122023943940967
0.7153310068148525	0.0123244183380378
0.7153495132041127	0.0124476625214185
0.7153680215708278	0.0125721391466329
0.7153865319326890	0.0126978605380995
0.7154050443097653	0.0128248391434807
0.7154235587246099	0.0129530875349159
0.7154420752023246	0.0130826184102647
0.7154605937704351	0.0132134445943676
0.7154791144588079	0.0133455790403111
0.7154976372995994	0.0134790348307146
0.7155161618488599	0.0136138251790219
0.7155346813788043	0.0137499634308122
0.7155532032958583	0.0138874630651206
0.7155717276279016	0.0140263376957716
0.7155902544059745	0.0141666010727295
0.7156087836631340	0.0143082670834565
0.7156273154322698	0.0144513497542910
0.7156458497464124	0.0145958632518339
0.7156643866390255	0.0147418218843520
0.7156829261443043	0.0148892401031958
0.7157014682974808	0.0150381325042278
0.7157200131351151	0.0151885138292701
0.7157385606953751	0.0153403989675629
0.7157571110183085	0.0154938029572381
0.7157756641459988	0.0156487409868103
0.7157942201225512	0.0158052283966788
0.7158127789641371	0.0159632806806459
0.7158313406711144	0.0161229134874523
0.7158499052513826	0.0162841426223264
0.7158684727190288	0.0164469840485493
0.7158870430910268	0.0166114538890345
0.7159056163875569	0.0167775684279244
0.7159241926323191	0.0169453441122037
0.7159427718527159	0.0171147975533258
0.7159613540798120	0.0172859455288592
0.7159799393483390	0.0174588049841482
0.7159985276967453	0.0176333930339901
0.7160171186306753	0.0178097269643301
0.7160357120096466	0.0179878242339730
0.7160543079274465	0.0181677024763128
0.7160729064783516	0.0183493795010757
0.7160915077573039	0.0185328732960863
0.7161101118568636	0.0187182020290469
0.7161287188665326	0.0189053840493379
0.7161473288735818	0.0190944378898308
0.7161659419638410	0.0192853822687290
0.7161845582224440	0.0194782360914165
0.7162031777345378	0.0196730184523303
0.7162218005278226	0.0198697486368535
0.7162404266312767	0.0200684461232215
0.7162590560813968	0.0202691305844539
0.7162776889218749	0.0204718218902986
0.7162963252033594	0.0206765401092017
0.7163149649817449	0.0208833055102931
0.7163336083145631	0.0210921385653966
0.7163522552617391	0.0213030599510504
0.7163709058860560	0.0215160905505605
0.7163895602534216	0.0217312514560657
0.7164082184331714	0.0219485639706269
0.7164268804983894	0.0221680496103329
0.7164455465262868	0.0223897301064366
0.7164642165985944	0.0226136274075014
0.7164828908015108	0.0228397636815759
0.7165015692209268	0.0230681613183918
0.7165202519423914	0.0232988429315754
0.7165389389947676	0.0235318313608905
0.7165576303974350	0.0237671496744997
0.7165763261791567	0.0240048211712441
0.7165950263781761	0.0242448693829562
0.7166137309186489	0.0244873180767865
0.7166324389467024	0.0247321912575543
0.7166511496677233	0.0249795131701302
0.7166698631445334	0.0252293083018318
0.7166885804821508	0.0254816013848500
0.7167073018105520	0.0257364173986979
0.7167260272590061	0.0259937815726854
0.7167447569570877	0.0262537193884114
0.7167634827544369	0.0265162565822959
0.7167822063215948	0.0267814191481190
0.7168009347121503	0.0270492333396001
0.7168196680408749	0.0273197256729966
0.7168384064155484	0.0275929229297270
0.7168571498685246	0.0278688521590248
0.7168758984462213	0.0281475406806157
0.7168946522027908	0.0284290160874215
0.7169134112005268	0.0287133062482949
0.7169321755103107	0.0290004393107786
0.7169509452121050	0.0292904437038863
0.7169697203954624	0.0295833481409256
0.7169885011594310	0.0298791816223351
0.7170072876125854	0.0301779734385593
0.7170260798672869	0.0304797531729441
0.7170448780386971	0.0307845507046741
0.7170636822462220	0.0310923962117211
0.7170824925907129	0.0314033201738385
0.7171013083125470	0.0317173533755778
0.7171201289629159	0.0320345269093343
0.7171389546750691	0.0323548721784284
0.7171577855927473	0.0326784209002128
0.7171766218608420	0.0330052051092143
0.7171954636351189	0.0333352571603071
0.7172143110776174	0.0336686097319102
0.7172331643547418	0.0340052958292295
0.7172520236383447	0.0343453487875221
0.7172708891068736	0.0346888022753975
0.7172897609464363	0.0350356902981519
0.7173086393485608	0.0353860472011328
0.7173275244027689	0.0357399076731450
0.7173464161958103	0.0360973067498766
0.7173653148283204	0.0364582798173747
0.7173842204155486	0.0368228626155483
0.7174031330880372	0.0371910912417040
0.7174220529915352	0.0375630021541211
0.7174409802859176	0.0379386321756615
0.7174599151363136	0.0383180184974187
0.7174788564560681	0.0387011986823925
0.7174978040234065	0.0390882106692166
0.7175167372217098	0.0394790927759090
0.7175356758086445	0.0398738837036686
0.7175546216042046	0.0402726225407054
0.7175735747406591	0.0406753487661120
0.7175925353713657	0.0410821022537737
0.7176115036671202	0.0414929232763115
0.7176304798085797	0.0419078525090736
0.7176494639879308	0.0423269310341639
0.7176684564099871	0.0427502003445064
0.7176874572934402	0.0431777023479516
0.7177064668722206	0.0436094793714316
0.7177254853522500	0.0440455741651466
0.7177445128321347	0.0444860299067981
0.7177635494328533	0.0449308902058670
0.7177825952983680	0.0453801991079262
0.7178016503267018	0.0458340010990048
0.7178207129106428	0.0462923411099935
0.7178397833798670	0.0467552645210942
0.7178588620707652	0.0472228171663064
0.7178779493220148	0.0476950453379692
0.7178970454776525	0.0481719957913475
0.7179161507828900	0.0486537157492604
0.7179352624073138	0.0491402529067516
0.7179543826459210	0.0496316554358191
0.7179735126666598	0.0501279719901787
0.7179926527335214	0.0506292517100800
0.7180118031279157	0.0511355442271808
0.7180309641505315	0.0516468996694515
0.7180501216799824	0.0521633686661464
0.7180692727592000	0.0526850023528076
0.7180884356699825	0.0532118523763352
0.7181076083757667	0.0537439709000980
0.7181267909344413	0.0542814106090994
0.7181459836594095	0.0548242247151890
0.7181651868861407	0.0553724669623396
0.7181844009735454	0.0559261916319643
0.7182036263039240	0.0564854535482843
0.7182228632685621	0.0570503080837656
0.7182421122087561	0.0576208111646019
0.7182613733400276	0.0581970192762488
0.7182806469172822	0.0587789894690111
0.7182999332355247	0.0593667793637020
0.7183192326175155	0.0599604471573407
0.7183385443568914	0.0605600516289133
0.7183578670617655	0.0611656521452011
0.7183772012890762	0.0617773086666549
0.7183965475122317	0.0623950817533227
0.7184159060908430	0.0630190325708564
0.7184352774208674	0.0636492228965638
0.7184546619245099	0.0642857151255278
0.7184740525197745	0.0649285722767817
0.7184934242483196	0.0655778579995497
0.7185128109629010	0.0662336365795470
0.7185322131194651	0.0668959729453419
0.7185516309562896	0.0675649326747941
0.7185710641009280	0.0682405820015427
0.7185905103290342	0.0689229878215578
0.7186099701799827	0.0696122176997716
0.7186294442286086	0.0703083398767686
0.7186489330800637	0.0710114232755369
0.7186684373575647	0.0717215375082942
0.7186879561079026	0.0724387528833751
0.7187074862545492	0.0731631404122072
0.7187270330496838	0.0738947718163274
0.7187465970109022	0.0746337195344898
0.7187661781749752	0.0753800567298334
0.7187857739391520	0.0761338572971319
0.7188053851249647	0.0768951958701032
0.7188250122498082	0.0776641478288063
0.7188446088786346	0.0784407893070965
0.7188642217053023	0.0792251972001686
0.7188838527128359	0.0800174491721703
0.7189035025274085	0.0808176236638925
0.7189231718246911	0.0816257999005326
0.7189428611405282	0.0824420578995395
0.7189625709273414	0.0832664784785341
0.7189822978330037	0.0840991432633173
0.7190020424098134	0.0849401346959484
0.7190218054927626	0.0857895360429101
0.7190415879679801	0.0866474314033413
0.7190613906395595	0.0875139057173733
0.7190812141147881	0.0883890447745455
0.7191010590714716	0.0892729352222928
0.7191209262615317	0.0901656645745144
0.7191407809365805	0.0910673212202594
0.7191606321821228	0.0919779944324634
0.7191805039749475	0.0928977743767866
0.7192003972781260	0.0938267521205521
0.7192203128307690	0.0947650196417595
0.7192402477521582	0.0957126698381778
0.7192602016627763	0.0966697965365608
0.7192801803958058	0.0976364945019263
0.7193001847503697	0.0986128594469441
0.7193202119232348	0.0995989880414148
0.7193402613725920	0.1005949779218289
0.7193603342076932	0.1016009277010481
0.7193804316009036	0.1026169369780599
0.7194005478340931	0.1036431063478378
0.7194206285147096	0.1046795374113145
0.7194407373507266	0.1057263327854292
0.7194608751935515	0.1067835961132859
0.7194810406577560	0.1078514320744208
0.7195012314887124	0.1089299463951624
0.7195214491034768	0.1100192458591163
0.7195416947117562	0.1111194383177067
0.7195619693903612	0.1122306327008833
0.7195822743324038	0.1133529390278905
0.7196026108249768	0.1144864684181707
0.7196229761954334	0.1156313331023507
0.7196433516335391	0.1167876464333724
0.7196636964912969	0.1179555228977080
0.7196840617714281	0.1191350781266863
0.7197044591968101	0.1203264289079505
0.7197248902278776	0.1215296931970271
0.7197453563163451	0.1227449901289945
0.7197658571522855	0.1239724400302861
0.7197863887470801	0.1252121644305870
0.7198069527974701	0.1264642860748896
0.7198275511062504	0.1277289289356394
0.7198481854281988	0.1290062182249941
0.7198688028209880	0.1302962804072425
0.7198894220828602	0.1315992432113138
0.7199100810756732	0.1329152356434299
0.7199307750179644	0.1342443879998634
0.7199515059970033	0.1355868318798609
0.7199722759249636	0.1369427001986575
0.7199930864671188	0.1383121272006437
0.7200139394582638	0.1396952484726507
0.7200348229111793	0.1410922009573760
0.7200557401622014	0.1425031229669496
0.7200766055928710	0.1439281541966213
0.7200975061051952	0.1453674357385868
0.7201184510611869	0.1468211100959743
0.7201394425922066	0.1482893211969372
0.7201604825398017	0.1497722144089085
0.7201815644260983	0.1512699365530005
0.7202026904985304	0.1527826359185297
0.7202238632349403	0.1543104622777189
0.7202450736721024	0.1558535669004985
0.7202662311781418	0.1574121025695021
0.7202874428620437	0.1589862235951931
0.7203087026848395	0.1605760858311435
0.7203300099477370	0.1621818466894591
0.7203513531302029	0.1638036651563520
0.7203727510011023	0.1654417018079117
0.7203942059292540	0.1670961188259865
0.7204157114637684	0.1687670800142474
0.7204371517978866	0.1704547508143931
0.7204586422525572	0.1721592983225410
0.7204801914446916	0.1738808913057708
0.7205018020525222	0.1756197002188269
0.7205234753723543	0.1773758972210120
0.7205452047094438	0.1791496561932223
0.7205669940315008	0.1809411527551556
0.7205887937795051	0.1827505642827026
0.7206105578686917	0.1845780699255306
0.7206323841011482	0.1864238506247816
0.7206542757410465	0.1882880891310273
0.7206762317849075	0.1901709700223355
0.7206982561971959	0.1920726797225632
0.7207203526898924	0.1939934065197904
0.7207424672662009	0.1959333405849878
0.7207645563779804	0.1978926739908364
0.7207867155626503	0.1998716007307422
0.7208089493428709	0.2018703167380485
0.7208312618837616	0.2038890199054315
0.7208536397785379	0.2059279101044862
0.7208760825238449	0.2079871892055324
0.7208984858259168	0.2100670610975827
0.7209209220697607	0.2121677317085596
0.7209434447315004	0.2142894090256443
0.7209660589212245	0.2164323031158984
0.7209887543084689	0.2185966261470529
0.7210115360648871	0.2207825924085248
0.7210343215188332	0.2229904183326065
0.7210571037460021	0.2252203225159325
0.7210799576814233	0.2274725257410966
0.7211029010012973	0.2297472509985117
0.7211259400935672	0.2320447235084941
0.7211490808923134	0.2343651707435797
0.7211722033548452	0.2367088224510184
0.7211953520584851	0.2390759106755326
0.7212186015900545	0.2414666697822922
0.7212419586017916	0.2438813364801127
0.7212654192053197	0.2463201498449128
0.7212889641956717	0.2487833513433581
0.7213124069007562	0.2512711848567883
0.7213359634323747	0.2537838967053536
0.7213596408504779	0.2563217356724048
0.7213834471135060	0.2588849530291230
0.7214073693161992	0.2614738025594134
0.7214312565779430	0.2640885405850062
0.7214551790853470	0.2667294259908519
0.7214792159861265	0.2693967202507637
0.7215033872820112	0.2720906874532709
0.7215276904444350	0.2748115943278027
0.7215519788713192	0.2775597102710838
0.7215763109118690	0.2803353073737895
0.7216007975354793	0.2831386604475322
0.7216254132698362	0.2859700470520060
0.7216501477402503	0.2888297475225201
0.7216748290040734	0.2917180449977492
0.7216996092577588	0.2946352254477214
0.7217245471229771	0.2975815777021968
0.7217496492945433	0.3005573934792150
0.7217748932328478	0.3035629674140111
0.7218000088020969	0.3065985970881576
0.7218252857783226	0.3096645830590327
0.7218507401356511	0.3127612288896211
0.7218763870251070	0.3158888411785190
0.7219020134068385	0.3190477295903024
0.7219277223114057	0.3222382068861997
0.7219535908419813	0.3254605889550571
0.7219796442399918	0.3287151948446108
0.7220057851038248	0.3320023467930638
0.7220319128381588	0.3353223702609984
0.7220582537513494	0.3386755939636032
0.7220848250658350	0.3420623499032322
0.7221114858738685	0.3454829734022597
0.7221380792964326	0.3489378031362777
0.7221649083847709	0.3524271811676428
0.7221919917154503	0.3559514529793168
0.7222192488599657	0.3595109675091046
0.7222463833416867	0.3631060771841936
0.7222737575021292	0.3667371379560371
0.7223014143855315	0.3704045093355995
0.7223292053986691	0.3741085544289592
0.7223569867234976	0.3778496399732444
0.7223849914807016	0.3816281363729799
0.7224132962885937	0.3854444177367096
0.7224416310135391	0.3892988619140820
0.7224700810833861	0.3931918505332223
0.7224988388928268	0.3971237690385484
0.7225278747917132	0.4010950067289338
0.7225567638417395	0.4051059567962180
0.7225859720555468	0.4091570163641798
0.7226155512539612	0.4132485865278214
0.7226451922563204	0.4173810723930961
0.7226748813081885	0.4215548831170340
0.7227049555058157	0.4257704319482055
0.7227354547523556	0.4300281362676830
0.7227656952334558	0.4343284176303562
0.7227963257273528	0.4386717018066628
0.7228273978434238	0.4430584188247306
0.7228585357205272	0.4474890030129783
0.7228897961237891	0.4519638930431106
0.7229215134809162	0.4564835319735478
0.7229534877995154	0.4610483672932805
0.7229855005108785	0.4656588509662059
0.7230179411283192	0.4703154394758731
0.7230507902286823	0.4750185938706263
0.7230835914901741	0.4797687798093372
0.7231168800312813	0.4845664676074320
0.7231506499556577	0.4894121322835135
0.7231842944827666	0.4943062536063550
0.7232185114701268	0.4992493161424113
0.7232532553046265	0.5042418093038277
0.7232878632653036	0.5092842273968584
0.7233231082598213	0.5143770696708292
0.7233588851737842	0.5195208403675350
0.7233945868820261	0.5247160487712159
0.7234309735200499	0.5299632092589230
0.7234678538903493	0.5352628413515057
0.7235047477989243	0.5406154697650176
0.7235424161871546	0.5460216244626630
0.7235804828425751	0.5514818407072952
0.7236187430655470	0.5569966591143710
0.7236578459852511	0.5625666257055218
0.7236971956104813	0.5681922919625719
0.7237370301876527	0.5738742148822054
0.7237777355765956	0.5796129570310226
0.7238184823351462	0.5854090866013297
0.7238600003706966	0.5912631774673509
0.7239024534980060	0.5971758092420311
0.7239449158263594	0.6031475673344479
0.7239884032762082	0.6091790430077978
0.7240325441326617	0.6152708334378827
0.7240770244267716	0.6214235417722618
0.7241230398442637	0.6276377771899919
0.7241688324951989	0.6339141549618873
0.7242159120880856	0.6402532965115064
0.7242640137702555	0.6466558294766263
0.7243124003788988	0.6531223877713852
0.7243626032730932	0.6596536116491041
0.7244126339754378	0.6662501477655911
0.7244644884328508	0.6729126492432544
0.7245172168200816	0.6796417757356819
0.7245706907716750	0.6864381934930402
0.7246262359444958	0.6933025754279731
0.7246817557687605	0.7002356011822586
0.7247394375709124	0.7072379571940769
0.7247982706872171	0.7143103367660129
0.7248582029515179	0.7214534401336675
0.7249207517029634	0.7286679745350020
0.7249835362486891	0.7359546542803478
0.7250492679078496	0.7433142008231539
0.7251158887032501	0.7507473428313838
0.7251853122342681	0.7582548162596927
0.7252566809691879	0.7658373644222862
0.7253300663165124	0.7734957380665074
0.7254069480717935	0.7812306954471765
0.7254850227281355	0.7890430024016523
0.7255686579869789	0.7969334324256725
0.7256516554578547	0.8049027667499254
0.7257417586946032	0.8129517944174214
0.7258328917941490	0.8210813123615998
0.7259309430028502	0.8292921254852162
0.7260312596785415	0.8375850467400707
0.7261386122648944	0.8459608972074695
0.7262512968807487	0.8544205061795465
0.7263699963829077	0.8629647112413418
0.7264976891077164	0.8715943583537547
0.7266326679691697	0.8803103019372928
0.7267817643074468	0.8891134049566621
0.7269332402919291	0.8980045390062301
0.7271007580184955	0.9074882066309973
0.7272980973223498	0.9165630886973084
0.7275017968798974	0.9257287195842795
0.7277429065280970	0.9347461746795931
0.7280143652511214	0.9435976061561000
0.7283146826007624	0.9530335822176618
0.7286327023580413	0.9671526130770586
0.7286941819608957	0.9608691523750915
0.7289700763564588	0.9668073845533965
0.7293592598824828	0.9737472849674845
0.7297788918103413	0.9820216083449800
0.7298738951309577	0.9876761094996075
0.7303216942233843	0.9897490028197330
0.7307166348432098	0.9887323288704485
0.7308890884499532	0.9837690474798197
0.7314937212704761	0.9929164888696430
0.7318625549061474	0.9956284448759783
0.7347475393300678	0.9976542565848192
0.7366531942254192	0.9985088169364494
0.7370373896934536	0.9993388142490681
0.7399638869402660	0.9995604948433219
0.7399654083745122	0.9996963614880052
0.7420065487199672	0.9998811366708537
0.7460854934653885	0.9999561015880786
0.7503669436183020	0.9999755745897513
0.7538784538888021	0.9999923482648118
0.7565225705995644	0.9999964474567488
0.7635547980479392	0.9999989733258678
0.7665178132371495	0.9999995055871236
0.7738873408343856	0.9999998450572632
0.7757187245308498	0.9999999275790999
0.7825901781354295	0.9999999777282050
0.7854398093078718	0.9999999897785358
0.7924207369813736	0.9999999969069332
0.7956359145649859	0.9999999985876109
0.8024117757766246	0.9999999995764078
0.8055999602479457	0.9999999998067785
0.8122803843739488	0.9999999999422939
0.8153716560030825	0.9999999999736470
0.8219839864910700	0.9999999999921335
0.8249098064182884	0.9999999999964021
0.8314970862971031	0.9999999999989249
0.8342887423312421	0.9999999999995077
0.8408951459584618	0.9999999999998525
0.8436180792787185	0.9999999999999325
0.8502365246033805	0.9999999999999797
0.8529846435571606	0.9999999999999906
0.8594630688087217	0.9999999999999973
0.8622583109497582	0.9999999999999988
0.8689590852735324	1.0000004377117238
0.8689590852841392	1.0000004942900502
0.8894860187293147	1.0000005196013833
0.8898370636444276	1.0000005241153931
0.9022595711023946	1.0000005258655291
0.9047839671294138	1.0000005261797720
0.9138505219787511	1.0000005263275857
0.9154994302387720	1.0000005263569460
0.9236100368570196	1.0000005263712599
0.9246519740916951	1.0000005263747083
0.9340363797231329	1.0000005263763563
0.9377776319860449	1.0000005263767555
0.9465558332529678	1.0000005263769656
0.9503161109375421	1.0000005263770124
0.9548402642416217	1.0000005263770417
0.9568120958604087	1.0000005263770528
0.9568938745329070	1.0000005263770675
0.9588688049057292	1.0000005263770695
0.9623422221663357	1.0000005263770775
0.9638889311297860	1.0000005263829259
0.9663861866541579	1.0000005263875580
0.9694946988679100	1.0000005263913074
0.9756990356220676	1.0000005263918548
0.9762153647049059	1.0000005263923946
0.9780214818440901	1.0000005263929048
0.9802942742298002	1.0000005263934044
0.9830392941807382	1.0000005263938516
0.9858361562215413	1.0000005263942584
0.9878599940211714	1.0000005263946352
1.0089549769686534	1.0000005263948566
1.0136455373853126	1.0000005263949436
1.0180178174672170	1.0000005263949880
1.0195465247824274	1.0000005263950393
1.0214307796462452	1.0000005263950642
1.0265566756725530	1.0000005263950689
1.0285578890852070	1.0000005263950729
1.0404315533338848	1.0000005263950789
1.0438996782487773	1.0000005263950835
1.0486670596904368	1.0000005263950842
1.0495336049778683	1.0000005263950846
1.0507942174795875	1.0000005263950849
1.0511423603718457	1.0000005263950851
1.0516112137000613	1.0000005263950855
1.0669594494895520	1.0000005263950857
1.0678867387802662	1.0000005263950860
1.0695031671398085	1.0000005263950860
