0.0000000000000000	0.0000000000000000
0.7194680128097153	0.0000300000000000
0.7196919613674300	0.0000105674657427
0.7198839591139971	0.0000172043439042
0.7206592235809848	0.0000161917822957
0.7208436247509185	0.0000252909063540
0.7214272691435747	0.0000193657537479
0.7219459874259726	0.0000339338772111
0.7219760313268520	0.0000298303482149
0.7224511561869084	0.0000442079234956
0.7224646228252403	0.0000382003353497
0.7227948500180184	0.0000466873831239
0.7232051468732629	0.0000566873831239
0.7232122638128922	0.0000541459776635
0.7234292353131351	0.0000623959433188
0.7237017475983815	0.0000723959433188
0.7239826498089565	0.0000822309168929
0.7242257828423022	0.0000922309168930
0.7244620195972119	0.0001022309168929
0.7246565802005513	0.0001122309168930
0.7248378251846966	0.0001222309168930
0.7249937236666781	0.0001322309168929
0.7251384104947691	0.0001422309168929
0.7252726567832406	0.0001522309168929
0.7254002583985916	0.0001622309168930
0.7255172497272346	0.0001722309168930
0.7256281842093727	0.0001822309168930
0.7257320978623750	0.0001922309168930
0.7258313595687692	0.0002022309168930
0.7259247422351818	0.0002122309168930
0.7260134272439819	0.0002222309168930
0.7260983374132689	0.0002322309168930
0.7261790128197062	0.0002422309168930
0.7262566873327184	0.0002522309168930
0.7263303851825728	0.0002622309168930
0.7264021892825877	0.0002722309168929
0.7264702787257989	0.0002822309168929
0.7265370334322614	0.0002922309168929
0.7266002310176276	0.0003022309168929
0.7266625768270439	0.0003122309168930
0.7267215134852490	0.0003222309168930
0.7267800039529415	0.0003322309168930
0.7268352438050666	0.0003422309168930
0.7268901679399945	0.0003522309168929
0.7269423265172396	0.0003622309168929
0.7269940619776293	0.0003722309168929
0.7270435073527991	0.0003822309168929
0.7270923518518664	0.0003922309168929
0.7271392621828249	0.0004022309168929
0.7271855479727186	0.0004122309168929
0.7272302711621050	0.0004222309168929
0.7272742549531876	0.0004322309168929
0.7273169839350234	0.0004422309168929
0.7273589393832744	0.0004522309168929
0.7273998343804076	0.0004622309168929
0.7274398700091081	0.0004722309168929
0.7274790884279327	0.0004822309168929
0.7275174384054036	0.0004922309168929
0.7275551046834443	0.0005022309168929
0.7275918456005016	0.0005122309168929
0.7276280825824678	0.0005222309168929
0.7276634072503504	0.0005322309168929
0.7276982768854304	0.0005422309168929
0.7277321424697724	0.0005522309168929
0.7277657475643647	0.0005622309168929
0.7277984219376816	0.0005722309168929
0.7278309205080614	0.0005822309168929
0.7278624342300265	0.0005922309168929
0.7278937655017237	0.0006022309168929
0.7279241958062308	0.0006122309168929
0.7279545654098010	0.0006222309168929
0.7279839557828665	0.0006322309168929
0.7280133227783924	0.0006422309168929
0.7280418746153587	0.0006522309168930
0.7280702585080812	0.0006622309168930
0.7280980105640036	0.0006722309168930
0.7281255102473864	0.0006822309168930
0.7281524736698013	0.0006922309168930
0.7281791622913937	0.0007022309168930
0.7282053546385150	0.0007122309168930
0.7282313301471910	0.0007222309168930
0.7282567734598209	0.0007322309168930
0.7282819936740033	0.0007422309168930
0.7283068357731981	0.0007522309168930
0.7283312943874306	0.0007622309168930
0.7283555498473058	0.0007722309168930
0.7283793923371884	0.0007822309168930
0.7284029622043789	0.0007922309168930
0.7284261971920908	0.0008022309168930
0.7284492998132570	0.0008122309168930
0.7284718933635149	0.0008222309168930
0.7284943599615713	0.0008322309168930
0.7285164384907655	0.0008422309168930
0.7285384495117035	0.0008522309168930
0.7285600446061883	0.0008622309168930
0.7285814789554458	0.0008722309168930
0.7286024888780757	0.0008822309168930
0.7286234765057031	0.0008922309168930
0.7286440463218242	0.0009022309168930
0.7286645734982971	0.0009122309168930
0.7286847246524646	0.0009222309168931
0.7287048055534423	0.0009322309168930
0.7287245455581897	0.0009422309168930
0.7287441580209248	0.0009522309168930
0.7287634592148756	0.0009622309168930
0.7287826450840615	0.0009722309168930
0.7288015716782629	0.0009822309168930
0.7288203588519211	0.0009922309168930
0.7288389224793780	0.0010022309168929
0.7288573322258098	0.0010122532260619
0.7288755862494004	0.0010223757583225
0.7288938454295212	0.0010325995159057
0.7289121234493772	0.0010429255110647
0.7289303780913855	0.0010533547661754
0.7289486852628367	0.0010638883138371
0.7289669225386229	0.0010745271969755
0.7289852641371507	0.0010852724689452
0.7290034886678344	0.0010961251936347
0.7290218177739274	0.0011070864455710
0.7290400700018103	0.0011181573100267
0.7290583748168760	0.0011293388831270
0.7290766767930170	0.0011406322719583
0.7290949486568176	0.0011520385946778
0.7291133048417413	0.0011635589806246
0.7291315493714630	0.0011751945704309
0.7291498694789253	0.0011869465161352
0.7291681749355478	0.0011988159812965
0.7291864612352086	0.0012108041411095
0.7292048110617183	0.0012229121825205
0.7292230830956364	0.0012351413043458
0.7292413948052888	0.0012474927173892
0.7292597431744425	0.0012599676445631
0.7292780150803359	0.0012725673210087
0.7292963394049670	0.0012852929942188
0.7293146791894454	0.0012981459241610
0.7293329627911760	0.0013111273834026
0.7293512900997512	0.0013242386572367
0.7293696365447413	0.0013374810438091
0.7293879234308048	0.0013508558542472
0.7294062467390723	0.0013643644127896
0.7294246015975950	0.0013780080569175
0.7294428984223844	0.0013917881374867
0.7294612129763484	0.0014057060188615
0.7294795541982870	0.0014197630790501
0.7294978925591271	0.0014339607098407
0.7295161956088478	0.0014483003169391
0.7295345213808405	0.0014627833201084
0.7295528662368161	0.0014774111533095
0.7295712038672126	0.0014921852648426
0.7295895138258516	0.0015071071174910
0.7296078398025134	0.0015221781886659
0.7296261806622177	0.0015373999705525
0.7296445327889176	0.0015527739702580
0.7296628525174109	0.0015683017099606
0.7296811743096506	0.0015839847270602
0.7296995057460375	0.0015998245743307
0.7297178469156475	0.0016158228200741
0.7297361943062937	0.0016319810482748
0.7297545387053223	0.0016483008587576
0.7297728620305979	0.0016647838673451
0.7297911910272563	0.0016814317060185
0.7298095266958734	0.0016982460230788
0.7298278656679853	0.0017152284833095
0.7298462091858274	0.0017323807681427
0.7298645544053519	0.0017497045758241
0.7298829023338121	0.0017672016215823
0.7299012507760665	0.0017848736377982
0.7299195842646128	0.0018027223741762
0.7299379206383282	0.0018207495979179
0.7299562586463884	0.0018389570938971
0.7299745988691176	0.0018573466648361
0.7299929401215156	0.0018759201314844
0.7300112828889614	0.0018946793327993
0.7300296263399136	0.0019136261261273
0.7300479707736294	0.0019327623873886
0.7300663157834093	0.0019520900112625
0.7300846609466874	0.0019716109113752
0.7301030057638830	0.0019913270204889
0.7301213502748604	0.0020112402906938
0.7301396947309486	0.0020313526936008
0.7301580388803101	0.0020516662205368
0.7301763832988658	0.0020721828827422
0.7301947272759212	0.0020929047115697
0.7302130718855653	0.0021138337586854
0.7302314159418697	0.0021349720962722
0.7302497604505339	0.0021563218172349
0.7302681048002774	0.0021778850354074
0.7302864493794635	0.0021996638857614
0.7303047942939270	0.0022216605246190
0.7303231391475983	0.0022438771298652
0.7303414847461133	0.0022663159011639
0.7303598301346820	0.0022889790601755
0.7303781759244731	0.0023118688507772
0.7303965221253759	0.0023349875392850
0.7304148684000622	0.0023583374146779
0.7304332153524115	0.0023819207888246
0.7304515624175683	0.0024057399967129
0.7304699097988346	0.0024297973966800
0.7304882579956259	0.0024540953706468
0.7305066061596167	0.0024786363243533
0.7305249547573365	0.0025034226875969
0.7305433041282198	0.0025284569144729
0.7305616535499319	0.0025537414836176
0.7305800034326411	0.0025792788984537
0.7305983541255464	0.0026050716874383
0.7306167049343696	0.0026311224043128
0.7306350561643394	0.0026574336283559
0.7306534081125214	0.0026840079646394
0.7306717604537571	0.0027108480442858
0.7306901131310611	0.0027379565247287
0.7307084664013287	0.0027653360899760
0.7307268204624860	0.0027929894508758
0.7307451747428485	0.0028209193453846
0.7307635294695003	0.0028491285388384
0.7307818848153166	0.0028776198242268
0.7308002409388656	0.0029063960224690
0.7308185973695860	0.0029354599826938
0.7308369542421844	0.0029648145825207
0.7308553117028617	0.0029944627283460
0.7308736698493912	0.0030244073556294
0.7308920286373443	0.0030546514291858
0.7309103869357370	0.0030851979434776
0.7309287448828606	0.0031160499229123
0.7309471034582671	0.0031472104221415
0.7309654627160145	0.0031786825263630
0.7309838227167685	0.0032104693516266
0.7310021833448737	0.0032425740451428
0.7310205444701727	0.0032749997855942
0.7310389061601028	0.0033077497834501
0.7310572684535712	0.0033408272812845
0.7310756313924702	0.0033742355540973
0.7310939949979625	0.0034079779096384
0.7311123592941999	0.0034420576887349
0.7311307242899178	0.0034764782656223
0.7311490899953306	0.0035112430482784
0.7311674564112892	0.0035463554787611
0.7311858234343654	0.0035818190335487
0.7312041910705210	0.0036176372238842
0.7312225593295113	0.0036538135961231
0.7312409282203208	0.0036903517320843
0.7312592977505835	0.0037272552494051
0.7312776679265502	0.0037645278018991
0.7312960387559450	0.0038021730799182
0.7313144102325571	0.0038401948107174
0.7313327823529850	0.0038785967588247
0.7313511551100615	0.0039173827264128
0.7313695285039559	0.0039565565536769
0.7313879025277353	0.0039961221192137
0.7314062771855616	0.0040360833404057
0.7314246524706366	0.0040764441738099
0.7314430283874241	0.0041172086155479
0.7314614049328670	0.0041583807017035
0.7314797821104382	0.0041999645087206
0.7314981599224505	0.0042419641538077
0.7315165383708219	0.0042843837953457
0.7315349174635163	0.0043272276332991
0.7315532972007811	0.0043704999096321
0.7315716775911114	0.0044142049087286
0.7315900586386169	0.0044583469578159
0.7316084403496157	0.0045029304273940
0.7316268227351120	0.0045479597316679
0.7316452057989928	0.0045934393289846
0.7316635895516187	0.0046393737222744
0.7316819740022418	0.0046857674594970
0.7317003590077434	0.0047326251340919
0.7317187445463945	0.0047799513854329
0.7317371306385664	0.0048277508992873
0.7317555173045212	0.0048760284082802
0.7317739045678898	0.0049247886923630
0.7317922924471002	0.0049740365792867
0.7318106809609913	0.0050237769450795
0.7318290701312694	0.0050740147145303
0.7318474599763045	0.0051247548616756
0.7318658505133879	0.0051760024102923
0.7318842417623266	0.0052277624343952
0.7319026337432329	0.0052800400587393
0.7319210264718555	0.0053328404593267
0.7319394199662534	0.0053861688639198
0.7319578142465628	0.0054400305525591
0.7319762093306754	0.0054944308580847
0.7319946052350279	0.0055493751666654
0.7320130019781032	0.0056048689183322
0.7320313995797059	0.0056609176075155
0.7320497980585446	0.0057175267835906
0.7320681974300657	0.0057747020514265
0.7320865977098462	0.0058324490719408
0.7321049989137163	0.0058907735626603
0.7321234010574138	0.0059496812982867
0.7321418041542811	0.0060091781112695
0.7321602082162441	0.0060692698923820
0.7321786132556664	0.0061299625913059
0.7321970192854133	0.0061912622172189
0.7322154263186454	0.0062531748393912
0.7322338343688818	0.0063157065877851
0.7322522434488162	0.0063788636536630
0.7322706535700723	0.0064426522901997
0.7322890647450682	0.0065070788131015
0.7323074769869058	0.0065721496012327
0.7323258903093732	0.0066378710972449
0.7323443047268765	0.0067042498082173
0.7323627202543296	0.0067712923062996
0.7323811369070563	0.0068390052293627
0.7323995547007177	0.0069073952816565
0.7324179736512982	0.0069764692344730
0.7324363937750620	0.0070462339268178
0.7324548150885963	0.0071166962660862
0.7324732375916944	0.0071878632287472
0.7324916612809304	0.0072597418610347
0.7325100861557241	0.0073323392796448
0.7325285122181109	0.0074056626724413
0.7325469394725107	0.0074797192991659
0.7325653679254878	0.0075545164921574
0.7325837975857281	0.0076300616570790
0.7326022284630213	0.0077063622736499
0.7326206605674059	0.0077834258963862
0.7326390939092550	0.0078612601553500
0.7326575284993896	0.0079398727569038
0.7326759643490860	0.0080192714844727
0.7326944014701542	0.0080994641993173
0.7327128398749687	0.0081804588413104
0.7327312795765800	0.0082622634297234
0.7327497205886914	0.0083448860640206
0.7327681629258013	0.0084283349246610
0.7327866066032177	0.0085126182739079
0.7328050516371406	0.0085977444566468
0.7328234980447488	0.0086837219012131
0.7328419458441890	0.0087705591202252
0.7328603950546929	0.0088582647114273
0.7328788456965424	0.0089468473585417
0.7328972977909725	0.0090363158321269
0.7329157513601633	0.0091266789904481
0.7329342064271414	0.0092179457803528
0.7329526630157867	0.0093101252381562
0.7329711211508692	0.0094032264905379
0.7329895808579838	0.0094972587554431
0.7330080421631920	0.0095922313429974
0.7330265050913274	0.0096881536564275
0.7330449696663195	0.0097850351929918
0.7330634359115753	0.0098828855449215
0.7330819038503266	0.0099817144003707
0.7331003735058469	0.0100815315443741
0.7331188449015330	0.0101823468598176
0.7331373180610286	0.0102841703284159
0.7331557930083457	0.0103870120317002
0.7331742697679344	0.0104908821520170
0.7331927483648358	0.0105957909735368
0.7332112288174721	0.0107017488832719
0.7332297111199341	0.0108087663721047
0.7332481949906342	0.0109168540358255
0.7332666801785447	0.0110260225761836
0.7332851672169164	0.0111362828019455
0.7333036561170776	0.0112476456299648
0.7333221468937955	0.0113601220862642
0.7333406391883505	0.0114737233071267
0.7333591329539954	0.0115884605401978
0.7333776282406810	0.0117043451455996
0.7333961250963752	0.0118213885970558
0.7334146235673836	0.0119396024830261
0.7334331236987692	0.0120589985078563
0.7334516255347455	0.0121795884929345
0.7334701291190501	0.0123013843778637
0.7334886344952888	0.0124243982216428
0.7335071417072501	0.0125486422038589
0.7335256507989790	0.0126741286258973
0.7335441618148615	0.0128008699121566
0.7335626747972369	0.0129288786112778
0.7335811897895471	0.0130581673973908
0.7335997068380761	0.0131887490713651
0.7336182259899731	0.0133206365620788
0.7336367472934043	0.0134538429276996
0.7336552707977115	0.0135883813569769
0.7336737965516218	0.0137242651705467
0.7336923246022059	0.0138615078222520
0.7337108549952970	0.0140001229004742
0.7337293877759031	0.0141401241294792
0.7337479229885979	0.0142815253707738
0.7337664606588477	0.0144243406244811
0.7337850007890414	0.0145685840307257
0.7338035433867538	0.0147142698710331
0.7338220884646396	0.0148614125697431
0.7338406360403510	0.0150100266954404
0.7338591861362732	0.0151601269623946
0.7338777387792316	0.0153117282320188
0.7338962940002677	0.0154648455143386
0.7339148518344786	0.0156194939694819
0.7339334123205300	0.0157756889091766
0.7339519714022472	0.0159334457982684
0.7339705282483153	0.0160927802562509
0.7339890880126740	0.0162537080588135
0.7340076507229976	0.0164162451394019
0.7340262164093506	0.0165804075907962
0.7340447851042744	0.0167462116667042
0.7340633568429159	0.0169136737833715
0.7340819316631818	0.0170828105212054
0.7341005096059041	0.0172536386264175
0.7341190907150216	0.0174261750126818
0.7341376750377783	0.0176004367628084
0.7341562626247163	0.0177764411304362
0.7341748535286040	0.0179542055417406
0.7341934477982618	0.0181337475971576
0.7342120451509244	0.0183150850731288
0.7342306451399589	0.0184982359238603
0.7342492478182345	0.0186832182830985
0.7342678532410456	0.0188700504659299
0.7342864614664470	0.0190587509705891
0.7343050725555963	0.0192493384802953
0.7343236865729962	0.0194418318650979
0.7343423035864445	0.0196362501837489
0.7343609236670536	0.0198326126855864
0.7343795468893372	0.0200309388124421
0.7343981733313478	0.0202312482005668
0.7344168030717833	0.0204335606825726
0.7344354361885490	0.0206378962893981
0.7344540727596427	0.0208442752522917
0.7344727128636295	0.0210527180048141
0.7344913565801493	0.0212632451848617
0.7345100039904378	0.0214758776367097
0.7345286551778413	0.0216906364130771
0.7345473102283328	0.0219075427772073
0.7345659691801283	0.0221266182049801
0.7345846320581101	0.0223478843870302
0.7346032988978111	0.0225713632309010
0.7346219697396539	0.0227970768632102
0.7346406446288812	0.0230250476318427
0.7346593236159801	0.0232552981081619
0.7346780067571183	0.0234878510892428
0.7346966941145726	0.0237227296001350
0.7347153857566813	0.0239599568961359
0.7347340817578768	0.0241995564650976
0.7347527821987989	0.0244415520297480
0.7347714871658420	0.0246859675500449
0.7347901967457144	0.0249328272255455
0.7348089104179530	0.0251821554978004
0.7348276278182246	0.0254339770527785
0.7348463491062533	0.0256883168233062
0.7348650744312876	0.0259451999915386
0.7348838038649449	0.0262046519914535
0.7349025374874861	0.0264666985113681
0.7349212753879312	0.0267313654964822
0.7349400176642187	0.0269986791514470
0.7349587644229025	0.0272686659429609
0.7349775157722924	0.0275413526023900
0.7349962718230577	0.0278167661284131
0.7350150326891931	0.0280949337896975
0.7350337984889523	0.0283758831275945
0.7350525687943473	0.0286596419588709
0.7350713280041588	0.0289462383784590
0.7350900927615885	0.0292357007622432
0.7351088631773434	0.0295280577698651
0.7351276393671229	0.0298233383475639
0.7351464213847987	0.0301215717310391
0.7351652092588504	0.0304227874483493
0.7351840030308170	0.0307270153228328
0.7352028027553781	0.0310342854760612
0.7352216085002634	0.0313446283308211
0.7352404203462973	0.0316580746141288
0.7352592383875419	0.0319746553602702
0.7352780622217850	0.0322944019138731
0.7352968910614800	0.0326173459330111
0.7353157251094373	0.0329435193923417
0.7353345645673918	0.0332729545862654
0.7353534096375820	0.0336056841321290
0.7353722605243000	0.0339417409734494
0.7353911173543820	0.0342811583831839
0.7354099802304785	0.0346239699670152
0.7354288492721262	0.0349702096666853
0.7354477227651219	0.0353199117633521
0.7354666017735794	0.0356731108809849
0.7354854873319586	0.0360298419897955
0.7355043795968501	0.0363901404096936
0.7355232787352247	0.0367540418137902
0.7355421849249812	0.0371215822319283
0.7355610983507092	0.0374927980542478
0.7355800191996328	0.0378677260347906
0.7355989475377628	0.0382464032951391
0.7356178834495910	0.0386288673280895
0.7356368270388209	0.0390151560013705
0.7356557769605275	0.0394053075613839
0.7356747331967219	0.0397993606369974
0.7356936959962433	0.0401973542433685
0.7357126656128589	0.0405993277858031
0.7357316423025604	0.0410053210636612
0.7357506263254217	0.0414153742742989
0.7357695949518022	0.0418295280170407
0.7357885702070616	0.0422478232972110
0.7358075537836850	0.0426703015301839
0.7358265457860808	0.0430970045454866
0.7358455463467481	0.0435279745909427
0.7358645556132505	0.0439632543368525
0.7358835737494878	0.0444028868802201
0.7359026009370352	0.0448469157490211
0.7359216373765757	0.0452953849065115
0.7359406832882137	0.0457483387555775
0.7359597389030424	0.0462058221431333
0.7359788031829001	0.0466678803645652
0.7359978754851066	0.0471345591682117
0.7360169560397352	0.0476059047598940
0.7360360450956551	0.0480819638074925
0.7360551429216702	0.0485627834455671
0.7360742498071504	0.0490484112800214
0.7360933660539450	0.0495388953928204
0.7361124919727636	0.0500342843467475
0.7361316278863421	0.0505346271902138
0.7361507740828093	0.0510399734621172
0.7361699307322331	0.0515503731967389
0.7361890980407451	0.0520658769287077
0.7362082762382584	0.0525865356979962
0.7362274655766246	0.0531124010549749
0.7362466653243941	0.0536435250655233
0.7362658743524937	0.0541799603161774
0.7362850642613810	0.0547217599193404
0.7363042614384476	0.0552689775185336
0.7363234694863929	0.0558216672937197
0.7363426886961957	0.0563798839666571
0.7363619193185157	0.0569436828063241
0.7363811616336012	0.0575131196343861
0.7364004159526504	0.0580882508307305
0.7364196826195644	0.0586691333390378
0.7364389583721143	0.0592558246724270
0.7364582458770695	0.0598483829191502
0.7364775466652194	0.0604468667483410
0.7364968608549173	0.0610513354158254
0.7365161860103556	0.0616618487699848
0.7365355225835678	0.0622784672576840
0.7365548710527472	0.0629012519302600
0.7365742319114176	0.0635302644495643
0.7365936056722948	0.0641655670940618
0.7366129928713206	0.0648072227650017
0.7366323938232519	0.0654552949926525
0.7366518088849572	0.0661098479425784
0.7366712384462535	0.0667709464220047
0.7366906599847843	0.0674386558862229
0.7367100774822976	0.0681130424450865
0.7367295112702710	0.0687941728695387
0.7367489584895139	0.0694821145982351
0.7367684197072671	0.0701769357442162
0.7367878954078697	0.0708787051016567
0.7368073860340918	0.0715874921526736
0.7368268920716864	0.0723033670742016
0.7368464140528943	0.0730264007449442
0.7368659525501341	0.0737566647523917
0.7368855081618607	0.0744942313999174
0.7369050812826308	0.0752391737139174
0.7369246723050950	0.0759915654510585
0.7369442781313462	0.0767514811055696
0.7369638993385779	0.0775189959166245
0.7369835366643553	0.0782941858757901
0.7370031908724405	0.0790771277345469
0.7370228626933265	0.0798678990118902
0.7370425102307383	0.0806665780020092
0.7370621681679850	0.0814732437820304
0.7370818436267818	0.0822879762198521
0.7371015345282834	0.0831108559820524
0.7371212462783209	0.0839419645418735
0.7371409758309210	0.0847813841872941
0.7371607235418658	0.0856291980291693
0.7371804900883290	0.0864854900094624
0.7372002761705679	0.0873503449095568
0.7372200825424509	0.0882238483586503
0.7372399100169842	0.0891060868422375
0.7372597594727343	0.0899971477106601
0.7372796315243914	0.0908971191877643
0.7372995246723280	0.0918060903796419
0.7373194372823617	0.0927241512834379
0.7373393220489951	0.0936513927962699
0.7373592179431655	0.0945879067242320
0.7373791365644162	0.0955337857914740
0.7373990789346546	0.0964891236493896
0.7374190457359420	0.0974540148858849
0.7374390377142228	0.0984285550347444
0.7374590557131163	0.0994128405850892
0.7374790969351619	0.1004069689909414
0.7374991610011495	0.1014110386808514
0.7375192490913450	0.1024251490676605
0.7375393621064276	0.1034494005583351
0.7375595010759726	0.1044838945639198
0.7375796608466444	0.1055287335095580
0.7375997947717196	0.1065840208446546
0.7376199365553476	0.1076498610530995
0.7376401061492109	0.1087263596636288
0.7376603016574743	0.1098136232602646
0.7376805242488615	0.1109117594928647
0.7377007752039092	0.1120208770877908
0.7377210558741009	0.1131410858586660
0.7377413674393194	0.1142724967172548
0.7377617109162690	0.1154152216844297
0.7377820831504679	0.1165693739012707
0.7378024836708139	0.1177350676402818
0.7378229101766282	0.1189124183166877
0.7378432915496431	0.1201015424998557
0.7378637061764792	0.1213025579248510
0.7378841552084047	0.1225155835041000
0.7379046399632548	0.1237407393391417
0.7379251594961812	0.1249781467325324
0.7379457107302294	0.1262279281998600
0.7379662944088723	0.1274902074818587
0.7379869014068178	0.1287651095566742
0.7380075448712214	0.1300527606522377
0.7380282265673138	0.1313532882587564
0.7380488873806527	0.1326668211413441
0.7380695531885939	0.1339934893527598
0.7380902550054667	0.1353334242462862
0.7381109945677006	0.1366867584887462
0.7381317737824281	0.1380536260736323
0.7381525946907751	0.1394341623343676
0.7381734589743971	0.1408285039577107
0.7381943632712924	0.1422367889972848
0.7382153064790531	0.1436591568872591
0.7382362812580570	0.1450957484561295
0.7382572056030965	0.1465467059406910
0.7382781759467635	0.1480121730001000
0.7382991937036533	0.1494922947300983
0.7383202438286467	0.1509872176774001
0.7383413365639314	0.1524970898541735
0.7383624746488626	0.1540220607527144
0.7383836605400628	0.1555622813602424
0.7384048964792778	0.1571179041738430
0.7384261333196805	0.1586890832155789
0.7384473567652612	0.1602759740477359
0.7384686279394923	0.1618787337882147
0.7384899499561971	0.1634975211260926
0.7385113252295868	0.1651324963373535
0.7385327564707803	0.1667838213007296
0.7385542451954038	0.1684516595137409
0.7385757850604636	0.1701361761088778
0.7385973252094409	0.1718375378699700
0.7386188298577437	0.1735559132486670
0.7386403943104018	0.1752914723811578
0.7386620218194417	0.1770443871049740
0.7386837106902417	0.1788148309760237
0.7387054574121097	0.1806029792857873
0.7387272653026330	0.1824090090786454
0.7387491380744978	0.1842330991694351
0.7387709470567161	0.1860754301611310
0.7387928142149589	0.1879361844627399
0.7388147454418631	0.1898155463073661
0.7388367429129441	0.1917137017704419
0.7388587963069514	0.1936308387881424
0.7388809152944797	0.1955671471760216
0.7389031054191725	0.1975228186477837
0.7389252214362811	0.1994980468342658
0.7389474008915486	0.2014930273026101
0.7389696569696639	0.2035079575756323
0.7389919944126562	0.2055430371513914
0.7390144127796533	0.2075984675229023
0.7390369064746137	0.2096744521981262
0.7390594178244203	0.2117711967201111
0.7390818979686326	0.2138889086873087
0.7391044480145438	0.2160277977741837
0.7391270877542494	0.2181880757519304
0.7391498103062504	0.2203699565094474
0.7391726216545799	0.2225736560745432
0.7391954857725754	0.2247993926352904
0.7392182986251690	0.2270473865616415
0.7392412099334466	0.2293178604272625
0.7392642138080084	0.2316110390315321
0.7392873164470160	0.2339271494218430
0.7393104930348199	0.2362664209160666
0.7393336922076815	0.2386290851252247
0.7393568721774387	0.2410153759764737
0.7393801558627611	0.2434255297362408
0.7394035507559557	0.2458597850336088
0.7394270636632482	0.2483183828839420
0.7394506842353087	0.2508015667127756
0.7394742346138270	0.2533095823799036
0.7394978409073472	0.2558426782036993
0.7395215612895278	0.2584011049857304
0.7395454078137628	0.2609851160355879
0.7395693732736561	0.2635949671959432
0.7395933319249319	0.2662309168679033
0.7396173170727010	0.2688932260365876
0.7396414449862371	0.2715821582969533
0.7396656988417925	0.2742979798799197
0.7396900521116462	0.2770409596787152
0.7397144110716597	0.2798113692755021
0.7397387973066272	0.2826094829682530
0.7397633340717481	0.2854355777979318
0.7397880174291422	0.2882899335759078
0.7398128584550054	0.2911728329116675
0.7398376443276663	0.2940845612407857
0.7398624828793604	0.2970254068531871
0.7398874798598916	0.2999956609217127
0.7399126467876999	0.3029956175309282
0.7399379566171526	0.3060255737062366
0.7399631786029548	0.3090858294432977
0.7399885736889525	0.3121766877377307
0.7400141083617793	0.3152984546151139
0.7400398323583546	0.3184514391612643
0.7400655236902539	0.3216359535528823
0.7400913035816741	0.3248523130884167
0.7401172867495885	0.3281008362192956
0.7401434880091391	0.3313818445814932
0.7401696936511555	0.3346956630273031
0.7401959010018349	0.3380426196575808
0.7402223301852785	0.3414230458541573
0.7402489994921387	0.3448372763126949
0.7402757906014800	0.3482856490758157
0.7403025070074828	0.3517685055665777
0.7403294335262445	0.3552861906222499
0.7403566260461554	0.3588390525284761
0.7403839437158963	0.3624274430537626
0.7404112354697495	0.3660517174842957
0.7404387684792503	0.3697122346591318
0.7404665484631113	0.3734093570057305
0.7404944007946210	0.3771434505757899
0.7405222981826295	0.3809148850815440
0.7405505004574960	0.3847240339323527
0.7405789666957431	0.3885712742716698
0.7406073624149883	0.3924569870143892
0.7406359449756263	0.3963815568845270
0.7406648719813811	0.4003453724533761
0.7406940727747131	0.4043488261779088
0.7407230815576639	0.4083923144396957
0.7407524441000648	0.4124762375840907
0.7407821974050675	0.4166009999599301
0.7408119965223898	0.4207670099595284
0.7408418569224459	0.4249746800591294
0.7408721136780455	0.4292244268597246
0.7409026892009819	0.4335166711283234
0.7409332105628191	0.4378518378396029
0.7409640389459653	0.4422303562179936
0.7409953260847673	0.4466526597801698
0.7410265282340507	0.4511191863779783
0.7410580992309069	0.4556303782417560
0.7410900426504551	0.4601866820241706
0.7411220831207882	0.4647885488444176
0.7411543956987219	0.4694364343328539
0.7411871452321214	0.4741307986761838
0.7412200648304934	0.4788721066629456
0.7412531414711353	0.4836608277295720
0.7412868002642754	0.4884974360068602
0.7413206452749974	0.4933824103669287
0.7413545942167250	0.4983162344705981
0.7413892413133798	0.5032993968153064
0.7414240719878168	0.5083323907834513
0.7414590041552840	0.5134157146912879
0.7414946909510937	0.5185498718382006
0.7415305822499507	0.5237353705565866
0.7415666430664319	0.5289727242621594
0.7416035107579763	0.5342624515047871
0.7416405057571217	0.5396050760198292
0.7416778561364293	0.5450011267800241
0.7417160538046260	0.5504511380478275
0.7417542246561522	0.5559556494283017
0.7417929920125212	0.5615152059225813
0.7418326671708957	0.5671303579818087
0.7418721319207784	0.5728016615616333
0.7419125452725049	0.5785296781772540
0.7419536727530406	0.5843149749590267
0.7419947820338126	0.5901581247086152
0.7420370116073088	0.5960597059557039
0.7420796124732484	0.6020203030152582
0.7421228217352457	0.6080405060454136
0.7421670452657763	0.6141209111058705
0.7422113547643598	0.6202621202169297
0.7422567267343343	0.6264647414191024
0.7423030880697569	0.6327293888332871
0.7423496017917505	0.6390566827216158
0.7423976058749403	0.6454472495488289
0.7424459874689312	0.6519017220443228
0.7424953239379846	0.6584207392647671
0.7425462438942311	0.6650049466574136
0.7425969936913219	0.6716549961239905
0.7426501055748054	0.6783715460852339
0.7427031549492358	0.6851552615460870
0.7427579489080144	0.6920068141615436
0.7428140886320899	0.6989268823031535
0.7428710344873615	0.7059161511261868
0.7429303578026576	0.7129753126374454
0.7429895901554456	0.7201050657638195
0.7430516516185357	0.7273061164214577
0.7431146494539363	0.7345791775856694
0.7431795926479399	0.7419249693615196
0.7432468607438180	0.7493442190551316
0.7433148766793344	0.7568376612456865
0.7433869806323066	0.7644060378581473
0.7434589257625859	0.7720500982367304
0.7435354177523221	0.7797705992191033
0.7436132623059564	0.7875683052113001
0.7436945302565893	0.7954439882634105
0.7437798407162806	0.8033984281460407
0.7438665046347817	0.8114324124275021
0.7439597939628152	0.8195467365517769
0.7440542703418271	0.8277422039172966
0.7441570596635860	0.8360196259564741
0.7442596251250948	0.8443798222160391
0.7443736533105620	0.8528236204382023
0.7444899212694662	0.8613518566425830
0.7446129226280959	0.8699653752090071
0.7447470760732039	0.8786650289610951
0.7448871564526273	0.8874516792507021
0.7450451473703869	0.8963261960432127
0.7452076164027750	0.9052894580036428
0.7453950219094988	0.9146875601270843
0.7456146257765858	0.9238344357283540
0.7458267171638610	0.9330727800856382
0.7461025243789294	0.9424035078864942
0.7463894709712487	0.9518275429653600
0.7467773528078764	0.9686106168140490
0.7468816084492974	0.9606476985262566
0.7471542291378257	0.9752641564128371
0.7473555762673222	0.9699240782565351
0.7477212842612965	0.9755500813125911
0.7481807015356324	0.9818185539202573
0.7487191930903366	0.9885602284912112
0.7489775308667445	0.9915915422963958
0.7493543544645365	0.9937530590789020
0.7519014506175167	0.9968058654793581
0.7528057086454518	0.9988914509333353
0.7566259223725488	0.9995696744940444
0.7626113870191574	0.9998291489717106
0.7638557378646510	0.9999288573108653
0.7691391894443347	0.9999798277854691
0.7696182750486978	0.9999914395733130
0.7767576863222283	0.9999968688532701
0.7808815472961000	0.9999985147388791
0.7860579039402612	0.9999995341682553
0.7896956633122540	0.9999997900297960
0.7965402337442821	0.9999999369214876
0.8003725832859473	0.9999999714946249
0.8068942863857701	0.9999999915247575
0.8102329147703120	0.9999999961548863
0.8167226803730787	0.9999999988604978
0.8198199561390527	0.9999999994805735
0.8263314217656040	0.9999999998455935
0.8291455613945914	0.9999999999293439
0.8356651833535915	0.9999999999789101
0.8383006383215313	0.9999999999903337
0.8448949460064189	0.9999999999971069
0.8475069587636428	0.9999999999986737
0.8541683237766993	0.9999999999996028
0.8568342026361996	0.9999999999998178
0.8635325586811974	0.9999999999999453
0.8662684867457281	0.9999999999999750
0.8691079353749173	1.0000000000004721
0.8693147954903363	1.0000000000005362
0.8879310316061348	1.0000000000005500
0.8900903987115620	1.0000000000006728
0.8901544486376584	1.0000000000006888
0.8943763504472336	1.0000503005831007
0.8968736728974104	1.0000577599812857
0.9162033193745949	1.0000588670605393
0.9352647330562265	1.0000589133169815
0.9562704456882827	1.0000589153018551
0.9638871767833899	1.0001107761635171
0.9756932257813883	1.0000268598789812
1.0275250694924141	0.9994071828593218
1.0310526933900632	0.9999257679564709
1.0582198296545005	0.9999874530042269
1.1847717848140140	1.0000023125348327
1.2024086415720527	1.0000042320090905
1.2258431873143161	1.0000047460589769
1.2376644248011399	1.0000048125026015
1.2600947733018868	1.0000048307828431
1.2716616395542486	1.0000048331457270
1.2940869010237017	1.0000048337960366
1.3016438934794781	1.0000058346600293
1.3041421560065181	1.0000059640278824
1.3066452987516699	1.0000059807492894
1.3430539362838030	1.0000060020671366
1.3494688004537176	1.0000060048226367
1.5783973695777227	1.0014226503036616
1.5783973757676943	1.0016041127734066
1.5837438984130101	1.0003171396767752
1.5977628871350702	1.0001536861736933
1.6074522708769425	1.0000588927448080
1.6085320761622623	1.0000465796413616
1.6169670938713967	1.0000390879825767
1.6212451758132835	1.0000381148694539
1.6307651782445307	1.0000345146074339
1.6313455374327004	1.0000340492884909
1.6315474583844474	0.9999042514439982
1.6525237560007731	0.9999012328749576
1.6620381134298319	0.9999011684386166
1.6712767967174285	0.9997370771642766
1.7034252696165531	0.9998795388366890
1.7084664142315757	0.9998966847853580
1.7401146671357914	0.9999489879964114
1.7409750702542919	0.9999557451102532
1.7481705909868734	0.9999590308005034
1.7576716570706916	0.9999603285038013
1.7769717969000440	0.9999801093782593
1.7770014234686171	0.9999828824937772
1.7972329955126658	0.9999836456533454
1.7992420643934834	0.9999840350156883
1.8055700576327565	0.9999841839930104
1.8142379569043832	0.9999960037566711
1.8142780687491680	0.9999975315133453
1.8360368324562359	0.9999983972465275
1.8416533577838414	0.9999985091495259
1.8554494643671497	0.9999985688867443
1.8614111258304942	0.9999985766083931
1.8738445737583291	0.9999985807149302
1.8798286408483071	0.9999985812457429
1.8921143744215807	0.9999985815279714
1.8980999231824403	0.9999985815644521
1.9103720244290767	0.9999985815838485
1.9163572189464579	0.9999985815863558
1.9286300343663301	0.9999985815876888
1.9346185199930834	0.9999985815878609
1.9469073115902058	0.9999985815879524
1.9528652393778720	0.9999985815879643
1.9649169032653491	0.9999985815879707
1.9707570864512787	0.9999985815879715
1.9758944070988380	0.9999985815879716
1.9892005398493173	0.9999985815879718
1.9906402384124307	0.9999985815879717
5.7805987829811478	0.9999995233586879
