0.0000000000000000	0.0000000000000000
0.7176233398894859	0.0000300000000000
0.7178521691569602	0.0000154368731273
0.7186676696797945	0.0000254368731273
0.7188449629241024	0.0000318396898956
0.7192774270444737	0.0000289067441463
0.7198297083266559	0.0000470615172634
0.7200272994230742	0.0000402424040458
0.7203654655200523	0.0000470042574417
0.7207555036998895	0.0000570042574417
0.7208153654770575	0.0000544618458163
0.7210029880782590	0.0000627747396159
0.7212907939990933	0.0000727747396159
0.7215963222517068	0.0000827747396159
0.7218524057916050	0.0000938142022176
0.7220967921233286	0.0001038142022176
0.7222733235524232	0.0001138142022176
0.7224492564459414	0.0001238142022176
0.7225995693287695	0.0001338142022176
0.7227470732457191	0.0001438142022176
0.7228759954655178	0.0001538142022176
0.7230018879586682	0.0001638142022176
0.7231150055137641	0.0001738142022176
0.7232259706844243	0.0001838142022176
0.7233258908378600	0.0001938142022176
0.7234254037240883	0.0002038142022176
0.7235165663852566	0.0002138142022176
0.7236058717165162	0.0002238142022176
0.7236879947678849	0.0002338142022176
0.7237690900613956	0.0002438142022176
0.7238448056519657	0.0002538142022176
0.7239189690665458	0.0002638142022176
0.7239892022713352	0.0002738142022176
0.7240577318144943	0.0002838142022176
0.7241231765503153	0.0002938142022176
0.7241867566019075	0.0003038142022176
0.7242480125954305	0.0003138142022176
0.7243073798644277	0.0003238142022176
0.7243649294373887	0.0003338142022176
0.7244205794175959	0.0003438142022176
0.7244748450890853	0.0003538142022176
0.7245272972908391	0.0003638142022176
0.7245785402830579	0.0003738142022176
0.7246279956128353	0.0003838142022176
0.7246766273315458	0.0003938142022176
0.7247235538972007	0.0004038142022176
0.7247698242697264	0.0004138142022176
0.7248144049687584	0.0004238142022176
0.7248585291761377	0.0004338142022176
0.7249010426208401	0.0004438142022176
0.7249432022289128	0.0004538142022176
0.7249837867012550	0.0004638142022176
0.7250241506889590	0.0004738142022176
0.7250629869068878	0.0004838142022176
0.7251016766669336	0.0004938142022175
0.7251389266672155	0.0005038142022176
0.7251760220749754	0.0005138142022176
0.7252118167294636	0.0005238142022176
0.7252474054590434	0.0005338142022176
0.7252818873494464	0.0005438142022176
0.7253160933855816	0.0005538142022176
0.7253493680041969	0.0005638142022176
0.7253823436756210	0.0005738142022176
0.7254145446260187	0.0005838142022176
0.7254462453455827	0.0005938142022175
0.7254773034507336	0.0006038142022175
0.7255080385611379	0.0006138142022175
0.7255380900260469	0.0006238142022176
0.7255677299121831	0.0006338142022176
0.7255969550714125	0.0006438142022176
0.7256255878922890	0.0006538142022176
0.7256539344276689	0.0006638142022176
0.7256816814683867	0.0006738142022176
0.7257092002089044	0.0006838142022176
0.7257361202324046	0.0006938142022176
0.7257628887809825	0.0007038142022176
0.7257889870450739	0.0007138142022176
0.7258149896108351	0.0007238142022176
0.7258404102627245	0.0007338142022176
0.7258656583644892	0.0007438142022176
0.7258904675050679	0.0007538142022176
0.7259150062309887	0.0007638142022176
0.7259390788211789	0.0007738142022176
0.7259631290957559	0.0007838142022176
0.7259865250650833	0.0007938142022176
0.7260098923722216	0.0008038142022176
0.7260327625879435	0.0008138142022176
0.7260556174864939	0.0008238142022176
0.7260778766806747	0.0008338142022175
0.7261000846800748	0.0008438142022175
0.7261218847021587	0.0008538142022175
0.7261435993554060	0.0008638142022175
0.7261649517109300	0.0008738142022175
0.7261861213225302	0.0008838142022176
0.7262069322254115	0.0008938142022176
0.7262276019830463	0.0009038142022176
0.7262479922100634	0.0009138142022176
0.7262682216649671	0.0009238142022176
0.7262881975903197	0.0009338142022176
0.7263079835806625	0.0009438142022175
0.7263275540374294	0.0009538142022175
0.7263469179540796	0.0009638142022175
0.7263660931141880	0.0009738142022175
0.7263850393483517	0.0009838142022175
0.7264038312132907	0.0009938142022175
0.7264223819579404	0.0010038142022175
0.7264408034686536	0.0010138523442397
0.7264590393555460	0.0010239908676821
0.7264773641540769	0.0010342307763589
0.7264955977827962	0.0010445730841225
0.7265139486201639	0.0010550188149637
0.7265321705530339	0.0010655690031133
0.7265505216213916	0.0010762246931445
0.7265687621462460	0.0010869869400759
0.7265870881276264	0.0010978568094767
0.7266053714914543	0.0011088353775715
0.7266236714766298	0.0011199237313472
0.7266420024934892	0.0011311229686607
0.7266602735664311	0.0011424341983473
0.7266786362955130	0.0011538585403307
0.7266968984614232	0.0011653971257340
0.7267152249077389	0.0011770510969914
0.7267335495773452	0.0011888216079613
0.7267518391201266	0.0012007098240409
0.7267702001179097	0.0012127169222813
0.7267884842759752	0.0012248440915042
0.7268068038451431	0.0012370925324192
0.7268251637436669	0.0012494634577434
0.7268434445967887	0.0012619580923208
0.7268617795664641	0.0012745776732440
0.7268801250744398	0.0012873234499765
0.7268984197966218	0.0013001966844762
0.7269167595811739	0.0013131986513210
0.7269351067368960	0.0013263306378342
0.7269534060530544	0.0013395939442125
0.7269717424406360	0.0013529898836547
0.7269901064175136	0.0013665197824913
0.7270084032631973	0.0013801849803162
0.7270267309401606	0.0013939868301193
0.7270450889484118	0.0014079266984205
0.7270634159449054	0.0014220059654047
0.7270817313610364	0.0014362260250587
0.7271000726164323	0.0014505882853093
0.7271184326486179	0.0014650941681624
0.7271367526259732	0.0014797451098440
0.7271550759446024	0.0014945425609425
0.7271734152907252	0.0015094879865519
0.7271917707948077	0.0015245828664174
0.7272101114953000	0.0015398286950816
0.7272284315982479	0.0015552269820324
0.7272467654253174	0.0015707792518527
0.7272651092914258	0.0015864870443712
0.7272834628211090	0.0016023519148149
0.7273018114482958	0.0016183754339630
0.7273201357613112	0.0016345591883027
0.7273384685955849	0.0016509047801857
0.7273568078331007	0.0016674138279875
0.7273751527408904	0.0016840879662674
0.7273935018142841	0.0017009288459300
0.7274118541785997	0.0017179381343893
0.7274302022806405	0.0017351175157333
0.7274485354358086	0.0017524686908906
0.7274668721421170	0.0017699933777995
0.7274852119862254	0.0017876933115775
0.7275035538866069	0.0018055702446933
0.7275218978652090	0.0018236259471402
0.7275402427601978	0.0018418622066117
0.7275585889975579	0.0018602808286778
0.7275769353615252	0.0018788836369645
0.7275952826183114	0.0018976724733341
0.7276136294755787	0.0019166491980675
0.7276319770329398	0.0019358156900481
0.7276503239531033	0.0019551738469486
0.7276686710571824	0.0019747255854181
0.7276870169782940	0.0019944728412723
0.7277053631914248	0.0020144175696849
0.7277237084623002	0.0020345617453818
0.7277420539118237	0.0020549073628356
0.7277603988079659	0.0020754564364640
0.7277787437780191	0.0020962110008287
0.7277970886179859	0.0021171731108369
0.7278154333253921	0.0021383448419454
0.7278337783626444	0.0021597282903648
0.7278521230782669	0.0021813255732684
0.7278704683743892	0.0022031388290011
0.7278888133007162	0.0022251702172910
0.7279071585363706	0.0022474219194639
0.7279255039868027	0.0022698961386586
0.7279438493905062	0.0022925951000451
0.7279621954966087	0.0023155210510456
0.7279805413829168	0.0023386762615560
0.7279988875778645	0.0023620630241715
0.7280172342638603	0.0023856836544132
0.7280355809101740	0.0024095404909574
0.7280539280650470	0.0024336358958669
0.7280722755280867	0.0024579722548256
0.7280906231235392	0.0024825519773739
0.7281089713082246	0.0025073774971476
0.7281273197716503	0.0025324512721190
0.7281456684358084	0.0025577757848402
0.7281640176847992	0.0025833535426886
0.7281823673300138	0.0026091870781155
0.7282007171662560	0.0026352789488967
0.7282190675196417	0.0026616317383857
0.7282374185216668	0.0026882480557696
0.7282557696480716	0.0027151305363273
0.7282741211802162	0.0027422818416905
0.7282924733547870	0.0027697046601074
0.7283108259487588	0.0027974017067084
0.7283291788083306	0.0028253757237754
0.7283475321381168	0.0028536294810133
0.7283658861109515	0.0028821657758234
0.7283842405479138	0.0029109874335817
0.7284025952750819	0.0029400973079175
0.7284209504514980	0.0029694982809967
0.7284393061965923	0.0029991932638066
0.7284576626172505	0.0030291851964447
0.7284760193906926	0.0030594770484091
0.7284943765359708	0.0030900718188933
0.7285127341591889	0.0031209725370822
0.7285310923296019	0.0031521822624530
0.7285494511178047	0.0031837040850775
0.7285678105593907	0.0032155411259282
0.7285861703725554	0.0032476965371876
0.7286045306293256	0.0032801735025595
0.7286228913732349	0.0033129752375850
0.7286412526574083	0.0033461049899608
0.7286596145042020	0.0033795660398604
0.7286779769458136	0.0034133617002591
0.7286963399908578	0.0034474953172617
0.7287147036566936	0.0034819702704343
0.7287330679428411	0.0035167899731387
0.7287514327886002	0.0035519578728701
0.7287697981664858	0.0035874774515988
0.7287881640942317	0.0036233522261147
0.7288065305939174	0.0036595857483758
0.7288248976785011	0.0036961816058594
0.7288432653638586	0.0037331434219180
0.7288616336611048	0.0037704748561372
0.7288800025806255	0.0038081796046987
0.7288983721214901	0.0038462614007457
0.7289167422841646	0.0038847240147532
0.7289351130716237	0.0039235712549007
0.7289534844854284	0.0039628069674497
0.7289718565325882	0.0040024350371241
0.7289902292142899	0.0040424593874954
0.7290086025418424	0.0040828839813704
0.7290269765162439	0.0041237128211841
0.7290453511487283	0.0041649499493959
0.7290637264438495	0.0042065994488898
0.7290821024115021	0.0042486654433788
0.7291004790615123	0.0042911520978127
0.7291188564012266	0.0043340636187908
0.7291372344458155	0.0043774042549787
0.7291556132002652	0.0044211782975285
0.7291739926764139	0.0044653900805039
0.7291923728838240	0.0045100439813090
0.7292107538296645	0.0045551444211222
0.7292291355262838	0.0046006958653333
0.7292475179783485	0.0046467028239865
0.7292659011939762	0.0046931698522263
0.7292842851842185	0.0047401015507486
0.7293026699529028	0.0047875025662559
0.7293210555087291	0.0048353775919186
0.7293394418616397	0.0048837313678376
0.7293578290164784	0.0049325686815159
0.7293762169823310	0.0049818943683311
0.7293946057700392	0.0050317133120143
0.7294129953851848	0.0050820304451344
0.7294313858370931	0.0051328507495857
0.7294497771381248	0.0051841792570816
0.7294681692955843	0.0052360210496523
0.7294865623188662	0.0052883812601490
0.7295049562200345	0.0053412650727504
0.7295233510109779	0.0053946777234780
0.7295417467005840	0.0054486245007129
0.7295601433001415	0.0055031107457201
0.7295785408228218	0.0055581418531775
0.7295969392812202	0.0056137232717092
0.7296153386829629	0.0056698605044263
0.7296337390230865	0.0057265591094706
0.7296521403001104	0.0057838247005652
0.7296705425154322	0.0058416629475707
0.7296889456692682	0.0059000795770464
0.7297073497638364	0.0059590803728170
0.7297257548038882	0.0060186711765453
0.7297441607965376	0.0060788578883106
0.7297625677507942	0.0061396464671935
0.7297809756766372	0.0062010429318654
0.7297993845833983	0.0062630533611841
0.7298177944822085	0.0063256838947961
0.7298362053850828	0.0063889407337441
0.7298546173039668	0.0064528301410817
0.7298730302509158	0.0065173584424926
0.7298914442379058	0.0065825320269175
0.7299098592770086	0.0066483573471866
0.7299282753802774	0.0067148409206585
0.7299466925584899	0.0067819893298652
0.7299651108229327	0.0068498092231638
0.7299835301853477	0.0069183073153953
0.7300019506580436	0.0069874903885495
0.7300203722538438	0.0070573652924350
0.7300387949679418	0.0071279389453592
0.7300572185390278	0.0071992183348130
0.7300756430004767	0.0072712105181610
0.7300940683848623	0.0073439226233426
0.7301124947240900	0.0074173618495761
0.7301309220494722	0.0074915354680716
0.7301493503917666	0.0075664508227522
0.7301677797812414	0.0076421153309796
0.7301862102477017	0.0077185364842896
0.7302046418206000	0.0077957218491323
0.7302230745290368	0.0078736790676238
0.7302415084019303	0.0079524158582998
0.7302599434679867	0.0080319400168827
0.7302783797558779	0.0081122594170514
0.7302968172942707	0.0081933820112221
0.7303152561119428	0.0082753158313343
0.7303336962367285	0.0083580689896475
0.7303521376949292	0.0084416496795442
0.7303705805117479	0.0085260661763395
0.7303890247114930	0.0086113268381026
0.7304074703177879	0.0086974401064836
0.7304259173537252	0.0087844145075483
0.7304443658419971	0.0088722586526240
0.7304628158051077	0.0089609812391504
0.7304812672654701	0.0090505910515422
0.7304997202455676	0.0091410969620577
0.7305181747681342	0.0092325079316782
0.7305366308358229	0.0093248330109952
0.7305550884456453	0.0094180813411050
0.7305735475981595	0.0095122621545161
0.7305920082972450	0.0096073847760615
0.7306104705499988	0.0097034586238223
0.7306289343665149	0.0098004932100608
0.7306473997595573	0.0098984981421614
0.7306658667443717	0.0099974831235827
0.7306843353385345	0.0100974579548184
0.7307028055617825	0.0101984325343663
0.7307212774359038	0.0103004168597098
0.7307397509824826	0.0104034210283066
0.7307582262229727	0.0105074552385895
0.7307767031789365	0.0106125297909753
0.7307951818723314	0.0107186550888851
0.7308136623257682	0.0108258416397743
0.7308321445626899	0.0109341000561721
0.7308506286073508	0.0110434410567340
0.7308691144848796	0.0111538754673015
0.7308876022213568	0.0112654142219748
0.7309060918438954	0.0113780683641947
0.7309245833786602	0.0114918490478369
0.7309430768531373	0.0116067675383154
0.7309615722981591	0.0117228352136987
0.7309800697459565	0.0118400635658357
0.7309985692302665	0.0119584642014941
0.7310170707862373	0.0120780488435094
0.7310355744503372	0.0121988293319443
0.7310540802581557	0.0123208176252635
0.7310725882440910	0.0124440258015160
0.7310910984417649	0.0125684660595315
0.7311096108844178	0.0126941507201271
0.7311281256006203	0.0128210922273282
0.7311466425851211	0.0129493031496016
0.7311651581701140	0.0130787961810980
0.7311836721964146	0.0132095841429087
0.7312021886527319	0.0133416799843378
0.7312207075364375	0.0134750967841811
0.7312392288499452	0.0136098477520227
0.7312577526004165	0.0137459462295428
0.7312762787995224	0.0138834056918386
0.7312948071421861	0.0140222397487569
0.7313133374027708	0.0141624621462441
0.7313318696396663	0.0143040867677062
0.7313504039124574	0.0144471276353834
0.7313689402816052	0.0145915989117371
0.7313874788054948	0.0147375149008544
0.7314060195410917	0.0148848900498628
0.7314245625443199	0.0150337389503617
0.7314431078704349	0.0151840763398657
0.7314616555743965	0.0153359171032645
0.7314802057112400	0.0154892762742975
0.7314987583364486	0.0156441690370401
0.7315173135063042	0.0158006107274105
0.7315358712782201	0.0159586168346841
0.7315544317108371	0.0161182030030313
0.7315729948640755	0.0162793850330613
0.7315915607992407	0.0164421788833922
0.7316101295782437	0.0166066006722262
0.7316287012303773	0.0167726666789481
0.7316472757659065	0.0169403933457376
0.7316658531994358	0.0171097972791947
0.7316844325547326	0.0172808952519870
0.7317030145501257	0.0174537042045071
0.7317215995028359	0.0176282412465521
0.7317401874463658	0.0178045236590174
0.7317587784185439	0.0179825688956081
0.7317773724615212	0.0181623945845639
0.7317959696218138	0.0183440185304091
0.7318145699503836	0.0185274587157137
0.7318331735026314	0.0187127333028711
0.7318517803343018	0.0188998606358996
0.7318703905013649	0.0190888592422582
0.7318890040605385	0.0192797478346813
0.7319076210698099	0.0194725453130286
0.7319262415889596	0.0196672707661584
0.7319448656800549	0.0198639434738195
0.7319634934078789	0.0200625829085576
0.7319821248400015	0.0202632087376433
0.7320007599991227	0.0204658408250192
0.7320193988980790	0.0206704992332698
0.7320380407665599	0.0208772042256023
0.7320566856202790	0.0210859762678584
0.7320753335425346	0.0212968360305372
0.7320939846169714	0.0215098043908422
0.7321126389283852	0.0217249024347499
0.7321312965633482	0.0219421514590975
0.7321499576105155	0.0221615729736888
0.7321686221609790	0.0223831887034256
0.7321872903086450	0.0226070205904601
0.7322059621506399	0.0228330907963650
0.7322246377877470	0.0230614217043290
0.7322433173231883	0.0232920359213730
0.7322620008584695	0.0235249562805864
0.7322806884943249	0.0237602058433930
0.7322993803316357	0.0239978079018269
0.7323180764621592	0.0242377859808447
0.7323367769122298	0.0244801638406530
0.7323554817189347	0.0247249654790594
0.7323741909298328	0.0249722151338495
0.7323929046025232	0.0252219372851881
0.7324116228043541	0.0254741566580402
0.7324303456082296	0.0257288982246206
0.7324490614811603	0.0259861872068670
0.7324677787384752	0.0262460490789356
0.7324865010640851	0.0265085095697243
0.7325052285229740	0.0267735946654208
0.7325239611869878	0.0270413306120756
0.7325426991351431	0.0273117439181961
0.7325614424539955	0.0275848613573778
0.7325801906810888	0.0278607099709514
0.7325989432626540	0.0281393170706613
0.7326177003762051	0.0284207102413674
0.7326364621114726	0.0287049173437816
0.7326552285554273	0.0289919665172201
0.7326739998022546	0.0292818861823930
0.7326927759538481	0.0295747050442171
0.7327115571203335	0.0298704520946597
0.7327303434205651	0.0301691566156063
0.7327491349820459	0.0304708481817629
0.7327679319385909	0.0307755566635804
0.7327867344252038	0.0310833122302165
0.7328055425795413	0.0313941453525190
0.7328243565433313	0.0317080868060449
0.7328431764632459	0.0320251676741050
0.7328620024512909	0.0323454193508458
0.7328808345603290	0.0326688735443534
0.7328996728615131	0.0329955622797965
0.7329185174401663	0.0333255179025944
0.7329373683907212	0.0336587730816201
0.7329562258176464	0.0339953608124358
0.7329750898359442	0.0343353144205593
0.7329939602846314	0.0346786675647647
0.7330128360595829	0.0350254542404127
0.7330317173990483	0.0353757087828171
0.7330506045460092	0.0357294658706454
0.7330694977397322	0.0360867605293513
0.7330883971928084	0.0364476281346449
0.7331073030222129	0.0368121044159924
0.7331262153589821	0.0371802254601520
0.7331451343488713	0.0375520277147539
0.7331640601527867	0.0379275479919011
0.7331829929467354	0.0383068234718209
0.7332019278259895	0.0386898917065386
0.7332208521380055	0.0390767906236032
0.7332397843059504	0.0394675585298386
0.7332587244942452	0.0398622341151361
0.7332776728790765	0.0402608564562873
0.7332966296290937	0.0406634650208491
0.7333155948034453	0.0410700996710567
0.7333345658688980	0.0414808006677684
0.7333535448885230	0.0418956086744464
0.7333725308028524	0.0423145647611913
0.7333915238054433	0.0427377104088040
0.7334105241551574	0.0431650875128929
0.7334295321210076	0.0435967383880207
0.7334485479835976	0.0440327057719015
0.7334675720292566	0.0444730328296192
0.7334866045466277	0.0449177631579164
0.7335056456815509	0.0453669407894957
0.7335246955930997	0.0458206101973913
0.7335437544636797	0.0462788162993647
0.7335628224998016	0.0467416044623581
0.7335818999277596	0.0472090205069827
0.7336009869851766	0.0476811107120531
0.7336200839231345	0.0481579218191734
0.7336391910083310	0.0486395010373653
0.7336583071772652	0.0491258960477398
0.7336774317629287	0.0496171550082172
0.7336965650376746	0.0501133265583007
0.7337157072957270	0.0506144598238840
0.7337348588436846	0.0511206044221240
0.7337540068203814	0.0516318104663444
0.7337731472876943	0.0521481285710093
0.7337922983548915	0.0526696098567181
0.7338114603388806	0.0531963059552851
0.7338306335713524	0.0537282690148381
0.7338498182588015	0.0542655517049864
0.7338690145763792	0.0548082072220362
0.7338882227331985	0.0553562892942580
0.7339074429729734	0.0559098521872009
0.7339266753068758	0.0564689507090713
0.7339459176530899	0.0570336402161620
0.7339651704738427	0.0576039766183247
0.7339844342372123	0.0581800163845084
0.7340037093464321	0.0587618165483535
0.7340229960972781	0.0593494347138362
0.7340422948242792	0.0599429290609733
0.7340616058908144	0.0605423583515817
0.7340809296825846	0.0611477819350987
0.7341002666109464	0.0617592597544512
0.7341196171152206	0.0623768523519957
0.7341389815104676	0.0630006208755175
0.7341583593798915	0.0636306270842733
0.7341777467098759	0.0642669333551149
0.7341971077685407	0.0649096026886658
0.7342164783758316	0.0655586987155542
0.7342358622844373	0.0662142857027087
0.7342552599939351	0.0668764285597356
0.7342746720338651	0.0675451928453317
0.7342940988944655	0.0682206447737854
0.7343135408874816	0.0689028512215248
0.7343329983738565	0.0695918797337382
0.7343524717652118	0.0702877985310749
0.7343719615193605	0.0709906765163872
0.7343914660457889	0.0717005832815515
0.7344109845543615	0.0724175891143650
0.7344305177400764	0.0731417650055103
0.7344500660792942	0.0738731826555635
0.7344696301028937	0.0746119144821201
0.7344892103868400	0.0753580336269413
0.7345088075405425	0.0761116139632127
0.7345284222116382	0.0768727301028436
0.7345480201799897	0.0776414574038700
0.7345676220044622	0.0784178719779109
0.7345872433674290	0.0792020506976903
0.7346068811133530	0.0799940712046677
0.7346265356252106	0.0807940119167151
0.7346462076286349	0.0816019520358832
0.7346658978937297	0.0824179715562399
0.7346856072216067	0.0832421512718034
0.7347053361218762	0.0840745727845192
0.7347250851646766	0.0849153185123626
0.7347448549863188	0.0857644716974845
0.7347646458461645	0.0866221164144584
0.7347844545132427	0.0874883375786046
0.7348042776649627	0.0883632209543915
0.7348241168420104	0.0892468531639340
0.7348439707965847	0.0901393216955721
0.7348637934149458	0.0910407149125272
0.7348836384068221	0.0919511220616537
0.7349035065900106	0.0928706332822704
0.7349233988320110	0.0937993396150952
0.7349433157066912	0.0947373330112485
0.7349632532923283	0.0956847063413604
0.7349832123193017	0.0966415534047751
0.7350031938109359	0.0976079689388251
0.7350231988396095	0.0985840486282146
0.7350432284713240	0.0995698891144940
0.7350632834588597	0.1005655880056411
0.7350833646245326	0.1015712438856951
0.7351034709018882	0.1025869563245528
0.7351235574187147	0.1036128258877960
0.7351436449631116	0.1046489541466748
0.7351637581476799	0.1056954436881427
0.7351838980305072	0.1067523981250247
0.7352040655753367	0.1078199221062779
0.7352242618502172	0.1088981213273419
0.7352444880119815	0.1099871025406177
0.7352647393304832	0.1110869735660268
0.7352850100308121	0.1121978433016885
0.7353053080995796	0.1133198217347062
0.7353256348557403	0.1144530199520539
0.7353459917074673	0.1155975501515739
0.7353663255323959	0.1167535256530878
0.7353866673178948	0.1179210609096207
0.7354070434161875	0.1191002715187173
0.7354274503409639	0.1202912742339051
0.7354478876137078	0.1214941869762454
0.7354683568584358	0.1227091288460073
0.7354888598105485	0.1239362201344642
0.7355093977145251	0.1251755823358117
0.7355299719497760	0.1264273381591669
0.7355505806425167	0.1276916115407569
0.7355712217591726	0.1289685276561613
0.7355918098901950	0.1302582129327237
0.7356124339393932	0.1315607950620533
0.7356330958774021	0.1328764030126717
0.7356537858429932	0.1342051670427982
0.7356745149636901	0.1355472187132293
0.7356952821051616	0.1369026909003635
0.7357160861719200	0.1382717178093649
0.7357369290040335	0.1396544349874566
0.7357578125992509	0.1410509793373306
0.7357787073243834	0.1424614891307034
0.7357995755183477	0.1438861040220125
0.7358204906240591	0.1453249650622301
0.7358414459829268	0.1467782147128491
0.7358624437787479	0.1482459968599814
0.7358834863534468	0.1497284568285777
0.7359045762333444	0.1512257413968609
0.7359257153076834	0.1527379988108329
0.7359468995131568	0.1542653787989399
0.7359680714409658	0.1558080325869301
0.7359892202300727	0.1573661129127963
0.7360104187291300	0.1589397740419223
0.7360316694223829	0.1605291717823409
0.7360529745627028	0.1621344635001638
0.7360743305720888	0.1637558081351694
0.7360957363542725	0.1653933662165242
0.7361171951876014	0.1670472998786925
0.7361386766268263	0.1687177728774754
0.7361601216888733	0.1704049506062492
0.7361816280771972	0.1721090001123140
0.7362031902454976	0.1738300901134378
0.7362248089918079	0.1755683910145764
0.7362464791904680	0.1773240749247213
0.7362681999795204	0.1790973156739661
0.7362899852710720	0.1808882888307091
0.7363117347205078	0.1826971717190138
0.7363335038491889	0.1845241434361994
0.7363553370827532	0.1863693848705594
0.7363772378760584	0.1882330787192631
0.7363992100933529	0.1901154095064536
0.7364212490172766	0.1920165636015176
0.7364433542606611	0.1939367292375300
0.7364654403107913	0.1958760965299040
0.7364875354280916	0.1978348574952056
0.7365096855597540	0.1998132060701609
0.7365319124672640	0.2018113381308650
0.7365542114490415	0.2038294515121737
0.7365765869867616	0.2058677460272993
0.7365990439900303	0.2079264234875734
0.7366214186077892	0.2100056877224454
0.7366438753687961	0.2121057445996705
0.7366664115921118	0.2142268020456692
0.7366890323226948	0.2163690700661298
0.7367117429818221	0.2185327607667944
0.7367345174677642	0.2207180883744660
0.7367572460360700	0.2229252692582055
0.7367800136924542	0.2251545219507885
0.7368028747077227	0.2274060671702927
0.7368258352737050	0.2296801278419981
0.7368488953147008	0.2319769291204219
0.7368720490749220	0.2342966984116248
0.7368951437734002	0.2366396653957413
0.7369183025528681	0.2390060620496933
0.7369415412173521	0.2413961226701909
0.7369648850262538	0.2438100838968871
0.7369883339311817	0.2462481847358556
0.7370118511463649	0.2487106665832135
0.7370353093637374	0.2511977732490474
0.7370588928471744	0.2537097509815417
0.7370825886678183	0.2562468484913511
0.7371064036606613	0.2588093169762649
0.7371303126458029	0.2613974101460308
0.7371541340165594	0.2640113842474860
0.7371780590387503	0.2666514980899624
0.7372021108872502	0.2693180130708624
0.7372262983448088	0.2720111932015774
0.7372506313117739	0.2747313051335986
0.7372748933669627	0.2774786181849285
0.7372992253839180	0.2802534043667806
0.7373236797488018	0.2830559384104430
0.7373482892317087	0.2858864977945501
0.7373730481114097	0.2887453627725018
0.7373977025312739	0.2916328164002309
0.7374224966496046	0.2945491445642332
0.7374474588102564	0.2974946360098781
0.7374725546480476	0.3004695823699717
0.7374977199354865	0.3034742781936709
0.7375228382018214	0.3065090209756074
0.7375481386685430	0.3095741111853672
0.7375736283606555	0.3126698522972250
0.7375992950056844	0.3157965508201963
0.7376248695653366	0.3189545163284035
0.7376505437280296	0.3221440614916810
0.7376764271305594	0.3253655021065909
0.7377025031505471	0.3286191571276640
0.7377286190880544	0.3319053486989472
0.7377547696096702	0.3352244021859336
0.7377811074871674	0.3385766462077948
0.7378076377019009	0.3419624126698662
0.7378342724337404	0.3453820367965652
0.7378608911503469	0.3488358571645261
0.7378877636324063	0.3523242157361737
0.7379148478424811	0.3558474578935313
0.7379420057378694	0.3594059324724710
0.7379691492728516	0.3629999917971975
0.7379965695509852	0.3666299917151621
0.7380242519272208	0.3702962916323109
0.7380519944375562	0.3739992545486333
0.7380797288888440	0.3777392470941188
0.7381077636459065	0.3815166395650598
0.7381360907106679	0.3853318059607141
0.7381644040561649	0.3891851240203280
0.7381928416095489	0.3930769752605252
0.7382215704740313	0.3970077450131265
0.7382506054193192	0.4009778224632594
0.7382794983434899	0.4049876006878997
0.7383087442155604	0.4090374766947792
0.7383382603072323	0.4131278514617224
0.7383678687450483	0.4172591299763436
0.7383975952100018	0.4214317212761116
0.7384277315755243	0.4256460384888725
0.7384581062396993	0.4299024988737659
0.7384883486667482	0.4342015238624978
0.7385190344778153	0.4385435391011190
0.7385501515695017	0.4429289744921308
0.7385811436835243	0.4473582642370587
0.7386124294500876	0.4518318468794342
0.7386442286730315	0.4563501653482336
0.7386761290120968	0.4609136670017148
0.7387080903478730	0.4655228036717243
0.7387405915094234	0.4701780317084485
0.7387734300921689	0.4748798120255342
0.7388061727905821	0.4796286101457939
0.7388394700323482	0.4844248962472547
0.7388732307015528	0.4892691452097296
0.7389068866379196	0.4941618366618333
0.7389410795693067	0.4991034550284447
0.7389758154181102	0.5040944895787292
0.7390104413664773	0.5091354344745214
0.7390456581627580	0.5142267888192695
0.7390814306724962	0.5193690567074680
0.7391171308592073	0.5245627472745378
0.7391535011164848	0.5298083747472845
0.7391903799030287	0.5351064584947627
0.7392272783809821	0.5404575230797173
0.7392649177647902	0.5458620983105198
0.7393029859081587	0.5513207192936204
0.7393412305477718	0.5568339264865648
0.7393803256371381	0.5624022657514335
0.7394196807813016	0.5680262884089451
0.7394594363363975	0.5737065512930360
0.7395002271931007	0.5794436168059651
0.7395408846525154	0.5852380529740189
0.7395824083092966	0.5910904335037553
0.7396248808317679	0.5970013378387936
0.7396671682973314	0.6029713512171859
0.7397108045169447	0.6090010647293608
0.7397547788570384	0.6150910753766543
0.7397993301616728	0.6212419861304130
0.7398453696540457	0.6274544059917174
0.7398909532862276	0.6337289500516413
0.7399382669284734	0.6400662395521585
0.7399860581391801	0.6464669019476758
0.7400345488443115	0.6529315709671553
0.7400847045761036	0.6594608866768288
0.7401347858743225	0.6660554955435906
0.7401863718665356	0.6727160504990287
0.7402391746615328	0.6794432110040128
0.7402925316361264	0.6862376431140530
0.7403482870280710	0.6931000195451901
0.7404034225978698	0.7000310197406368
0.7404614733470006	0.7070313299380467
0.7405198967055870	0.7141016432374330
0.7405801504230014	0.7212426596698106
0.7406424399459254	0.7284550862665091
0.7407052308204621	0.7357396371291719
0.7407714909900592	0.7430970335004593
0.7408375657078421	0.7505280038354698
0.7409073977303321	0.7580332838738247
0.7409783024096522	0.7656136167125670
0.7410519070214984	0.7732697528796906
0.7411289663304316	0.7810024504084878
0.7412066400635383	0.7888124749125708
0.7412902637232973	0.7967005996616988
0.7413739725389363	0.8046676056583142
0.7414634661040407	0.8127142817148924
0.7415544954417627	0.8208414245320422
0.7416517406087517	0.8290498387773678
0.7417514533268700	0.8373403371651447
0.7418582092390447	0.8457137405367997
0.7419707750590124	0.8541708779421696
0.7420887321073223	0.8627125867215940
0.7422159816043328	0.8713397125888120
0.7423492531482013	0.8800531097147041
0.7424980673450308	0.8888536408118531
0.7426527530696705	0.8977421772199743
0.7428311724416599	0.9067195989921747
0.7430076039642874	0.9157867949820948
0.7432082867043666	0.9247829207452077
0.7434375276565498	0.9340307499526572
0.7437041401709684	0.9433710574521857
0.7440204462645984	0.9528047680267073
0.7443879998744273	0.9700839336555933
0.7445413576997789	0.9622271857449809
0.7448357989668586	0.9765387870686491
0.7450460322893057	0.9710823333869300
0.7454031931934286	0.9764281499581829
0.7458260847509965	0.9823339925633011
0.7463766596496213	0.9898047867479255
0.7467670676932237	0.9925233592105664
0.7475593295274414	0.9946688265010858
0.7482982570934330	0.9961020284092335
0.7515514944369315	0.9986735628157111
0.7520186416571542	0.9993626092570174
0.7565206534634451	0.9997700855520870
0.7591189802942787	0.9999019452595238
0.7648810483617228	0.9999623441599127
0.7672531545842192	0.9999818554615288
0.7710366753430434	0.9999945639094902
0.7734013336546850	0.9999975706358583
0.7810319179811108	0.9999992206743444
0.7841603215151908	0.9999996273563035
0.7902328292731069	0.9999998831744821
0.7929357113575471	0.9999999463072647
0.7999539140417985	0.9999999836633010
0.8033580325369887	0.9999999925545753
0.8101500187627709	0.9999999977646767
0.8134708686900940	0.9999999989822139
0.8201140640180438	0.9999999996963630
0.8232903965789674	0.9999999998615380
0.8298857681759382	0.9999999999587325
0.8328637692045707	0.9999999999811375
0.8394239249581036	0.9999999999943696
0.8422189778861717	0.9999999999974225
0.8488029917968071	0.9999999999992293
0.8515089160429281	0.9999999999996471
0.8581425048712239	0.9999999999998941
0.8608258036807214	0.9999999999999516
0.8674811656839316	0.9999999999999856
0.8689675404486712	1.0000000000029745
0.8689926591751947	1.0000000000033653
0.8900203598187284	1.0000000000040585
0.8900528616684273	1.0000000000041573
0.8943763504855091	1.0000059107662127
0.8968721536995750	1.0000067862107702
0.8971964660736426	1.0000077942216841
0.9165266832376306	1.0000080774623223
0.9265455266909376	1.0000081196345294
0.9375901621188288	1.0000081314419833
0.9476290532503118	1.0000081333496060
0.9481280996254272	1.0000081335961808
0.9638872420694518	1.0000142277621571
0.9663850987634267	1.0000151321316144
1.0017989358222164	1.0000151523461509
1.0207138586025513	1.0000151532044053
1.1663341167771584	1.0000284160478436
1.1670914415647762	1.0000373778136615
1.3723457028978023	0.9604363332598045
1.3723457028978023	0.9853138516106690
1.3725060504705970	0.9958040644523385
1.3735815200052541	0.9994274435490348
1.3738577443555329	0.9998603737394477
1.4002646113042894	0.9999778839311992
1.4113465706107613	0.9999930661993424
1.4234288718030805	0.9999995186701288
1.4304547974256561	1.0000003361734817
1.4547643723699970	1.0000005909257270
1.4638389353675669	1.0000006238250476
1.4649899990631243	1.0000007858294904
1.4655623146138983	1.0000008067699633
1.4829053660280105	1.0000008243589296
1.4862605704862502	1.0000008266324611
1.4964279830606328	1.0000008284695225
1.4999157568528230	1.0000008287069793
1.5041079298343911	1.0000008289414428
1.5069620978921077	1.0000008289717492
1.5175279326443019	1.0000008289988724
1.5206770318160907	1.0000008290023787
1.5312905065801419	1.0000008290053450
1.5346216644459354	1.0000008290057290
1.5446770217006602	1.0000008290060445
1.5481107673459560	1.0000008290060853
1.5576600644902512	1.0000008290061186
1.5610590548890726	1.0000008290061231
1.5708210123299347	1.0000008290061264
1.5732470077844238	1.0000008290061269
1.5767015771608808	1.0000008290061269
1.5783973695777227	1.0100008372961882
1.5788286608187396	1.0016200873077257
1.5805993257775377	1.0005762704184709
1.5977015815693094	1.0001383143158533
1.6028884865405795	1.0000617611231115
1.6092433795782337	1.0000263135284517
1.6129197387382821	1.0000202807502074
1.6234109650896740	1.0000174434404165
1.6270860544624974	1.0000169623388759
1.6306168615455916	0.9999982602866928
1.6306726774658018	0.9999958426963365
1.6320142947635865	0.9999798000136774
1.6348784830243506	0.9999777256281112
1.6471179036502217	0.9999750507975800
1.6489565945440263	0.9999747049375095
1.6552622924018492	0.9999743055342424
1.6596721260519363	0.9999742539018595
1.6712776626470753	0.9999549622834327
1.6739896820148452	0.9999512705256463
1.6886794054418550	0.9999507923461686
1.7034515627596420	0.9998983915570038
1.7391444660361060	0.9997686131828845
1.7768601325396662	0.9998907645162283
1.7768873719907969	0.9999077109843860
1.7985280442127007	0.9999104491900513
1.8142130515533375	0.9999837905320810
1.8142248083247516	0.9999932852963443
1.8359751833197953	0.9999945146053785
1.8359984180369442	0.9999958995838881
1.8360088665071184	0.9999964170061566
1.8457854776839890	0.9999965855909647
1.8505640465497437	0.9999966205318428
1.8624424026535360	0.9999966320680558
1.8683030189786272	0.9999966344666016
1.8805264309611645	0.9999966352592007
1.8865077036252877	0.9999966354240279
1.8987671403054411	0.9999966354784986
1.9047595513204545	0.9999966354898266
1.9170235524933030	0.9999966354935700
1.9230164246395405	0.9999966354943484
1.9352829321377101	0.9999966354946057
1.9412897249551901	0.9999966354946590
1.9535610394945209	0.9999966354946768
1.9594502714065898	0.9999966354946803
1.9715336050794536	0.9999966354946814
1.9739200243275059	0.9999966354946815
1.9744139153203619	0.9999966354946815
4.7424322709110012	1.0301965338866208
4.7425516197114188	0.9999992705965870
