0.0000000000000000	0.0000000000000000
0.7260896753702066	0.0000300000000000
0.7264279957686242	0.0000150279004731
0.7270051075551049	0.0000250279004731
0.7272312033798876	0.0000277958182084
0.7275566745686602	0.0000380891685875
0.7277777593598805	0.0000274241192543
0.7282646587731638	0.0000461553620285
0.7284941671818302	0.0000396537456150
0.7288768763348475	0.0000469640617157
0.7292405137797416	0.0000569640617157
0.7292654556158722	0.0000541807432218
0.7294874333144231	0.0000623708146024
0.7297568013835282	0.0000723708146024
0.7300339852795641	0.0000822166018191
0.7302793851005970	0.0000922166018191
0.7305181603285738	0.0001022166018191
0.7307104401594903	0.0001122166018191
0.7308875060041281	0.0001222166018191
0.7310455478915313	0.0001322166018191
0.7311883979610769	0.0001422166018191
0.7313240995965162	0.0001522166018191
0.7314494642678536	0.0001622166018191
0.7315677376130659	0.0001722166018191
0.7316771668438317	0.0001822166018191
0.7317821276483556	0.0001922166018191
0.7318801722415477	0.0002022166018192
0.7319743662977202	0.0002122166018192
0.7320614713213666	0.0002222166018192
0.7321470743904872	0.0002322166018192
0.7322268695812019	0.0002422166018192
0.7323053262751203	0.0002522166018192
0.7323783636335877	0.0002622166018192
0.7324508150968403	0.0002722166018192
0.7325184655535382	0.0002822166018192
0.7325854342743416	0.0002922166018192
0.7326483844032868	0.0003022166018192
0.7327107815296168	0.0003122166018192
0.7327698081606101	0.0003222166018192
0.7328279856175713	0.0003322166018192
0.7328835598937931	0.0003422166018192
0.7329382084117071	0.0003522166018192
0.7329907015320033	0.0003622166018192
0.7330420576702721	0.0003722166018192
0.7330917101037624	0.0003822166018192
0.7331403033257120	0.0003922166018192
0.7331874995727867	0.0004022166018192
0.7332335677171896	0.0004122166018192
0.7332785419417091	0.0004222166018192
0.7333223430505076	0.0004322166018192
0.7333652907300727	0.0004422166018192
0.7334070478667426	0.0004522166018192
0.7334481410933297	0.0004622166018192
0.7334880220037068	0.0004722166018192
0.7335274213247964	0.0004822166018192
0.7335656087831477	0.0004922166018192
0.7336034367751250	0.0005022166018192
0.7336400331315868	0.0005122166018192
0.7336763756931051	0.0005222166018192
0.7337114961895238	0.0005322166018192
0.7337464774376595	0.0005422166018192
0.7337802484527151	0.0005522166018192
0.7338139281225582	0.0005622166018192
0.7338465697758478	0.0005722166018192
0.7338790485552988	0.0005822166018192
0.7339105170613331	0.0005922166018192
0.7339417985213431	0.0006022166018192
0.7339723608732216	0.0006122166018191
0.7340025512649722	0.0006222166018191
0.7340320911356674	0.0006322166018191
0.7340614120567802	0.0006422166018191
0.7340899956936608	0.0006522166018192
0.7341183465407827	0.0006622166018192
0.7341461190765719	0.0006722166018192
0.7341736090141866	0.0006822166018192
0.7342005924728262	0.0006922166018192
0.7342272714990568	0.0007022166018192
0.7342534838140673	0.0007122166018192
0.7342793821642539	0.0007222166018192
0.7343049278774461	0.0007322166018192
0.7343300276830513	0.0007422166018192
0.7343550165894304	0.0007522166018192
0.7343793693324058	0.0007622166018192
0.7344036466295133	0.0007722166018192
0.7344274866412650	0.0007822166018192
0.7344511031439531	0.0007922166018192
0.7344742430453590	0.0008022166018192
0.7344973695186052	0.0008122166018192
0.7345199973880848	0.0008222166018192
0.7345424631357579	0.0008322166018193
0.7345644833967219	0.0008422166018192
0.7345864615972313	0.0008522166018192
0.7346080352652796	0.0008622166018192
0.7346295284750581	0.0008722166018192
0.7346505607565093	0.0008822166018192
0.7346714741248521	0.0008922166018192
0.7346920742106861	0.0009022166018192
0.7347125360995795	0.0009122166018193
0.7347327192805581	0.0009222166018193
0.7347527376466378	0.0009322166018193
0.7347725113957188	0.0009422166018193
0.7347920946328919	0.0009522166018192
0.7348114683684485	0.0009622166018192
0.7348306314909248	0.0009722166018192
0.7348496161485153	0.0009822166018192
0.7348683627618908	0.0009922166018192
0.7348869607725976	0.0010022166018192
0.7349053240423992	0.0010122387678374
0.7349236132370394	0.0010223611555158
0.7349418300030779	0.0010325847670709
0.7349601424268564	0.0010429106147417
0.7349783553142021	0.0010533397208891
0.7349966936901244	0.0010638731180980
0.7350148952206723	0.0010745118492789
0.7350332148575146	0.0010852569677717
0.7350514521146827	0.0010961095374494
0.7350697439799366	0.0011070706328239
0.7350880273859934	0.0011181413391521
0.7351062957262007	0.0011293227525436
0.7351246298280321	0.0011406159800691
0.7351428665159323	0.0011520221398698
0.7351611951649883	0.0011635423612685
0.7351794664939483	0.0011751777848812
0.7351977558642344	0.0011869295627300
0.7352160924519056	0.0011987988583573
0.7352343493654713	0.0012107868469409
0.7352526720982087	0.0012228947154103
0.7352709736631481	0.0012351236625644
0.7352892592306283	0.0012474748991900
0.7353076000481380	0.0012599496481819
0.7353258836871387	0.0012725491446637
0.7353441845811270	0.0012852746361104
0.7353625318340913	0.0012981273824715
0.7353808138692366	0.0013111086562962
0.7353991199104507	0.0013242197428592
0.7354174648905352	0.0013374619402878
0.7354357607907337	0.0013508365596906
0.7354540645791681	0.0013643449252876
0.7354724011692073	0.0013779883745404
0.7354907254915011	0.0013917682582858
0.7355090220112299	0.0014056859408687
0.7355273463109140	0.0014197428002774
0.7355456956087812	0.0014339402282801
0.7355639988308237	0.0014482796305630
0.7355823087337464	0.0014627624268686
0.7356006395315304	0.0014773900511372
0.7356189883277202	0.0014921639516486
0.7356372992549949	0.0015070855911651
0.7356556118490466	0.0015221564470767
0.7356739400327090	0.0015373780115475
0.7356922808944724	0.0015527517916630
0.7357106261353988	0.0015682793095796
0.7357289358623973	0.0015839621026754
0.7357472564347459	0.0015998017237022
0.7357655872534682	0.0016157997409392
0.7357839254039447	0.0016319577383486
0.7358022708302504	0.0016482773157320
0.7358206083317861	0.0016647600888893
0.7358389283381801	0.0016814076897782
0.7358572554129320	0.0016982217666760
0.7358755866939058	0.0017152039843428
0.7358939230368019	0.0017323560241862
0.7359122615527713	0.0017496795844281
0.7359306035531501	0.0017671763802724
0.7359489462116511	0.0017848481440752
0.7359672908391793	0.0018026966255159
0.7359856331832436	0.0018207235917710
0.7360039655742522	0.0018389308276887
0.7360223008512539	0.0018573201359656
0.7360406372899606	0.0018758933373253
0.7360589757497693	0.0018946522706985
0.7360773150060641	0.0019135987934055
0.7360956558055767	0.0019327347813396
0.7361139972738566	0.0019520621291530
0.7361323393383062	0.0019715827504445
0.7361506808701487	0.0019912985779490
0.7361690223270997	0.0020112115637284
0.7361873635517326	0.0020313236793657
0.7362057046108978	0.0020516369161593
0.7362240457801040	0.0020721532853208
0.7362423867247340	0.0020928748181741
0.7362607281553903	0.0021138035663558
0.7362790691779524	0.0021349416020194
0.7362974108803029	0.0021562910180396
0.7363157522543726	0.0021778539282200
0.7363340940270260	0.0021996324675023
0.7363524359882309	0.0022216287921773
0.7363707780957335	0.0022438450800991
0.7363891209368139	0.0022662835309002
0.7364074636080913	0.0022889463662092
0.7364258068889563	0.0023118358298713
0.7364441504403006	0.0023349541881700
0.7364624942377385	0.0023583037300517
0.7364808389138383	0.0023818867673522
0.7364991835498739	0.0024057056350258
0.7365175286729675	0.0024297626913760
0.7365358745063451	0.0024540603182898
0.7365542204515809	0.0024786009214727
0.7365725669959866	0.0025033869306874
0.7365909141728885	0.0025284207999944
0.7366092615542205	0.0025537050079943
0.7366276095487659	0.0025792420580743
0.7366459582414101	0.0026050344786550
0.7366643071479336	0.0026310848234416
0.7366826566150512	0.0026573956716760
0.7367010069303489	0.0026839696283928
0.7367193574606127	0.0027108093246767
0.7367377084506309	0.0027379174179235
0.7367560601446386	0.0027652965921027
0.7367744124561341	0.0027929495580236
0.7367927650973780	0.0028208790536039
0.7368111182476320	0.0028490878441399
0.7368294720053836	0.0028775787225813
0.7368478262636176	0.0029063545098072
0.7368661807855864	0.0029354180549053
0.7368845357463479	0.0029647722354544
0.7369028912728678	0.0029944199578090
0.7369212474852511	0.0030243641573870
0.7369396040563775	0.0030546077989609
0.7369579610127844	0.0030851538769504
0.7369763184705636	0.0031160054157200
0.7369946765024433	0.0031471654698772
0.7370130351869216	0.0031786371245759
0.7370313944961642	0.0032104234958217
0.7370497542055863	0.0032425277307800
0.7370681143967340	0.0032749530080878
0.7370864751165012	0.0033077025381687
0.7371048364191140	0.0033407795635503
0.7371231983309147	0.0033741873591859
0.7371415608842270	0.0034079292327777
0.7371599240906243	0.0034420085251055
0.7371782879669905	0.0034764286103566
0.7371966524136067	0.0035111928964601
0.7372150174126152	0.0035463048254247
0.7372333829937779	0.0035817678736788
0.7372517491756743	0.0036175855524155
0.7372701159784703	0.0036537614079398
0.7372884834152166	0.0036902990220192
0.7373068514994967	0.0037272020122393
0.7373252202400862	0.0037644740323617
0.7373435896358794	0.0038021187726855
0.7373619596783516	0.0038401399604124
0.7373803303578512	0.0038785413600164
0.7373987016696588	0.0039173267736167
0.7374170736070064	0.0039565000413529
0.7374354461707519	0.0039960650417664
0.7374538193557739	0.0040360256921841
0.7374721931684013	0.0040763859491059
0.7374905676043201	0.0041171498085969
0.7375089426705346	0.0041583213066829
0.7375273183679809	0.0041999045197498
0.7375456947025487	0.0042419035649472
0.7375640716798890	0.0042843226005967
0.7375824493030901	0.0043271658266027
0.7376008275825144	0.0043704374848688
0.7376192065184375	0.0044141418597175
0.7376375861188319	0.0044582832783146
0.7376559663895498	0.0045028661110977
0.7376743473353992	0.0045478947722086
0.7376927289674156	0.0045933737199308
0.7377111112883985	0.0046393074571301
0.7377294943059705	0.0046857005317015
0.7377478780300869	0.0047325575370186
0.7377662624651318	0.0047798831123886
0.7377846476203803	0.0048276819435124
0.7378030335052430	0.0048759587629475
0.7378214201257812	0.0049247183505769
0.7378398074921583	0.0049739655340827
0.7378581956148217	0.0050237051894237
0.7378765845008536	0.0050739422413180
0.7378949741608889	0.0051246816637311
0.7379133646079479	0.0051759284803683
0.7379317558497169	0.0052276877651721
0.7379501478969983	0.0052799646428239
0.7379685407635062	0.0053327642892520
0.7379869344607205	0.0053860919321445
0.7380053289994184	0.0054399528514661
0.7380237243929406	0.0054943523799808
0.7380421206564228	0.0055492959037807
0.7380605178021920	0.0056047888628185
0.7380789158426577	0.0056608367514467
0.7380973147918896	0.0057174451189613
0.7381157146654290	0.0057746195701509
0.7381341154784434	0.0058323657658525
0.7381525172437409	0.0058906894235112
0.7381709199756145	0.0059495963177462
0.7381893236894776	0.0060090922809235
0.7382077284017249	0.0060691832037327
0.7382261341285610	0.0061298750357702
0.7382445408822337	0.0061911737861278
0.7382629486749841	0.0062530855239892
0.7382813575191681	0.0063156163792291
0.7382997674272890	0.0063787725430214
0.7383181784120381	0.0064425602684514
0.7383365904863058	0.0065069858711358
0.7383550036631408	0.0065720557298471
0.7383734179546504	0.0066377762871457
0.7383918333724505	0.0067041540500170
0.7384102499286270	0.0067711955905173
0.7384286676356405	0.0068389075464224
0.7384470865063983	0.0069072966218867
0.7384655065541713	0.0069763695881056
0.7384839277927079	0.0070461332839866
0.7385023502361505	0.0071165946168264
0.7385207738991777	0.0071877605629945
0.7385391987969182	0.0072596381686243
0.7385576246708072	0.0073322345503104
0.7385760514980446	0.0074055568958135
0.7385944795472631	0.0074796124647715
0.7386129088199825	0.0075544085894191
0.7386313393201677	0.0076299526753133
0.7386497710540607	0.0077062522020666
0.7386682040299267	0.0077833147240875
0.7386866382579022	0.0078611478713285
0.7387050737498519	0.0079397593500416
0.7387235105192191	0.0080191569435422
0.7387419485795930	0.0080993485129775
0.7387603879443232	0.0081803419981070
0.7387788286268059	0.0082621454180880
0.7387972706406102	0.0083447668722688
0.7388157139996758	0.0084282145409915
0.7388341587184831	0.0085124966864015
0.7388526048121358	0.0085976216532652
0.7388710522965471	0.0086835978697979
0.7388895011884045	0.0087704338484956
0.7389079515051610	0.0088581381869805
0.7389264032650725	0.0089467195688505
0.7389448564871326	0.0090361867645392
0.7389633111911490	0.0091265486321846
0.7389817673977798	0.0092178141185062
0.7390002251285204	0.0093099922596914
0.7390186844057912	0.0094030921822884
0.7390371452529871	0.0094971231041110
0.7390556073890462	0.0095920943351521
0.7390740707633163	0.0096880152785038
0.7390925354259031	0.0097848954312891
0.7391110014261437	0.0098827443856018
0.7391294688126709	0.0099815718294581
0.7391479376321881	0.0100813875477526
0.7391664079287473	0.0101822014232303
0.7391848797441712	0.0102840234374623
0.7392033531184643	0.0103868636718368
0.7392218280901931	0.0104907323085553
0.7392403046967917	0.0105956396316409
0.7392587829749017	0.0107015960279573
0.7392772629606840	0.0108086119882367
0.7392957446871813	0.0109166981081190
0.7393142281567431	0.0110258650892001
0.7393327133755976	0.0111361237400925
0.7393512003535410	0.0112474849774934
0.7393696891036871	0.0113599598272682
0.7393881796422587	0.0114735594255407
0.7394066719883828	0.0115882950197961
0.7394251661639598	0.0117041779699937
0.7394436621935617	0.0118212197496940
0.7394621601043591	0.0119394319471912
0.7394806599259948	0.0120588262666632
0.7394991616877359	0.0121794145293301
0.7395176654188821	0.0123012086746231
0.7395361711490036	0.0124242207613693
0.7395546789081024	0.0125484629689829
0.7395731887267838	0.0126739475986727
0.7395917006364353	0.0128006870746597
0.7396102146694160	0.0129286939454061
0.7396287308592416	0.0130579808848601
0.7396472492407620	0.0131885606937090
0.7396657684723045	0.0133204463006461
0.7396842837431131	0.0134536507636522
0.7397028014394768	0.0135881872712888
0.7397213215901174	0.0137240691440020
0.7397398442260651	0.0138613098354423
0.7397583693806163	0.0139999229337969
0.7397768970893240	0.0141399221631347
0.7397954273866671	0.0142813213847657
0.7398139603065879	0.0144241345986138
0.7398324958830131	0.0145683759445997
0.7398510341188341	0.0147140597040454
0.7398695750075139	0.0148612003010856
0.7398881185481985	0.0150098123040965
0.7399066647454028	0.0151599104271370
0.7399252136087594	0.0153115095314085
0.7399437651528226	0.0154646246267226
0.7399623193969277	0.0156192708729897
0.7399808763650970	0.0157754635817193
0.7399994360859685	0.0159332182175361
0.7400179985927491	0.0160925503997116
0.7400365639229344	0.0162534759037088
0.7400551319314788	0.0164160106627460
0.7400737021544130	0.0165801707693734
0.7400922746756273	0.0167459724770676
0.7401108495765824	0.0169134322018383
0.7401294269369706	0.0170825665238566
0.7401480068353391	0.0172533921890954
0.7401665893496814	0.0174259261109867
0.7401851745580065	0.0176001853720967
0.7402037625385380	0.0177761872258179
0.7402223533699518	0.0179539490980764
0.7402409471316361	0.0181334885890566
0.7402595439039770	0.0183148234749474
0.7402781437319996	0.0184979717096967
0.7402967466406577	0.0186829514267937
0.7403153526585846	0.0188697809410618
0.7403339618184963	0.0190584787504719
0.7403525741573695	0.0192490635379764
0.7403711897149696	0.0194415541733557
0.7403898085313703	0.0196359697150894
0.7404084306568502	0.0198323294122397
0.7404270561462665	0.0200306527063621
0.7404456850592164	0.0202309592334256
0.7404643174600590	0.0204332688257599
0.7404829534177397	0.0206376015140179
0.7405015930010218	0.0208439775291586
0.7405202362788491	0.0210524173044506
0.7405388833210852	0.0212629414774952
0.7405575341992143	0.0214755708922698
0.7405761889870153	0.0216903266011929
0.7405948477609260	0.0219072298672055
0.7406135105769507	0.0221263021658773
0.7406321774481234	0.0223475651875360
0.7406508483984628	0.0225710408394108
0.7406695234625457	0.0227967512478055
0.7406882026824666	0.0230247187602829
0.7407068856216200	0.0232549659478863
0.7407255718658965	0.0234875156073653
0.7407442615298885	0.0237223907634384
0.7407629547287873	0.0239596146710728
0.7407816515789803	0.0241992108177833
0.7408003521986696	0.0244412029259617
0.7408190567085147	0.0246856149552217
0.7408377652322748	0.0249324711047732
0.7408564778969529	0.0251817958158211
0.7408751948280827	0.0254336137739797
0.7408939161493290	0.0256879499117190
0.7409126419836974	0.0259448294108360
0.7409313646442358	0.0262042777049450
0.7409500846002038	0.0264663204819949
0.7409688094816642	0.0267309836868151
0.7409875393257124	0.0269982935236837
0.7410062741813077	0.0272682764589200
0.7410250141089237	0.0275409592235095
0.7410437591803550	0.0278163688157441
0.7410625094730067	0.0280945325039023
0.7410812650689157	0.0283754778289418
0.7411000260557443	0.0286592326072317
0.7411187925272053	0.0289458249333038
0.7411375645835808	0.0292352831826368
0.7411563423322929	0.0295276360144635
0.7411751258885059	0.0298229123746088
0.7411939153216830	0.0301211414983545
0.7412127097199750	0.0304223529133378
0.7412315088441597	0.0307265764424718
0.7412503128204764	0.0310338422068956
0.7412691217805482	0.0313441806289641
0.7412879354288474	0.0316576224352537
0.7413067523248162	0.0319741986596063
0.7413255746186127	0.0322939406462020
0.7413444024710493	0.0326168800526641
0.7413632360480886	0.0329430488531910
0.7413820755158980	0.0332724793417234
0.7414009210426298	0.0336052041351412
0.7414197728001478	0.0339412561764936
0.7414386308949179	0.0342806687382589
0.7414574954008074	0.0346234754256407
0.7414763664095162	0.0349697101798981
0.7414952440303840	0.0353194072816973
0.7415141283822748	0.0356726013545134
0.7415330195930587	0.0360293273680587
0.7415519178004131	0.0363896206417393
0.7415708231526104	0.0367535168481561
0.7415897356513232	0.0371210520166378
0.7416086539608946	0.0374922625368036
0.7416275783614991	0.0378671851621714
0.7416465091309281	0.0382458570137937
0.7416654464162693	0.0386283155839308
0.7416843804849582	0.0390145987397696
0.7417033088515077	0.0394047447271666
0.7417222445340709	0.0397987921744373
0.7417411876853338	0.0401967800961819
0.7417601384747332	0.0405987478971442
0.7417790970884292	0.0410047353761163
0.7417980637199795	0.0414147827298784
0.7418170385700918	0.0418289305571784
0.7418360218487353	0.0422472198627513
0.7418550137288628	0.0426696920613778
0.7418740142978377	0.0430963889819922
0.7418930236711746	0.0435273528718125
0.7419120419883896	0.0439626264005302
0.7419310694042236	0.0444022526645354
0.7419501041619987	0.0448462751911806
0.7419691464828994	0.0452947379430913
0.7419881966812608	0.0457476853225215
0.7420072550809823	0.0462051621757471
0.7420263220168160	0.0466672137975056
0.7420453977389042	0.0471338859354792
0.7420644824298579	0.0476052247948327
0.7420835762931608	0.0480812770427809
0.7421026795539556	0.0485620898132084
0.7421217924600806	0.0490477107113419
0.7421409152827381	0.0495381878184560
0.7421600483028135	0.0500335696966413
0.7421791918133388	0.0505339053936066
0.7421983460599704	0.0510392444475427
0.7422175104356633	0.0515496368920181
0.7422366577654829	0.0520651332609375
0.7422558103585355	0.0525857845935482
0.7422749727211743	0.0531116424394835
0.7422941451689452	0.0536427588638774
0.7423133280304975	0.0541791864525147
0.7423325216503122	0.0547209783170390
0.7423517263915588	0.0552681881002103
0.7423709391016339	0.0558208699812124
0.7423901625289441	0.0563790786810256
0.7424093978569184	0.0569428694678360
0.7424286453390160	0.0575122981625152
0.7424479052596953	0.0580874211441402
0.7424671779363482	0.0586682953555807
0.7424864622994609	0.0592549783091355
0.7425057574082556	0.0598475280922259
0.7425250638030649	0.0604460033731469
0.7425443818665438	0.0610504634068770
0.7425637119478485	0.0616609680409441
0.7425830544320572	0.0622775777213522
0.7426024097409533	0.0629003534985671
0.7426217783159054	0.0635293570335546
0.7426411606196569	0.0641646506038916
0.7426605372372252	0.0648062971099292
0.7426799077328542	0.0654543600810277
0.7426992935182046	0.0661089036818366
0.7427186945800280	0.0667699927186552
0.7427381083679758	0.0674376926458415
0.7427575354059539	0.0681120695722986
0.7427769762416044	0.0687931902680214
0.7427964314511183	0.0694811221707002
0.7428159016421267	0.0701759333924052
0.7428353871917942	0.0708776927263291
0.7428548884993765	0.0715864696535913
0.7428744060084707	0.0723023343501277
0.7428939402105099	0.0730253576936281
0.7429134916467079	0.0737556112705663
0.7429330577333704	0.0744931673832722
0.7429526387026282	0.0752380990571062
0.7429722350813621	0.0759904800476793
0.7429918474440632	0.0767503848481568
0.7430114693848395	0.0775178886966388
0.7430310666415716	0.0782930675836039
0.7430506786509141	0.0790759982594420
0.7430703064712096	0.0798667582420379
0.7430899537236634	0.0806654258244590
0.7431096208147537	0.0814720800827032
0.7431293062977230	0.0822868008835293
0.7431490087304471	0.0831096688923626
0.7431687289183496	0.0839407655812876
0.7431884677006662	0.0847801732371022
0.7432082259222367	0.0856279749694752
0.7432280041503275	0.0864842547191677
0.7432478030348610	0.0873490972663569
0.7432676232798457	0.0882225882390215
0.7432874656505616	0.0891048141214117
0.7433073267110559	0.0899958622626256
0.7433271677535709	0.0908958208852507
0.7433470119508279	0.0918047790941049
0.7433668775421630	0.0927228268850448
0.7433867652957454	0.0936500551538971
0.7434066760470497	0.0945865557054378
0.7434266107068136	0.0955324212624925
0.7434465701709586	0.0964877454751196
0.7434665550647772	0.0974526229298687
0.7434865611746522	0.0984271491591675
0.7435065895194604	0.0994114206507581
0.7435266412180026	0.1004055348572632
0.7435467174632064	0.1014095902058354
0.7435668114538750	0.1024236861078924
0.7435869155504173	0.1034479229689731
0.7436069919983750	0.1044824021986653
0.7436270972043012	0.1055272262206532
0.7436472286754054	0.1065824984828605
0.7436673854095032	0.1076483234676887
0.7436875687599768	0.1087248067023674
0.7437077797076297	0.1098120547693936
0.7437280193460613	0.1109101753170857
0.7437482888890098	0.1120192770702573
0.7437685896310349	0.1131394698409605
0.7437889180974238	0.1142708645393732
0.7438092740753858	0.1154135731847663
0.7438296360332758	0.1165677089166166
0.7438499732980550	0.1177333860057850
0.7438703426008263	0.1189107198658410
0.7438907454018632	0.1200998270644995
0.7439111829053483	0.1213008253351429
0.7439316545716462	0.1225138335884974
0.7439521566824238	0.1237389719243827
0.7439726828135207	0.1249763616436261
0.7439932386736984	0.1262261252600598
0.7440138298604433	0.1274883865126569
0.7440344577864678	0.1287632703777829
0.7440550630459916	0.1300509030815606
0.7440756761442618	0.1313514121123772
0.7440963237284085	0.1326649262334983
0.7441170078673850	0.1339915754958348
0.7441377302311055	0.1353314912507896
0.7441584924760377	0.1366848061632973
0.7441792964461060	0.1380516542249312
0.7442001409201744	0.1394321707671827
0.7442210230240521	0.1408264924748561
0.7442419446574757	0.1422347573996081
0.7442628125624950	0.1436571049736016
0.7442837187829500	0.1450936760233369
0.7443046684487405	0.1465446127835721
0.7443256533511967	0.1480100589114089
0.7443466800034523	0.1494901595005216
0.7443677497040114	0.1509850610955300
0.7443888649211050	0.1524949117064883
0.7444100282955238	0.1540198608235522
0.7444312263656986	0.1555600594317879
0.7444523757033972	0.1571156600261075
0.7444735739307800	0.1586868166263676
0.7444948201170927	0.1602736847926306
0.7445161171764438	0.1618764216405588
0.7445374678169354	0.1634951858569640
0.7445588744031089	0.1651301377155376
0.7445803327944722	0.1667814390926932
0.7446018363247665	0.1684492534836180
0.7446232657576610	0.1701337460184569
0.7446447437030261	0.1718350834786378
0.7446662814723042	0.1735534343134247
0.7446878819320227	0.1752889686565549
0.7447095381287804	0.1770418583431210
0.7447312525295900	0.1788122769265539
0.7447530283661646	0.1806003996958157
0.7447748156992183	0.1824064036927776
0.7447965815933985	0.1842304677297028
0.7448184151575218	0.1860727724070008
0.7448403113219287	0.1879335001310748
0.7448622686254430	0.1898128351323807
0.7448842784995768	0.1917109634837065
0.7449063621082329	0.1936280731185407
0.7449284647477684	0.1955643538497297
0.7449505336943743	0.1975199973882317
0.7449726747741576	0.1994951973621152
0.7449948920674259	0.2014901493357336
0.7450171900645092	0.2035050508290874
0.7450395635370155	0.2055401013373732
0.7450620124417011	0.2075955023507469
0.7450844302335743	0.2096714573742584
0.7451068558288859	0.2117681719480050
0.7451293623606553	0.2138858536674870
0.7451519532434024	0.2160247122041644
0.7451746270164639	0.2181849593262102
0.7451973889590238	0.2203668089194721
0.7452201621654692	0.2225704770086696
0.7452429269601240	0.2247961817787563
0.7452657847115267	0.2270441435965430
0.7452887346525227	0.2293145850325035
0.7453117735681702	0.2316077308828244
0.7453348947622106	0.2339238081916506
0.7453580052239209	0.2362630462735631
0.7453811262543096	0.2386256767363027
0.7454043502170611	0.2410119335036656
0.7454276838863010	0.2434220528387060
0.7454511328159876	0.2458562733670914
0.7454746861997510	0.2483148361007580
0.7454981496187800	0.2507979844617689
0.7455216840329667	0.2533059643063852
0.7455453366841331	0.2558390239494450
0.7455691101587218	0.2583974141889437
0.7455930017503273	0.2609813883308312
0.7456168754695948	0.2635912022141412
0.7456407861890411	0.2662271142362799
0.7456648374367163	0.2688893853786388
0.7456890070124205	0.2715782792324232
0.7457132775291991	0.2742940620247538
0.7457375528772522	0.2770370026450005
0.7457618548277127	0.2798073726714459
0.7457863018656996	0.2826054463981549
0.7458108942348564	0.2854315008621314
0.7458356419943418	0.2882858158707581
0.7458603474471216	0.2911686740294595
0.7458850890346925	0.2940803607697581
0.7459099857270360	0.2970211643774531
0.7459350501135080	0.2999913760212327
0.7459602776703266	0.3029912897814396
0.7459853932329330	0.3060212026792519
0.7460106770662609	0.3090814147060381
0.7460361038557717	0.3121722288530965
0.7460617113131570	0.3152939511416264
0.7460873220240709	0.3184468906530399
0.7461129804873912	0.3216313595595749
0.7461388370162977	0.3248476731551721
0.7461649078111304	0.3280961498867242
0.7461910434530080	0.3313771113855919
0.7462171156227118	0.3346908824994475
0.7462434045191672	0.3380377913244415
0.7462699286355616	0.3414181692376921
0.7462966375392734	0.3448323509300685
0.7463232196520465	0.3482806744393731
0.7463499912895613	0.3517634811837634
0.7463770211829522	0.3552811159955939
0.7464042565145634	0.3588339271555473
0.7464313785325939	0.3624222664271053
0.7464587583862194	0.3660464890913836
0.7464863562176042	0.3697069539823018
0.7465141252139993	0.3734040235221187
0.7465418335500618	0.3771380637573432
0.7465698401910282	0.3809094443949241
0.7465981331079901	0.3847185388388769
0.7466264441663959	0.3885657242272655
0.7466548144827651	0.3924513814695311
0.7466835183945578	0.3963758952842283
0.7467125630444295	0.4003396542370785
0.7467414466244395	0.4043430507794423
0.7467705693901004	0.4083864812872384
0.7468000682606430	0.4124703461001158
0.7468297752592321	0.4165950495611161
0.7468594161503700	0.4207610000567219
0.7468893990610117	0.4249686100572949
0.7469198112175091	0.4292182961578701
0.7469501140637659	0.4335104791194437
0.7469806964452627	0.4378455839106410
0.7470116692911002	0.4422240397497469
0.7470427696695304	0.4466462801472508
0.7470740343800539	0.4511127429487244
0.7471056761886986	0.4556238703782128
0.7471376086177246	0.4601801090819902
0.7471695503618482	0.4647819101728176
0.7472019943134681	0.4694297292745529
0.7472347977083017	0.4741240265673017
0.7472674692995073	0.4788652668329710
0.7473007411222311	0.4836539195012988
0.7473344821744061	0.4884904586963201
0.7473680117296670	0.4933753632832760
0.7474021770816296	0.4983091169161024
0.7474369148602699	0.5032922080852555
0.7474714093186406	0.5083251301661043
0.7475065556333296	0.5134083814677594
0.7475423975540429	0.5185424652824314
0.7475779176459837	0.5237278899352489
0.7476141899240641	0.5289651688345981
0.7476511535297081	0.5342548205229419
0.7476878605101709	0.5395973687281730
0.7477254157335961	0.5449933424154465
0.7477635311936719	0.5504432758396013
0.7478015811329347	0.5559477085979994
0.7478406265227352	0.5615071856839758
0.7478799465777105	0.5671222575408108
0.7479195403021506	0.5727934801162136
0.7479602527870348	0.5785214149173835
0.7480008881468445	0.5843066290665540
0.7480422887257844	0.5901496953572138
0.7480847443856222	0.5960511923107925
0.7481269261505563	0.6020117042339060
0.7481703532467150	0.6080318212762528
0.7482143459517812	0.6141121394890195
0.7482587883576526	0.6202532608839153
0.7483044168661592	0.6264557934927497
0.7483502664470458	0.6327203514276822
0.7483970677203031	0.6390475549419578
0.7484451328942381	0.6454380304913794
0.7484932751103633	0.6518924107962970
0.7485430792234536	0.6584113349042677
0.7485932285433815	0.6649954482533131
0.7486446467880110	0.6716454027358503
0.7486975109979970	0.6783618567632020
0.7487504480329816	0.6851454753308270
0.7488057770256407	0.6919969300841308
0.7488612128215940	0.6989168993849788
0.7489184638755088	0.7059060683788292
0.7489773394038051	0.7129651290626130
0.7490368913389618	0.7200947803532378
0.7490996955472784	0.7272957281567767
0.7491616180836496	0.7345686854383394
0.7492273029244531	0.7419143722927246
0.7492936296575679	0.7493335160156470
0.7493625206528465	0.7568268511758018
0.7494341049599821	0.7643951196875624
0.7495064209972412	0.7720390708844437
0.7495835557075908	0.7797594615932832
0.7496608357312201	0.7875570562092173
0.7497430415774348	0.7954326267713114
0.7498264213731246	0.8033869530390277
0.7499151674181366	0.8114208225694202
0.7500053077717247	0.8195350307951172
0.7501022384061941	0.8277303811030655
0.7502028213654574	0.8360076849141009
0.7503072446888767	0.8443677617632431
0.7504192698793247	0.8528114393808757
0.7505360457830923	0.8613395537746799
0.7506636404769875	0.8699529493124262
0.7507945015920874	0.8786524788055513
0.7509414607308381	0.8874390035936059
0.7510903743049782	0.8963133936295433
0.7512541323343146	0.9060183100142496
0.7514564986034556	0.9150784931143925
0.7516579944336198	0.9242292780455342
0.7518902614191914	0.9334715708259911
0.7521498307221303	0.9428062865342517
0.7524619357805595	0.9602902376470310
0.7525082705248597	0.9511330738840851
0.7527379836586060	0.9577862261983537
0.7530749485395472	0.9662592298276859
0.7534800429417963	0.9789848958956612
0.7537037632002653	0.9846020541474962
0.7538684699793679	0.9819206631466474
0.7540219434117428	0.9763518784648590
0.7544662878358124	0.9814601597485167
0.7548843891044790	0.9880031038878854
0.7557421356021774	0.9947052920763203
0.7566916750034813	0.9961728582532055
0.7574799359715261	0.9977015373710225
0.7619512166616612	0.9994740622962059
0.7630797266017707	0.9996985889391535
0.7655666831594019	0.9998087723786914
0.7733652048283012	0.9999552439815386
0.7746231276868309	0.9999823522027000
0.7850534346341541	0.9999952923945529
0.7877802861066404	0.9999978787662664
0.7943823808394410	0.9999993909971744
0.7963760861187279	0.9999997217927199
0.8029301588003042	0.9999999192601122
0.8052480577395622	0.9999999628836356
0.8121070282877659	0.9999999889519228
0.8142507098949235	0.9999999948899672
0.8208834861217100	0.9999999984611265
0.8230854633905234	0.9999999992906748
0.8298886272611969	0.9999999997861779
0.8324348293960384	0.9999999999018088
0.8392641649794609	0.9999999999704686
0.8420434266972422	0.9999999999864709
0.8488312613568176	0.9999999999959422
0.8517265909503143	0.9999999999981433
0.8584607773798925	0.9999999999994440
0.8613722135892243	0.9999999999997455
0.8680528687145621	0.9999999999999236
0.8709313834376546	0.9999999999999653
0.8761884546862325	0.9999999999999946
0.8792697087988283	1.0000000000000011
0.8878577041989771	1.0000000000000049
0.8894321722840836	1.0000000000000053
0.8917611553689549	1.0000000000000071
0.8924687025387663	1.0000000000000071
0.8943763504464143	1.0100000000000071
0.8948078273210794	1.0016179208524407
0.8965699686111113	1.0005706297121963
0.9143537721386069	1.0001313781562271
0.9199299100488100	1.0000545729788226
0.9259484118606777	1.0000190099794153
0.9295735131293400	1.0000129573921375
0.9401309659864030	1.0000101105166326
0.9438231033594668	1.0000096277943482
0.9506545046134922	0.9999944729199038
0.9531928803820320	0.9999925134269969
0.9641074598063045	0.9999919388335980
0.9722137497996597	0.9999911863137450
0.9740008649266189	0.9999811125210373
0.9744913284979194	0.9999799681373253
0.9913075527912258	0.9999609998993201
0.9921381608117260	0.9999567564160758
1.0046558349015609	0.9999562069367511
1.0241502289167876	0.9999048736097265
1.0606251530564503	0.9997778037891591
1.0994524216564521	0.9998964472484735
1.0994794375263821	0.9999128992683298
1.1213183332897942	0.9999155405236644
1.1379171990392825	0.9999834812948973
1.1379383339941478	0.9999922722541502
1.1596951821579775	0.9999934105147267
1.1597211187557617	0.9999946929327465
1.1597226975812900	0.9999951720306811
1.1694975081614061	0.9999953281301475
1.1742755412079722	0.9999953604830771
1.1861538286646010	0.9999953711648230
1.1920143439031619	0.9999953733857069
1.2042377694967201	0.9999953741195970
1.2102190191880389	0.9999953742722150
1.2224785329890981	0.9999953743226505
1.2284709008234154	0.9999953743331392
1.2407336748242139	0.9999953743366056
1.2467267187443711	0.9999953743373262
1.2589927523749158	0.9999953743375645
1.2649835871734529	0.9999953743376139
1.2772100086797664	0.9999953743376303
1.2830656339100897	0.9999953743376339
1.2958396732075734	0.9999953743376346
1.2976972224036030	0.9999953743376347
1.2991932660693775	0.9999953743376347
2.7754638462552284	1.0301952346426313
2.7755725049524624	1.0004864989656552
2.7902180607046372	1.0000895716148432
2.8065745760539218	1.0000806889508613
2.8198818181948964	1.0000645651002487
2.8344090892363871	0.9963494524316511
2.8347721346938251	0.9996201016792127
2.8471121979574336	0.9999415579327285
2.8648065080931864	0.9999834998491133
3.3594117285394574	0.9999971937377996
3.3816162393095563	0.9999989633391086
3.3841131254087937	0.9999991920536770
3.4059288743420444	0.9999992216107573
3.4277474081661317	0.9999992254304600
3.4495654684779220	0.9999992259240750
3.4713744564955316	0.9999992259878777
3.4931777239147577	0.9999992259961248
3.5149786245490002	0.9999992259971908
3.5367809466884537	0.9999992259973288
3.5585885781579809	0.9999992259973464
3.5805663991002867	0.9999992259973485
4.2288492100218997	1.0000804222462367
4.2293493362971892	1.0001516580317722
4.2409603898546404	1.0000383397761448
4.2585626652894790	1.0000240355145529
4.2767051177009217	1.0000229029539405
4.2934759950894295	1.0000227427621244
4.3718366377561679	1.0000218383950503
4.4406704198948246	0.9999922166652588
4.4505603360218817	0.9999904572350798
4.4925830747019209	0.9999902394659379
5.3046476132590454	0.9999981758250012
6.1135806986261816	0.9999992016368127
6.1160839608372948	0.9999993342257352
6.8779831308882624	1.0001336785801636
6.9569859055502894	1.0000206648968422
7.0786700881235083	1.0000050148858510
7.4180557937635099	1.0000005374424581
7.4271347462619062	0.9999999573641259
8.9008267404999959	0.9999997144624894
8.9082901859485677	0.9999996830647134
8.9338916710482774	0.9999996744218033
8.9454531031805011	0.9999996733046224
8.9753518339404863	0.9999996729971375
8.9869146425953890	0.9999996729573921
9.0144035429198404	0.9999996729464528
9.0259669903515505	0.9999996729450390
9.0548138950445551	0.9999996729446502
9.0663481543911786	0.9999996729445997
9.0935697343453192	0.9999996729445856
9.1046754693655103	0.9999996729445838
9.1384059247120479	0.9999996729445837
9.1639362721592938	0.9999996729445835
9.1651752424950885	0.9999996729445836
