0.0000000000000000	0.0000000000000000
0.7449079304395959	0.0000300000000000
0.7450946952525722	0.0000078776730257
0.7466119987947941	0.0000158291630674
0.7468610400360256	0.0000361203924970
0.7468803786439081	0.0000294699731591
0.7472721609887955	0.0000355227683211
0.7476470895460484	0.0000382100182477
0.7478451879445767	0.0000456220627354
0.7483056365314216	0.0000528577179262
0.7487067671686209	0.0000628577179262
0.7490555089100220	0.0000724077311186
0.7493561884141524	0.0000824077311186
0.7496144260196288	0.0000924077311186
0.7498435749640054	0.0001041075631561
0.7500778307174343	0.0001141075631561
0.7502473230848737	0.0001241075631561
0.7504027139926314	0.0001341075631561
0.7505473631819310	0.0001441075631561
0.7506827561925268	0.0001541075631561
0.7508077523672285	0.0001641075631561
0.7509257871097430	0.0001741075631561
0.7510346820098930	0.0001841075631561
0.7511410430141702	0.0001941075631561
0.7512382251931473	0.0002041075631561
0.7513320556554025	0.0002141075631561
0.7514198231328109	0.0002241075631561
0.7515049532650002	0.0002341075631561
0.7515851712902027	0.0002441075631561
0.7516624480027416	0.0002541075631561
0.7517363933510424	0.0002641075631561
0.7518077729490584	0.0002741075631561
0.7518763196971825	0.0002841075631561
0.7519421436977036	0.0002941075631561
0.7520060604068425	0.0003041075631561
0.7520674591704645	0.0003141075631561
0.7521272984172367	0.0003241075631561
0.7521845717481334	0.0003341075631561
0.7522408384051222	0.0003441075631561
0.7522947416637783	0.0003541075631561
0.7523478296939734	0.0003641075631561
0.7523985111193490	0.0003741075631561
0.7524487289022216	0.0003841075631561
0.7524966832492058	0.0003941075631561
0.7525443625431654	0.0004041075631561
0.7525898209258952	0.0004141075631561
0.7526351767257652	0.0004241075631561
0.7526785470199819	0.0004341075631561
0.7527216478984825	0.0004441075631561
0.7527631357241726	0.0004541075631561
0.7528042901956090	0.0004641075631561
0.7528440488896602	0.0004741075631561
0.7528833566136195	0.0004841075631561
0.7529215202420404	0.0004941075631561
0.7529591860738429	0.0005041075631561
0.7529958775664506	0.0005141075631561
0.7530319997129795	0.0005241075631561
0.7530672980911030	0.0005341075631561
0.7531019667892266	0.0005441075631561
0.7531359613775109	0.0005541075631561
0.7531693218754135	0.0005641075631561
0.7532021650799783	0.0005741075631561
0.7532343780985654	0.0005841075631561
0.7532660768867175	0.0005941075631561
0.7532970752485562	0.0006041075631561
0.7533278037790500	0.0006141075631561
0.7533577916628029	0.0006241075631561
0.7533874832874722	0.0006341075631561
0.7534165689060741	0.0006441075631561
0.7534453166080851	0.0006541075631561
0.7534734509115838	0.0006641075631561
0.7535013851400998	0.0006741075631561
0.7535286561237029	0.0006841075631561
0.7535557814806132	0.0006941075631561
0.7535822735387497	0.0007041075631561
0.7536085758588627	0.0007141075631561
0.7536343555105742	0.0007241075631561
0.7536599131708542	0.0007341075631561
0.7536849533074099	0.0007441075631561
0.7537099181277072	0.0007541075631561
0.7537342470602204	0.0007641075631561
0.7537584740125748	0.0007741075631561
0.7537823345626505	0.0007841075631561
0.7538058576182861	0.0007941075631561
0.7538290484419997	0.0008041075631561
0.7538520548940366	0.0008141075631561
0.7538747619414545	0.0008241075631561
0.7538971123645959	0.0008341075631561
0.7539192200021073	0.0008441075631561
0.7539410828043760	0.0008541075631560
0.7539627397921976	0.0008641075631561
0.7539841277794321	0.0008741075631561
0.7540052349389100	0.0008841075631561
0.7540260445349710	0.0008941075631561
0.7540467169707950	0.0009041075631561
0.7540670856359392	0.0009141075631561
0.7540873374878452	0.0009241075631561
0.7541072590489540	0.0009341075631561
0.7541270982358130	0.0009441075631561
0.7541465962761880	0.0009541075631561
0.7541660320757502	0.0009641075631561
0.7541851056922291	0.0009741075631562
0.7542041495305327	0.0009841075631562
0.7542228242288127	0.0009941075631562
0.7542414519803677	0.0010041075631562
0.7542597613203827	0.0010141486387877
0.7542780933228459	0.0010242901251756
0.7542963179373994	0.0010345330264273
0.7543146365878940	0.0010448783566916
0.7543328866838426	0.0010553271402585
0.7543511922028534	0.0010658804116611
0.7543694748650411	0.0010765392157777
0.7543877587140339	0.0010873046079355
0.7544060807960626	0.0010981776540148
0.7544243446309742	0.0011091594305549
0.7544427109763864	0.0011202510248604
0.7544609483095657	0.0011314535351091
0.7544792843672226	0.0011427680704601
0.7544975760015085	0.0011541957511648
0.7545158774476619	0.0011657377086764
0.7545342284724287	0.0011773950857632
0.7545524969268315	0.0011891690366208
0.7545708404294384	0.0012010607269871
0.7545891453098740	0.0012130713342570
0.7546074500654844	0.0012252020475995
0.7546258179223249	0.0012374540680755
0.7546440942808604	0.0012498286087563
0.7546624198683747	0.0012623268948438
0.7546807779434909	0.0012749501637923
0.7546990632035053	0.0012876996654302
0.7547173975125304	0.0013005766620844
0.7547357521847250	0.0013135824287053
0.7547540455672835	0.0013267182529923
0.7547723797947137	0.0013399854355222
0.7547907464879736	0.0013533852898775
0.7548090403564889	0.0013669191427762
0.7548273680324202	0.0013805883342040
0.7548457273278978	0.0013943942175461
0.7548640501624102	0.0014083381597215
0.7548823673102734	0.0014224215413187
0.7549007113123777	0.0014366457567319
0.7549190762408521	0.0014510122142992
0.7549373856056908	0.0014655223364422
0.7549557128558431	0.0014801775598066
0.7549740575356632	0.0014949793354046
0.7549924197785213	0.0015099291287587
0.7550107438684457	0.0015250284200463
0.7550290690750356	0.0015402787042467
0.7550474096006253	0.0015556814912892
0.7550657601811379	0.0015712383062021
0.7550841216166445	0.0015869506892642
0.7551024461197611	0.0016028201961568
0.7551207761629940	0.0016188483981184
0.7551391158435486	0.0016350368820996
0.7551574616136999	0.0016513872509205
0.7551758138126489	0.0016679011234298
0.7551941697262916	0.0016845801346641
0.7552125090670913	0.0017014259360108
0.7552308433931518	0.0017184401953708
0.7552491817655796	0.0017356245973246
0.7552675241389396	0.0017529808432978
0.7552858690350098	0.0017705106517308
0.7553042163415610	0.0017882157582480
0.7553225650192413	0.0018060979158305
0.7553409147732019	0.0018241588949888
0.7553592650913723	0.0018424004839386
0.7553776156083133	0.0018608244887780
0.7553959661794132	0.0018794327336658
0.7554143162975587	0.0018982270610025
0.7554326662314189	0.0019172093316125
0.7554510154187649	0.0019363814249286
0.7554693644030998	0.0019557452391779
0.7554877124993987	0.0019753026915697
0.7555060606114731	0.0019950557184853
0.7555244078918909	0.0020150062756702
0.7555427555099109	0.0020351563384268
0.7555611022448199	0.0020555079018110
0.7555794493812910	0.0020760629808292
0.7555977958696943	0.0020968236106375
0.7556161425691811	0.0021177918467438
0.7556344890833880	0.0021389697652113
0.7556528355966698	0.0021603594628635
0.7556711824212369	0.0021819630574921
0.7556895289919665	0.0022037826880671
0.7557078762081246	0.0022258205149477
0.7557262231038556	0.0022480787200973
0.7557445703223519	0.0022705595072982
0.7557629178499810	0.0022932651023712
0.7557812653578729	0.0023161977533949
0.7557996135433231	0.0023393597309289
0.7558179616649583	0.0023627533282382
0.7558363100809117	0.0023863808615205
0.7558546591784739	0.0024102446701358
0.7558730081949590	0.0024343471168372
0.7558913576659295	0.0024586905880055
0.7559097076882496	0.0024832774938855
0.7559280577730823	0.0025081102688244
0.7559464083631595	0.0025331913715126
0.7559647595229574	0.0025585232852278
0.7559831107909356	0.0025841085180801
0.7560014625321984	0.0026099496032609
0.7560198150047081	0.0026360490992935
0.7560381675570764	0.0026624095902864
0.7560565204972707	0.0026890336861892
0.7560748741140125	0.0027159240230512
0.7560932281015383	0.0027430832632817
0.7561115823531102	0.0027705140959146
0.7561299371218075	0.0027982192368736
0.7561482925820985	0.0028262014292424
0.7561666483434462	0.0028544634435348
0.7561850044453585	0.0028830080779701
0.7562033610459741	0.0029118381587498
0.7562217182975502	0.0029409565403374
0.7562400760524115	0.0029703661057407
0.7562584341155372	0.0030000697667981
0.7562767926265083	0.0030300704644662
0.7562951516836788	0.0030603711691108
0.7563135113775020	0.0030909748808020
0.7563318716566086	0.0031218846296100
0.7563502322887271	0.0031531034759062
0.7563685933637661	0.0031846345106652
0.7563869549475858	0.0032164808557718
0.7564053170962884	0.0032486456643296
0.7564236798494113	0.0032811321209728
0.7564420432367067	0.0033139434421825
0.7564604072154452	0.0033470828766044
0.7564787716442681	0.0033805537053705
0.7564971365639661	0.0034143592424242
0.7565155020098615	0.0034485028348485
0.7565338680057747	0.0034829878631970
0.7565522345750336	0.0035178177418290
0.7565706017293199	0.0035529959192474
0.7565889694842606	0.0035885258784398
0.7566073378437301	0.0036244111372242
0.7566257068191706	0.0036606552485964
0.7566440764097806	0.0036972618010823
0.7566624466257330	0.0037342344190931
0.7566808174646279	0.0037715767632839
0.7566991889325171	0.0038092925309167
0.7567175610228356	0.0038473854562259
0.7567359337438876	0.0038858593107882
0.7567543070925480	0.0039247179038960
0.7567726810770321	0.0039639650829351
0.7567910556988031	0.0040036047337644
0.7568094309657095	0.0040436407811020
0.7568278068838002	0.0040840771889130
0.7568461834237461	0.0041249179608021
0.7568645604602723	0.0041661671404102
0.7568829380091897	0.0042078288118143
0.7569013160942903	0.0042499070999325
0.7569196947287491	0.0042924061709319
0.7569380739309211	0.0043353302326411
0.7569564537169081	0.0043786835349675
0.7569748340992059	0.0044224703703172
0.7569932150965295	0.0044666950740204
0.7570115967178428	0.0045113620247605
0.7570299789766223	0.0045564756450081
0.7570483618874699	0.0046020404014583
0.7570667454594159	0.0046480608054727
0.7570851297064499	0.0046945414135274
0.7571035146402939	0.0047414868276628
0.7571219002708137	0.0047889016959393
0.7571402866121445	0.0048367907128987
0.7571586736753101	0.0048851586200276
0.7571770614706281	0.0049340102062278
0.7571954500091984	0.0049833503082902
0.7572138392883367	0.0050331838113729
0.7572322293051823	0.0050835156494866
0.7572506200616198	0.0051343508059813
0.7572690115621391	0.0051856943140410
0.7572874038074657	0.0052375512571814
0.7573057968022829	0.0052899267697534
0.7573241905545754	0.0053428260374508
0.7573425850711019	0.0053962542978254
0.7573609803580774	0.0054502168408037
0.7573793764245579	0.0055047190092116
0.7573977732819922	0.0055597661993036
0.7574161709407894	0.0056153638612968
0.7574345694104180	0.0056715174999096
0.7574529687025979	0.0057282326749089
0.7574713688308353	0.0057855150016580
0.7574897698102359	0.0058433701516746
0.7575081716533983	0.0059018038531913
0.7575265743737714	0.0059608218917232
0.7575449779864507	0.0060204301106406
0.7575633825077598	0.0060806344117470
0.7575817879551269	0.0061414407558645
0.7576001943459194	0.0062028551634231
0.7576186016938680	0.0062648837150575
0.7576370100126821	0.0063275325522080
0.7576554193158982	0.0063908078777301
0.7576738296170934	0.0064547159565072
0.7576922409297089	0.0065192631160722
0.7577106532672563	0.0065844557472328
0.7577290666431963	0.0066503003047053
0.7577474810711236	0.0067168033077524
0.7577658965646920	0.0067839713408300
0.7577843131371433	0.0068518110542382
0.7578027308017373	0.0069203291647805
0.7578211495722732	0.0069895324564285
0.7578395694632036	0.0070594277809928
0.7578579904896096	0.0071300220588028
0.7578764126672000	0.0072013222793909
0.7578948360122119	0.0072733355021848
0.7579132605413677	0.0073460688572068
0.7579316862717486	0.0074195295457789
0.7579501132208075	0.0074937248412368
0.7579685414064040	0.0075686620896492
0.7579869708468137	0.0076443487105454
0.7580054015608128	0.0077207921976507
0.7580238335676536	0.0077980001196273
0.7580422668871920	0.0078759801208235
0.7580607015398211	0.0079547399220318
0.7580791375466045	0.0080342873212520
0.7580975749277058	0.0081146301944644
0.7581160137023887	0.0081957764964088
0.7581344538892960	0.0082777342613727
0.7581528955065679	0.0083605116039867
0.7581713385720628	0.0084441167200267
0.7581897830926849	0.0085285578872268
0.7582082290617048	0.0086138434660988
0.7582266764751536	0.0086999819007599
0.7582451253316750	0.0087869817197673
0.7582635756324674	0.0088748515369650
0.7582820273811200	0.0089636000523349
0.7583004805835738	0.0090532360528582
0.7583189352480917	0.0091437684133869
0.7583373913851379	0.0092352060975205
0.7583558490073774	0.0093275581584956
0.7583743081295956	0.0094208337400805
0.7583927687684584	0.0095150420774811
0.7584112309424016	0.0096101924982560
0.7584296946715310	0.0097062944232386
0.7584481599774888	0.0098033573674709
0.7584666268834327	0.0099013909411458
0.7584850954140183	0.0100004048505573
0.7585035655937680	0.0101004088990627
0.7585220374465284	0.0102014129880533
0.7585405109958288	0.0103034271179338
0.7585589862651853	0.0104064613891129
0.7585774632783561	0.0105105260030042
0.7585959420594997	0.0106156312630342
0.7586144226332688	0.0107217875756643
0.7586329049547079	0.0108290054514211
0.7586513886699359	0.0109372955059350
0.7586698738342391	0.0110466684609944
0.7586883605014695	0.0111571351456044
0.7587068487243304	0.0112687064970606
0.7587253385546217	0.0113813935620310
0.7587438300435075	0.0114952074976510
0.7587623232417723	0.0116101595726274
0.7587808182000610	0.0117262611683535
0.7587993149689062	0.0118435237800371
0.7588178135987659	0.0119619590178374
0.7588363141396129	0.0120815786080155
0.7588548166180507	0.0122023943940953
0.7588733210452742	0.0123244183380363
0.7588918274345343	0.0124476625214171
0.7589103358012494	0.0125721391466314
0.7589288461631106	0.0126978605380980
0.7589473585401869	0.0128248391434792
0.7589658729550316	0.0129530875349144
0.7589843894327463	0.0130826184102632
0.7590029080008568	0.0132134445943661
0.7590214286892295	0.0133455790403096
0.7590399515300210	0.0134790348307131
0.7590584760792816	0.0136138251790204
0.7590769956092259	0.0137499634308107
0.7590955175262799	0.0138874630651190
0.7591140418583232	0.0140263376957700
0.7591325686363961	0.0141666010727280
0.7591510978935556	0.0143082670834549
0.7591696296626914	0.0144513497542893
0.7591881639768341	0.0145958632518323
0.7592067008694472	0.0147418218843503
0.7592252403747259	0.0148892401031941
0.7592437825279025	0.0150381325042262
0.7592623273655368	0.0151885138292684
0.7592808749257968	0.0153403989675612
0.7592994252487302	0.0154938029572363
0.7593179783764205	0.0156487409868086
0.7593365343529729	0.0158052283966770
0.7593550931945587	0.0159632806806441
0.7593736549015361	0.0161229134874505
0.7593922194818042	0.0162841426223246
0.7594107869494504	0.0164469840485474
0.7594293573214485	0.0166114538890326
0.7594479306179786	0.0167775684279225
0.7594665068627408	0.0169453441122018
0.7594850860831376	0.0171147975533239
0.7595036683102336	0.0172859455288572
0.7595222535787607	0.0174588049841463
0.7595408419271670	0.0176333930339881
0.7595594328610970	0.0178097269643281
0.7595780262400682	0.0179878242339710
0.7595966221578682	0.0181677024763108
0.7596152207087733	0.0183493795010737
0.7596338219877256	0.0185328732960842
0.7596524260872852	0.0187182020290448
0.7596710330969543	0.0189053840493357
0.7596896431040034	0.0190944378898286
0.7597082561942626	0.0192853822687268
0.7597268724528656	0.0194782360914143
0.7597454919649594	0.0196730184523281
0.7597641147582442	0.0198697486368513
0.7597827408616984	0.0200684461232192
0.7598013703118185	0.0202691305844516
0.7598200031522966	0.0204718218902963
0.7598386394337810	0.0206765401091994
0.7598572792121665	0.0208833055102907
0.7598759225449847	0.0210921385653943
0.7598945694921607	0.0213030599510480
0.7599132201164777	0.0215160905505581
0.7599318744838433	0.0217312514560632
0.7599505326635930	0.0219485639706244
0.7599691947288111	0.0221680496103304
0.7599878607567084	0.0223897301064341
0.7600065308290160	0.0226136274074989
0.7600252050319325	0.0228397636815733
0.7600438834513484	0.0230681613183892
0.7600625661728131	0.0232988429315728
0.7600812532251893	0.0235318313608878
0.7600999446278567	0.0237671496744970
0.7601186404095783	0.0240048211712414
0.7601373406085977	0.0242448693829535
0.7601560451490705	0.0244873180767837
0.7601747531771240	0.0247321912575515
0.7601934638981449	0.0249795131701273
0.7602121773749551	0.0252293083018289
0.7602308947125724	0.0254816013848471
0.7602496160409736	0.0257364173986949
0.7602683414894278	0.0259937815726824
0.7602870711875094	0.0262537193884084
0.7603057969848586	0.0265162565822930
0.7603245205520165	0.0267814191481161
0.7603432489425720	0.0270492333395971
0.7603619822712966	0.0273197256729936
0.7603807206459701	0.0275929229297240
0.7603994640989462	0.0278688521590217
0.7604182126766430	0.0281475406806126
0.7604369664332125	0.0284290160874183
0.7604557254309484	0.0287133062482917
0.7604744897407324	0.0290004393107754
0.7604932594425267	0.0292904437038831
0.7605120346258840	0.0295833481409224
0.7605308153898527	0.0298791816223318
0.7605496018430070	0.0301779734385560
0.7605683940977086	0.0304797531729407
0.7605871922691188	0.0307845507046707
0.7606059964766436	0.0310923962117176
0.7606248068211345	0.0314033201738350
0.7606436225429687	0.0317173533755743
0.7606624431933375	0.0320345269093308
0.7606812689054907	0.0323548721784248
0.7607000998231690	0.0326784209002091
0.7607189360912636	0.0330052051092106
0.7607377778655405	0.0333352571603034
0.7607566253080390	0.0336686097319064
0.7607754785851635	0.0340052958292257
0.7607943378687664	0.0343453487875182
0.7608132033372953	0.0346888022753936
0.7608320751768579	0.0350356902981480
0.7608509535789825	0.0353860472011288
0.7608698386331906	0.0357399076731411
0.7608887304262320	0.0360973067498726
0.7609076290587421	0.0364582798173706
0.7609265346459703	0.0368228626155442
0.7609454473184588	0.0371910912416998
0.7609643672219568	0.0375630021541169
0.7609832945163393	0.0379386321756572
0.7610022293667352	0.0383180184974144
0.7610211706864898	0.0387011986823881
0.7610401182538281	0.0390882106692123
0.7610590514521315	0.0394790927759047
0.7610779900390662	0.0398738837036643
0.7610969358346262	0.0402726225407011
0.7611158889710807	0.0406753487661076
0.7611348496017873	0.0410821022537692
0.7611538178975419	0.0414929232763070
0.7611727940390014	0.0419078525090690
0.7611917782183525	0.0423269310341593
0.7612107706404088	0.0427502003445018
0.7612297715238618	0.0431777023479469
0.7612487811026423	0.0436094793714269
0.7612677995826717	0.0440455741651418
0.7612868270625563	0.0444860299067932
0.7613058636632749	0.0449308902058621
0.7613249095287896	0.0453801991079212
0.7613439645571235	0.0458340010989998
0.7613630271410644	0.0462923411099884
0.7613820976102886	0.0467552645210890
0.7614011763011869	0.0472228171663012
0.7614202635524364	0.0476950453379640
0.7614393597080742	0.0481719957913423
0.7614584650133116	0.0486537157492550
0.7614775766377354	0.0491402529067461
0.7614966968763427	0.0496316554358135
0.7615158268970814	0.0501279719901731
0.7615349669639431	0.0506292517100743
0.7615541173583373	0.0511355442271750
0.7615732783809531	0.0516468996694457
0.7615924359104040	0.0521633686661408
0.7616115869896216	0.0526850023528019
0.7616307499004041	0.0532118523763295
0.7616499226061884	0.0537439709000921
0.7616691051648630	0.0542814106090936
0.7616882978898312	0.0548242247151831
0.7617075011165624	0.0553724669623336
0.7617267152039671	0.0559261916319582
0.7617459405343456	0.0564854535482782
0.7617651774989838	0.0570503080837594
0.7617844264391778	0.0576208111645956
0.7618036875704493	0.0581970192762424
0.7618229611477039	0.0587789894690046
0.7618422474659463	0.0593667793636955
0.7618615468479372	0.0599604471573341
0.7618808585873130	0.0605600516289066
0.7619001812921872	0.0611656521451944
0.7619195155194979	0.0617773086666480
0.7619388617426534	0.0623950817533158
0.7619582203212647	0.0630190325708495
0.7619775916512891	0.0636492228965567
0.7619969761549316	0.0642857151255207
0.7620163667501961	0.0649285722767749
0.7620357384787413	0.0655778579995428
0.7620551251933226	0.0662336365795400
0.7620745273498868	0.0668959729453348
0.7620939451867113	0.0675649326747869
0.7621133783313496	0.0682405820015354
0.7621328245594559	0.0689229878215504
0.7621522844104044	0.0696122176997641
0.7621717584590303	0.0703083398767611
0.7621912473104854	0.0710114232755292
0.7622107515879863	0.0717215375082865
0.7622302703383244	0.0724387528833714
0.7622498004849709	0.0731631404122034
0.7622693472801055	0.0738947718163236
0.7622889112413239	0.0746337195344859
0.7623084924053970	0.0753800567298294
0.7623280881695738	0.0761338572971279
0.7623476993553865	0.0768951958700991
0.7623673264802300	0.0776641478288022
0.7623869231090562	0.0784407893070882
0.7624065359357239	0.0792251972001602
0.7624261669432576	0.0800174491721618
0.7624458167578302	0.0808176236638839
0.7624654860551128	0.0816257999005239
0.7624851753709498	0.0824420578995307
0.7625048851577630	0.0832664784785252
0.7625246120634254	0.0840991432633083
0.7625443566402350	0.0849401346959393
0.7625641197231843	0.0857895360429009
0.7625839021984018	0.0866474314033319
0.7626037048699812	0.0875139057173639
0.7626235283452097	0.0883890447745359
0.7626433733018932	0.0892729352222831
0.7626632404919533	0.0901656645745046
0.7626830951670022	0.0910673212202501
0.7627029464125444	0.0919779944324539
0.7627228182053691	0.0928977743767770
0.7627427115085477	0.0938267521205424
0.7627626270611907	0.0947650196417497
0.7627825619825799	0.0957126698381676
0.7628025158931979	0.0966697965365505
0.7628224946262274	0.0976364945019159
0.7628424989807914	0.0986128594469336
0.7628625261536565	0.0995989880414040
0.7628825756030136	0.1005949779218179
0.7629026484381148	0.1016009277010369
0.7629227458313252	0.1026169369780486
0.7629428620645148	0.1036431063478273
0.7629629427451312	0.1046795374113038
0.7629830515811482	0.1057263327854184
0.7630031894239732	0.1067835961132749
0.7630233548881776	0.1078514320744097
0.7630435457191340	0.1089299463951511
0.7630637633338985	0.1100192458591048
0.7630840089421779	0.1111194383176951
0.7631042836207829	0.1122306327008714
0.7631245885628255	0.1133529390278785
0.7631449250553984	0.1144864684181586
0.7631652904258550	0.1156313331023383
0.7631856658639607	0.1167876464333609
0.7632060107217186	0.1179555228976961
0.7632263760018497	0.1191350781266741
0.7632467734272318	0.1203264289079382
0.7632672044582992	0.1215296931970145
0.7632876705467667	0.1227449901289818
0.7633081713827071	0.1239724400302732
0.7633287029775018	0.1252121644305739
0.7633492670278917	0.1264642860748763
0.7633698653366721	0.1277289289356259
0.7633904996586205	0.1290062182249805
0.7634111170514096	0.1302962804072298
0.7634317363132819	0.1315992432113008
0.7634523953060949	0.1329152356434166
0.7634730892483861	0.1342443879998499
0.7634938202274250	0.1355868318798471
0.7635145901553853	0.1369427001986435
0.7635354006975404	0.1383121272006294
0.7635562536886854	0.1396952484726363
0.7635771371416009	0.1410922009573611
0.7635980543926231	0.1425031229669343
0.7636189198232927	0.1439281541966073
0.7636398203356168	0.1453674357385726
0.7636607652916085	0.1468211100959597
0.7636817568226283	0.1482893211969224
0.7637027967702233	0.1497722144088934
0.7637238786565199	0.1512699365529851
0.7637450047289520	0.1527826359185140
0.7637661774653619	0.1543104622777029
0.7637873879025241	0.1558535669004839
0.7638085454085635	0.1574121025694872
0.7638297570924655	0.1589862235951862
0.7638510169152612	0.1605760858311364
0.7638723241781588	0.1621818466894515
0.7638936673606247	0.1638036651563443
0.7639150652315241	0.1654417018079037
0.7639365201596757	0.1670961188259783
0.7639580256941901	0.1687670800142391
0.7639794660283082	0.1704547508143771
0.7640009564829788	0.1721592983225247
0.7640225056751132	0.1738808913057541
0.7640441162829439	0.1756197002188100
0.7640657896027759	0.1773758972209946
0.7640875189398655	0.1791496561932046
0.7641093082619225	0.1809411527551379
0.7641311080099268	0.1827505642826860
0.7641528720991133	0.1845780699255134
0.7641746983315698	0.1864238506247641
0.7641965899714681	0.1882880891310095
0.7642185460153291	0.1901709700223174
0.7642405704276175	0.1920726797225448
0.7642626669203141	0.1939934065197717
0.7642847814966226	0.1959333405849700
0.7643068706084021	0.1978926739908184
0.7643290297930719	0.1998716007307238
0.7643512635732925	0.2018703167380298
0.7643735761141832	0.2038890199054125
0.7643959540089595	0.2059279101044665
0.7644183967542666	0.2079871892055123
0.7644408000563384	0.2100670610975636
0.7644632363001823	0.2121677317085401
0.7644857589619221	0.2142894090256244
0.7645083731516461	0.2164323031158782
0.7645310685388905	0.2185966261470324
0.7645538502953088	0.2207825924085040
0.7645766357492548	0.2229904183325867
0.7645994179764237	0.2252203225159123
0.7646222719118450	0.2274725257410757
0.7646452152317189	0.2297472509984904
0.7646682543239889	0.2320447235084724
0.7646913951227351	0.2343651707435576
0.7647145175852669	0.2367088224509974
0.7647376662889067	0.2390759106755113
0.7647609158204761	0.2414666697822705
0.7647842728322133	0.2438813364800906
0.7648077334357414	0.2463201498448899
0.7648312784260933	0.2487833513433364
0.7648547211311778	0.2512711848567661
0.7648782776627964	0.2537838967053309
0.7649019550808995	0.2563217356723819
0.7649257613439276	0.2588849530290997
0.7649496835466209	0.2614738025593897
0.7649735708083647	0.2640885405849837
0.7649974933157686	0.2667294259908283
0.7650215302165482	0.2693967202507397
0.7650457015124329	0.2720906874532464
0.7650700046748566	0.2748115943277780
0.7650942931017408	0.2775597102710602
0.7651186251422907	0.2803353073737654
0.7651431117659010	0.2831386604475076
0.7651677275002579	0.2859700470519805
0.7651924619706719	0.2888297475224941
0.7652171432344951	0.2917180449977245
0.7652419234881804	0.2946352254476963
0.7652668613533987	0.2975815777021713
0.7652919635249650	0.3005573934791889
0.7653172074632695	0.3035629674139864
0.7653423230325186	0.3065985970881318
0.7653676000087443	0.3096645830590063
0.7653930543660727	0.3127612288895941
0.7654187012555287	0.3158888411784914
0.7654443276372601	0.3190477295902765
0.7654700365418273	0.3222382068861731
0.7654959050724029	0.3254605889550295
0.7655219584704135	0.3287151948445825
0.7655480993342464	0.3320023467930233
0.7655742270685804	0.3353223702609568
0.7656005679817709	0.3386755939635608
0.7656271392962566	0.3420623499031891
0.7656538001042901	0.3454829734022182
0.7656803935268541	0.3489378031362353
0.7657072226151924	0.3524271811675996
0.7657343059458719	0.3559514529792727
0.7657615630903872	0.3595109675090629
0.7657886975721082	0.3631060771841502
0.7658160717325507	0.3667371379559928
0.7658437286159531	0.3704045093355539
0.7658715196290906	0.3741085544289165
0.7658993009539191	0.3778496399732005
0.7659273057111231	0.3816281363729343
0.7659556105190153	0.3854444177366630
0.7659839452439605	0.3892988619140234
0.7660123953138075	0.3931918505331622
0.7660411531232483	0.3971237690384864
0.7660701890221346	0.4010950067288705
0.7660990780721609	0.4051059567961581
0.7661282862859682	0.4091570163641184
0.7661578654843826	0.4132485865277587
0.7661875064867418	0.4173810723930365
0.7662171955386099	0.4215548831169728
0.7662472697362371	0.4257704319481428
0.7662777689827770	0.4300281362676189
0.7663080094638772	0.4343284176302951
0.7663386399577742	0.4386717018066001
0.7663697120738452	0.4430584188246663
0.7664008499509486	0.4474890030129181
0.7664321103542105	0.4519638930430478
0.7664638277113376	0.4564835319734835
0.7664958020299368	0.4610483672932202
0.7665278147413001	0.4656588509661595
0.7665602553587407	0.4703154394758247
0.7665931044591039	0.4750185938705818
0.7666259057205956	0.4797687798092913
0.7666591942617028	0.4845664676073841
0.7666929641860791	0.4894121322834529
0.7667266087131880	0.4943062536062928
0.7667608257005484	0.4992493161423630
0.7667955695350480	0.5042418093037834
0.7668301774957252	0.5092842273968285
0.7668654224902429	0.5143770696707977
0.7669011994042059	0.5195208403675068
0.7669369011124477	0.5247160487711863
0.7669732877504716	0.5299632092588917
0.7670101681207709	0.5352628413514772
0.7670470620293459	0.5406154697649876
0.7670847304175763	0.5460216244626308
0.7671227970729967	0.5514818407072504
0.7671610572959685	0.5569966591143245
0.7672001602156726	0.5625666257054733
0.7672395098409028	0.5681922919625270
0.7672793444180742	0.5738742148821581
0.7673200498070172	0.5796129570309737
0.7673607965655678	0.5854090866012848
0.7674023146011182	0.5912631774673036
0.7674447677284274	0.5971758092419719
0.7674872300567809	0.6031475673343859
0.7675307175066296	0.6091790430077342
0.7675748583630830	0.6152708334378084
0.7676193386571929	0.6214235417721845
0.7676653540746851	0.6276377771899134
0.7677111467256202	0.6339141549618126
0.7677582263185069	0.6402532965114303
0.7678063280006767	0.6466558294765392
0.7678547146093201	0.6531223877713117
0.7679049175035145	0.6596536116490280
0.7679549482058591	0.6662501477655207
0.7680068026632721	0.6729126492431819
0.7680595310505030	0.6796417757356141
0.7681130050020963	0.6864381934929710
0.7681685501749171	0.6933025754279030
0.7682240699991817	0.7002356011821774
0.7682817518013336	0.7072379571939951
0.7683405849176383	0.7143103367659356
0.7684005171819391	0.7214534401335897
0.7684630659333846	0.7286679745349282
0.7685258504791103	0.7359546542802732
0.7685915821382708	0.7433142008230785
0.7686582029336713	0.7507473428313126
0.7687276264646893	0.7582548162596219
0.7687989951996091	0.7658373644222192
0.7688723805469336	0.7734957380664401
0.7689492623022146	0.7812306954471018
0.7690273369585566	0.7890430024015772
0.7691109722174000	0.7969334324255981
0.7691939696882758	0.8049027667498553
0.7692840729250243	0.8129517944173519
0.7693752060245700	0.8210813123615246
0.7694732572332712	0.8292921254851422
0.7695735739089624	0.8375850467399913
0.7696809264953153	0.8459608972073916
0.7697936111111695	0.8544205061794666
0.7699123106133284	0.8629647112412627
0.7700400033381370	0.8715943583536748
0.7701749821995904	0.8803103019372148
0.7703240785378673	0.8891134049565852
0.7704755545223495	0.8980045390061518
0.7706430722489159	0.9074882066309232
0.7708404115527702	0.9165630886972308
0.7710441111103175	0.9257287195842031
0.7712852207585168	0.9347461746795231
0.7715566794815411	0.9435976061560344
0.7718569968311818	0.9530335822175932
0.7721750165884603	0.9671526130770184
0.7722364961913151	0.9608691523750302
0.7725123905868778	0.9668073845533403
0.7729015741129015	0.9737472849674397
0.7733212060407600	0.9820216083449447
0.7734162093613756	0.9876761094995827
0.7738640084538011	0.9897490028197106
0.7742589490736210	0.9887323288704116
0.7744314026803689	0.9837690474797680
0.7750360355008892	0.9929164888696241
0.7754048691365631	0.9956284448759644
0.7782898535604739	0.9976542565848155
0.7801955084558377	0.9985088169364486
0.7805797039238940	0.9993388142490685
0.7835062011707125	0.9995604948433220
0.7835077226049594	0.9996963614880052
0.7855488629504064	0.9998811366708538
0.7896278076958059	0.9999561015880786
0.7939092578487196	0.9999755745897514
0.7974207681192425	0.9999923482648115
0.8000648848299756	0.9999964474567483
0.8070971122771431	0.9999989733258678
0.8100601274658286	0.9999995055871236
0.8174296550663341	0.9999998450572630
0.8192610387575298	0.9999999275790999
0.8261324923615250	0.9999999777282046
0.8289821234881938	0.9999999897785353
0.8359630506276027	0.9999999969069332
0.8391782278202657	0.9999999985876110
0.8459540860748280	0.9999999995764079
0.8491422524169560	0.9999999998067786
0.8558233070557253	0.9999999999422917
0.8589149976866659	0.9999999999736443
0.8655248695096019	0.9999999999921312
0.8684411559760363	0.9999999999964002
0.8750194381491966	0.9999999999989240
0.8777877666211901	0.9999999999995074
0.8843885850466853	0.9999999999998527
0.8870914113075643	0.9999999999999324
0.8937398169305297	0.9999999999999797
0.8943763596093678	1.0000000039242383
0.8943764034856196	1.0000000044281416
0.9160531543184472	1.0000000045684545
0.9161000182658390	1.0000000045977324
0.9164253188887664	1.0000000049068354
0.9167241407041727	1.0000000049473634
0.9179700197430198	1.0000000053577751
0.9182708370419600	1.0000000054116120
0.9266754780114916	1.0000000055544875
0.9273933869969548	1.0000000055740026
0.9442337203795652	1.0000000055971356
0.9447413366451729	1.0000000056005345
0.9496468041975314	1.0000000872193349
0.9521424124151817	1.0000001098637838
0.9528854107469616	1.0000001423350684
0.9630207972203066	1.0000001514434282
0.9726490437016629	1.0000001575151058
0.9759241577381741	1.0000001588956309
0.9828465900937899	1.0000001600061401
0.9895431668714849	1.0000001601798860
0.9908612984170025	1.0000001603295630
0.9927367001358018	1.0000001605371940
1.0039636641919931	1.0000001606095239
1.0122820902152150	1.0000001606350801
1.0131652733176029	1.0000001606509024
1.0221220408500942	1.0000002554975040
1.0246179890590643	1.0000002970301447
1.0327174795389107	1.0000003034657365
1.0359761521366631	1.0000003088065383
1.0509445628352512	1.0000003107964344
1.0583994843569773	1.0000003112076077
1.0668400144325485	1.0000003114059683
1.0733506328356890	1.0000003114422704
1.0801754313514176	1.0000003114618259
1.0857525591919159	1.0000003114652396
1.0922084559186278	1.0000003114672220
1.0972461457065761	1.0000003114675593
1.1039632254335525	1.0000003114677640
1.1085936878915170	1.0000003114677984
1.1153604859565449	1.0000003114678198
1.1196341191197423	1.0000003114678233
1.1261283609337684	1.0000003114678258
1.1301526315515442	1.0000003114678262
1.1325991101524053	1.0014221672032364
1.1325991101524056	1.0016042928409712
1.1401137153394965	1.0003311852746855
1.1543928517419271	1.0001694273779274
1.1592937457461501	1.0000629008878641
1.1602295594713290	1.0000490707247760
1.1676230509320329	1.0000387045989139
1.1711374027893393	1.0000373593618679
1.1785444790719526	1.0000357950056820
1.1804939906308960	1.0000355927880764
1.1889318652842771	0.9999082822849451
1.2105993768136265	0.9999046564690404
1.2297177689233256	0.9997574689029575
1.2652013179710730	0.9998864011196480
1.2748947445177370	0.9999009363060394
1.2893683803793439	0.9999087861833812
1.3047751365162910	0.9999566721970115
1.3060285191909102	0.9999628609420685
1.3257341650862473	0.9999638952284203
1.3275206681473477	0.9999648284759584
1.3472598860028511	0.9999823888912203
1.3473648274187986	0.9999847792910542
1.3672296126611507	0.9999851454269990
1.3679599351933442	0.9999855016898390
1.3696625935549980	0.9999858469246478
1.3798729788066713	0.9999859376028162
1.3909810109040184	0.9999859569536502
1.3924668888545486	0.9999925571981062
1.3925138685400118	0.9999934103352037
1.4037830608613413	0.9999941987254961
1.4116702005238910	0.9999946066334059
1.4141789752959832	0.9999947345917483
1.4153616712519836	0.9999948845816260
1.4164429692086447	0.9999949732358326
1.4205672339320052	0.9999950099901797
1.4210222503355607	0.9999950262008499
1.4224177514461742	0.9999950521861182
1.4241758381983660	0.9999950555450482
1.4352420584269581	0.9999950598283803
1.4369034703574100	0.9999950684704719
1.4374241090678546	0.9999988073686854
1.4374391461759541	0.9999992923215835
1.4585746077569648	0.9999993778635479
1.4590788630231235	0.9999994516025276
1.4599787814889966	0.9999995381167220
1.4600044606320255	0.9999996140614958
1.4610405664961721	0.9999997121925808
1.4613508149178760	0.9999997254244730
1.4809762616040543	0.9999997314184198
1.4811809007656522	0.9999997321931957
1.4872133234869911	1.0000001912178946
1.4897082188754855	1.0000003176309584
1.4989732503791615	1.0000003410584497
1.5009351577652439	1.0000003619238702
1.5141760494039582	1.0000003679603444
1.5221321849635361	1.0000003688414751
1.5243594748570299	1.0000003697175108
1.5364125317322888	1.0000003697890079
1.5372603826412461	1.0000003700099942
1.5413572201552681	1.0000003700434457
1.5473078474552779	1.0000003700805851
1.5499188775771016	1.0000003700899864
1.5658074981942325	1.0000003700960638
1.5704957477202872	1.0000003700973785
1.5760350987787199	1.0000003700985025
1.5877129958526159	1.0000003700986475
1.6012512394935678	1.0000003700986975
1.6039528786820254	1.0000003700987261
1.6110001611483640	1.0000003700987274
1.6163239568186745	1.0000003700987312
1.6224695647383796	1.0000003700987334
1.6270903457742942	1.0000003700987334
1.6341758175123404	1.0100003737997207
1.6346070950729394	1.0016144232314688
1.6363344007716696	1.0005692536094901
1.6540152319199897	1.0001276231688645
1.6600523695132801	1.0000530569446793
1.6659839062162038	1.0000181142269509
1.6694444563155078	1.0000121921364635
1.6801064306698426	1.0000093999068880
1.6837976506680747	1.0000089267950940
1.6935109862910895	1.0000087037587453
1.6971061290902589	0.9999959012888967
1.6995995958220895	0.9999942460278372
1.7104537624328155	0.9999937560766854
1.7186562404887002	0.9999936926936226
1.7188946470125586	0.9999930170998858
1.7205538423481119	0.9999900165376167
1.7235225040762214	0.9999898195347174
1.7444420361461703	0.9999728447044247
1.7472988070927526	0.9999703666219725
1.7646443449809521	0.9999702049371441
1.7659465416823565	0.9999698630559782
1.7700682203735436	0.9999698104474605
1.7706854550516180	0.9999698036331670
1.7818430016384312	0.9999248224046008
1.8031056810463930	0.9999227689283429
1.8238504811002458	0.9998129406523523
1.8695632013202821	0.9999135875727962
1.8706830497895386	0.9999273816020259
1.8902415710952591	0.9999298178512673
1.8913083153411687	0.9999304883980075
1.9144439134467572	0.9999305750693992
1.9198558405311394	0.9999676783313139
1.9198829069679171	0.9999724976878478
1.9405410911802161	0.9999733950883033
1.9414245053287167	0.9999741337974365
1.9424717238168909	0.9999742292870237
1.9624901622606157	0.9999742680002178
1.9637685393839397	0.9999742853416163
1.9653834470631391	0.9999742886398061
1.9695102990236071	0.9999952363003428
1.9695107886719911	0.9999979438331944
1.9913161557075607	0.9999983967126778
1.9913192591270814	0.9999988051277969
1.9920879509198397	0.9999992672059460
1.9923730692912636	0.9999993269338752
2.0072910439055112	0.9999993473977168
2.0087741344106584	0.9999993538834401
2.0119354681227191	0.9999993750662579
2.0187001490556078	0.9999994016169588
2.0212391950514332	0.9999994050488981
2.0376105588745981	0.9999994070188672
2.0382749402172364	0.9999994072735051
2.0548840317728185	0.9999994073807578
2.0586943247510847	0.9999994074071851
2.0696444996642711	0.9999994074166921
2.0767821483822781	0.9999994074185787
2.0918362763701359	0.9999994074191089
2.0978468140713895	0.9999994074192101
2.1102455601741861	0.9999994074192486
2.1164479745256775	0.9999994074192562
2.1317286834885736	0.9999994074192585
2.1393648845967381	0.9999994074192586
2.1496892433436590	1.0035477919705145
2.1518554903182578	1.0001275953453566
2.1830269551321155	1.0000072746155444
2.1919615195211484	1.0000003739369674
2.2158921948173540	1.0000000084447456
2.2342442364026835	0.9999999885569573
2.2548124730011101	0.9999999874742360
2.2745617285008874	0.9999999874152893
2.2946111979074688	0.9999999874120797
2.3145779668423461	0.9999999874119049
2.3352789490407391	0.9999999874118957
2.3564449396384974	0.9999999874118952
2.3580391133151277	0.9999999874118951
2.3645087369533413	0.9607843016310366
2.3645087369533413	0.9991482956942480
2.3773624556661628	0.9996695229152999
2.3792886812304195	0.9999780618900287
2.3944443032004017	0.9999751102779185
2.4081195171914578	0.9999948854848947
2.4265382161679461	0.9999962507886272
2.4448381772795584	0.9999963446329572
2.4630992155240108	0.9999963510836523
2.4813564244711817	0.9999963515269992
2.4996128497053691	0.9999963515574692
2.5130872879690869	0.9999966186190772
2.5395819863866622	0.9999966482664782
2.5582910460148560	0.9999966510209396
2.5742615987191662	0.9999966512671141
2.5892247392670602	0.9999966512889045
2.6038403899776030	0.9999966512908283
2.6183232778624781	0.9999966512909981
2.6327595800253438	0.9999966512910131
2.6466591907029624	0.9999966512910146
2.6607315814107988	0.9999966512910146
5.8225032768910365	1.0301965501600032
5.8226439326032526	1.0054490517421293
5.8229487223908096	1.0024849043142134
5.8256941242000257	1.0005373741210908
5.8301949594814646	1.0002195089501735
5.8425141905890072	1.0000468522909447
5.8471521664238493	1.0000231664588997
5.8568911672297581	1.0000103701536311
5.8609017698206367	1.0000087158385269
5.8651089756876100	1.0000021579972713
5.8694646007050144	0.9999996471268641
5.8762438907344929	0.9999951356541859
5.8766947447629487	0.9999942278919108
5.8883042409473489	0.9999939576814159
5.8933252680178043	0.9999936880240570
5.8950435765807621	0.9999936502655357
5.8964182675958208	0.9999854413775038
5.8989250409404059	0.9999843800698671
5.9068035259895089	0.9999838894707926
5.9128953411967116	0.9999838260302794
5.9187634000830043	0.9999836276580690
5.9217355326439094	0.9999836020141847
5.9229096586369847	0.9999631519114904
5.9254254286924759	0.9999601581569866
5.9446196989698796	0.9999596553460597
6.1701533489682960	1.0000145648186620
6.5189066974848915	1.0000021583327547
6.5189066974944909	1.0000005316208236
