0.0000000000000000	0.0000000000000000
0.7621275943007301	0.0000300000000000
0.7623872771545243	0.0000166781710549
0.7632342755978518	0.0000201739645866
0.7633720225570778	0.0000296837581712
0.7634262733444189	0.0000328443102692
0.7639077797504744	0.0000232008582014
0.7643859389813406	0.0000405716421555
0.7645453023086810	0.0000342310613130
0.7649695833739967	0.0000415289139775
0.7653641478827640	0.0000515289139775
0.7653947200220270	0.0000486227490577
0.7656468762592933	0.0000586227490577
0.7660069370556623	0.0000689536931594
0.7662961405686655	0.0000789536931594
0.7665295774083345	0.0000889536931594
0.7667545780433142	0.0001003126430927
0.7669770305041865	0.0001103126430927
0.7671423196153140	0.0001203126430927
0.7672989137032861	0.0001303126430927
0.7674414073562632	0.0001403126430927
0.7675769142594361	0.0001503126430927
0.7677019668134235	0.0001603126430927
0.7678203390131276	0.0001703126430927
0.7679311343861259	0.0001803126430927
0.7680377598689799	0.0001903126430927
0.7681367387399094	0.0002003126430927
0.7682320440839686	0.0002103126430927
0.7683214863097222	0.0002203126430927
0.7684080756199009	0.0002303126430927
0.7684896290696450	0.0002403126430927
0.7685683138247476	0.0002503126430927
0.7686432735836326	0.0002603126430927
0.7687153518381659	0.0002703126430927
0.7687846914617664	0.0002803126430927
0.7688513755182929	0.0002903126430927
0.7689159776224793	0.0003003126430927
0.7689781605136889	0.0003103126430927
0.7690386091042702	0.0003203126430927
0.7690967052320212	0.0003303126430927
0.7691535063141087	0.0003403126430927
0.7692080753787023	0.0003503126430927
0.7692616366963053	0.0003603126430927
0.7693130505639983	0.0003703126430927
0.7693637247490845	0.0003803126430927
0.7694123705586638	0.0003903126430927
0.7694604544567640	0.0004003126430927
0.7695065845560545	0.0004103126430927
0.7695523269732508	0.0004203126430927
0.7695961003000465	0.0004303126430927
0.7696396897086268	0.0004403126430927
0.7696814327613496	0.0004503126430927
0.7697230356046380	0.0004603126430927
0.7697629909977675	0.0004703126430927
0.7698027580631996	0.0004803126430927
0.7698411005920370	0.0004903126430927
0.7698791616235359	0.0005003126430927
0.7699160228792852	0.0005103126430927
0.7699525524245595	0.0005203126430927
0.7699880376897992	0.0005303126430927
0.7700231115164411	0.0005403126430927
0.7700573195171085	0.0005503126430927
0.7700910392211430	0.0005603126430927
0.7701239632632136	0.0005703126430927
0.7701564239565958	0.0005803126430927
0.7701883007297995	0.0005903126430927
0.7702196831940711	0.0006003126430927
0.7702504249840222	0.0006103126430927
0.7702806977080774	0.0006203126430927
0.7703105620276409	0.0006303126430927
0.7703397882481512	0.0006403126430927
0.7703687691594926	0.0006503126430927
0.7703970352720335	0.0006603126430927
0.7704251328674271	0.0006703126430927
0.7704525670998252	0.0006803126430927
0.7704798570815173	0.0006903126430927
0.7705064457290124	0.0007003126430927
0.7705330089146416	0.0007103126430928
0.7705588048746598	0.0007203126430928
0.7705846143464427	0.0007303126430928
0.7706097329329875	0.0007403126430928
0.7706347902211250	0.0007503126430928
0.7706593067104460	0.0007603126430928
0.7706836552312907	0.0007703126430927
0.7707074772755519	0.0007803126430927
0.7707312670834207	0.0007903126430927
0.7707545364253809	0.0008003126430927
0.7707776178305827	0.0008103126430927
0.7708003218258155	0.0008203126430927
0.7708229076328759	0.0008303126430927
0.7708451112334075	0.0008403126430927
0.7708670525429435	0.0008503126430927
0.7708887027539498	0.0008603126430927
0.7709101707801591	0.0008703126430927
0.7709313788828455	0.0008803126430927
0.7709523729448916	0.0008903126430927
0.7709731186511268	0.0009003126430927
0.7709935638190258	0.0009103126430927
0.7710138259350203	0.0009203126430927
0.7710338353116423	0.0009303126430927
0.7710536904115284	0.0009403126430927
0.7710732722008770	0.0009503126430927
0.7710927292492377	0.0009603126430927
0.7711118966992816	0.0009703126430927
0.7711309662306777	0.0009803126430928
0.7711497290731723	0.0009903126430927
0.7711684231506480	0.0010003126430927
0.7711867999318175	0.0010103157695236
0.7712051374945074	0.0010204189272189
0.7712233297384485	0.0010306231164910
0.7712416699393325	0.0010409293476559
0.7712598793737006	0.0010513386411325
0.7712782005861519	0.0010618520275438
0.7712964434976566	0.0010724705478193
0.7713147479964824	0.0010831952532974
0.7713330294189465	0.0010940272058304
0.7713513080030765	0.0011049674778887
0.7713696329802838	0.0011160171526676
0.7713878895222580	0.0011271773241942
0.7714062384245940	0.0011384490974362
0.7714244884361825	0.0011498335884105
0.7714428068702086	0.0011613319242946
0.7714611153491482	0.0011729452435376
0.7714793956908323	0.0011846746959729
0.7714977533337597	0.0011965214429327
0.7715160153721721	0.0012084866573620
0.7715343304173221	0.0012205715239356
0.7715526645318119	0.0012327772391750
0.7715709432094214	0.0012451050115668
0.7715892777821856	0.0012575560616825
0.7716075918459117	0.0012701316222993
0.7716258869481308	0.0012828329385223
0.7716442290416061	0.0012956612679076
0.7716625392722199	0.0013086178805867
0.7716808406074708	0.0013217040593925
0.7716991814796893	0.0013349210999865
0.7717175032446013	0.0013482703109864
0.7717358032097014	0.0013617530140962
0.7717541365402472	0.0013753705442372
0.7717724843121291	0.0013891242496796
0.7717907778303784	0.0014030154921763
0.7718090996455409	0.0014170456470981
0.7718274464522903	0.0014312161035690
0.7718457708030865	0.0014455282646047
0.7718640788693522	0.0014599835472507
0.7718824077700166	0.0014745833827232
0.7719007551556470	0.0014893292165504
0.7719190846523457	0.0015042225087159
0.7719373958473544	0.0015192647338031
0.7719557230592526	0.0015344573811411
0.7719740628671899	0.0015498019549525
0.7719924145060307	0.0015652999745021
0.7720107329974122	0.0015809529742471
0.7720290528370726	0.0015967625039896
0.7720473832911237	0.0016127301290295
0.7720657209478451	0.0016288574303198
0.7720840662454663	0.0016451460046230
0.7721024157776732	0.0016615974646692
0.7721207360648679	0.0016782134393159
0.7721390630895232	0.0016949955737091
0.7721573941564146	0.0017119455294462
0.7721757304586576	0.0017290649847407
0.7721940689644183	0.0017463556345880
0.7722124107863569	0.0017638191909340
0.7722307535473661	0.0017814573828433
0.7722490981742900	0.0017992719566718
0.7722674428225460	0.0018172646762385
0.7722857810674854	0.0018354373230009
0.7723041160769858	0.0018537916962308
0.7723224524597482	0.0018723296131931
0.7723407907224913	0.0018910529093251
0.7723591299647657	0.0019099634384183
0.7723774705127932	0.0019290630728025
0.7723958118916213	0.0019483537035305
0.7724141540272520	0.0019678372405658
0.7724324957181565	0.0019875156129714
0.7724508370511193	0.0020073907691012
0.7724691782366446	0.0020274646767922
0.7724875190805989	0.0020477393235602
0.7725058601076423	0.0020682167167958
0.7725242006732811	0.0020888988839638
0.7725425417921282	0.0021097878728035
0.7725608823615394	0.0021308857515315
0.7725792234029495	0.0021521946090469
0.7725975641935985	0.0021737165551374
0.7726159052552205	0.0021954537206887
0.7726342465669995	0.0022174082578957
0.7726525878545643	0.0022395823404746
0.7726709299261274	0.0022619781638793
0.7726892717206794	0.0022845979455181
0.7727076139773622	0.0023074439249733
0.7727259565574085	0.0023305183642231
0.7727442992868694	0.0023538235478653
0.7727626427727435	0.0023773617833439
0.7727809862732772	0.0024011354011773
0.7727993301795431	0.0024251467551891
0.7728176748360018	0.0024493982227410
0.7728360195143887	0.0024738922049683
0.7728543647250459	0.0024986311270181
0.7728727106090201	0.0025236174382882
0.7728910566318357	0.0025488536126710
0.7729094032174888	0.0025743421487978
0.7729277505405516	0.0026000855702857
0.7729460980327397	0.0026260864259886
0.7729644460492531	0.0026523472902485
0.7729827948831186	0.0026788707631509
0.7730011439773491	0.0027056594707824
0.7730194935090746	0.0027327160654903
0.7730378437306928	0.0027600432261452
0.7730561946072654	0.0027876436584066
0.7730745458029724	0.0028155200949906
0.7730928975399765	0.0028436752959406
0.7731112499962183	0.0028721120489000
0.7731296030960005	0.0029008331693891
0.7731479565768055	0.0029298415010830
0.7731663105965739	0.0029591399160939
0.7731846652948334	0.0029887313152549
0.7732030207705579	0.0030186186284074
0.7732213767105185	0.0030488048146914
0.7732397331378896	0.0030792928628383
0.7732580901454513	0.0031100857914667
0.7732764478224696	0.0031411866493814
0.7732948062213582	0.0031725985158752
0.7733131653063341	0.0032043245010340
0.7733315248749346	0.0032363677460443
0.7733498849840704	0.0032687314235047
0.7733682456975904	0.0033014187377397
0.7733866070452363	0.0033344329251171
0.7734049690672659	0.0033677772543682
0.7734233317758487	0.0034014550269119
0.7734416951923152	0.0034354695771810
0.7734600593168629	0.0034698242729528
0.7734784240058211	0.0035045225156822
0.7734967892889815	0.0035395677408391
0.7735151551833725	0.0035749634182475
0.7735335217109555	0.0036107130524299
0.7735518888819539	0.0036468201829542
0.7735702567110018	0.0036832883847837
0.7735886252039849	0.0037201212686314
0.7736069943592014	0.0037573224813177
0.7736253641723964	0.0037948957061309
0.7736437346367033	0.0038328446631923
0.7736621057420255	0.0038711731098242
0.7736804774801920	0.0039098848409226
0.7736988498468129	0.0039489836893317
0.7737172228363928	0.0039884735262252
0.7737355964500737	0.0040283582614875
0.7737539706833209	0.0040686418441023
0.7737723455428011	0.0041093282625433
0.7737907210247926	0.0041504215451687
0.7738090971360808	0.0041919257606204
0.7738274738783970	0.0042338450182266
0.7738458512579662	0.0042761834684089
0.7738642292826646	0.0043189453030930
0.7738826079572315	0.0043621347561239
0.7739009872945450	0.0044057561036852
0.7739193672988048	0.0044498136647219
0.7739377479804853	0.0044943118013691
0.7739561293504128	0.0045392549193826
0.7739745114164962	0.0045846474685765
0.7739928941926070	0.0046304939432622
0.7740112776874123	0.0046767988826947
0.7740296619117648	0.0047235668715218
0.7740480468813539	0.0047708025402369
0.7740664326039468	0.0048185105656392
0.7740848190912295	0.0048666956712956
0.7741032063572207	0.0049153626280086
0.7741215944084209	0.0049645162542886
0.7741399832548264	0.0050141614168316
0.7741583729093168	0.0050643030310000
0.7741767633779290	0.0051149460613100
0.7741951546695752	0.0051660955219232
0.7742135467959228	0.0052177564771423
0.7742319397655669	0.0052699340419139
0.7742503335867497	0.0053226333823329
0.7742687282703706	0.0053758597161562
0.7742871238293023	0.0054296183133179
0.7743055202711392	0.0054839144964509
0.7743239176058727	0.0055387536414155
0.7743423158452862	0.0055941411778296
0.7743607150027603	0.0056500825896080
0.7743791150873829	0.0057065834155039
0.7743975161098048	0.0057636492496589
0.7744159180823026	0.0058212857421556
0.7744343210182861	0.0058794985995773
0.7744527247102124	0.0059382935855730
0.7744711291746275	0.0059976765214285
0.7744895346360292	0.0060576532866429
0.7745079411088941	0.0061182298195093
0.7745263486086026	0.0061794121177044
0.7745447571498141	0.0062412062388814
0.7745631667464178	0.0063036183012703
0.7745815774134509	0.0063666544842830
0.7745999891667446	0.0064303210291256
0.7746184020228671	0.0064946242394170
0.7746368159988655	0.0065595704818113
0.7746552311122538	0.0066251661866294
0.7746736473806708	0.0066914178484958
0.7746920648206126	0.0067583320269806
0.7747104833095966	0.0068259153472502
0.7747289027237697	0.0068941745007228
0.7747473230950113	0.0069631162457302
0.7747657444534727	0.0070327474081876
0.7747841668278398	0.0071030748822696
0.7748025902455657	0.0071741056310924
0.7748210147330841	0.0072458466874035
0.7748394403039608	0.0073183051542774
0.7748578669623588	0.0073914882058201
0.7748762947141813	0.0074654030878785
0.7748947235669970	0.0075400571187575
0.7749131535300601	0.0076154576899453
0.7749315846140846	0.0076916122668450
0.7749500168312222	0.0077685283895134
0.7749684501948513	0.0078462136734083
0.7749868847195958	0.0079246758101424
0.7750053204211830	0.0080039225682439
0.7750237573164522	0.0080839617939264
0.7750421954233060	0.0081648014118658
0.7750606347606832	0.0082464494259844
0.7750790753486064	0.0083289139202445
0.7750975172081023	0.0084122030594469
0.7751159603612761	0.0084963250900414
0.7751344048312693	0.0085812883409420
0.7751528506422511	0.0086671012243516
0.7751712978181875	0.0087537722365953
0.7751897463820685	0.0088413099589611
0.7752081963561748	0.0089297230585504
0.7752266438674587	0.0090190202891361
0.7752450917577797	0.0091092104920277
0.7752635412012158	0.0092003025969480
0.7752819922121706	0.0092923056229177
0.7753004448055405	0.0093852286791471
0.7753188989968862	0.0094790809659387
0.7753373548025148	0.0095738717755982
0.7753558122396117	0.0096696104933542
0.7753742713263942	0.0097663065982879
0.7753927320821967	0.0098639696642709
0.7754111945274159	0.0099626093609133
0.7754296586834892	0.0100622354545223
0.7754481245728723	0.0101628578090674
0.7754665922189932	0.0102644863871582
0.7754850616462931	0.0103671312510300
0.7755035328802813	0.0104708025635406
0.7755220059475630	0.0105755105891761
0.7755404808758758	0.0106812656950678
0.7755589576923259	0.0107880783520183
0.7755774364230494	0.0108959591355383
0.7755959170631586	0.0110049187268935
0.7756143996084113	0.0111149679141623
0.7756328840577738	0.0112261175933037
0.7756513704132766	0.0113383787692369
0.7756698586799053	0.0114517625569292
0.7756883488654988	0.0115662801824986
0.7757068409806727	0.0116819429843239
0.7757253350387788	0.0117987624141672
0.7757438310558811	0.0119167500383088
0.7757623290507459	0.0120359175386920
0.7757808290448508	0.0121562767140790
0.7757993310623340	0.0122778394812199
0.7758178351297854	0.0124006178760323
0.7758363412761012	0.0125246240547927
0.7758548495323800	0.0126498702953409
0.7758733599314686	0.0127763689982940
0.7758918725053738	0.0129041326882770
0.7759103872857163	0.0130331740151600
0.7759289043041492	0.0131635057553113
0.7759474235927409	0.0132951408128647
0.7759659451843262	0.0134280922209933
0.7759844691126799	0.0135623731432035
0.7760029949687132	0.0136979968746354
0.7760215226806083	0.0138349768433818
0.7760400523203640	0.0139733266118155
0.7760585839585448	0.0141130598779332
0.7760771176646332	0.0142541904767126
0.7760956535073739	0.0143967323814799
0.7761141915551132	0.0145406997052948
0.7761327318548785	0.0146861067023477
0.7761512744299376	0.0148329677693712
0.7761698193088509	0.0149812974470651
0.7761883665218647	0.0151311104215354
0.7762069161007242	0.0152824215257507
0.7762254680788747	0.0154352457410082
0.7762440224916735	0.0155895981984178
0.7762625793766111	0.0157454941804018
0.7762811387735420	0.0159029491222058
0.7762997007248996	0.0160619786134277
0.7763182652758146	0.0162225983995623
0.7763368324740311	0.0163848243835582
0.7763554023698841	0.0165486726273940
0.7763739750163327	0.0167141593536679
0.7763925504690240	0.0168813009472042
0.7764111287848503	0.0170501139566760
0.7764297100196451	0.0172206150962427
0.7764482942289335	0.0173928212472053
0.7764668814684884	0.0175667494596768
0.7764854717946678	0.0177424169542737
0.7765040652647687	0.0179198411238161
0.7765226619373850	0.0180990395350544
0.7765412618618777	0.0182800299304045
0.7765598650430610	0.0184628302297083
0.7765784714942349	0.0186474585320055
0.7765970812369388	0.0188339331173258
0.7766156943004006	0.0190222724484996
0.7766343107201453	0.0192124951729847
0.7766529305340654	0.0194046201247144
0.7766715537828326	0.0195986663259611
0.7766901805103172	0.0197946529892208
0.7767088107640031	0.0199925995191133
0.7767274445953813	0.0201925255143050
0.7767460818677446	0.0203944507694477
0.7767647219725613	0.0205983952771426
0.7767833650257499	0.0208043792299136
0.7768020111406018	0.0210124230222131
0.7768206604286325	0.0212225472524352
0.7768393130067426	0.0214347727249594
0.7768579689879190	0.0216491204522096
0.7768766185231858	0.0218656116567313
0.7768952694203790	0.0220842677732989
0.7769139241894018	0.0223051104510324
0.7769325828516854	0.0225281615555431
0.7769512454348872	0.0227534431710987
0.7769699119750844	0.0229809776028101
0.7769885825167269	0.0232107873788376
0.7770072571126528	0.0234428952526258
0.7770259358238785	0.0236773242051524
0.7770446187192702	0.0239140974472040
0.7770633058696307	0.0241532384216759
0.7770819973481079	0.0243947708058925
0.7771006932309744	0.0246387185139514
0.7771193935983737	0.0248851056990902
0.7771380985348926	0.0251339567560809
0.7771568081297956	0.0253852963236421
0.7771755224773099	0.0256391492868780
0.7771942416769808	0.0258955407797466
0.7772129657822050	0.0261544961875443
0.7772316948177781	0.0264160411494194
0.7772504288174266	0.0266802015609128
0.7772691678241836	0.0269470035765221
0.7772879118903848	0.0272164736122878
0.7773066605715006	0.0274886383484114
0.7773254132932770	0.0277635247318955
0.7773441702038877	0.0280411599792148
0.7773629314556120	0.0283215715790069
0.7773816972052356	0.0286047872947968
0.7774004676090677	0.0288908351677447
0.7774192428217990	0.0291797435194219
0.7774380229979154	0.0294715409546166
0.7774568082930615	0.0297662563641624
0.7774755988551206	0.0300639189278035
0.7774943936958870	0.0303645581170812
0.7775131926396920	0.0306682036982523
0.7775319970525921	0.0309748857352340
0.7775508070350908	0.0312846345925865
0.7775696226933636	0.0315974809385118
0.7775884441404552	0.0319134557478973
0.7776072714970437	0.0322325903053768
0.7776261048919210	0.0325549162084308
0.7776449444625770	0.0328804653705156
0.7776637903558421	0.0332092700242200
0.7776826427227688	0.0335413627244620
0.7777015016909102	0.0338767763517076
0.7777203672302515	0.0342155441152242
0.7777392307834595	0.0345576995563765
0.7777580877346474	0.0349032765519402
0.7777769505285337	0.0352523093174587
0.7777958193088057	0.0356048324106329
0.7778146942307521	0.0359608807347393
0.7778335754618430	0.0363204895420859
0.7778524631796148	0.0366836944375061
0.7778713575643081	0.0370505313818806
0.7778902588006426	0.0374210366956991
0.7779091670795565	0.0377952470626569
0.7779280825996859	0.0381731995332842
0.7779470054883537	0.0385549315286173
0.7779659358358969	0.0389404808439025
0.7779848737544711	0.0393298856523424
0.7780038193685547	0.0397231845088662
0.7780227728164050	0.0401204163539538
0.7780417342510830	0.0405216205174937
0.7780607038409837	0.0409268367226689
0.7780796817705262	0.0413361050898966
0.7780986669079599	0.0417494661407946
0.7781176589619148	0.0421669608022019
0.7781366582527082	0.0425886304102238
0.7781556649636396	0.0430145167143261
0.7781746792827005	0.0434446618814684
0.7781937014154066	0.0438791085002827
0.7782127315856378	0.0443178995852853
0.7782317700359256	0.0447610785811377
0.7782508170154862	0.0452086893669500
0.7782698727822202	0.0456607762606203
0.7782889376048241	0.0461173840232253
0.7783080117480100	0.0465785578634567
0.7783270953406496	0.0470443434420923
0.7783461725197569	0.0475147868765143
0.7783652467435622	0.0479899347452785
0.7783843313704818	0.0484698340927305
0.7784034263471532	0.0489545324336565
0.7784225298346247	0.0494440777579940
0.7784416421691330	0.0499385185355739
0.7784607637008699	0.0504379037209291
0.7784798947952438	0.0509422827581379
0.7784990358208049	0.0514517055857206
0.7785181869755294	0.0519662226415792
0.7785373484752032	0.0524858848679958
0.7785565205637962	0.0530107437166759
0.7785757035139024	0.0535408511538415
0.7785948974794784	0.0540762596653784
0.7786140986187928	0.0546170222620326
0.7786333115059282	0.0551631924846519
0.7786525364144454	0.0557148244094991
0.7786717719004764	0.0562719726535941
0.7786910173807901	0.0568346923801303
0.7787102732331578	0.0574030393039317
0.7787295398553665	0.0579770696969704
0.7787488176607273	0.0585568403939412
0.7787681070813220	0.0591424087978805
0.7787874085704933	0.0597338328858582
0.7788067094020610	0.0603311712147174
0.7788259990790887	0.0609344829268635
0.7788453022798786	0.0615438277561321
0.7788646192572800	0.0621592660336936
0.7788839503025228	0.0627808586940324
0.7789032957466151	0.0634086672809717
0.7789226538556469	0.0640427539537829
0.7789420241789736	0.0646831814933222
0.7789614073028018	0.0653300133082546
0.7789808036487019	0.0659833134413362
0.7790002135791516	0.0666431465757483
0.7790196375094276	0.0673095780415067
0.7790390759087601	0.0679826738219210
0.7790585292697951	0.0686625005601390
0.7790779981125927	0.0693491255657398
0.7790974828590547	0.0700426168213968
0.7791169838320463	0.0707430429896115
0.7791364980845844	0.0714504734195056
0.7791560262034177	0.0721649781537021
0.7791755688193056	0.0728866279352390
0.7791950877264472	0.0736154942145924
0.7792146163462802	0.0743516491567399
0.7792341617552490	0.0750951656483072
0.7792537244338857	0.0758461173047889
0.7792733047956573	0.0766045784778386
0.7792929033045722	0.0773706242626167
0.7793125141541082	0.0781443305052416
0.7793321425281599	0.0789257738102934
0.7793517867803813	0.0797150315483977
0.7793714477776750	0.0805121818638829
0.7793911260871378	0.0813173036825233
0.7794108223294051	0.0821304767193508
0.7794305371819414	0.0829517814865422
0.7794502713831593	0.0837812993014097
0.7794700257051184	0.0846191122944227
0.7794898007261020	0.0854653034173673
0.7795095636836739	0.0863199564515407
0.7795293235327581	0.0871831560160551
0.7795491022196835	0.0880549875762136
0.7795689005580857	0.0889355374519764
0.7795887194152709	0.0898248928264970
0.7796085597004748	0.0907231417547600
0.7796284221373679	0.0916303731723066
0.7796483073701057	0.0925466769040277
0.7796682161363315	0.0934721436730674
0.7796881479644706	0.0944068651097979
0.7797081001431232	0.0953509337608944
0.7797280738538905	0.0963044430985050
0.7797480700035755	0.0972674875294902
0.7797680894820680	0.0982401624047870
0.7797881067106976	0.0992225640288361
0.7798081102426246	0.1002147896691264
0.7798281323115207	0.1012169375658164
0.7798481810610036	0.1022291069414745
0.7798682544153236	0.1032513980108868
0.7798883517233921	0.1042839119909974
0.7799084740816619	0.1053267511109074
0.7799286226616632	0.1063800186220138
0.7799487987218227	0.1074438188082339
0.7799690032739880	0.1085182569963150
0.7799892372244268	0.1096034395662804
0.7800094981904937	0.1106994739619460
0.7800297824466741	0.1118064687015661
0.7800500231680112	0.1129245333885829
0.7800702929227946	0.1140537787224693
0.7800905930283043	0.1151943165096953
0.7801109245494829	0.1163462596747941
0.7801312886707650	0.1175097222715440
0.7801516867060631	0.1186848194942606
0.7801721135482916	0.1198716676892049
0.7801925707408283	0.1210703843660953
0.7802130596412630	0.1222810882097567
0.7802335751640518	0.1235038990918552
0.7802541197713135	0.1247389380827772
0.7802746153118622	0.1259863274636047
0.7802951464735166	0.1272461907382443
0.7803157118797422	0.1285186526456268
0.7803363111078960	0.1298038391720826
0.7803569458691531	0.1311018775638012
0.7803776180235849	0.1324128963394409
0.7803983293297099	0.1337370253028363
0.7804190812315173	0.1350743955558647
0.7804398692146182	0.1364251395114236
0.7804606937508680	0.1377893909065406
0.7804814641699855	0.1391672848156031
0.7805022723961199	0.1405589576637624
0.7805231234278120	0.1419645472404013
0.7805440189643094	0.1433841927128033
0.7805649591754728	0.1448180346399306
0.7805859266780798	0.1462662149863307
0.7806069339463716	0.1477288771361944
0.7806279855208313	0.1492061659075530
0.7806490835100368	0.1506982275666272
0.7806701334621442	0.1522052098422923
0.7806912196988112	0.1537272619407118
0.7807123510818671	0.1552645345601201
0.7807335291400410	0.1568171799057229
0.7807547562285442	0.1583853517047809
0.7807760349190818	0.1599692052218294
0.7807973680311243	0.1615688972740487
0.7808187498285087	0.1631845862467863
0.7808401255761495	0.1648164321092571
0.7808614896482343	0.1664645964303518
0.7808828937744544	0.1681292423946565
0.7809043524728646	0.1698105348186042
0.7809258716183706	0.1715086401667947
0.7809474438248595	0.1732237265684666
0.7809690716351291	0.1749559638341501
0.7809907585550353	0.1767055234724922
0.7810124114633927	0.1784725787072213
0.7810340891136665	0.1802573044942962
0.7810558319869203	0.1820598775392383
0.7810776345904544	0.1838804763146271
0.7810995008145005	0.1857192810777737
0.7811214346114944	0.1875764738885560
0.7811434233237331	0.1894522386274414
0.7811653992257991	0.1913467610137125
0.7811873673644248	0.1932602286238489
0.7812094041914368	0.1951928309100829
0.7812315141954517	0.1971447592191862
0.7812537009612806	0.1991162068113806
0.7812759618710781	0.2011073688794975
0.7812982942703400	0.2031184425682959
0.7813205908171242	0.2051496269939819
0.7813429170466990	0.2072011232639175
0.7813653264076422	0.2092731344965613
0.7813877945843857	0.2113658658415272
0.7814103410344554	0.2134795244999434
0.7814329715364435	0.2156143197449404
0.7814556298233796	0.2177704629423879
0.7814782596617472	0.2199481675718068
0.7815009822094164	0.2221476492475290
0.7815237917596113	0.2243691257399988
0.7815466944761932	0.2266128169974031
0.7815696957391401	0.2288789451673736
0.7815927097417239	0.2311677346190475
0.7816156813072833	0.2334794119652410
0.7816387497762167	0.2358142060848887
0.7816619219045969	0.2381723481457355
0.7816852037481543	0.2405540716271874
0.7817085888278845	0.2429596123434620
0.7817319490923043	0.2453892084668932
0.7817553393688067	0.2478431005515623
0.7817788431036996	0.2503215315570788
0.7818024369727904	0.2528247468726499
0.7818261405994831	0.2553529943413755
0.7818499167292629	0.2579065242847918
0.7818736320368493	0.2604855895276441
0.7818974787507051	0.2630904454229214
0.7819214533935931	0.2657213498771497
0.7819455538012932	0.2683785633759256
0.7819697602250244	0.2710623490096864
0.7819938414579349	0.2737729724997792
0.7820180699483756	0.2765107022247792
0.7820424322129645	0.2792758092470248
0.7820669391245202	0.2820685673394935
0.7820915638049749	0.2848892530128893
0.7821161066454034	0.2877381455430203
0.7821407847309831	0.2906155269984486
0.7821655873807212	0.2935216822684316
0.7821905572242597	0.2964568990911148
0.7822155725747251	0.2994214680820309
0.7822405841490626	0.3024156827628456
0.7822657635945538	0.3054398395904755
0.7822911242332267	0.3084942379863815
0.7823166205276632	0.3115791803662429
0.7823420183757614	0.3146949721699121
0.7823675606442714	0.3178419218916151
0.7823932996798956	0.3210203411105304
0.7824192439111501	0.3242305445216289
0.7824452117164066	0.3274728499668468
0.7824711581965161	0.3307475784665093
0.7824973160219758	0.3340550542511685
0.7825236997090383	0.3373956047936732
0.7825501848720915	0.3407695608416129
0.7825766396699767	0.3441772564500256
0.7826033076854545	0.3476190290145234
0.7826301800270015	0.3510952193046640
0.7826571880221250	0.3546061714977130
0.7826841471317819	0.3581522332126894
0.7827113703585090	0.3617337555448227
0.7827388478097054	0.3653510931002718
0.7827663845138367	0.3690046040312784
0.7827939102397856	0.3726946500715860
0.7828217287762884	0.3764215965722990
0.7828498426434582	0.3801858125380281
0.7828779682403857	0.3839876706634046
0.7829061324640904	0.3878275473700428
0.7829346232277593	0.3917058228437450
0.7829634340222542	0.3956228810721779
0.7829921460160867	0.3995791098829024
0.7830210512003196	0.4035749009817374
0.7830503082679389	0.4076106499915546
0.7830797552537507	0.4116867564914625
0.7831091918641602	0.4158036240563724
0.7831389541606610	0.4199616602969396
0.7831690736914374	0.4241612768999059
0.7831991072313548	0.4284028896689125
0.7832294515843130	0.4326869185656045
0.7832601721363684	0.4370137877512663
0.7832909902454243	0.4413839256287808
0.7833219188210254	0.4457977648850612
0.7833533107892617	0.4502557425339175
0.7833849850813299	0.4547582999592530
0.7834165680450235	0.4593058829588509
0.7834486379887746	0.4638989417884318
0.7834812300308005	0.4685379312063142
0.7835135346808509	0.4732233105183749
0.7835463745627367	0.4779555436235607
0.7835797837199761	0.4827350990597916
0.7836130337476706	0.4875624500503846
0.7836467329753959	0.4924380745508928
0.7836810476900675	0.4973624552963991
0.7837152967170524	0.5023360798493623
0.7837499183059972	0.5073594406478574
0.7837852570935376	0.5124330350543335
0.7838205402676903	0.5175573654048734
0.7838562194590040	0.5227329390589170
0.7838927275881212	0.5279602684495093
0.7839290836268096	0.5332398711340078
0.7839659637135591	0.5385722698453487
0.7840037495305930	0.5439579925437957
0.7840412264523760	0.5493975724692326
0.7840794978687977	0.5548915481939324
0.7841185410634719	0.5604404636758641
0.7841574032915547	0.5660448683126162
0.7841972819918352	0.5717053169957454
0.7842376546731299	0.5774223701657077
0.7842781199897277	0.5831965938673668
0.7843198464662672	0.5890285598060355
0.7843615341896667	0.5949188454040948
0.7844039662682323	0.6008680338581277
0.7844476065949428	0.6068767141967074
0.7844908854900752	0.6129454813386798
0.7845356452645326	0.6190749361520614
0.7845807982810099	0.6252656855135832
0.7846265639301053	0.6315183423687237
0.7846738027400165	0.6378335257924175
0.7847208721325547	0.6442118610503397
0.7847693718119032	0.6506539796608470
0.7848187936462000	0.6571605194574490
0.7848688160115993	0.6637321246520231
0.7849205480508358	0.6703694458985451
0.7849722787490430	0.6770731403575230
0.7850257859774744	0.6838438717610974
0.7850804021112247	0.6906823104787134
0.7851356998053879	0.6975891335834959
0.7851935097467203	0.7045650249193309
0.7852509543766976	0.7116106751685303
0.7853110034267303	0.7187267819202168
0.7853721641184743	0.7259140497394174
0.7854347495599989	0.7331731902368093
0.7855000430171837	0.7405049221391831
0.7855656068471957	0.7479099713605772
0.7856350982164061	0.7553890710741888
0.7857045537708296	0.7629429617849300
0.7857778432751998	0.7705723914027753
0.7858527683876944	0.7782781153168086
0.7859305518642267	0.7860608964699745
0.7860115527880499	0.7939215054346759
0.7860952013401339	0.8018607204890197
0.7861838315744121	0.8098793276939109
0.7862728787420251	0.8179781209708515
0.7863708519484112	0.8261579021805642
0.7864685521034078	0.8344194812023659
0.7865741478737723	0.8427636760143924
0.7866825877748396	0.8511913127745389
0.7867997110913385	0.8597032259022800
0.7869232042815918	0.8683002581613055
0.7870534773855865	0.8769832607429221
0.7871957361489389	0.8857530933503529
0.7873460404829304	0.8946106242838552
0.7875149613236856	0.9035567305266929
0.7876920500618095	0.9125922978319569
0.7878972036187768	0.9217182208102768
0.7880836719301993	0.9301563781370624
0.7883289361801524	0.9394579419184328
0.7885883465197261	0.9475511355108885
0.7888990031765342	0.9570266468659990
0.7889373361399256	0.9540394532926533
0.7891697664638915	0.9635798478255783
0.7896838947203021	0.9732156463038343
0.7903093819236687	0.9816880843732001
0.7903196670383921	0.9871636135285582
0.7906965433685245	0.9893045878952421
0.7911016437582354	0.9883181328669576
0.7912635984922401	0.9830754424034406
0.7918405713244334	0.9927451556157858
0.7922615073216291	0.9949264691304905
0.7949924967814231	0.9965983776624570
0.7955609558832651	0.9987477250753690
0.7963480226719062	0.9994172279454429
0.8026612934716525	0.9998266570308488
0.8061536999434329	0.9999101144640403
0.8107954546298740	0.9999706174235610
0.8126814146262833	0.9999870551479045
0.8169426999579140	0.9999963768397074
0.8202986895390186	0.9999981281264284
0.8277773974364299	0.9999993823247391
0.8294856646074298	0.9999997148132977
0.8361867589353558	0.9999999121172629
0.8395447694388477	0.9999999602791668
0.8463948540390256	0.9999999881621972
0.8499648000208329	0.9999999946564928
0.8567037093275346	0.9999999984280303
0.8601458070310396	0.9999999992886828
0.8668466126581140	0.9999999997921465
0.8702309536741777	0.9999999999057783
0.8769616651341696	0.9999999999726042
0.8803683735821324	0.9999999999875696
0.8871268836523242	0.9999999999964037
0.8906046400540124	0.9999999999983676
0.8973870881022948	0.9999999999995298
0.9009614802466003	0.9999999999997864
0.9068824055840752	0.9999999999999502
0.9107379795192846	0.9999999999999850
0.9184309963846701	1.0000000000000060
0.9224322357372740	1.0000000000000147
0.9238885820322117	1.0000000000000173
0.9290392872191564	1.0000000000000182
0.9347205553185829	1.0000000000000193
0.9360113135445327	1.0000000000000200
0.9442029574831740	1.0004280579563054
0.9516085883549259	1.0000789013531406
0.9805021306954028	1.0000577180895172
1.0006079110766266	1.0000565021844392
1.1366649223229208	0.9605584752258748
1.1366649223229208	0.9849840486038867
1.1368657252016121	0.9940462104099718
1.1375782928750793	0.9987943915844748
1.1408382843023441	0.9993700010328478
1.1506964163727105	0.9995722941088973
1.1519413465297599	0.9998507098009950
1.1547412059194506	0.9999423095599826
1.1666648433117277	0.9999822881673261
1.1689571941233292	0.9999928721209594
1.1781206277707381	0.9999972674548396
1.1864201040387683	0.9999980314765539
1.1950229278993996	0.9999983902180755
1.2024136865691797	0.9999984509844088
1.2108055460849518	0.9999984826275170
1.2174773820247209	0.9999984878642769
1.2282746321597164	0.9999984904493968
1.2296732387855203	0.9999993140116388
1.2321781199342334	0.9999995268504163
1.2402394703750648	0.9999995737889105
1.2435283880948413	0.9999996133055348
1.2528937968369462	0.9999996399627474
1.2553537101423218	0.9999997547420366
1.2570459999780563	0.9999997756921456
1.2743448050395583	0.9999997814581953
1.2769947537516515	0.9999997856145079
1.2776150956034371	0.9999997881555422
1.2786678023509099	0.9999997930451080
1.2792873089514893	0.9999997940055858
1.2898251758922816	0.9999997941912330
1.2913933496169752	0.9999997942688453
1.2929140773404018	0.9999997944270252
1.2941016980368325	0.9999997944740862
1.2963444078093442	0.9999997946878484
1.2970718241224755	0.9999997947154801
1.2995516896563168	0.9999997948270802
1.3003675019500596	0.9999997948415053
1.3024106986585635	0.9999997949031371
1.3031851131336567	0.9999997949111035
1.3163028946081370	0.9999997949151046
1.3209428999084720	0.9999997990604014
1.3209450868389345	0.9999997995956199
1.3413961686907119	0.9999998002126121
1.3415318905959550	0.9999998003025609
1.3569584270941295	0.9999998003774835
1.3584409603405621	0.9999998003890578
1.3712254500287855	0.9999998003975822
1.3738400099774197	0.9999998003989382
1.3849662017085389	0.9999998003998805
1.3883495123447369	0.9999998004000326
1.3983946326402255	0.9999998004001353
1.4022539342762306	0.9999998004001518
1.4116147637196388	0.9999998004001631
1.4158817347093282	0.9999998004001649
1.4264404558006851	0.9999998004001659
1.4283323382198885	0.9999998004001662
1.4313268744341470	0.9999998004001663
1.4417545834544589	1.0099997984041673
1.4423800440080821	1.0020207467962758
1.4441109559633987	1.0009637775331819
1.4510516186609470	1.0002017114783182
1.4555350096333650	1.0001020132380891
1.4646082385183234	1.0000251589479636
1.4776248496658191	1.0000099312558510
1.4809270297378501	1.0000074388296256
1.4928785017671540	1.0000067528888998
1.4946393558583115	0.9999908347712914
1.4974000457316237	0.9999887765236154
1.5083413588597265	0.9999879024014845
1.5149649449539924	0.9999877893285463
1.5170604116742401	0.9999874562093947
1.5204029950166758	0.9999874131471091
1.5332786943258294	0.9999700074129546
1.5358617938534294	0.9999674380667082
1.5549022576709697	0.9999671051863904
1.6976773039335749	0.9999128101544795
1.7993775154466545	0.9999930958898482
1.8213208412750288	0.9999946638438078
1.8469073700490708	0.9999947022129785
1.8558074418575723	0.9999948810998786
1.8880180609498709	0.9999948942015671
1.9180007667703514	0.9999948949148710
1.9461332874988386	0.9999948949537060
1.9744340840074983	0.9999948949558203
1.9997886681254151	0.9999984871578652
2.0010365090372395	0.9999995435793612
2.0078546858659663	0.9999997479009201
2.0176658161589409	0.9999998293668844
2.0245340217356902	0.9999998437522586
2.0360175869680974	0.9999998496542802
2.0416165334912013	0.9999998506885914
2.0544203098581759	0.9999998511099941
2.0596393591769053	0.9999998511839796
2.0706725309071139	0.9999998512183920
2.0758350333011402	0.9999998512242362
2.0895300724416028	0.9999998512266417
2.0942240777170267	0.9999998512270628
2.1057721920511527	0.9999998512272573
2.1108082134624455	0.9999998512272904
2.1223749442435063	0.9999998512273058
2.1271860532076512	0.9999998512273085
2.1365667918254121	1.0043524753300004
2.1365667918254139	1.0049228600104734
2.1380242411522197	1.0008434635893515
2.1418444417897673	1.0002916899345842
2.1546140222538726	1.0000617992867880
2.1605320860404982	1.0000263534812477
2.1730656120031782	1.0000172831863994
2.1778975755973833	0.9999610339450905
2.4133875466835564	0.9999918313780664
2.5459397587288688	1.0000069145589219
2.5544881909462216	1.0000091135007714
2.5983178716224304	1.0000091500861636
2.6006454346255108	1.0000155120070626
2.7441852747923350	1.0000339821174584
2.8401683492983438	1.0000843218551174
2.8517831088773224	0.9999886618385215
3.1143667562423341	1.0000659864304871
3.2051105345909847	0.9604648889298424
3.2051105345909847	0.9854559969776543
3.2052493943500919	0.9981990823775123
3.2058498520184480	0.9995159731975295
3.2228580074216282	0.9998822072792551
3.2303641037793129	0.9999572059126508
3.2372880125304615	0.9999668630020120
3.2481378655777555	0.9999848405237738
3.2511360808155434	0.9999893215929374
3.2585360628426145	0.9999899007261323
3.2730644015568497	0.9999906389289703
3.2811342976456346	0.9999908198055560
3.2953448397586089	0.9999988072680517
3.2954169093360197	0.9999998396897680
3.3169212657196137	1.0000000162326359
3.3172798055147723	1.0000003261811243
3.3176716532299420	1.0000003662448049
3.3363893261381969	1.0000003860689457
3.3374327421574979	1.0000003901509298
3.3540910694149448	1.0000003910779895
3.3664999903628603	1.0000003912133100
3.4033206845316712	1.0000003912330624
3.4206715653268569	1.0000003912356155
3.4448529053940145	1.0000003912363182
3.4551002651628955	1.0000003912364090
3.4789098248598944	1.0000003912364341
3.4891921648747641	1.0000003912364375
3.5168833075071597	1.0000003912364384
3.5587904201125466	1.0040074397411207
3.5609336769046220	1.0006515065962189
3.5659153315835952	1.0002216639201895
3.5859925246930326	1.0000364899954961
3.5913876099361284	1.0000091633266042
3.6030587645574199	1.0000020675457315
3.6082578956499787	1.0000014910923105
3.6109286260740872	1.0000004991977332
3.6223819207382242	1.0000002247227926
3.6269366344018752	1.0000001939207213
3.6294307988674706	1.0000001544604209
3.6387480848984426	1.0000001435965051
3.6423459597980878	1.0000001422409457
3.6461325097615549	1.0000001406614605
3.6569774681660516	1.0000001402267376
3.6596640396347331	1.0000001401704355
3.6640459286585623	1.0000001401069654
3.6742109143660602	1.0000001400874956
3.6811758771440415	1.0000001400846537
3.7019989255263961	1.0000001400839136
3.7065097138078280	1.0000001400838539
3.7091079362322352	1.0000001400837504
3.7188071544322798	1.0000001400837222
3.7237730920463634	1.0000001400837186
3.7261311273899569	1.0000001400837149
3.7355956709272773	1.0000001400837135
3.7381813876084942	1.0000001400837133
3.7552119825289751	0.9999986565369241
3.7552119825290431	0.9999996084716667
4.5216178543901879	0.9999487152487251
4.5433700703647579	0.9999461655585542
4.6062957145451904	0.9999851726142436
5.4349441024671235	0.9999956010730821
5.4349441025007845	0.9999969487072881
5.4388993658475400	0.9999971228826285
5.4607136353516772	0.9999971453928052
5.4825281974364453	0.9999971483020111
5.5043422330394050	0.9999971486779868
5.5261495605523727	0.9999971487265852
5.5316797822586521	0.9999993289940723
5.5316801449687496	0.9999996108190671
5.5761734121093323	0.9999996503479601
5.5962683492294678	0.9999996554572770
5.6180725363634334	0.9999996561177056
5.6398767623119719	0.9999996562030690
5.6616802665249049	0.9999996562141034
5.6834824998135618	0.9999996562155297
5.7053029448261912	0.9999996562157137
5.7270356517490395	0.9999996562157377
5.7488492247431076	0.9999996562157408
5.7689603497461786	0.9999996562157413
6.1085521972289616	0.9999996569746321
6.1559229231061803	0.9999996569868751
6.1995429041461732	0.9999996569870793
6.2399314439006002	0.9999996569870829
6.2611948325417490	0.9999996569870829
