0.0000000000000000	1.0000000000000000
0.0220857330042551	0.9604000000000000
0.0220857330042551	0.9992987587670235
0.0480137836190801	0.9853165945001980
0.0482028527286727	0.9971137666755543
0.0489525447119113	0.9987189595473400
0.0697661218956253	0.9991267864912978
0.0805019612655596	0.9991823684784062
0.0840333755749524	0.9991899823192151
0.2404754677501207	0.9991518530645235
0.4212001270349559	0.9991750305385870
0.4454553422741361	0.9991780316224970
0.6901473984655124	0.9992102972893346
0.9403834073920926	0.9596422019237469
0.9403834073921926	0.9890190040355153
0.9406965498696029	0.9994762889923409
0.9521851390397956	0.9991826938412355
1.2850250405103076	0.9858277528984887
1.2851905072125220	0.9989768090852913
1.3024770146415499	0.9910390531243770
1.3026391178427634	0.9980764301074635
1.3043031280189008	0.9988966796337646
1.3215629678557290	0.9991245784637695
1.3347062757394332	0.9991539224860043
1.3506515657444098	0.9991671974583042
1.3577178934620227	0.9991689156823726
1.3686990383000823	0.9991697719580315
1.4082607763895831	0.9991697900134733
1.4130954854773374	0.9991699210553706
1.4479990576294057	0.9991699285317839
1.4519878618097841	0.9991726892256075
1.4709883147448233	0.9991727533305880
1.4751481083259235	0.9991731190725728
1.4760682252571469	0.9991735943723864
1.4802970132141506	0.9991736672631701
1.4947496228537944	0.9991737420747787
1.4992126659770311	0.9991737517612521
1.5033029991284617	0.9991738153653167
1.5061219885973613	0.9991738236007104
1.5146837382191904	0.9991738356251626
1.5235013114054754	0.9991738374593824
1.5264431924477491	0.9991738391051328
1.5312720817533170	0.9991738407149808
1.5343749743811248	0.9991738410610778
1.5445274343335942	0.9991739609881954
1.5470213313885115	0.9991739789147601
1.5471995828083343	0.9991740165656062
1.5582538089446687	0.9991740271494618
1.5676827676360854	0.9991740287271959
1.5684909410575361	0.9991740310236412
1.5733365587947350	0.9991740334795218
1.5769188236885747	0.9991740346249768
1.5844210859155274	0.9991740347732891
1.5889278943328031	0.9991740349529579
1.5906325304999882	0.9991740349762213
1.5925270132167288	0.9991740350352197
1.5991008389979238	0.9991740350520487
1.6089704575083890	0.9991740350550582
1.6119583050337254	0.9991740350726528
1.6147481878516314	0.9991740350749307
1.6199381450578894	0.9991740350792196
1.6289377246123595	0.9991740350809046
1.6366022200543933	0.9991740350811229
1.6375164560091309	0.9991740350814163
1.6504981272785695	0.9991740350815246
1.6566799720771181	0.9991740350815508
1.6639062499840422	0.9991740350815634
1.6703199317259381	0.9991740350815661
1.6748188295147870	0.9991740350815665
1.6852553762103850	0.9991740350815672
1.6875881911404005	0.9991740350815673
