0.0000000000000000	1.0000000000000000
0.0277785782361995	0.9898000000000000
0.0285897822961818	0.9995557162351411
0.0304458269180947	0.9995360181336225
0.0425515287413037	0.9998132395874260
0.0465346946887889	0.9998725472377396
0.0498032838705549	0.9998815808124573
0.0514622227224772	0.9998686959059417
0.1983056890494910	0.9998464979038194
0.2819325365156716	0.9998514744842950
0.2934904893185394	0.9998555914054037
0.3817448802133879	0.9998572200253713
0.4039475330817496	0.9998582581824257
0.4847975925703901	0.9998610236861976
0.4991694308798864	0.9998639004904226
0.6674420952789067	0.9998647197981050
2.0077005265467278	0.9998638834780661
3.5936764701176611	0.9998645165890505
6.1430206488399506	0.9998662229049537
8.1669814791785136	0.9998699797568517
