0.0000000000000000	1.0000000000000000
0.2826451681090633	0.9898000000000000
0.2835765368320510	0.9999900196296692
0.4034241655862507	0.9999812800729467
0.4892667455560868	0.9999894618278677
0.4999041922529888	0.9999929275770338
0.6321054166892867	0.9999937526335846
0.6816390045365521	0.9999922945795425
1.1749032418925938	0.9999896676772325
1.4071694782769524	0.9999910912845476
2.5674847250526431	0.9999915813529475
2.9680648117044655	0.9999926790914286
4.6118041201613647	0.9999940951797146
8.9468911892095786	1.0000054793728117
