0.0000000000000000	0.0000000000000000
0.0000000181818182	0.0000200000000000
0.0000000545458009	0.0000699345875260
0.0000071818248865	0.0079171293283090
0.0000230325941836	0.0248746242348459
0.0000547821290435	0.0559222414543793
0.0001051059800953	0.0997265804070384
0.0001919553525007	0.1627437066393918
0.0003025228431805	0.2267536626355109
0.0004652664793405	0.2969884171674888
0.0007026230736708	0.3702191481316123
0.0012662043087912	0.4838565619493597
0.0019573455049090	0.5858170878193312
0.0021323690512430	0.6061901653625238
0.0022863937670274	0.6265408260456554
0.0028227997325028	0.6869270508008510
0.0031590152787302	0.7244276865413289
0.0035464479492270	0.7635678223121621
0.0037270610356402	0.7820028012467269
0.0037436935021037	0.7811907923703005
0.0044565058091325	0.8381796713495624
0.0047216633823518	0.8420740455266189
0.0051990680119144	0.8691244903351796
0.0060108249802510	0.8992279742943867
0.0060549024093513	0.9034397218178424
0.0064735512590417	0.9277657089265415
0.0075961540915104	0.9620962516091500
0.0091701493451102	0.9852820104594289
0.0092455937005446	0.9864058067097723
0.0097115065010518	0.9863535300766489
0.0110841401274112	0.9957459105323424
0.0116728081792120	0.9964161395561810
0.0129237222095460	0.9986549995625024
0.0137875236248733	0.9989701422060091
0.0152316407690647	0.9991889761366569
0.0166218910134167	0.9992735681510946
0.0175710146577721	0.9992916711268273
0.0190924919577816	0.9994318201119043
0.0207845265172456	0.9996053042652318
0.0227525717909823	0.9998162271368770
0.0253965614806293	1.0001048594724133
0.0305731442478265	1.0006737816601678
0.0327575058868387	1.0002706551184137
0.0348801478943225	1.0001341817455280
0.0360873499203495	1.0000596436452542
0.0374473170311036	1.0000279757550923
0.0389055008977855	1.0000141378630587
0.0400684741910581	1.0000052898950369
0.0427511042292036	1.0000019309365629
0.0449258310137810	0.9999995690132026
0.0498192640663387	0.9999982167357037
0.0742223406671194	0.9999981223482053
0.1339646760155550	0.9999982032969612
0.2560005623179998	0.9999981404397295
0.5337662197422544	0.9999981169161410
1.1149844514491272	0.9999979826939409
2.3470884359504582	0.9999977283768471
4.9437898736490125	0.9999971232739694
7.8547172461103969	0.9999910146999693
