0.0000000000000000	1.0000000000000000
0.0002251342753257	0.9898000000000000
0.0003788933595271	0.9762977695498728
0.0008144689302743	0.9332375837979825
0.0011979189067630	0.9100379389043181
0.0013480975313896	0.9092909715677894
0.0018091093646615	0.9087178411992766
0.0021278077910949	0.9226441540779702
0.0026465651783268	0.9238408658938376
0.0036496142476537	0.9492307253956299
0.0043878078292513	0.9628037728382287
0.0048256292422807	0.9681866255989067
0.0051331749343085	0.9627109912506009
0.0062280619170742	0.9789952665856320
0.0080689350459252	0.9948492441803289
0.0089173752262163	0.9963753140668352
0.0102943983937713	0.9987260583844867
0.0117733523741366	0.9997943066794630
0.0128109634389772	1.0000800293124705
0.0139190353656713	1.0001893087088753
0.0148857157929474	1.0002059736482876
0.0157966116476442	1.0000233280407202
0.0175992262155414	0.9999793032336542
0.0191849506203238	0.9999506551019375
0.0208326619380727	0.9999516752220321
0.0225643440319887	0.9999687925445615
0.0246454964250445	0.9999989428276732
0.0280173736249909	1.0000543884053263
0.0328650585604493	1.0000733095805847
0.0352389029126225	1.0000563364133825
0.0369258584550773	1.0000444963835791
0.0385824785435467	1.0000206621528323
0.0410637282799609	1.0000150279324085
0.0419577032548059	1.0000070708335027
0.0433075683062894	1.0000013570412907
0.0471560101909322	0.9999987607925301
0.0590393995024694	0.9999977996166899
0.1142280396163822	0.9999979903749894
0.2517387896614302	0.9999981497275399
0.5329692713323126	0.9999980459222958
1.1813579210163356	0.9999979425968232
2.5802292850437052	0.9999976509390470
5.2276965559532833	0.9999965997163873
8.5989300543848408	0.9999900691453792
