0.0000000000000000	0.0000000000000000
0.0000457100945117	0.0000100000000000
0.0000965362163455	0.0001588563107889
0.0001305808790624	0.0003820789305701
0.0001626275139068	0.0007050995585656
0.0001869486235558	0.0010323972763183
0.0002179388197385	0.0015522882483599
0.0002468608765431	0.0021533308949567
0.0002901486863817	0.0032615428329909
0.0003353246294521	0.0046974341355924
0.0003975938552905	0.0071491870468710
0.0004785125201470	0.0110659843830263
0.0005776651787404	0.0169001628900236
0.0007123813260217	0.0264760858594180
0.0008979659989912	0.0422014082936446
0.0012644045570153	0.0785942870109013
0.0017610848824254	0.1355672588428191
0.0023954180083380	0.2154914162703403
0.0025253135755795	0.2332305961174610
0.0031482770604417	0.3146297409835405
0.0048694579497237	0.5611529690713976
0.0056660508165563	0.6723337634786204
0.0061054813077160	0.7233325699841237
0.0067646565767515	0.7904175276809089
0.0070711646949329	0.8150412463304180
0.0087211402419507	0.9181865425270090
0.0098263183862620	0.9514049619523424
0.0112951885322552	0.9816554806834158
0.0117814521746238	0.9849513944716315
0.0127775376518352	0.9915190291444159
0.0178160482422244	0.9988977737497781
0.0240059967367660	1.0011994498427628
0.0264919546178849	1.0006804062846169
0.0286955785930862	1.0006965530117382
0.0297734715424325	1.0007133290441925
0.0309394557018266	1.0008124267640002
0.0320949895432173	1.0009348638835533
0.0327541711102450	1.0003337882803058
0.0345495665807946	1.0001458660867890
0.0360161801872607	1.0000637292116694
0.0373609500921505	1.0000271879832527
0.0387822318328857	1.0000109952165539
0.0404086796023889	1.0000037413276732
0.0422317014222166	1.0000000759346210
0.0468233205822034	0.9999986563237077
0.0588855127133821	0.9999982353354562
0.0919656397014781	0.9999983552407423
0.1532536100503734	0.9999982576882930
0.2878469093394315	0.9999982289784688
0.5691789688636099	0.9999981554929752
1.1618532485220827	0.9999980352354898
2.3502299154623194	0.9999977916539128
2.6703005609723789	0.9998385750509815
2.6793373314406108	1.0001018972216884
2.6815064868840843	1.0000425942351068
2.6833753158075448	1.0000147360783740
2.6855012808348695	1.0000051536931052
2.6867846166499909	1.0000002057429929
2.6910520839617811	0.9999985552866206
2.7096645133879216	0.9999984275832717
2.7622449309083335	0.9999978510352258
3.0187731667262514	0.9999984959450321
3.6020463109575980	0.9999988393540870
3.9783346057024027	0.9999967455458293
6.3816350963795259	0.9999958237985342
8.7918807199596714	0.9999882892993507
