0.0000000000000000	0.0000000000000000
0.0001422783461301	0.0000100000000000
0.0002585043634759	0.0001610153549742
0.0003241563428039	0.0003666973807665
0.0003795907906802	0.0006372234220173
0.0004330601615065	0.0009963883022197
0.0004781596616956	0.0013776615597324
0.0005299613537607	0.0019183026650456
0.0006006715394965	0.0028362691648938
0.0006664618007774	0.0038977755868012
0.0007587562076450	0.0057217489589250
0.0008734272488012	0.0085618015340741
0.0009935650264765	0.0122091744153497
0.0011635707339470	0.0185105217508333
0.0013699961911809	0.0277004537580547
0.0016358369659554	0.0420095243092556
0.0019487708615085	0.0619085028837710
0.0023702841749312	0.0932173702817740
0.0027502530178951	0.1262902872719910
0.0033422638906417	0.1840566349364609
0.0039452879074867	0.2537138694338858
0.0045393390315790	0.3316374949305422
0.0061313395848278	0.5592071307094081
0.0070711646949329	0.6651450941187337
0.0071135747215096	0.6903777005317681
0.0071874845729451	0.6994268970116900
0.0072926592283319	0.7108583748537995
0.0073838550236883	0.7206929698416215
0.0073934502262737	0.7220926207769175
0.0078300310330136	0.7672364810254075
0.0082334476403613	0.8079996021485938
0.0082927160650026	0.8061392379522438
0.0086169714124824	0.8381476177117957
0.0090890397518990	0.8684692617453421
0.0092740770110575	0.8803328424812591
0.0095031298846511	0.8944474683043440
0.0095597032296306	0.9020897869427141
0.0096343303920561	0.8992935899273231
0.0097542634179129	0.9055618827725879
0.0103599645670856	0.9319908872566335
0.0114616940590567	0.9638180446006397
0.0120743361697814	0.9740493751796827
0.0124747242814620	0.9787219535566645
0.0137756255242352	0.9869845219902468
0.0161694341985605	0.9954172363884162
0.0182643373762501	0.9985314029384913
0.0259405612209750	1.0013631602388424
0.0274419753750193	1.0006203576756061
0.0288648243321282	1.0003989166873706
0.0300867481202083	1.0003421927588212
0.0312408366146590	1.0003505457650534
0.0323706042583354	1.0003850047320650
0.0327872005984070	1.0001640262345899
0.0347448750763967	1.0000810069996948
0.0363229496262839	1.0000371096430387
0.0377784634651865	1.0000158306502227
0.0393177832989582	1.0000058355469623
0.0411829611316532	1.0000011878528607
0.0438017360259042	0.9999989225223311
0.0519391838416812	0.9999982547842202
0.0753505446954783	0.9999983664520768
0.1171812427658413	0.9999982292540469
0.2156616491220511	0.9999982756515374
0.4115656690428842	0.9999981982810033
0.8266408317381718	0.9999981111050484
1.6683022506173137	0.9999977254949807
2.6678041919716082	0.9991531166343033
2.6790235291939739	1.0003222529320217
2.6807833733503026	1.0001293484390306
2.6824983603124171	1.0000474784898732
2.6843487223176079	1.0000193629505483
2.6856714020755317	1.0000054516071868
2.6877813800816299	0.9999999577698663
2.6926469582783334	0.9999979913453406
2.7147737963565679	0.9999981763641645
2.7560092818605186	0.9999986542227363
2.7848037163885273	0.9999970292339484
3.0968241225683877	0.9999978389436006
3.7121305504115463	0.9999977482862484
4.4742910426358975	0.9999964689926237
7.1017434852936256	0.9999947759891396
9.5625970501386739	0.9999704657787263
