0.0000000000000000	0.0000000000000000
0.0248653310877754	0.0000100000000000
0.0253198888969239	0.0000105005722893
0.0264598872765265	0.0000155650722301
0.0266790601107426	0.0000203549572592
0.0272089718414633	0.0000471069478815
0.0281846581845086	0.0000876535077864
0.0290496242682348	0.0001528721735656
0.0297859894392266	0.0002225195575064
0.0298491702479164	0.0002310656376902
0.0302858609121666	0.0003060811239877
0.0308785534214130	0.0004061897082170
0.0309601131595797	0.0004403919583184
0.0315421220885646	0.0006138638361094
0.0320449168959248	0.0008034435120598
0.0324273033293749	0.0009913831771263
0.0328421608832879	0.0012413135327356
0.0333024058300162	0.0015925628697004
0.0337567886290608	0.0020382201657926
0.0342229778777924	0.0026235962687137
0.0346918905468208	0.0033803257446263
0.0351654163860898	0.0043640183403378
0.0356427735748278	0.0056427232867475
0.0361231916713374	0.0073042608527501
0.0366064404544101	0.0094648673122349
0.0370934323535171	0.0122823186152055
0.0375834408247517	0.0159532313563173
0.0380769776768243	0.0207452628367951
0.0385733029957250	0.0269909182878748
0.0390765942553295	0.0351981388479102
0.0395820708558585	0.0458503138076535
0.0401012462392877	0.0599621187798107
0.0406246957203616	0.0782275373187643
0.0411632861188132	0.1023099543565174
0.0417108727279254	0.1335378383051279
0.0422786928574850	0.1745317912552488
0.0426045507158359	0.2027737125358292
0.0433307040051216	0.2754749001657558
0.0439734422474363	0.3538782818466415
0.0447278798731267	0.4561519274502968
0.0456271353947591	0.5820939190908166
0.0461166677175314	0.6556339688606312
0.0468550032544336	0.7493781321475568
0.0475671244303682	0.8188542739604334
0.0484089914579801	0.8834925864882263
0.0484857963865994	0.8862528367855126
0.0488291785923370	0.9039053943383356
0.0493188938560680	0.9151906790420057
0.0508091497569675	0.9664664047738866
0.0515002206036908	0.9776591214265322
0.0522839630366091	0.9851199679084052
0.0532259174673554	0.9908871071940815
0.0602433594131204	1.0005726244344486
0.0623975946941942	1.0009387485472649
0.0643252565750832	1.0014192607462344
0.0651745944483827	1.0004915876964091
0.0673122816578555	1.0003780559764190
0.0686552524140520	1.0003418466857750
0.0698704537403732	1.0003523157238881
0.0711279750383907	1.0003846429433358
0.0724299981543121	1.0004262399006869
0.0725340659269088	1.0001483557373194
0.0748524570934972	1.0000718448122139
0.0764808670762730	1.0000403665973054
0.0782923308921741	1.0000319287379948
0.0805175034566765	1.0000331410899839
0.0854584407472153	1.0000459596838196
0.0933044734542925	1.0000313145242195
0.0956837468965073	1.0000161625942814
0.0980213652582642	1.0000101328731821
0.1017760210978521	1.0000086484427912
0.1187362251177399	1.0000138931404112
0.1246735109688597	0.9999994684022600
0.1290882808218739	0.9999941427000457
0.1325415281743061	0.9999929566843081
0.1701828320446326	1.0000058104268956
0.1732799977392364	1.0000026850272683
0.1782815088319731	0.9997994957659613
0.1837980437544751	1.0000348872120872
0.1856683763427178	1.0000295637177155
0.1874329048983265	1.0000169398785157
0.1891930449857408	1.0000078207796432
0.1911748250404621	1.0000029459429933
0.1938576862701520	1.0000008883708005
0.1992263903015213	1.0000008438371173
0.2133491474287930	1.0000012298305287
0.2176503010023507	1.0000000762694501
0.2256175637958046	0.9999990170376474
0.2395545815066424	0.9999742274163687
0.2462684317361138	1.0000108649886146
0.2471825821117989	1.0000061434670706
0.2490231899588091	1.0000025287091168
0.2514695522092243	1.0000004233747464
0.2547382779731904	0.9999988081286635
0.2627447274898236	0.9999986397851993
0.2825850393179396	0.9999986214747466
0.3081004638777630	0.9999980933365841
0.3878487268028009	0.9999981983334651
0.5395510906860503	0.9999980589701364
0.9223850970565166	0.9999980883536436
1.6022840623811512	0.9999977022095322
3.0839761883472026	0.9999971678212239
5.8499418563750032	0.9999956073465673
