0.0000000000000000	0.0000000000000000
0.0259629637302399	0.0000100000000000
0.0264598872765265	0.0000044941941655
0.0275880722720388	0.0000227308930483
0.0294378249398285	0.0000881203351075
0.0301485463168528	0.0001295684312656
0.0304285902751354	0.0001566159874712
0.0307238115592279	0.0001914243422396
0.0310842649331656	0.0002478269218415
0.0318657837322545	0.0003615520971210
0.0319092225500194	0.0003712922559533
0.0321577543927227	0.0004417547938280
0.0326674533583683	0.0005859954761425
0.0331878297144986	0.0007730224481610
0.0335600241960560	0.0009491632729796
0.0340070663169128	0.0012073514703109
0.0344501285459795	0.0015347046498426
0.0349092754272224	0.0019681465467894
0.0353715783456558	0.0025275492431444
0.0358387270726394	0.0032527664693513
0.0363089589235561	0.0041913179582287
0.0367830339002182	0.0054097971037256
0.0372611255982259	0.0069946308496871
0.0377424442611483	0.0090554897466454
0.0382271028915577	0.0117394509734503
0.0387147065156762	0.0152353276527050
0.0392070759013489	0.0198088310597711
0.0397031545006891	0.0257765258154774
0.0402068708777220	0.0336218113124299
0.0407166372532537	0.0438812003492547
0.0412342190886861	0.0573332937903466
0.0417592322985031	0.0749173818864413
0.0422955679103568	0.0980648561233054
0.0427726364335956	0.1240651933978805
0.0433528617368699	0.1631361516985942
0.0439450090605819	0.2132540544635442
0.0443053633565441	0.2496476514767000
0.0450451534814404	0.3356851872348005
0.0459025993776049	0.4540656541346392
0.0472236406745105	0.6442025712282992
0.0480698645543772	0.7496147709283666
0.0485679603868940	0.7935601835144322
0.0492053291212657	0.8520648784999437
0.0503724515469825	0.9159601086868883
0.0508699809570582	0.9416942008135230
0.0510160767312434	0.9421973594138378
0.0511477975173324	0.9461778748343278
0.0512684967764056	0.9498126907503979
0.0519902269996998	0.9622971989884231
0.0523162846048264	0.9736398411317068
0.0532259174673554	0.9809870477931757
0.0555158412399720	0.9947234757760810
0.0573152631243847	0.9982638811358767
0.0587692222280934	0.9998708406666090
0.0603023765174236	1.0000684316812989
0.0622004310579914	1.0005973071661691
0.0627305259083277	1.0003719965964810
0.0645067332944563	1.0005732382846015
0.0652591990543304	1.0002407430197995
0.0673396386566671	1.0001883836674750
0.0687708044014641	1.0001563058788543
0.0700960319160827	1.0001521892748693
0.0713129439498743	1.0001587458180234
0.0725368046893546	1.0000738003496807
0.0748756371352977	1.0000350570404457
0.0769507829080930	1.0000186088172174
0.0790498027997293	1.0000131269924291
0.0819882825392211	1.0000140123890449
0.0878486389801861	1.0000198166746499
0.0939157297676683	1.0000130974822790
0.0962917264753255	1.0000063095522806
0.0994503399701095	1.0000031585553122
0.1063641441031023	1.0000025917968292
0.1281943274669422	1.0000002215009787
0.1299110223266174	0.9999963788533303
0.1714114935401364	1.0000014717506955
0.1782953186009897	0.9999210857845297
0.1843374971737060	1.0000165572775828
0.1861306585343663	1.0000130970253760
0.1878903738591288	1.0000069319972897
0.1899077847472254	1.0000027025432878
0.1924058486881249	1.0000003264056028
0.1964850357720585	0.9999991626576777
0.2090390226674978	1.0000000427862350
0.2206934446837208	0.9999991849980669
0.2382657871983350	0.9999986140264451
0.2398674266319295	0.9999894813706548
0.2483940054425426	1.0000019826004816
0.2505513561020313	1.0000003870255731
0.2537950648890357	0.9999985262332917
0.2612245973209359	0.9999985119296660
0.2804366237827499	0.9999994176282176
0.2981521849098019	0.9999983438719705
0.3591171605575487	0.9999982302379046
0.4794123482850941	0.9999980847252470
0.8228681789480576	0.9999983405722486
1.3561110150993410	0.9999979623571090
2.5318047555665402	0.9999976152922898
4.7642474534541579	0.9999966903976223
7.1070780716745841	0.9999939341563314
