0.0000000000000000	0.0000000000000000
0.0380515780353143	0.0000100000000000
0.0385036846002157	0.0000062051256800
0.0396392534142935	0.0000232497818797
0.0398896601075490	0.0000330170245315
0.0411977627896599	0.0000635159385581
0.0416299500287261	0.0000932648367375
0.0422882731880705	0.0001458804547185
0.0429891637782019	0.0002054452469844
0.0430672579710444	0.0002150130345867
0.0434042519658343	0.0002608785780340
0.0436439848993179	0.0002991535660919
0.0438238475528624	0.0003433503794067
0.0444117938402128	0.0004667061733679
0.0448519240672623	0.0005892909850211
0.0453608486179022	0.0007783602970761
0.0458621626555870	0.0010179363462592
0.0463015018134868	0.0012883505969914
0.0467625532817788	0.0016512281297093
0.0472163995351722	0.0021097025935584
0.0476763964535158	0.0027039471428066
0.0481425212166446	0.0034757458733286
0.0486116544889785	0.0044746795875074
0.0490852314633781	0.0057733608623529
0.0495622257191261	0.0074609398871484
0.0500434213946142	0.0096602277805449
0.0505292335861047	0.0125318310056040
0.0510206403712693	0.0162908712673384
0.0515176769893829	0.0212129785022902
0.0520197154262141	0.0276496902512613
0.0525253012436235	0.0360474768808599
0.0530310115630084	0.0469234672361053
0.0535470284970297	0.0612862098419574
0.0540656758619128	0.0798026681764764
0.0546089791504431	0.1045385603493734
0.0551651497039404	0.1368669470123760
0.0554865908923000	0.1594724422045125
0.0559754041845428	0.1997775844713273
0.0566385255327357	0.2650506559123884
0.0573075583700802	0.3450102485893163
0.0580203644277292	0.4450211342718870
0.0594100247391630	0.6401445649530969
0.0601729472436590	0.7385974930827121
0.0605108326618392	0.7742000429708801
0.0605801723091785	0.7759159302452017
0.0609066994423929	0.8000167849437919
0.0611613037540106	0.8267521023823466
0.0616196893934532	0.8571203958371627
0.0619275101294839	0.8816116755756070
0.0622714067813806	0.9018844682652930
0.0633004960594275	0.9453663370181719
0.0640962546347368	0.9644648478844532
0.0650785411865023	0.9811871498233011
0.0660121867050543	0.9878742370324693
0.0674442409268125	0.9943605410388920
0.0679567426502688	0.9957486363477017
0.0692986519384941	0.9983282407842046
0.0708143752275210	0.9996413842438248
0.0712264489769314	0.9996514152312213
0.0720147278700593	0.9997632489012868
0.0730469967675095	0.9999015373619431
0.0744042004783869	0.9999902287753849
0.0758411686896669	1.0000340282372986
0.0769778240188823	1.0000287075371692
0.0780815953331103	1.0000205978924326
0.0791627972987885	1.0000133337939707
0.0802581096149793	1.0000079935639645
0.0814166030658580	1.0000043989214198
0.0827042898197841	1.0000021328826143
0.0841989491133129	1.0000007543878395
0.0859447839703063	0.9999999567153576
0.0873880081433578	0.9999986788695726
0.0911086353662144	0.9999985138356389
0.0980465284947369	0.9999979611663945
0.1175410928741204	0.9999981362633126
0.1609777854952723	0.9999983101315577
0.2430869461851439	0.9999982737776236
0.4158286042697542	0.9999982631641733
0.7694633857551754	0.9999982224790942
1.4816997586270175	0.9999981196408825
2.8065780009308345	0.9999978016061374
5.1837678258849706	0.9999969192546182
8.3525977192043754	0.9999887375472815
