0.0000000000000000	0.0000000000000000
0.0609844894541518	0.0000100000000000
0.0614635512760142	0.0000034370419134
0.0627303439117644	0.0000211712703354
0.0631416413116615	0.0000462016443624
0.0634137811207861	0.0000308004199206
0.0634808958105642	0.0000437184000323
0.0643896551502656	0.0000719137064424
0.0649436121322303	0.0001000643660792
0.0651686020743568	0.0001195790207478
0.0660811224207921	0.0002124027331051
0.0667298156764571	0.0002862236489454
0.0671491090001798	0.0003749414320977
0.0676046665690781	0.0004818259499493
0.0681816337512147	0.0006533973386372
0.0685593422470281	0.0007973746291627
0.0689679270173899	0.0009918592766790
0.0693214446363378	0.0012028427476512
0.0697636553408680	0.0015258556816480
0.0702162282571355	0.0019466356829200
0.0706684936285451	0.0024852551880294
0.0711326503179403	0.0031916721719895
0.0716007852308777	0.0041070297153737
0.0720735489108282	0.0052969570057825
0.0725506791388526	0.0068454066988730
0.0730315685963973	0.0088608711349771
0.0735153720460547	0.0114824872020359
0.0740026102090135	0.0148993891117206
0.0744951273228606	0.0193716342692744
0.0749935057988824	0.0252330396343992
0.0754901731140109	0.0327889943311521
0.0759859158806833	0.0425334525470237
0.0764954975181051	0.0554401855972596
0.0770218103388668	0.0725780000328784
0.0775513719275372	0.0947099780593685
0.0780659997265866	0.1220456947130618
0.0786139274883828	0.1594888607127809
0.0790854484075448	0.1973669059473744
0.0797767088163824	0.2656500598808836
0.0805204021925950	0.3511105657378838
0.0809323284227998	0.4133268743483797
0.0826864756480011	0.6660519326988713
0.0827618809495724	0.6741075241848107
0.0829911825921995	0.7020314565348141
0.0835277502565288	0.7528298941169588
0.0837249519104677	0.7854826068889856
0.0839738425920431	0.7939406273348403
0.0854046175272563	0.9029893638872286
0.0862738099185586	0.9380658744350604
0.0875757858153689	0.9705964636502717
0.0894980789888923	0.9909114021366801
0.0907743928822682	0.9968977324790518
0.0917016233931255	0.9964277188470748
0.0977404637317353	0.9991497155585249
0.1011490031736536	1.0001814402089995
0.1133710330157189	1.0005266337540024
0.1151131367402236	1.0003602977629018
0.1168047369666403	1.0003508473066189
0.1182655040579752	1.0003714280182070
0.1203369287576278	1.0004191370333215
0.1239547529761853	1.0005098637682277
0.1253802128735983	1.0001704315610715
0.1272423557028013	1.0000974027042597
0.1290457657297726	1.0000791544119494
0.1309937006022658	1.0000774929624681
0.1341478771474628	1.0000851223107021
0.1470612669178713	1.0000314566527080
0.1490912376388485	0.9999990917898968
0.1512743351440382	0.9999875788998136
0.1542088675596950	0.9999832326886529
0.1671850447432393	0.9999813341837760
0.3316865330452011	0.9999760091055824
1.0572549384244467	0.9999896153821866
1.1718998415956796	0.9999933910782193
1.8231998379962469	0.9999987864465286
2.2612531834216449	1.0000009420422029
4.0287362241137892	1.0000027976469794
7.6969261024284288	1.0000085298711969
