0.0000000000000000	0.0000000000000000
0.0528413792681344	0.0000100000000000
0.0534655404254277	0.0000101738908061
0.0543728056599289	0.0000161850250942
0.0545067864712621	0.0000304963232269
0.0558029890417063	0.0000668477703762
0.0561584778421544	0.0000878141016718
0.0568813024896844	0.0001457744235886
0.0575458229306563	0.0001994105384542
0.0579482548357252	0.0002510615577116
0.0579665731694752	0.0002545898880546
0.0580959944585528	0.0002836222894753
0.0582316311956485	0.0003056364580028
0.0587668360256226	0.0003976447174218
0.0590482161814589	0.0004756180494178
0.0596062147639782	0.0006368258886133
0.0600643069530646	0.0008130544684542
0.0604856633889488	0.0010206241037025
0.0609099171249246	0.0012810567098050
0.0613486485982642	0.0016224113907065
0.0618041825024982	0.0020735602122134
0.0622533824205079	0.0026412313032798
0.0627155144664847	0.0033858706663711
0.0631834927710922	0.0043538694349843
0.0636563914296081	0.0056127437254052
0.0641332096409656	0.0072495637109816
0.0646140472791879	0.0093814030648228
0.0650981054188072	0.0121565360623556
0.0655861486584935	0.0157778390652543
0.0660789378819056	0.0205125298265930
0.0665772152606933	0.0267146411138011
0.0670791144010760	0.0347990462477264
0.0675817484043763	0.0452667206721764
0.0680969531259800	0.0591174444106963
0.0686201973634585	0.0771963060696101
0.0691538249633730	0.1008538331445788
0.0697026564265868	0.1318438781586425
0.0702552364561814	0.1710808457761344
0.0708224480618250	0.2207580895812663
0.0712918651429370	0.2705941430391697
0.0719231050324687	0.3472107826070899
0.0726995162386004	0.4497567914473855
0.0728278917842131	0.4692983886017096
0.0729188887045185	0.4830810997925475
0.0729473467365812	0.4877273030887574
0.0742877867068853	0.6662770187456872
0.0753440515214462	0.7894275831843893
0.0759819969378938	0.8496030015692665
0.0761438500610926	0.8622509705576604
0.0766970856570635	0.8847728062763165
0.0775878536005769	0.9256883979966782
0.0784835902192239	0.9593282118164208
0.0794462209745977	0.9761519834059942
0.0807105041936731	0.9889905066109834
0.0816197317064157	0.9938731093353829
0.0827827697798554	0.9970627974392180
0.0839516422664954	0.9986611186809703
0.0844639493461989	0.9988672385395573
0.0853199249866173	0.9992389251694329
0.0865175813890332	0.9994154539112674
0.0878213938786438	0.9994954390254287
0.0892905573453694	0.9995773358521198
0.0907241062533271	0.9996588418938916
0.0923455608803246	0.9997567083670011
0.0949232050995631	0.9999200265058482
0.0999977715225983	1.0002441976336161
0.1015646079961821	1.0002542466230386
0.1042462753113707	1.0003306597185024
0.1050835999205204	1.0001445192010805
0.1068991710482588	1.0000658953666719
0.1083499267230735	1.0000258022159458
0.1098793306249357	1.0000073096357083
0.1117106292597218	0.9999990735261117
0.1142502605722397	0.9999954138767140
0.1203917958411122	0.9999939017964159
0.1504131844333250	0.9999935192476099
0.2357101472122475	0.9999927510209363
0.4519319250084638	0.9999906760863735
2.3795018048356975	0.9999966469010435
2.8316945386883456	0.9999987319842919
4.8314597446334568	1.0000024562717404
8.2377764591548122	1.0000081443301208
