0.0000000000000000	0.0000000000000000
0.0710030356987125	0.0000100000000000
0.0715983665142573	0.0000059091466578
0.0726400084365822	0.0000310547876196
0.0741642004675824	0.0000715041288951
0.0748508938287251	0.0001118843223997
0.0753896671110343	0.0001659027547097
0.0761769816822377	0.0002437531334570
0.0764773127072892	0.0002851209965763
0.0766843931509920	0.0003347299335414
0.0774657295828683	0.0005078954789892
0.0779586660792071	0.0006640250368781
0.0784491144487420	0.0008615131938265
0.0788219050246996	0.0010561107520756
0.0792550355523199	0.0013329550444069
0.0797227045471600	0.0017140877380619
0.0801817169044444	0.0021965460304914
0.0806488305891243	0.0028264858891851
0.0811178243162452	0.0036404554630663
0.0815912053332098	0.0046991559301544
0.0820681880190726	0.0060757734454035
0.0825490945856382	0.0078686359289616
0.0830323484617483	0.0101981543281516
0.0835186586304286	0.0132321472556429
0.0840072972956481	0.0171799590151748
0.0844999158425609	0.0223377777110248
0.0849995232481076	0.0291119895977178
0.0855065848225699	0.0380086736878505
0.0860212209770692	0.0496630658057384
0.0865427752041326	0.0648956422902244
0.0870626381559505	0.0844393356783256
0.0876027039604955	0.1105183240711084
0.0881481326913760	0.1437612961872502
0.0887198798939697	0.1875383573401137
0.0893094420294088	0.2434773333833576
0.0899384675070039	0.3136685177969786
0.0906429567570472	0.4074645738497711
0.0915641499900907	0.5409323030034225
0.0922737750710096	0.6384210914071734
0.0932454481026601	0.7592317362904405
0.0939332590608156	0.8253254590775458
0.0940057917072293	0.8326044932199756
0.0941286300573270	0.8425051976748259
0.0941915618395365	0.8475151921323397
0.0944687257078730	0.8672840409913148
0.0947045141011021	0.8822551250859662
0.0950566268645546	0.9028104359866658
0.0951781251405599	0.9011816478729623
0.0961023014619038	0.9456152863606837
0.0962708006835526	0.9477844021783953
0.0963584426793168	0.9491895310984002
0.0963892579148648	0.9496843598660865
0.0998863710920633	0.9927925924233028
0.1013999223914429	0.9981415603959835
0.1023634328404991	0.9987894841084891
0.1033988137106635	0.9992662354293110
0.1045578502439103	0.9997427970430034
0.1056872313386024	0.9999296110130151
0.1067661275669628	0.9999798875345776
0.1079094112775148	1.0000058945071533
0.1091197018163882	1.0000172077840932
0.1102582396387226	1.0000149905646469
0.1113489931854884	1.0000094343990478
0.1125484058484167	1.0000061623599774
0.1137829584770016	1.0000034759887499
0.1151606517132791	1.0000016762955168
0.1168989748169461	1.0000008953724655
0.1187456925200078	0.9999998802945991
0.1216545173448000	0.9999994816746967
0.1261203249947085	0.9999992682007031
0.1321355451939005	0.9999980098419837
0.1506671698640348	0.9999979741078132
0.2052403578396013	0.9999984494980556
0.2845441196271269	0.9999981551319856
0.4713765677346969	0.9999981000616757
0.8961390622143999	0.9999980967370048
1.7229653341129498	0.9999978760568669
3.3545815146996674	0.9999974082014121
6.1802702405284204	0.9999958702732114
9.0124191166515857	0.9999856720468351
