0.0000000000000000	0.0000000000000000
0.0975916026886667	0.0000100000000000
0.0980944474220178	0.0000059247850021
0.0993432767439806	0.0000230029276513
0.1011908611945516	0.0000842849956757
0.1016307198698436	0.0001158416295408
0.1021448251175746	0.0001617000386848
0.1028058662871932	0.0002233363889626
0.1028855364539072	0.0002335152850480
0.1032336841524466	0.0002936410698848
0.1038048658021302	0.0003837835545571
0.1038146921721116	0.0003860130374422
0.1039374117895285	0.0004282161669617
0.1045102377039034	0.0005873147597277
0.1049645762496596	0.0007485717765301
0.1053950045512410	0.0009430666457735
0.1057555644944488	0.0011465684551359
0.1061975559400500	0.0014535573335962
0.1066421042484198	0.0018477237751887
0.1071001288496527	0.0023655314657174
0.1075612507324181	0.0030331240240959
0.1080281573367501	0.0039002254230760
0.1084976371785705	0.0050211676384052
0.1089716188058399	0.0064778764103259
0.1094504366062163	0.0083753027838653
0.1099337717590177	0.0108490126877500
0.1104206322576041	0.0140710015236271
0.1109123095545169	0.0182823930214141
0.1114097316589368	0.0237986232269852
0.1119134544481798	0.0310291621864146
0.1124231929068506	0.0405038896835800
0.1129175415892014	0.0523387211837580
0.1134171772304144	0.0676286914372779
0.1139281842631676	0.0875388557721584
0.1144770401701413	0.1147429270106594
0.1149841560408705	0.1466060895777695
0.1155550289046975	0.1914031511218736
0.1161541148378743	0.2490772179054076
0.1167675912834029	0.3198789554323925
0.1176055845398361	0.4290820335170924
0.1190952189308934	0.6450588314083348
0.1196068594625253	0.7075130630367251
0.1202867688895531	0.7891951197530911
0.1212316221293739	0.8669145151924740
0.1218706872705938	0.8944405843310840
0.1229890071695332	0.9404061060770389
0.1243576081534739	0.9744890114691600
0.1251726571161604	0.9832746141977184
0.1312296799110087	1.0004278013367227
0.1328356428013806	1.0013039547467129
0.1336646064822986	1.0012926646345370
0.1349698441797240	1.0017794765226493
0.1356575623196015	1.0005918070789201
0.1377821452044375	1.0004937466472856
0.1392089157621785	1.0004713049827794
0.1404990334353373	1.0005008603073453
0.1418010890833165	1.0005566755271829
0.1418430824309878	1.0002122107145137
0.1439961226926522	1.0002146391231630
0.1442745325327705	1.0001063438182651
0.1462000117038993	1.0000837672291931
0.1478646691984663	1.0000790568395677
0.1496109172092422	1.0000830372858724
0.1521174378201685	1.0000948757154819
0.1550274622796866	1.0000486676844951
0.1574930419315005	1.0000241047985676
0.1595332937688895	1.0000133996126417
0.1620496292311751	1.0000097282494498
0.1676868718524637	1.0000105093591705
0.1808588958857805	0.9994670173128173
0.1858992021994082	1.0000790388466905
0.1877766394953252	1.0000625979579501
0.1894876847141414	1.0000348521212210
0.1911355498420208	1.0000170332034111
0.1928549128116671	1.0000081650321031
0.1948169180857080	1.0000062685012365
0.1960684610217895	1.0000036101613483
0.2009351224544120	1.0000052412476108
0.2107372850316968	1.0000047472887925
0.2141015772689942	1.0000015387394265
0.2197773542426748	0.9999999629900151
0.2392089417070195	0.9999258297098533
0.2452127373073507	1.0000174546811489
0.2469324283737683	1.0000133906455677
0.2487124551593563	1.0000079138842219
0.2505183890387881	1.0000030295896196
0.2529463760690109	1.0000005445177407
0.2560452699380705	0.9999990682167119
0.2663787559740299	0.9999997836995185
0.2766889996965800	0.9999994904923196
0.2821236529040225	0.9999978635558608
0.3218935100552631	0.9999978009867203
0.4362431372357620	0.9999980385362809
0.5971639296210589	0.9999974773568054
1.0633770126721105	0.9999970701056120
2.0345510754481109	0.9999959554182953
8.7047559283559970	0.9999910227797673
