0.0000000000000000	0.0000000000000000
0.1150639905123199	0.0000100000000000
0.1157223361237999	0.0000164722194510
0.1164130017235137	0.0000177115861591
0.1167752242132918	0.0000313591784805
0.1173661902472867	0.0000450378492006
0.1177901187232040	0.0000587086129189
0.1182246558978082	0.0000845712737946
0.1190943599131474	0.0001548513761214
0.1197378723668475	0.0002072655126277
0.1203279691533638	0.0003016270046940
0.1209748951554811	0.0004085714109600
0.1210164313726685	0.0004188924872830
0.1210935256415849	0.0004517125415088
0.1216794975996751	0.0006259497352666
0.1221862262684683	0.0008172828486127
0.1225715213204447	0.0010081305464222
0.1229858402547476	0.0012585410810592
0.1234328344033094	0.0016021439133160
0.1238965589788968	0.0020578804115909
0.1243614432097345	0.0026450170551439
0.1248279089443656	0.0034024153553363
0.1252994563202832	0.0043874331537281
0.1257753117556124	0.0056682445429510
0.1262545945504128	0.0073326666476049
0.1267364271755979	0.0094944905374242
0.1272216369889563	0.0123106043147773
0.1277089311638032	0.0159705199723888
0.1281978424098634	0.0207208879817058
0.1286896474103310	0.0268990240933414
0.1291904413638869	0.0350267505520872
0.1296973786241440	0.0456481346301016
0.1302166480098675	0.0596873350869606
0.1307325059816369	0.0776147563391029
0.1312673833854520	0.1013304163225769
0.1318247866097931	0.1326733992390359
0.1323894717147051	0.1730378019237400
0.1327303795501894	0.2023129192350655
0.1333146827364330	0.2608697259536499
0.1340413273014181	0.3475467222680718
0.1347615877509958	0.4414611457034173
0.1357975001944137	0.5998646342146592
0.1363480595935903	0.6824370765676048
0.1366054684370928	0.7103237744432869
0.1368904017557704	0.7401149053577666
0.1376262404057237	0.7982441013633577
0.1380099169342357	0.8366524869612116
0.1384662489892741	0.8682100061913383
0.1391500570401696	0.9113498460619466
0.1395278558336248	0.9276791396438313
0.1401197453746023	0.9504186932132715
0.1404253114944808	0.9503056435618644
0.1408418770730277	0.9584829699779820
0.1430096608025039	0.9904851752355118
0.1437467917385421	0.9938983247830627
0.1447454754946393	0.9970031273331332
0.1455729068631515	0.9978930537949187
0.1467948289548672	0.9991043005894209
0.1477760638592643	0.9995416140098079
0.1489450747960917	0.9998333239447532
0.1501032123900913	0.9999465336205760
0.1511858352722313	0.9999847487178579
0.1523035864541210	1.0000017591805297
0.1534621781534202	1.0000079306877814
0.1545458448340159	1.0000046594381184
0.1557956500133462	1.0000049948397276
0.1570059733580684	1.0000046167342664
0.1580133937360614	1.0000021009240172
0.1592981078909305	1.0000011783379275
0.1608143151142443	1.0000007033197886
0.1623141043237838	0.9999997677594405
0.1644387533814599	0.9999992665140147
0.1663570248583004	0.9999980565930295
0.1754953101930295	0.9999981225769697
0.1906573948562784	0.9999979517997559
0.2334842353307278	0.9999982056493942
0.3170820228721234	0.9999981860177198
0.4952426748395542	0.9999981408344419
0.8760233736020804	0.9999980695938178
1.6760467520492266	0.9999979214997082
3.2696607278594074	0.9999975328042141
6.0000340357668378	0.9999961733797154
7.8612463371313961	0.9999930778714310
