0.0000000000000000	0.0000000000000000
0.1404103052053534	0.0000100000000000
0.1410072550988122	0.0000098309472761
0.1419624629890038	0.0000273058635183
0.1434013917008126	0.0000600976515439
0.1439190835803145	0.0000929281825071
0.1444759822391283	0.0001371015770197
0.1452542176325065	0.0002018341225720
0.1453957337133475	0.0002194476537157
0.1457711308380195	0.0002718197906298
0.1461946797783904	0.0003558365469010
0.1467629797901656	0.0004788339649333
0.1472344770343765	0.0006133964309755
0.1477344069714810	0.0008072296494727
0.1482411253319935	0.0010586856076959
0.1486939398698074	0.0013501591392815
0.1491611232858605	0.0017373421707921
0.1496274322119731	0.0022350608585754
0.1500938143213859	0.0028751769130277
0.1505641290110218	0.0037050756010076
0.1510329177655991	0.0047702514419559
0.1515066833486213	0.0061558326578895
0.1519842091950611	0.0079569700594000
0.1524661203376351	0.0103047062545301
0.1529538518000708	0.0133769159038006
0.1534458584161199	0.0173847861891501
0.1539423013410520	0.0226185474969986
0.1544453783580353	0.0294837354444950
0.1549512952948978	0.0384090672143335
0.1554593918516715	0.0499925139914902
0.1559813519897283	0.0653418758958209
0.1565093250747047	0.0852544043079154
0.1570547946023863	0.1115469182055425
0.1576073194114004	0.1455854847027159
0.1579359716292784	0.1700454045769927
0.1584335906857183	0.2136478923258852
0.1590503254967691	0.2768311508116844
0.1597375323027597	0.3605352945385203
0.1604192207887966	0.4506359568186336
0.1604225751954827	0.4513621275474474
0.1606488758041327	0.4849577722035197
0.1608665936039174	0.5172397637789341
0.1613406731118505	0.5946926960803648
0.1613828187881939	0.5892858086313159
0.1614396831427269	0.6027189017076511
0.1621932508357717	0.7041239698840734
0.1629431302077640	0.7894806676568270
0.1635517820532851	0.8431361600377145
0.1637002442079548	0.8532881500293165
0.1638271731768873	0.8629212931407808
0.1639845867626633	0.8693536329928202
0.1642735878800163	0.8754079288904256
0.1663828591706697	0.9651235490689478
0.1671061809895499	0.9741531095523304
0.1688633514087674	0.9923136935876782
0.1695039950269507	0.9935854568508958
0.1696335005442079	0.9941932607551970
0.1709780049757988	0.9977143632029295
0.1724263764414021	0.9994049406107903
0.1733226040617981	0.9996535419961452
0.1742904100292063	0.9998351125440464
0.1751179576705038	0.9998759613238214
0.1761554605263282	0.9999446422747251
0.1771175141458662	0.9999719143527788
0.1782298209720847	0.9999960892249133
0.1791449484125244	0.9999984627101011
0.1801283401586841	1.0000013220588726
0.1810926999807167	1.0000025236237409
0.1819506227271269	1.0000014065296075
0.1828813348279122	1.0000012930394611
0.1837728373599248	1.0000000543949947
0.1849935952478862	0.9999996552856122
0.1866906793286051	1.0000008383345478
0.1875823936965262	0.9999991647373518
0.1895506960532338	0.9999985265975417
0.1944020475494934	0.9999979188612894
0.2071477497104970	0.9999985136222308
0.2228076781844450	0.9999980263691302
0.2716037963871504	0.9999982281142088
0.3652694750823043	0.9999981758872626
0.5721227927978716	0.9999981622226158
1.0006003355432656	0.9999980693894088
1.8956028204477962	0.9999978986791300
3.6361685421612866	0.9999974293541835
6.5286813872901286	0.9999956825457302
9.9644296750635561	0.9996487342574631
