0.0000000000000000	0.0000000000000000
0.1499919830998392	0.0000100000000000
0.1504948896332723	0.0000041288060290
0.1517125064308301	0.0000232725503278
0.1533101230657224	0.0000742569319124
0.1537838690287040	0.0001024122213444
0.1543879926553970	0.0001525666729798
0.1551317216793375	0.0002175849695783
0.1552913653760581	0.0002393100132690
0.1557391028967433	0.0003006360312842
0.1557551471419738	0.0003131277237280
0.1562440419024096	0.0004194072830880
0.1568079916412131	0.0005622177215442
0.1573720926312620	0.0007619072614453
0.1578392883941940	0.0009804495529379
0.1582871825341682	0.0012455839057416
0.1587406599581735	0.0015893548760245
0.1592015293320063	0.0020365940739299
0.1596645268114169	0.0026125225991807
0.1601311221491447	0.0033571920346398
0.1606009014006281	0.0043211115049314
0.1610751215903422	0.0055739035412751
0.1615529156653031	0.0072013564717313
0.1620344579273150	0.0093187958757977
0.1625202297695499	0.0120795117796682
0.1630106754668153	0.0156852278419419
0.1635026883055733	0.0203666942792612
0.1639978149376057	0.0264654004557450
0.1644979491270174	0.0344396814140208
0.1650032921411568	0.0448863991025997
0.1654999695378241	0.0581175083241819
0.1660135929973199	0.0755798193303195
0.1665465017394025	0.0986381595345178
0.1671048319961425	0.1293551357506577
0.1676415937865354	0.1665642010078904
0.1682198806734631	0.2159249857402342
0.1686873364035346	0.2644414208356104
0.1691987293845516	0.3234420447713934
0.1698500093692321	0.4125090943623734
0.1707286022105843	0.5365151308368615
0.1716731743414509	0.6718639696232793
0.1720388575177806	0.7173446330972096
0.1721861690625065	0.7273641142648342
0.1724770304677015	0.7635314555534303
0.1743932426656413	0.9082148873083418
0.1745299141278905	0.9169804191817041
0.1769182057773585	0.9721074522959807
0.1780108559657749	0.9866838097844874
0.1792232028130933	0.9948332236107739
0.1801008595609530	0.9970629259593377
0.1810047207778174	0.9983070357119163
0.1819349178857380	0.9988844227701992
0.1832706953197361	0.9996161010717726
0.1840908002091662	0.9996979387075520
0.1852791108204375	0.9999169021320149
0.1864072587762947	0.9999961523975791
0.1874627338731738	1.0000161659814912
0.1884665575203808	1.0000176745527343
0.1894134658026683	1.0000130017403890
0.1903144321025209	1.0000069409727781
0.1913561455551717	1.0000048144793532
0.1924345523026234	1.0000031860134591
0.1935089965137675	1.0000015233838377
0.1946383352094140	1.0000000516448697
0.1962311835538947	0.9999999525219950
0.1974972525682933	0.9999987105676434
0.2008410252769211	0.9999989652533370
0.2035612902467374	0.9999978164904655
0.2185495856614149	0.9999988661331273
0.2274842025723686	0.9999979057682371
0.2754666413682479	0.9999983504996646
0.3621589530520769	0.9999983670399677
0.5267613145811809	0.9999982524303623
0.8922974893114231	0.9999982449367595
1.4492934145579703	0.9999757133810104
1.4656615628579945	1.0000288368902899
1.4665659555821879	1.0000106226492356
1.4683399124004834	1.0000028868534927
1.4705908612235825	0.9999994677715850
1.4755276891555680	0.9999981079001996
1.5024621230852580	0.9999980780475780
1.5729785696648642	0.9999981801119157
1.7427502844285065	0.9999979111094665
2.1333896210487162	0.9999982876646721
2.8146149105254219	0.9999982976922296
2.9290334979738430	0.9976011177562263
2.9437523678216766	1.0005907170120558
2.9454754933784604	1.0002231144609672
2.9469286347375512	1.0001097642790102
2.9478180201311099	1.0000425221778757
2.9494853798506915	1.0000162983361414
2.9512594616456189	1.0000045108978743
2.9537163667254100	0.9999994856453841
2.9593127893319449	0.9999976939891728
2.9846386305326051	0.9999985017820602
3.0133450113702414	0.9999972807055735
3.1017933493428260	0.9999970903988089
3.3675062579279489	0.9999975954992893
3.7502995372510091	0.9999969448328605
4.8254807994634090	0.9999967012948107
6.6576126037537291	0.9999951536688246
8.6997433203636163	0.9999878652589769
