0.0000000000000000	0.0000000000000000
0.1731884302606954	0.0000100000000000
0.1736482495891515	0.0000106313493295
0.1747888161039468	0.0000162244454270
0.1750803110626928	0.0000270361503127
0.1757758532640883	0.0000445375668533
0.1762506305708844	0.0000642937340369
0.1772334620972369	0.0001298010304259
0.1781196140202749	0.0001994750989908
0.1782021387848248	0.0002096912285154
0.1787952660354472	0.0002836843214788
0.1788156670596129	0.0002931838729626
0.1792339818285234	0.0003818887851483
0.1798401723683327	0.0005233694192413
0.1803845969361301	0.0007041300227089
0.1808783809238740	0.0009178242075989
0.1813090122514698	0.0011572002209882
0.1817509704882718	0.0014682176860861
0.1822075461058018	0.0018779945030687
0.1826690231957533	0.0024086753952006
0.1831285627100946	0.0030849013786309
0.1835944013243035	0.0039633762316113
0.1840662190748462	0.0051071324655550
0.1845422215913789	0.0065940754740002
0.1850223778663714	0.0085300700169794
0.1855052529929395	0.0110460963275196
0.1859898619438450	0.0143122399333115
0.1864789350128089	0.0185782664774440
0.1869752392273844	0.0241812199420387
0.1874778029797970	0.0315221201914739
0.1879866432071377	0.0411471227444564
0.1884739500584544	0.0530239977589980
0.1889933129866213	0.0691891758850564
0.1895245205209460	0.0903849911899595
0.1900478615710792	0.1171499021728035
0.1906117226121979	0.1536568633747816
0.1910439316976123	0.1884041557261206
0.1915242503574212	0.2332724509918598
0.1922294960135687	0.3067664466329268
0.1925108967237613	0.3471449325723333
0.1934960826034672	0.4751546769329809
0.1935835394562618	0.4890464768439303
0.1946416358829375	0.6457194099772083
0.1953921628677031	0.7200555022349169
0.1956715107267525	0.7581383175275721
0.1957496992493679	0.7763830746632372
0.1969602081368440	0.8758977934175051
0.1976899230248644	0.9130241414671807
0.1985873293920721	0.9473083182282310
0.1995101918699336	0.9689313087034327
0.2002457707869797	0.9780180596511169
0.2011677792231121	0.9856733366386726
0.2015966257211781	0.9861726859844028
0.2035065820279638	0.9939846517314274
0.2050586204627605	0.9990855642570934
0.2088589072985843	1.0012170029348653
0.2111522472530807	1.0016282014756530
0.2124364012625528	1.0018482651059599
0.2131400633831786	1.0006901467738853
0.2145499278441098	1.0005657504450369
0.2154130881035095	1.0003041298610531
0.2171183663501663	1.0002808249716277
0.2183417599980174	1.0002824223954438
0.2195592626790553	1.0003057123407988
0.2208679448631052	1.0003415558156787
0.2223907547547486	1.0001389957107705
0.2247317147110393	1.0000732995846302
0.2263889238842801	1.0000471009539684
0.2282963175721486	1.0000420425256737
0.2303946139990952	1.0000445093726480
0.2353279900953913	1.0000596865605211
0.2394339091060381	1.0000302992951413
0.2418195494494648	1.0000131789613633
0.2440745908898402	1.0000059071321719
0.2473736948811091	1.0000036033734478
0.2610027041663066	1.0000066072888489
0.2792370249820519	0.9999959026685556
0.2823807710191611	0.9999898102924016
0.2888570770674284	0.9999918621725181
0.3151442237696398	1.0000041346898783
0.3169074494945019	1.0000013599427580
0.3243122505257145	0.9999998541566998
0.3396669532675133	0.9999998502075952
0.3768719861949060	0.9997949681361462
0.3819729278561368	1.0000403863163136
0.3837503520761085	1.0000329898410603
0.3854612438325387	1.0000192898720399
0.3871857872829676	1.0000095916501250
0.3889709418194685	1.0000038539564655
0.3915587435725498	1.0000023016171993
0.3939286367223137	1.0000009474562397
0.4030911653270990	1.0000027739098669
0.4094402234572288	1.0000017803936840
0.4133240603777761	1.0000007226812413
0.4168947566692244	0.9999990704681035
0.4319685991556047	0.9999709458843649
0.4388945816495653	1.0000110500817134
0.4397989966277511	1.0000061549426851
0.4415506919995211	1.0000022813092413
0.4440353732280861	1.0000002051527761
0.4473798012971346	0.9999989044512752
0.4558659208093916	0.9999988695925316
0.4707042060502576	0.9999987576013892
0.4820008816895556	0.9999976917433095
0.5691011450747984	0.9999983090058396
0.7211658154804548	0.9999982768685095
1.0415549338664527	0.9999984437456129
1.1580357072039595	0.9999973977438500
1.9080211573874073	0.9999970210002223
2.3286977735512271	0.9999614089667773
2.3408085538772720	1.0000844102445878
2.3429706237284504	1.0000352039761471
2.3442989874006392	1.0000123045688412
2.3459552542168507	1.0000032419612686
2.3482637361681240	0.9999995917899080
2.3548001603168296	0.9999983068261761
2.3900694673820979	0.9999983991611330
2.4816082579506986	0.9999975175872425
2.6834930294920554	0.9999976687974347
3.2202028061845551	0.9999974855885599
3.6108475316233664	0.9966338193415780
3.6207364887580575	1.0007134832577722
3.6225077049005403	1.0002821308881837
3.6242864364611749	1.0001197366479109
3.6258367606834359	1.0000497340562537
3.6275963948072620	1.0000238487123214
3.6296739129691642	1.0000154174898388
3.6306903583510164	1.0000063441963725
3.6326957233724757	1.0000037799258894
3.6336328301001100	0.9999996017869964
3.6394360891262840	0.9999974472397973
3.6710530315555796	0.9999977588575027
3.7137575661976077	0.9998467932813033
3.7231897147765487	1.0000487912746960
3.7251384315008704	1.0000284276693465
3.7268349426995240	1.0000145600374335
3.7283285741797982	1.0000045842972993
3.7309767421617046	1.0000002622553605
3.7352911380245963	0.9999975485299021
3.7496192691282384	0.9999970306949075
3.7961569256136185	0.9999976045858908
3.8928548063177497	0.9999979856886102
3.9871620812666735	0.9994060350449732
3.9958673017111841	1.0001900955357117
3.9977034045900615	1.0001133206331256
3.9992449576338092	1.0000571044410986
4.0006385254968926	1.0000249831294670
4.0021910417829023	1.0000090510468234
4.0040961400814181	1.0000013728815842
4.0070928775022763	0.9999978547389816
4.0153335574978843	0.9999966915911376
4.0437739186905537	0.9999968657755974
4.1119557765698902	0.9999969942259525
4.2686093147915365	0.9999970504891267
4.5341937312379370	0.9999963986298842
5.3242424007370168	0.9999963388383427
6.6825712998298696	0.9999949804265225
7.7207843164177996	1.0003133165085565
7.7261807797879385	1.0001286333132722
7.7284005215275782	1.0000192832535642
7.7309364640410498	0.9999989244234005
7.7348105706355703	0.9999918724985948
7.7616609340281517	0.9999941003550042
7.8062813665372701	0.9999951949321131
7.9688118297340438	0.9950928855858815
7.9759284619620958	1.0017390757553770
7.9765570679258460	1.0003917645833240
7.9789407610500103	1.0001595903618672
7.9808557150957862	1.0000562389858756
7.9829625807939051	1.0000236904915691
7.9864749837874598	1.0000209568346463
7.9992966985453071	1.0000122059919014
8.0023514495301260	0.9999938910720152
8.0174666912078862	0.9999889478694386
8.1056269839883406	0.9999924341028829
8.1488077802363943	0.9994708916723745
8.1581211663005071	1.0001337494548883
8.1603633832003535	1.0000486780794091
8.1627008058750548	1.0000096685280646
8.1659874233549292	0.9999953591664905
8.1756231989760568	0.9999946188127992
8.2002238343949223	0.9999974979943141
8.2032108621488149	0.9999875186106331
8.3229372673141597	0.9999892288178197
8.4618787582491493	0.9999852377073459
8.7081179614518440	0.9999554045101938
9.0726693787606543	0.9999925598603623
9.3011581088858879	0.9999760224418509
9.7177922531796614	0.9999288710292844
