0.0000000000000000	0.0000000000000000
0.1853143777467761	0.0000100000000000
0.1858325484506604	0.0000082521786839
0.1869886403077700	0.0000240057267949
0.1885718403790607	0.0000726535085738
0.1894790474314539	0.0001231423997180
0.1900298620181138	0.0001647140295213
0.1903643533514102	0.0002070039921239
0.1907002534628101	0.0002608930833274
0.1914961213089939	0.0003779633053676
0.1914973566510416	0.0003850495957768
0.1918803057585591	0.0004875236847764
0.1923523291700369	0.0006263697430632
0.1927789712719524	0.0007910983299052
0.1932272062000164	0.0010050656835340
0.1936396061443905	0.0012533293332780
0.1940824840279862	0.0015908384087544
0.1945259041313643	0.0020213811645316
0.1949806006328334	0.0025835791521784
0.1954426694150964	0.0033140286167110
0.1959107202809981	0.0042633097519706
0.1963826624499764	0.0054944028693061
0.1968596123587050	0.0070968794434478
0.1973413470494963	0.0091849750963173
0.1978281236497863	0.0119107486278687
0.1983160188998171	0.0154427259795047
0.1988027564323559	0.0199997283459009
0.1992963683423662	0.0259706730825253
0.1998001474641870	0.0338379567865269
0.2003058534530884	0.0440352974296102
0.2008212421826605	0.0574571689988841
0.2013480719163611	0.0751411489212243
0.2018679351543404	0.0975273509705331
0.2024172849762932	0.1277662417600385
0.2029177579618106	0.1622071362985120
0.2035155253449576	0.2130082139531176
0.2038818802377580	0.2499167482231157
0.2046538270490428	0.3398143134782008
0.2055668929881948	0.4673403603729740
0.2060759860672142	0.5377049642540873
0.2062600839246042	0.5680305107332290
0.2064712712528866	0.5977318838132404
0.2066544990125901	0.6226606413258529
0.2067645682285010	0.6373485889738809
0.2074447356423856	0.7193434028702665
0.2077147924078605	0.7602634564333046
0.2081468118328875	0.7974586968687990
0.2085843885580187	0.8269312423969384
0.2089295884962613	0.8622103880280703
0.2097747238857237	0.9101516047972167
0.2104474200299937	0.9364182938984548
0.2110774312561597	0.9579045974835804
0.2112681339417534	0.9618990462147171
0.2113217463479030	0.9631773392898378
0.2117480469702896	0.9705338488635444
0.2120274274069580	0.9743394015385274
0.2124512673117060	0.9787709402073882
0.2129539374260104	0.9832860736503946
0.2131746316445949	0.9844508429257053
0.2141858060573556	0.9922160095887843
0.2146797640171099	0.9960986474075327
0.2148885878585278	0.9976189431110554
0.2149003094944718	0.9952310070623865
0.2159131924346336	0.9986430910329862
0.2162257490464608	0.9980185258454496
0.2173050214060389	0.9991470864600511
0.2182022610095206	0.9995339660491561
0.2191401634970453	0.9997686124377789
0.2198834956704724	0.9997895850727956
0.2210809144081157	0.9999388046857999
0.2218252676645589	0.9999472510492213
0.2229635547242589	0.9999853042374663
0.2241889515097829	1.0000008065621098
0.2254856061322050	1.0000062581086337
0.2267736244618499	1.0000059717789551
0.2281164467308006	1.0000044591687396
0.2295121216057995	1.0000028001941297
0.2310037076406814	1.0000014475254859
0.2326821050925843	1.0000004524901787
0.2343960225019174	0.9999994642151460
0.2357989367561431	0.9999978978491044
0.2448176889415753	0.9999989087884422
0.2513962811802829	0.9999978017945175
0.2822124452678325	0.9999980777378312
0.3495256741699732	0.9999982088563487
0.4815305492326972	0.9999981429608709
0.7778787756294235	0.9999981491255507
1.3912917808422587	0.9999980814858925
2.5774485408979588	0.9999978459488228
4.6144132181497941	0.9999971163287668
7.4813072435562233	1.0000287118718463
7.5057013822406233	1.0000160331773751
7.5072891009063003	0.9999969211043936
7.5269897923763303	0.9999939500551627
7.6275000291587824	0.9999943055018364
7.9094693652793877	0.9999945591197881
8.4218092196710614	0.9999925351114320
9.6148267670405119	0.9999537128425755
