0.0000000000000000	0.0000000000000000
0.1914396340224719	0.0000100000000000
0.1919383385589994	0.0000051304648352
0.1931222902729015	0.0000210130289156
0.1948209053057690	0.0000991416474279
0.1962193898127570	0.0001757852458605
0.1963157053720906	0.0001860540051980
0.1967439683763805	0.0002366309990509
0.1969958876026364	0.0002730887331892
0.1971304289062913	0.0003089361385196
0.1978460795219145	0.0004357257262329
0.1979046985465455	0.0004647675260638
0.1984973424362236	0.0006460748590853
0.1989688693435911	0.0008300922547975
0.1993608733026727	0.0010269749542752
0.1997853079622849	0.0012890821052342
0.2002288615552709	0.0016372066735526
0.2006853735752981	0.0020936993188582
0.2011451191756908	0.0026815227304914
0.2016083904931734	0.0034401645696564
0.2020770617764724	0.0044252074202944
0.2025500010210940	0.0057037990063631
0.2030265103448597	0.0073639735036426
0.2035067566776693	0.0095235675276095
0.2039907653667399	0.0123369386840247
0.2044784874528392	0.0160047258109126
0.2049711341585606	0.0208018204395251
0.2054666663455658	0.0270494507083312
0.2059692584383853	0.0352553433420513
0.2064765073610978	0.0459612436043668
0.2069948150287384	0.0600932163386926
0.2075164175329754	0.0783667390089912
0.2080542150215544	0.1024519337601219
0.2086097825623441	0.1342499948424128
0.2089277883332084	0.1562819423690963
0.2094023791004977	0.1947971337639464
0.2100343878415200	0.2561076112737484
0.2107523658915771	0.3364275944712383
0.2107643575449930	0.3429925452721022
0.2108662452310973	0.3583898214957085
0.2123655225372895	0.5618857485736058
0.2124868258039890	0.5796770619587881
0.2137678008823174	0.7494950788293742
0.2142627052227902	0.7907938432994384
0.2148647573082823	0.8450777793573564
0.2158330954067144	0.9088464704307104
0.2164902211815344	0.9366278438074618
0.2173738873567073	0.9514750523735238
0.2200432212339198	0.9913872665627057
0.2216299873968280	0.9973728364656843
0.2227787148280298	0.9986446540275959
0.2239434625107170	0.9995273166296944
0.2248776794198660	0.9997093746967888
0.2260853289227735	0.9999457900223752
0.2270436106649401	0.9999911128025479
0.2279733253081306	1.0000121822163404
0.2288456000223153	1.0000103450290045
0.2298112524027273	1.0000109043706473
0.2308541767240809	1.0000098105248365
0.2319701519043913	1.0000075118127874
0.2331797300018788	1.0000050990613185
0.2344786152922646	1.0000030619707441
0.2358613372555199	1.0000014453581410
0.2373649261278202	1.0000002090520366
0.2392911183537618	0.9999995331351290
0.2416257919857571	0.9999990753926227
0.2440332164233244	0.9999983005858268
0.2517970065895399	0.9999986268118499
0.2617088171562304	0.9999981579327021
0.2869673281306138	0.9999981464069900
0.3512712205068582	0.9999984248593998
0.4526549493547556	0.9999981568830768
0.7110509395395334	0.9999982417517786
1.2055965537860707	0.9999981198089526
2.2228825401364984	0.9999979219019405
4.1134962220277860	0.9999973273674416
7.1048267380692858	0.9999930205547531
