0.0000000000000000	0.0000000000000000
0.2062599627269567	0.0000100000000000
0.2068718883062097	0.0000100684317115
0.2077903622175465	0.0000127701166134
0.2077940872484504	0.0000223294205730
0.2088234721418824	0.0000486394607246
0.2093528299437105	0.0000792287780513
0.2102554160858154	0.0001306258402844
0.2105154006721354	0.0001528452900769
0.2107459930892810	0.0001751130453641
0.2108387078842673	0.0001736124232450
0.2113018646277409	0.0002426531249525
0.2120474264150004	0.0003489896286210
0.2122372937006539	0.0004022261282497
0.2128731709935486	0.0005633250339553
0.2134112902713940	0.0007549700403150
0.2138765883027585	0.0009704422815385
0.2143293878540296	0.0012361211584277
0.2147809729719312	0.0015766500671272
0.2152451219098138	0.0020250236740166
0.2157022683898405	0.0025906581117006
0.2161688710026084	0.0033308744862111
0.2166390687719653	0.0042901238004635
0.2171139970058905	0.0055376166657783
0.2175923160752611	0.0071578727783143
0.2180743352410389	0.0092662069766023
0.2185599781209709	0.0120122010066956
0.2190495634919296	0.0155948881244555
0.2195428859521059	0.0202692236018813
0.2200394669541460	0.0263629901610645
0.2205422664279412	0.0343539767635797
0.2210525641881578	0.0448551471183835
0.2215498027989327	0.0580289992816979
0.2220463367485286	0.0748627007733027
0.2225775666696793	0.0977586539727646
0.2231272575807225	0.1279049024253763
0.2237034311420768	0.1679874993827541
0.2240155357736821	0.1941370741161108
0.2247521180089130	0.2671368142747764
0.2253755944706725	0.3352843819370757
0.2253885892515532	0.3413140164018527
0.2264694589403763	0.4950696240443179
0.2274238329309066	0.6299647167171092
0.2282722972934035	0.7386745715588653
0.2295286997538518	0.8519512572764497
0.2298376032533622	0.8750674946039138
0.2304189366034536	0.9082379366666362
0.2306849631744515	0.9067240534905714
0.2317132649420016	0.9486050709223695
0.2327528268738735	0.9739943249243456
0.2335133042708559	0.9835467423262741
0.2344198847540285	0.9906464740054163
0.2351021957475255	0.9931999345747781
0.2363405140893697	0.9968219193109524
0.2375137227458987	0.9985003432012231
0.2385875099875280	0.9992714494884185
0.2398852209930227	0.9996370733831966
0.2407114239879676	0.9997028498320687
0.2420948605822279	0.9998449090472635
0.2435027622918792	0.9999762542912677
0.2448921752942089	1.0000241560919101
0.2467439028765892	1.0000427738051927
0.2483501301773631	1.0000321359256730
0.2497137403761503	1.0000178582707122
0.2513782462510690	1.0000118082870464
0.2526839454653327	1.0000061864791039
0.2540729822017894	1.0000025691443855
0.2559045565292237	1.0000009627579320
0.2573169114304064	0.9999989937226038
0.2622908623530459	0.9999978394419812
0.2780876849309772	0.9999983665159012
0.3013950951602509	0.9999980349346778
0.3632870667704147	0.9999980849748493
0.5038075986530248	0.9999981291498998
0.7962401112052337	0.9999980530729834
1.4305628832829589	0.9999979428433928
2.7321170974875173	0.9999976520757191
5.1237247892311713	0.9999967264629337
8.4765896517085508	0.9999909812755495
