0.0000000000000000	0.0000000000000000
0.2110108222162023	0.0000100000000000
0.2114843839282552	0.0000063057057262
0.2126790352484833	0.0000234131363361
0.2129163825972832	0.0000297971883740
0.2141526295803118	0.0000743810398243
0.2151582225384957	0.0001437815146412
0.2157475941464095	0.0001868693886514
0.2158196938587928	0.0001941150007883
0.2162893448295206	0.0002451928731648
0.2164431342745068	0.0002679299258688
0.2166988140143523	0.0003216569730445
0.2172798158299237	0.0004387022597347
0.2177043504522388	0.0005554999879260
0.2181996575794886	0.0007211414368964
0.2185704306267512	0.0008813139793978
0.2189805932512390	0.0010973916854404
0.2193917528467617	0.0013687565782352
0.2198383599461409	0.0017405030846921
0.2202840987776466	0.0022129894322401
0.2207399823860048	0.0028285874343370
0.2212033351602270	0.0036291557844219
0.2216714256176247	0.0046677780502547
0.2221434629816186	0.0060153398126800
0.2226185317766393	0.0077630885036887
0.2230976313584892	0.0100378693957594
0.2235817751379537	0.0130080976026076
0.2240714957857482	0.0168941611110596
0.2245626708835803	0.0219377423832112
0.2250595540293736	0.0285437367683791
0.2255661040961442	0.0372560569789710
0.2260769105520936	0.0486004274581899
0.2265971036876611	0.0635087440962200
0.2271291416151295	0.0831133837143843
0.2276714167493801	0.1087852272628411
0.2281505675308826	0.1374211501332725
0.2287355775893329	0.1806497027430453
0.2293298792606018	0.2356201934585626
0.2298164170567957	0.2900441793651349
0.2306677245613608	0.3932283925581088
0.2307432058569631	0.4041779840704410
0.2311011241274398	0.4547867942310871
0.2323983390959088	0.6443360118779139
0.2339228479084796	0.8143417497763171
0.2343503480814277	0.8457317678667599
0.2363497875819632	0.9470307515584137
0.2375208797372522	0.9711657635418247
0.2384352125733986	0.9812150496706393
0.2398537197421251	0.9913862918650618
0.2446531474794967	1.0016000824177727
0.2458240801698014	1.0006512769041733
0.2471573833595739	1.0004470069939002
0.2481040182164491	1.0001319708249612
0.2500591351149985	1.0002873990543288
0.2504801012678268	1.0001387725652442
0.2514454753120061	1.0000772124944770
0.2525809006367954	1.0000434428548575
0.2537917366866336	1.0000241362707205
0.2550136426752689	1.0000127772738687
0.2562578306100649	1.0000061420641835
0.2576094307535153	1.0000023584742987
0.2591791750928656	1.0000001408946015
0.2615882824330088	1.0000002441671991
0.2626478415663876	0.9999986251325372
0.2672920114991824	0.9999984100613293
0.2778816784857853	0.9999980261662722
0.3002786175200189	0.9999979199615939
0.3688661436021487	0.9999983534236453
0.4723990048879454	0.9999981048813187
0.7302095679340466	0.9999981340572758
1.2503481968753458	0.9999980168480826
2.3210830341287232	0.9999977861204810
4.3516778065392732	0.9999971401938779
7.4655447627474310	0.9999943111071019
