0.0000000000000000	0.0000000000000000
0.2195515294010372	0.0000100000000000
0.2200125351456876	0.0000107543673469
0.2215947355863663	0.0000342665951377
0.2222922997411048	0.0000516760405016
0.2227000376090918	0.0000684171689841
0.2228958596884666	0.0000815959171174
0.2237451739630501	0.0001468683085955
0.2244985417276886	0.0002082808115074
0.2248967271598213	0.0002700666040235
0.2256372206096450	0.0003818292905669
0.2258149384948968	0.0004374122245667
0.2263784317430717	0.0005987837521313
0.2268985839523681	0.0007876244930638
0.2272971137685245	0.0009792660302934
0.2277324835019979	0.0012366670732775
0.2281773986043419	0.0015720784752282
0.2286440666568738	0.0020213614926407
0.2291123324557794	0.0026014411267140
0.2295836110067496	0.0033527867994792
0.2300569428359190	0.0043252897618356
0.2305326755176329	0.0055861390873777
0.2310098159643836	0.0072192159978437
0.2314901405622699	0.0093440156528197
0.2319751732916315	0.0121190151949438
0.2324653669638564	0.0157480034999904
0.2329575616100270	0.0204637909340164
0.2334503525685552	0.0265773823542289
0.2339515535208690	0.0346263381933528
0.2344592619199933	0.0451589707174143
0.2349713736897071	0.0588678758929478
0.2355001697605604	0.0771139073374393
0.2360004293200823	0.0990984869437218
0.2364531108002697	0.1240416200542831
0.2370261759768255	0.1626844742142350
0.2376091958445763	0.2114304614916611
0.2382142755634078	0.2729071253369389
0.2384016574481193	0.2972030206574818
0.2399625401539566	0.5070724484712686
0.2411045500625038	0.6634389137317641
0.2424945072033224	0.8173734831956456
0.2429855809115977	0.8541896740662673
0.2434076707512044	0.8859930496251118
0.2440486641255630	0.9156420890485611
0.2447387860173382	0.9427519840761884
0.2457245772277183	0.9691200038625918
0.2466585612917364	0.9806688858377168
0.2477899526215802	0.9898948895671239
0.2489235748533411	0.9946110892830835
0.2498454132095703	0.9970856182258760
0.2506219965964145	0.9981718234482134
0.2516222821621097	0.9990437312904171
0.2527281907312264	0.9995550935150286
0.2537068503725294	0.9997088942510473
0.2549909240728540	0.9998277638511067
0.2563564611093269	0.9999185906063287
0.2577583558235098	1.0000114028864289
0.2584304257452452	1.0000000001872984
0.2602059282821357	1.0000243757145757
0.2618435843905647	1.0000214904041276
0.2633927821088295	1.0000141834542990
0.2648219268096596	1.0000074452701551
0.2663671432917875	1.0000032449419507
0.2681556274812207	1.0000007487296139
0.2707204310631287	0.9999995477722250
0.2739571016267568	0.9999977971713288
0.2877892764773200	0.9999984256833981
0.3038982756484357	0.9999978944246066
0.3634286608578640	0.9999982350112875
0.4677388809233851	0.9999981027272712
0.7109232836716153	0.9999980989494291
0.9525270999635995	0.9999977699327472
1.2510783533797278	0.9999846778733915
2.9351980759949399	1.0000010830032178
3.2077939108317617	0.9999979483965669
4.3838918288689275	0.9999974638329706
6.1121781743917731	0.9999958029913897
7.8377390433694760	0.9999916837224350
