0.0000000000000000	0.0000000000000000
0.2367415984799890	0.0000100000000000
0.2373552118128691	0.0000103325319674
0.2382678006406944	0.0000147639155163
0.2383484222000284	0.0000250681690842
0.2391301722250535	0.0000447082580075
0.2397041507955892	0.0000661906830128
0.2404549263031650	0.0001206217624478
0.2413637800570961	0.0001871630604843
0.2414823256517422	0.0002008999278509
0.2420304053394881	0.0002705705328296
0.2424535095485561	0.0003553212654663
0.2430284832316234	0.0004812154936145
0.2434539499492551	0.0006067343366818
0.2438841220655841	0.0007635100097299
0.2442508413483164	0.0009317059480621
0.2446553834574959	0.0011576995651141
0.2450732126721817	0.0014500649337920
0.2455176763345061	0.0018432138463847
0.2459595794968370	0.0023399217797984
0.2464166497850420	0.0029931695564064
0.2468812938155906	0.0038434085415481
0.2473509853550801	0.0049478809349756
0.2478256299658628	0.0063854411994805
0.2483037766976293	0.0082536108077547
0.2487864357199926	0.0106887543615826
0.2492741828873670	0.0138696319442162
0.2497672745533716	0.0180300234271867
0.2502631696759098	0.0234449166115283
0.2507649414490161	0.0305379724470554
0.2512739704398360	0.0398466258253904
0.2517801688391574	0.0518125121983285
0.2523000923204623	0.0676637599827010
0.2528353440242556	0.0885861362642584
0.2533837388178888	0.1160922532938135
0.2537007391267492	0.1353813449331967
0.2541364258610612	0.1665781700040748
0.2547870591066904	0.2217873677620725
0.2552964107536019	0.2763812506089031
0.2560106946388214	0.3643913701205511
0.2567837989448879	0.4685824247227747
0.2577329810982679	0.6082975392662631
0.2585453621500539	0.7141369201566711
0.2590481787866533	0.7695276892320062
0.2592770071633898	0.7880062401378781
0.2593680219076647	0.8129051850226092
0.2602922268067797	0.8807742515415389
0.2613325996920955	0.9241870571649308
0.2637681744960884	0.9819342139735902
0.2653293438992438	0.9944042610121104
0.2658485874259160	0.9952000229896616
0.2665873108187464	0.9967060560233892
0.2674783898816183	0.9980929276333075
0.2683509019570382	0.9989005427613709
0.2690659328842711	0.9992045482522472
0.2700236135095713	0.9995645390754352
0.2710540476921833	0.9997784570213094
0.2719137088064121	0.9998382272907853
0.2730350434416260	0.9998334878729059
0.2744061803588020	0.9997965121596777
0.2758067428025719	0.9997517145233287
0.2772945978646834	0.9997060768209133
0.2793602521633164	0.9996479565270604
0.2810213626273241	0.9995680929052962
0.2850319185672250	0.9994566026870333
0.3079024830239778	0.9998024466774771
0.3149062239574009	0.9999158938379357
0.3360423308003285	1.0001412784440313
0.3514224648967804	1.0000666450386415
0.3753967848350927	1.0002117413658922
0.3759914381075198	1.0001157698044751
0.3786455962028750	1.0001082630615168
0.3804932891520779	1.0001110947815715
0.3840364464947880	1.0001272301718931
0.4112960218336107	0.9921565983206642
0.4153482623835620	1.0022127039602735
0.4159568119244978	1.0004729633905194
0.4181310644225108	1.0003052020011327
0.4196213033838498	1.0001349420621086
0.4210625065652926	1.0000660556573278
0.4226385914841506	1.0000460873126442
0.4243676147181462	1.0000459321803052
0.4265174409881337	1.0000561991246393
0.4304749361802256	1.0000821579843777
0.4415536801871622	1.0000632162554284
0.4437329583210393	1.0000349227175875
0.4458358140735050	1.0000257230578786
0.4486867011848936	1.0000241321182313
0.4583721935029242	1.0000315494356751
0.4697319558171930	0.9987012695891710
0.4744547242170613	1.0004429549143794
0.4749103122587220	1.0001867466944696
0.4762298829530764	1.0002552857394391
0.4767309344255959	1.0001163328024398
0.4780284823300122	1.0001232480880242
0.4785059689256261	1.0000610501173761
0.4795880145476411	1.0000538702263961
0.4801681356713149	1.0000298996584358
0.4811552111903146	1.0000247408176666
0.4819176467206726	1.0000163151408568
0.4829106972478036	1.0000140522081291
0.4840098187465708	1.0000119138137014
0.4851960244664668	1.0000116219843076
0.4875554054085098	1.0000124025079520
0.4950838569281897	1.0000086820314027
0.4982227034346617	1.0000025204168914
0.5013786187971861	0.9999992200509572
0.5084433042142888	0.9999977894572104
0.5531623346278018	0.9999981582027537
0.6098068924193787	0.9998916675938594
0.6167923912522205	1.0000373460557956
0.6185658515797794	1.0000244942483558
0.6201819755959448	1.0000122973039962
0.6219845070468057	1.0000050238473364
0.6240959965110188	1.0000010542837363
0.6271629271084217	0.9999991412267315
0.6346586448146680	0.9999986569604649
0.6491993542148908	0.9999988589885171
0.6637634795455493	0.9999978463285398
0.7469966933140730	0.9999977898363988
0.8281597919643152	0.9999887687505578
0.9100479724098300	0.9999901044121068
1.4981496031350925	1.0000023687700403
1.5141111724638099	1.0000001586950011
1.6139367955947321	0.9999987638423388
1.8600565732745125	0.9999982968657017
2.4698897107767812	0.9999973945126999
4.3178340601911156	0.9999969797668686
7.2815981070219848	0.9999944533409808
