0.0000000000000000	0.0000000000000000
0.2417652518349513	0.0000100000000000
0.2424043459689827	0.0000161943410406
0.2431199634854599	0.0000175605362795
0.2434351876673427	0.0000310721181034
0.2441664650442926	0.0000479423663656
0.2445991442475619	0.0000647273626168
0.2447888449363611	0.0000877576281761
0.2457229904881741	0.0001398273476270
0.2461688370050400	0.0001814269483653
0.2465299714848181	0.0002251233306973
0.2468471478478449	0.0002499713850163
0.2475276453923728	0.0004001544515034
0.2482456931290740	0.0005806647996375
0.2487448614339023	0.0007581810474510
0.2491599950617984	0.0009499225616922
0.2495779387799122	0.0011889642392059
0.2500236580333267	0.0015115068003954
0.2504843835777407	0.0019376155822423
0.2509478936504614	0.0024875544245485
0.2514157358893469	0.0032000122575408
0.2518865490512881	0.0041219314902602
0.2523609579158786	0.0053181030210810
0.2528386422563545	0.0068714159318412
0.2533205213547778	0.0088948632397529
0.2538072509978144	0.0115371263799624
0.2542954553177308	0.0149646125495339
0.2547820956248554	0.0193839715532177
0.2552761014276281	0.0251797234717180
0.2557755818523246	0.0327465170308309
0.2562828580002866	0.0426734372546318
0.2567986097226282	0.0557154771336519
0.2573019244122388	0.0720803681945770
0.2578205645202555	0.0936078871217625
0.2583694136812240	0.1227137006610489
0.2588613979682829	0.1554218066950012
0.2594656862573156	0.2048583526291479
0.2597926711833896	0.2368960747792380
0.2605262500534608	0.3158229849706009
0.2608862757420895	0.3621828892521937
0.2612293901614959	0.4146183308753511
0.2619556986995619	0.5191524974900552
0.2621724447454919	0.5447383117217105
0.2623423455252724	0.5704222616930489
0.2632495640777766	0.6968568692912060
0.2635308404811228	0.7309800065392321
0.2639770680666571	0.7787223861183307
0.2641938138870222	0.8031566463949923
0.2642498384207085	0.8064678968438803
0.2647579270822260	0.8393052023426485
0.2656089873860060	0.8993140801071920
0.2663477127680793	0.9323371772495311
0.2670459066427924	0.9509909908819093
0.2685115914089454	0.9798035237312677
0.2696409816014823	0.9894905674486389
0.2702726388247418	0.9924987536506760
0.2706131694987299	0.9918668810276013
0.2726818864278587	0.9956750610141796
0.2762166758134897	0.9983843795416059
0.2765714106597805	1.0002350435459846
0.2819280191568401	1.0006754999198619
0.2840650522167296	1.0004966923873559
0.2852376880723289	1.0004652084062058
0.2868021140368663	1.0005664216457060
0.2880954595351963	1.0006656848505400
0.2894548981847562	1.0007789867157946
0.2908501587089243	1.0008980668314567
0.2917130362122446	1.0002283348879486
0.2939649170274667	1.0000998101526606
0.2955183642928010	1.0000614833522636
0.2970478577940734	1.0000551368671338
0.2989484990885853	1.0000626669901971
0.3023376558268583	1.0000850272206772
0.3140926779102186	1.0000667107956598
0.3162267468729589	1.0000352728272064
0.3182995460170685	1.0000248677334989
0.3209980543619884	1.0000227626430109
0.3287078909740072	1.0000281726481854
0.3451149152273653	0.9987425886832277
0.3499563193263652	1.0004490604443783
0.3504021334296938	1.0001928151907082
0.3517405358452767	1.0002591634845202
0.3522174576489353	1.0001169490594775
0.3535377871593083	1.0001234021401058
0.3540093812309393	1.0000608796880153
0.3551134261431302	1.0000537327682399
0.3556818163846800	1.0000296429550062
0.3566872479329982	1.0000245359390414
0.3574394601547984	1.0000160752283942
0.3584513608014631	1.0000138452132723
0.3595407174011919	1.0000116543238924
0.3607624572030275	1.0000113898167895
0.3631402202477679	1.0000121011038434
0.3733487322524843	1.0000239765460304
0.3760074358985127	1.0000129067841497
0.3789440545912721	1.0000056600897504
0.3820029731721321	1.0000023341404476
0.3911613673110672	1.0000021588200547
0.4114627379852786	0.9998161571501020
0.4170140087414337	1.0000356532873160
0.4189152607492359	1.0000291421885739
0.4206949117116080	1.0000164655355912
0.4224632500983435	1.0000076199110390
0.4243232121873179	1.0000025165155655
0.4269806062857058	1.0000003960047594
0.4328070935557510	1.0000008330627801
0.4441972186352105	1.0000025907341530
0.4452508349620122	1.0000004065320123
0.4532154185679266	0.9999993886801333
0.4699922312875725	0.9999698769291995
0.4771548794820110	1.0000108158960925
0.4780691848766247	1.0000060809981608
0.4798653289999242	1.0000023891096101
0.4823550960568041	1.0000003587230357
0.4857696458385639	0.9999991199644622
0.4936933158579078	0.9999989345549432
0.5055823747849719	0.9999981220825945
0.5505728723363171	0.9999987487748231
0.5811458389418209	0.9999977616158976
0.7640605641918204	0.9999982928846681
1.0203971913215588	0.9999976167278036
1.8535051467769559	0.9999982877960534
3.0423416887604580	0.9999978804879952
4.6775942288586618	0.9999967328041952
7.8393492168417893	0.9999907916032640
