0.0000000000000000	0.0000000000000000
0.2547924624164636	0.0000100000000000
0.2552756510445207	0.0000056955933040
0.2564890694894063	0.0000228726162313
0.2567642775359371	0.0000280881568636
0.2579785361701084	0.0000676432177497
0.2586850275747868	0.0001065737404724
0.2592676428879843	0.0001599383217086
0.2599715433495990	0.0002223915811912
0.2602321833032023	0.0002590419160174
0.2603372958622371	0.0002832120825877
0.2607316675632502	0.0003405515994773
0.2608029477451639	0.0003544854321073
0.2608868976888639	0.0003851650697135
0.2614604330164951	0.0005232018058629
0.2618658281209335	0.0006543608136739
0.2623326876311677	0.0008376016258571
0.2626883173619799	0.0010155531000354
0.2630985310721087	0.0012649727665411
0.2635437904579359	0.0016068626713293
0.2639894876709929	0.0020432108183786
0.2644429007182177	0.0026088289937409
0.2649010175558895	0.0033393573054097
0.2653660749283583	0.0042898686143871
0.2658365419504461	0.0055256609791708
0.2663116660888610	0.0071327980692641
0.2667915087419871	0.0092264477043007
0.2672747170507032	0.0119498447922744
0.2677629133479228	0.0155073804867657
0.2682541861680300	0.0201406121870336
0.2687514770446081	0.0262154318362908
0.2692446537247796	0.0340100063357301
0.2697478555348967	0.0442867037611874
0.2702641474979122	0.0578515784358987
0.2707868480989926	0.0755093604229584
0.2713263982091240	0.0989593358180015
0.2717955161619853	0.1246556480598330
0.2723517603145724	0.1623088911307904
0.2729590351612542	0.2138311274131322
0.2733784909829077	0.2582238920579130
0.2743570390005786	0.3748432704400004
0.2744429199762750	0.3866600221594577
0.2745211610106619	0.3974252547932397
0.2745220991803758	0.3976955613226472
0.2752092397474580	0.4939182433553201
0.2761778438751584	0.6377941277910272
0.2766513519048141	0.6969823952082351
0.2779497347364139	0.8240989926629596
0.2797350159885709	0.9269832405558263
0.2808611771296500	0.9592931300967147
0.2824641698089583	0.9848169201593682
0.2837897051511602	0.9949324056476024
0.2847373671101714	0.9959647308358880
0.2860679938971708	0.9989160047310717
0.2873618736692393	1.0002188493030362
0.2880291555846117	1.0005042343100308
0.2888111008154641	1.0008381833985904
0.2892242736359095	1.0003484263420765
0.2903977219528545	1.0006565633658424
0.2906899023980568	1.0002888415145517
0.2917749913581963	1.0003820913796979
0.2920300335215925	1.0001715731878589
0.2931012520882678	1.0000904804003443
0.2943631111450086	1.0000491821568380
0.2955781349353152	1.0000168318201059
0.2968850343630116	0.9999951537163476
0.2983565851723610	0.9999806164475525
0.3000278966303554	0.9999698453074993
0.3021866908505591	0.9999600525833714
0.3057990265104356	0.9999442313408776
0.3154213160715444	0.9999123667527782
0.3407112414655186	0.9998304983270160
0.4115979016276453	0.9999962195125419
0.4199446223184291	1.0000787058382681
0.4508302702133949	1.0000084564674829
0.4739733538440086	1.0002372366894052
0.4744242062290680	1.0001502499400281
0.4771678917517562	1.0001473891464672
0.4790630401343374	1.0001523680516684
0.4830493809747058	1.0001736864831803
0.5011859548708206	0.9918044759692866
0.5050246341309177	1.0021848207426876
0.5056364315485488	1.0004284083196591
0.5078134238558099	1.0003162754513613
0.5092638195995858	1.0001477305536666
0.5106981737254214	1.0000794221558702
0.5122660279421134	1.0000598865283112
0.5139811329632265	1.0000604344631439
0.5160935364704387	1.0000716888249430
0.5198583604622592	1.0000987601676272
0.5254186344023110	1.0000433432436311
0.5278125837104981	1.0000147043177361
0.5297587530564399	1.0000035636256652
0.5325154039844024	0.9999994751910711
0.5407818899355994	0.9999983337085682
0.5991392335096595	1.0000007043211243
0.6337903788455036	0.9991294624939115
0.6403558217281924	1.0003689617454763
0.6409574177281937	1.0001916278193153
0.6423619332759221	1.0001071180161432
0.6439227874476378	1.0000577682296381
0.6453791781885090	1.0000275466024402
0.6469000134611111	1.0000116736554903
0.6485960771847575	1.0000037278236253
0.6507607629384518	0.9999998945965773
0.6545817425831019	0.9999981913190683
0.6662637337308568	0.9999977668164605
0.7033423992191299	0.9999979462499795
0.7893380130527663	0.9999980143835165
0.9626774007909860	0.9999978386037486
1.4169451190649975	0.9999978680841295
2.3567003519563370	0.9999976437437718
4.2753307896579660	0.9999970640278243
7.3024194402872862	0.9999944815356693
