0.0000000000000000	0.0000000000000000
0.2875893251413584	0.0000100000000000
0.2880915136510879	0.0000053735125651
0.2893501575682000	0.0000204478394644
0.2912402913206500	0.0000878926148349
0.2916839109212021	0.0001094985781600
0.2919410253042659	0.0001304113759838
0.2923458256969201	0.0001780869464267
0.2930561348650146	0.0002470951780501
0.2934743952608368	0.0003280522736994
0.2941835191881563	0.0004768189447327
0.2945937751906986	0.0005946411176336
0.2951278742117398	0.0007966247015753
0.2956071685515161	0.0010302310433636
0.2960477721585238	0.0013054607853231
0.2965185356942410	0.0016816570506827
0.2969798371436050	0.0021567079977345
0.2974428046163232	0.0027686023135385
0.2979110723202197	0.0035631356322631
0.2983818989505692	0.0045916647960167
0.2988563673209107	0.0059276893200979
0.2993350802981224	0.0076671497790674
0.2998178237650300	0.0099330525905405
0.3003040631337481	0.0128850887969740
0.3007930569392941	0.0167286186171919
0.3012861545259211	0.0217507843386108
0.3017856290448390	0.0283427589130325
0.3022857528241177	0.0368802401370206
0.3027905393428216	0.0480094078251544
0.3033100472225692	0.0627619872576697
0.3038421279635540	0.0822250052309676
0.3043101121177496	0.1038464890313226
0.3048177645859566	0.1328965189159033
0.3054005008532928	0.1743409797736997
0.3060130520077419	0.2287522856032650
0.3064112321908810	0.2704220052478306
0.3071861145334287	0.3647569748057696
0.3081110956925968	0.4943652416723058
0.3089101836368290	0.6120638858821167
0.3094185187645335	0.6679831589878661
0.3104747745346058	0.7972342247720345
0.3115668723255293	0.8815487211019463
0.3123140829284661	0.9216410724062564
0.3129907668597283	0.9304894333064356
0.3133321173593441	0.9461165192859875
0.3140361614871928	0.9669431796527802
0.3153975855965147	0.9856806123348262
0.3171426838180230	0.9950716085465267
0.3182388206701005	0.9973388582729615
0.3194607020222361	0.9991411427340195
0.3203495401704481	0.9995138037109912
0.3214281529417333	0.9998672631954725
0.3223392776525297	0.9999438026535471
0.3233455969225751	1.0000012016623336
0.3243182460443306	1.0000142287295011
0.3250937752011132	0.9999826603423921
0.3263074837605289	0.9999849457706991
0.3276776011092872	0.9999909679522461
0.3291519804241309	1.0000019065533154
0.3307980501305842	1.0000187677860199
0.3311176407669846	1.0000089073924163
0.3328053992244999	1.0000079904735653
0.3347382574955984	1.0000054719026954
0.3366357503953719	1.0000024299926387
0.3388706731418532	1.0000004391467618
0.3413107585577270	0.9999989212818922
0.3468594489366091	0.9999984367513640
0.3579226944387603	0.9999988255952832
0.3712409158159984	0.9999979745640027
0.4249547557687777	0.9999985199028637
0.4874422277689271	0.9999980529488119
0.6733915443770626	0.9999981436576199
1.0684710396713892	0.9999981525807931
1.8131987172956170	0.9999979416360326
3.3060356900293733	0.9999975701699277
5.8827754546894599	0.9999963088299607
7.8544233395946774	0.9999930080171398
