0.0000000000000000	0.0000000000000000
0.2864987746045906	0.0000100000000000
0.2869590953887116	0.0000108329873941
0.2880915136510879	0.0000165357688345
0.2884003049654715	0.0000276390608405
0.2893164991857062	0.0000495479031133
0.2895900208987441	0.0000728419950813
0.2906501988146575	0.0001305897762390
0.2907753497326548	0.0001397433048704
0.2912939818628308	0.0001843177930402
0.2916085304997070	0.0002205583092050
0.2919207990874838	0.0002738580175511
0.2925458158569504	0.0003713308329001
0.2926280916405977	0.0003889871959995
0.2928438220324824	0.0004508502271284
0.2933626460943016	0.0005922937817223
0.2937452652513156	0.0007302886439613
0.2941864647222632	0.0009242217339463
0.2945854838705322	0.0011446116301204
0.2949290134642062	0.0013779949848536
0.2953794424955077	0.0017557283610854
0.2958435289360238	0.0022543049845180
0.2963092125976307	0.0028974836859529
0.2967794276545053	0.0037324004217133
0.2972520171091098	0.0048135437731904
0.2977271452669158	0.0062153069924716
0.2982050466673826	0.0080353748470303
0.2986870488368021	0.0104074933682822
0.2991743366617202	0.0135085679550527
0.2996654610346198	0.0175526443899632
0.3001604461329693	0.0228315410854281
0.3006578873129725	0.0297039188096973
0.3011616805645475	0.0387214460802033
0.3016749379112031	0.0506074336875749
0.3021785821795436	0.0656051095822520
0.3026918135268791	0.0851432823448935
0.3032377243905666	0.1115637201703399
0.3038016886667537	0.1463105753557587
0.3041255187840218	0.1703982252428101
0.3046622807020285	0.2168792971575816
0.3053340252021433	0.2867325150267202
0.3060208736264742	0.3692043652060515
0.3061003509029797	0.3803867127250390
0.3061814881119053	0.3918181071152794
0.3061905395311150	0.3932153310219517
0.3068721600314705	0.4892776413719960
0.3081341089859687	0.6682984779029532
0.3085331396018493	0.7167513404962271
0.3087779551516510	0.7474897542670327
0.3092825085295384	0.7845572863954481
0.3098775646488709	0.8425937548506407
0.3104488025129242	0.8855561718442746
0.3109442284008133	0.9141064604997732
0.3114758325193497	0.9354152619490914
0.3119363496567918	0.9502635037907681
0.3124637936183724	0.9636885409089169
0.3128136829579951	0.9698891078289146
0.3131140472527198	0.9717969998339903
0.3133321173593441	0.9746339132422177
0.3164647535254814	0.9966797794276965
0.3176871788379762	0.9986348970690830
0.3186554698783939	0.9991771443672491
0.3198122970520564	0.9997478211545455
0.3207712669198864	0.9998916576904053
0.3218403506952339	0.9999975745279237
0.3227996704191319	1.0000154250325703
0.3238145441138601	1.0000239514008831
0.3248154742460245	1.0000209666365061
0.3256492164154338	1.0000034769096913
0.3268276948057268	0.9999995001329417
0.3282074508435778	0.9999992110128746
0.3297713796140056	1.0000020672490546
0.3314207186244823	1.0000023328158416
0.3334622620223252	1.0000024603943565
0.3356308524539126	1.0000012044469428
0.3383039478121996	1.0000003488264064
0.3403448745505609	0.9999988121965390
0.3455155630926194	0.9999982894384696
0.3614247775723836	0.9999980148143248
0.4004124914736549	0.9999986540339230
0.4357126190929265	0.9999979015461341
0.5840814225403936	0.9999982171304985
0.8505419888411051	0.9999981050335901
1.4301168026142892	0.9999980196025594
2.5737676883237723	0.9999977540896781
4.6970982092396980	0.9999970214121338
7.8544233395946774	0.9999913336566142
