0.0000000000000000	0.0000000000000000
0.2962360938731028	0.0000100000000000
0.2966820859293179	0.0000112870656949
0.2977805041891142	0.0000165060428028
0.2979958311076610	0.0000270255222110
0.2989355774054046	0.0000436625449787
0.2992320389400125	0.0000675269852326
0.3002606133541357	0.0001189058313300
0.3007043895127903	0.0001487019622754
0.3009557703575563	0.0001860863913523
0.3017133019656550	0.0002704772043222
0.3017250211523307	0.0002722582054357
0.3020764731961486	0.0003415117850761
0.3026485305742924	0.0004629490730846
0.3031536764844498	0.0006090754075688
0.3036517765278712	0.0007937727863228
0.3040409196778633	0.0009812402754731
0.3044663387327631	0.0012321870000135
0.3049124802265492	0.0015676781941904
0.3053764112614591	0.0020136127744011
0.3058413040365444	0.0025875940632979
0.3063096750067960	0.0033305874889951
0.3067809832304154	0.0042927000177156
0.3072566125767282	0.0055434299720837
0.3077366659175085	0.0071715828908887
0.3082202886563806	0.0092899475631007
0.3087075183047905	0.0120495722809539
0.3091974877055265	0.0156414296225674
0.3096911703401264	0.0203301066180301
0.3101874003563267	0.0264357370998082
0.3106902088922991	0.0344497056129750
0.3112007015949599	0.0449836522045485
0.3116964005606852	0.0581545680743505
0.3122093986697634	0.0755615414155766
0.3127466708067033	0.0987912803631751
0.3132985993503240	0.1293186485689143
0.3138180532740301	0.1653195743927419
0.3144177926946641	0.2167293579528340
0.3147743437222277	0.2529785137638897
0.3155767440807140	0.3477928033452254
0.3162391063916428	0.4368775271417263
0.3165288391363911	0.4796259278424439
0.3165458434511290	0.4862282254099704
0.3168434071770156	0.5309102955057727
0.3188731331658449	0.7859100900484849
0.3191770231465445	0.8140082236743543
0.3196293869499316	0.8540062423825675
0.3198123819702534	0.8656155566090680
0.3202105599986578	0.8877865635135890
0.3202821884382923	0.8918947339325172
0.3207164108203778	0.9123910557284661
0.3210910965490202	0.9289089369947506
0.3215621360998099	0.9384680374478795
0.3219456364915728	0.9568379291963240
0.3229876026656422	0.9718092971716626
0.3239438998079079	0.9846662872005838
0.3245636586569969	0.9883304186125259
0.3262965849598606	0.9964086497117349
0.3276577646241767	0.9986893860219708
0.3288577155383705	0.9998683141831956
0.3296228285694271	1.0001761604207928
0.3305206304269539	1.0005897175109062
0.3308577092422345	1.0000728496146976
0.3323398836796667	1.0001559996358853
0.3334272824388385	1.0000694042593901
0.3346781018848247	1.0000483566132852
0.3356177059356763	1.0000148062257936
0.3368675498237606	1.0000071218117941
0.3383010965606492	1.0000109423702854
0.3391574834350617	1.0000053604769754
0.3405149088287024	1.0000042385271002
0.3421844083498961	1.0000031055290475
0.3438677467449072	1.0000010022896522
0.3462584134070567	0.9999997666390655
0.3498994474817081	0.9999991711947216
0.3535808354259343	0.9999982513861898
0.3658863695496218	0.9999986498263691
0.3765379935613134	0.9999982609586283
0.4157165086388977	0.9999980671636050
0.5052146011699581	0.9999980180488439
0.7205297269621296	0.9999980774370765
1.1644145642620591	0.9999979765428182
2.1330644284721294	0.9999978130269347
3.9716059053461916	0.9999972427253866
7.0160304696348117	0.9999949889356078
