0.0000000000000000	0.0000000000000000
0.3217235697019512	0.0000100000000000
0.3222271659111968	0.0000051984610942
0.3234438443959518	0.0000216210212205
0.3238136722691934	0.0000294273147805
0.3249327914896221	0.0000785507465919
0.3260508948361265	0.0001361715441542
0.3260876522419370	0.0001387055608473
0.3266265196739298	0.0001827189079661
0.3268988614680534	0.0002147974692619
0.3272495729376601	0.0002723331251928
0.3279129695442508	0.0003741519189837
0.3280973117513167	0.0004293737330557
0.3287298028478670	0.0006017723716473
0.3292623133047318	0.0008043500540142
0.3297495812831071	0.0010446224431513
0.3302146333491769	0.0013395196823932
0.3306760203067243	0.0017171910185675
0.3311450841514170	0.0022104077168171
0.3316143918897441	0.0028450230071644
0.3320844699925690	0.0036627384191122
0.3325583751990334	0.0047240633219072
0.3330356051266310	0.0061020459629878
0.3335168005277164	0.0078955167889839
0.3340020040680043	0.0102318417583921
0.3344914237129346	0.0132785411705490
0.3349845129191052	0.0172493716621765
0.3354820952484430	0.0224362654243146
0.3359846829166978	0.0292213369109094
0.3364857389697556	0.0379726312950641
0.3369938289112484	0.0494331316407952
0.3375110816965234	0.0644987441842315
0.3380198819171622	0.0835375668821500
0.3385625924863789	0.1094234998072533
0.3391255928658777	0.1433436981145111
0.3397031825897339	0.1868636947273486
0.3402628691041826	0.2404730583811046
0.3410123699565231	0.3201699085085402
0.3411156376020611	0.3337227050916924
0.3411984995286122	0.3447836323642502
0.3413973628619488	0.3760663167791891
0.3425992122989732	0.5417157011633144
0.3434535209532871	0.6641737295404150
0.3436386983332396	0.6958437900623901
0.3439444622060156	0.7169835361569789
0.3445193702920193	0.7855443203121315
0.3450810121577800	0.8280309639820386
0.3454428396489006	0.8555592254716967
0.3459802475092330	0.8766431576063203
0.3465083926708258	0.9154276094896471
0.3471326165011318	0.9427329777535604
0.3477325057690976	0.9602370852537329
0.3487825175723691	0.9786304492618233
0.3495285104814006	0.9781182011974672
0.3512446660140182	0.9914522755362792
0.3587712612738112	1.0015054280126954
0.3602991440405587	1.0008274534475712
0.3613381295330938	1.0003833911265505
0.3624859226523733	1.0001875206384603
0.3636232609734246	1.0000929359770141
0.3647482230819552	1.0000459258709860
0.3659061124183429	1.0000225022535978
0.3671192727323668	1.0000106358322098
0.3684157853603306	1.0000044319656141
0.3699216751080435	1.0000011796180774
0.3719899745976280	0.9999995706610465
0.3751114505467937	0.9999987615789921
0.3809465870222636	0.9999983491459483
0.3915907898214315	0.9999977246638525
0.4331441512080060	0.9999981600396650
0.5097689128063106	0.9999981426305005
0.6761160937107179	0.9999981273886240
1.0316059032511444	0.9999980790905860
1.7630703028316783	0.9999979326738244
3.2278787131432134	0.9999975786598891
5.7613096845142477	0.9999963544130711
7.8958656852853579	0.9999928536021958
8.2161435666667195	0.9999968650829261
8.4224880285228192	0.9934043184940072
8.4275977681019185	1.0005443566299315
8.4299251883634572	1.0002473778460601
8.4317135179270881	1.0001227816023153
8.4333946087647664	1.0000820776497059
8.4358292305455915	1.0000920629682832
8.4414649696739037	1.0001550861262627
8.4474608087735099	1.0000415522625916
8.4498722932061039	0.9999996685884214
8.4557083131590876	0.9999882915480806
8.4996521277628627	0.9999908212441153
8.5984634812762941	0.9976545303088936
8.6044480949970055	1.0009389714474215
8.6049255062613952	1.0003545609546465
8.6062530632630736	1.0003308921365777
8.6071335006619822	1.0001624548022350
8.6080972197089007	1.0001100623580808
8.6092013808503278	1.0000564104978586
8.6103041288764555	1.0000336221885113
8.6116264289837829	1.0000155891021556
8.6140226926317514	1.0000120144424314
8.6167195783280288	1.0000093409645849
8.6283854799487454	1.0000010142489326
8.6372859120081316	0.9999878980357347
8.6701664892848012	0.9999870407392724
8.7479864950086288	0.9999855614172983
8.9888221894875233	0.9999848698457271
9.2239990125682780	0.9999786751099989
9.6549261334961862	0.9999425463296860
