0.0000000000000000	0.0000000000000000
0.3331469746024062	0.0000100000000000
0.3337536779756220	0.0000119769731462
0.3345524092768732	0.0000314966905686
0.3363725072900310	0.0000880922979535
0.3369803110048629	0.0001278005723681
0.3376560008806193	0.0001969752877561
0.3382733153226488	0.0002667775264722
0.3385168858998825	0.0003199809245243
0.3392724837992322	0.0004781304344619
0.3397427835936814	0.0006167065066500
0.3402108399587081	0.0007896696214692
0.3405650252216138	0.0009578113869344
0.3410053351487352	0.0012107314430467
0.3414437195053354	0.0015321802759256
0.3419025502898401	0.0019607268890179
0.3423559960632686	0.0025026560560083
0.3428171459609747	0.0032067351905216
0.3432858307169092	0.0041244022648056
0.3437585708648518	0.0053153981731355
0.3442362924328147	0.0068661641981610
0.3447172820560411	0.0088814934165914
0.3452018246234969	0.0115057656319851
0.3456896665040752	0.0149246065689980
0.3461821809415033	0.0193946211457198
0.3466777531768677	0.0252185090392226
0.3471803694929211	0.0328645845099717
0.3476929944888936	0.0429489486321340
0.3481970451926722	0.0557162444439819
0.3487180153494778	0.0726759578134451
0.3492192179750687	0.0935466287185918
0.3497538907307025	0.1220415739434702
0.3502943279716863	0.1579575523621412
0.3508884620352359	0.2071708671112001
0.3512581717474856	0.2434383998082307
0.3519630755202912	0.3239677112038722
0.3527927200122976	0.4343289476639629
0.3538004204148475	0.5833202530190001
0.3546256114529431	0.6933949015523013
0.3559498170444652	0.8266769904359674
0.3568929256138053	0.8973135565739030
0.3569682331148016	0.8759549612839173
0.3570282963252025	0.8993194913248580
0.3570567127873814	0.9012569260864167
0.3578533510387765	0.9370702540227270
0.3584585953285889	0.9436150383080332
0.3604609019483215	0.9858890872169115
0.3612484783208787	0.9912113439113075
0.3620960316172403	0.9946250424302915
0.3630501870507759	0.9970737043781426
0.3641006079344994	0.9985371095273691
0.3650929454714266	0.9992173479310645
0.3660089344839933	0.9995092371706961
0.3669902535300104	0.9997396184488836
0.3679429289543512	0.9998646817996656
0.3689238538312181	0.9999351368915592
0.3698784862002033	0.9999595213372761
0.3710280015477697	0.9999720389739825
0.3723902266013216	0.9999804283302409
0.3738774856175855	0.9999887151824832
0.3755394098485318	1.0000001728170385
0.3772484693788751	1.0000041312021213
0.3794732023006712	1.0000056253963248
0.3814217260735852	1.0000034268135087
0.3834621354347024	1.0000009548422173
0.3864826829057060	0.9999995947892960
0.3896346739425985	0.9999982604362991
0.4024907842890419	0.9999984965842549
0.4221982061626569	0.9999983573562055
0.4699061241703606	0.9999982656746048
0.5675844663341466	0.9999985853131789
0.6589290471641742	0.9999977699930168
1.0956221947855298	0.9999981398079690
1.8563029523483734	0.9999979396967082
3.3440743916559135	0.9999975082963303
5.9719260509984586	0.9999961710651792
7.5173361890162553	1.0000408075594025
7.5400517602059196	1.0000425868528511
7.5410778701554229	1.0000026721271367
7.5468477075284417	0.9999950758688733
7.5787196148651850	0.9999960391281230
7.7258816987774122	1.0000085284842175
7.7338631896403554	0.9945775644937825
7.7402266752036217	1.0018296055849234
7.7408669164872137	1.0004084856056004
7.7432243838730859	1.0001773188639360
7.7451074507409903	1.0000663661230351
7.7471044142848511	1.0000305083043968
7.7500662728124761	1.0000262381513132
7.7598388906249518	1.0000579436035737
7.7612102577601529	1.0000109268716033
7.7648831884713267	0.9999958702576670
7.7757845346317778	0.9999905405573235
7.8440797447465611	0.9999925149181681
7.9623957677931854	0.9991206502791369
7.9683735065333972	1.0002142473234683
7.9700132113314011	1.0001109841585269
7.9717257102846943	1.0000480569988091
7.9736023418163677	1.0000155653785807
7.9759216407678757	1.0000003269681994
7.9801139627054516	0.9999946814556796
7.9934195853855146	0.9999949097459037
8.0089204543588224	0.9999939667206099
8.0224672748155310	0.9999884254854764
8.1441237820875472	0.9999809851841392
8.3969547437300616	0.9999922950016651
8.6966926833025262	0.9999930803927541
8.9310261824281003	0.9999843576683036
9.4486699103821827	0.9999728123330592
9.9708152586569589	0.9995734563339461
