0.0000000000000000	0.0000000000000000
0.3497737142866748	0.0000100000000000
0.3502798565929320	0.0000051632786043
0.3515183854538158	0.0000214257043003
0.3533082290724187	0.0000866196882712
0.3540137903481272	0.0001235683086189
0.3542366579463465	0.0001385336137914
0.3546016247114753	0.0001786855387137
0.3550355614735972	0.0002383277702551
0.3558262568747625	0.0003476418570556
0.3558468365144109	0.0003518974897252
0.3561390869299280	0.0004283334511686
0.3567776411754759	0.0006019701381694
0.3571803774213654	0.0007478076265839
0.3575247078624499	0.0009044338134856
0.3579476359194187	0.0011336306434448
0.3580394804174136	0.0011769572937687
0.3582752147626020	0.0013531721335234
0.3587144142816450	0.0017134566409507
0.3591830550623412	0.0022045218140236
0.3596593361488173	0.0028488249265148
0.3601347729270072	0.0036793282668088
0.3606121424039170	0.0047558050842331
0.3610912181144465	0.0061511851708023
0.3615729009859003	0.0079636869763467
0.3620578344810618	0.0103227100370794
0.3625463461341649	0.0133978426176502
0.3630389624304509	0.0174137486936914
0.3635359482466574	0.0226634398359367
0.3640304267125745	0.0294232374699782
0.3645242979824210	0.0381481573605110
0.3650317301373165	0.0496992237953544
0.3655528865225028	0.0649549948376548
0.3660843849712876	0.0849192087129447
0.3666217972531842	0.1107842929998832
0.3671725409746343	0.1444430077500664
0.3676284530117416	0.1797474199125448
0.3682339577815992	0.2352495833639599
0.3688792958257952	0.3074389281086470
0.3694699247191756	0.3811535685165909
0.3696810532645935	0.4109156707657698
0.3703414008002980	0.5051660946724330
0.3717011528756399	0.6936399749578801
0.3723630600517523	0.7754859248393988
0.3724537825607904	0.7834308906065732
0.3725215141197514	0.7904080665828837
0.3729938013512980	0.8342426783031965
0.3731153865357407	0.8432067938568654
0.3731879973770562	0.8342476960698300
0.3732956131312632	0.8582964945577861
0.3736133681881055	0.8707232615982808
0.3736240027302219	0.8715209765169605
0.3752953101182953	0.9436222643743087
0.3761687310301465	0.9657709379726145
0.3763274682749634	0.9615382026670498
0.3784889953645869	0.9915813706908038
0.3795679862616431	0.9971877856447680
0.3802525009798400	0.9987925695768267
0.3806144344296728	0.9982107509444662
0.3819726488456573	0.9994810166945395
0.3835248162252379	1.0001526772651108
0.3846494056782402	1.0001560538870113
0.3861261859844765	1.0001603611500747
0.3875544098414355	1.0001722377386926
0.3885153246598130	1.0001230874732863
0.3895463693103043	1.0001404570374890
0.3899429188596519	1.0001092203851187
0.3905774093704589	1.0000900173313061
0.3919901648228218	1.0000561212955965
0.3937754366015344	1.0000522005109793
0.3946610840856531	1.0000318749362058
0.3966374401503918	1.0000258740174914
0.3984962395869256	1.0000216525967334
0.4007496503532242	1.0000121891109344
0.4034884341693429	1.0000062738647002
0.4063019134311823	1.0000032604552811
0.4095909926323195	1.0000014480077646
0.4156490621463882	1.0000001819667579
0.4213271406084534	0.9999988864070285
0.4301260154316633	0.9999978842949451
0.4731231093837475	0.9999981145297535
0.5673192308733865	0.9999982617730457
0.7428238634003257	0.9999981502889692
1.1150166586815597	0.9999980619593847
1.8875680330942244	0.9999979132484142
3.3953154894179658	0.9999975222725485
6.0090222458529672	0.9999958468949406
6.3815116828672585	0.9963338895509831
6.3914605058973564	1.0007869580635318
6.3930071414318412	1.0002854077309768
6.3947974450245848	1.0001212270243949
6.3961856581173961	1.0000490931990580
6.3976959287259501	1.0000205305633216
6.3997427955192743	1.0000107207727242
6.4037591515426495	1.0000106128936692
6.4196475216845359	1.0000053437507952
6.4241694069515196	0.9999961247322120
6.4507678567764781	0.9999954345443924
6.5338786099429695	0.9999962871594050
6.7026240732050102	0.9999979910825064
6.7049643719000009	0.9992107284517668
6.7123703089083069	1.0003672190664994
6.7127015852069185	1.0001480432575867
6.7145475709262570	1.0000765870588562
6.7164115648050853	1.0000336642611398
6.7183047985364333	1.0000118927023514
6.7207121793138622	1.0000028283152400
6.7254362386545159	1.0000012464750059
6.7353618979540943	0.9999982968949072
6.7439051604060563	0.9999945661465622
6.7730040665655542	0.9999933834255451
6.8981320452686870	0.9999111373472563
6.9050528333323085	1.0000299839052360
6.9069950225769672	1.0000117381511657
6.9096673348004449	0.9999991579351775
6.9146128081922358	0.9999967397052028
6.9284767151896514	0.9999974501088683
6.9426949935339586	0.9999928331785564
7.0134895686949559	0.9999944171238394
7.1559017232648428	0.9999948057185244
7.3566093273319861	0.9999703048426078
8.2922894840279966	0.9999974102410266
8.4371056320030551	0.9999794074059091
9.1360357807689407	0.9989826697734064
9.1409145074933509	1.0002400401380263
9.1437085264988820	1.0000898805222591
9.1465280182583832	1.0000233973006252
9.1504916215515308	1.0000139282323066
9.1573260591834487	1.0000027127756386
9.1790830598931414	1.0000231439365688
9.2071414064936601	0.9941435519688538
9.2128422912114658	1.0019990830738741
9.2135132131582687	1.0006116793024404
9.2152366344951400	1.0003409858314949
9.2164834999468290	1.0001224886717799
9.2182620613419335	1.0000372761919338
9.2204863572302376	0.9999991983783281
9.2247996875473302	0.9999874428656319
9.2350221246415050	0.9999790841453919
9.2552950090383774	0.9999733290172846
9.3166185979195806	0.9999699682166423
9.4538551292453512	0.9999704017495149
9.6638108378952392	0.9999573396348572
9.8018822275396751	0.9999193215434117
