0.0000000000000000	0.0000000000000000
0.3595879009317231	0.0000100000000000
0.3600424787736992	0.0000088052831330
0.3614654533855737	0.0000282351698895
0.3623982071860935	0.0000480939344412
0.3626948102280780	0.0000723637629282
0.3636667300004487	0.0001233171527729
0.3642655066008301	0.0001694981117864
0.3648592740398749	0.0002471262455157
0.3656545955459863	0.0003591501650104
0.3657758505879768	0.0003897683402961
0.3659955207007102	0.0004557545699049
0.3666425359267409	0.0006414859016369
0.3670107459379468	0.0007855059553055
0.3674637744824436	0.0010002576675070
0.3678804323667784	0.0012494930160524
0.3683140330009369	0.0015784331488410
0.3687688924055675	0.0020166691064438
0.3692270764136509	0.0025810469308021
0.3696903899594606	0.0033121378930426
0.3701564228968414	0.0042566215137151
0.3706270492476126	0.0054834727590706
0.3711026515835574	0.0070811605819723
0.3715824481206680	0.0091616525616725
0.3720666862814425	0.0118756992319463
0.3725546232733941	0.0154140160617725
0.3730472591923891	0.0200400073342267
0.3735461103019510	0.0261077760763017
0.3740430922141407	0.0339268511989624
0.3745471485777174	0.0441688321766108
0.3750621061659614	0.0576626924934538
0.3755896942943195	0.0755190905489741
0.3760497748218297	0.0952232697162455
0.3765328356284915	0.1207555676336059
0.3770883643177341	0.1572155012854553
0.3777049968205052	0.2075450547912152
0.3781465904863260	0.2525498729990068
0.3788074925405320	0.3242313312919248
0.3788863148608165	0.3386134401100931
0.3797484870623796	0.4528619582293794
0.3805625704260725	0.5771489377884660
0.3815194846197900	0.7046575461830570
0.3830075310754995	0.8482502798892890
0.3835463194889954	0.8892675242135927
0.3848748049271921	0.9417022221150050
0.3860222736208432	0.9691925168693128
0.3869460874737761	0.9822766766816613
0.3881710404139021	0.9917430489917003
0.3889940905013711	0.9950586563094522
0.3897091087423901	0.9966640525654958
0.3905488875777792	0.9978620206265081
0.3914864957696114	0.9988013024975209
0.3924265084173140	0.9993111713415627
0.3931560296135890	0.9994163770836954
0.3947777549156924	0.9999576346494525
0.3956592973029148	0.9999449356285631
0.3966322542024940	0.9998209628174031
0.3973347235301111	0.9965823183854696
0.4018257933357032	1.0004308464974758
0.4041082626875935	1.0009986932185799
0.4044345174269204	1.0004216974812059
0.4061821978320569	1.0003008246632885
0.4071731348954218	1.0001522403450653
0.4085219124399843	1.0000779199387313
0.4099178758426885	1.0000378211895438
0.4113480922063167	1.0000169337843934
0.4128820434742068	1.0000063973010931
0.4147169551818002	1.0000012438242938
0.4175191890354270	0.9999988922743549
0.4250295534096892	0.9999983724685756
0.4428653278052668	0.9999980786033620
0.4833382733575848	0.9999981995681844
0.5720292486814786	0.9999983418173817
0.7358701324600350	0.9999982347196815
1.0850770203494571	0.9999981641448086
1.7986446922341837	0.9999980057413621
2.5675396636897991	0.9998370187258975
2.5781409599516980	1.0000943220109193
2.5802350538139400	1.0000411181719278
2.5818859205439857	1.0000149807032355
2.5837663570959557	1.0000047148039488
2.5857970457030368	1.0000003388499579
2.5904142764854297	0.9999987383893074
2.6130659455085437	0.9999986140986822
2.6812863128033442	0.9999973901040078
2.8311726744842534	0.9999974551480461
3.3329486118198832	0.9999988312074889
3.6122407440618725	0.9976486516380320
3.6277556359745522	1.0010267483179127
3.6283033183317137	1.0003451324530752
3.6300510081839965	1.0001597179742812
3.6312054972091601	1.0000593115368621
3.6329741026266644	1.0000213934568198
3.6348454728662110	1.0000055529503669
3.6373125527774151	0.9999991252853356
3.6429557693557402	0.9999967522191497
3.6713012799341063	0.9999966134179752
3.7612736867742482	0.9999967649755372
3.9810940419638685	0.9999967495907308
4.4222740093080395	0.9996971303943695
4.4327799708808149	1.0001050736417441
4.4348680554709112	1.0000435424711314
4.4367485793646839	1.0000143585109975
4.4389382203474179	1.0000042503898574
4.4402930780111447	0.9999988452064471
4.4456709888068149	0.9999972045101798
4.4683513778973021	0.9999972777531134
4.5265294177171302	0.9999965448604087
4.8129687158712606	0.9999977702360645
5.3525909649896999	0.9999967470935325
5.8281267536175747	0.9999949286215206
6.4139487004027105	0.9962514283816661
6.4236459158196171	1.0007559782653155
6.4254464198862173	1.0002604641240562
6.4272732467422209	1.0000866342753714
6.4292243296629348	1.0000303877426473
6.4312346291191291	1.0000127157961656
6.4341440834241883	1.0000083337487042
6.4424052117771167	1.0000146710233353
6.4485339775740353	1.0000032969763666
6.4519056626204430	0.9999952818119373
6.4750998547855438	0.9999935785242847
6.5772065125908732	0.9999944244697946
6.8056331322301462	0.9999943531643506
7.2879244341260350	0.9999935261025216
8.2735349068281607	0.9999935419811342
8.5905495001788115	0.9992337119637410
8.5977014306533110	1.0004392475294863
8.5987212770750592	1.0001400668194247
8.6007573022688160	1.0000465458119454
8.6030060507145691	1.0000085986640854
8.6064175646778711	0.9999904040618131
8.6181621876119685	0.9999901767334843
8.6485252514059994	0.9999926608971117
8.7315735572808428	0.9960499675843394
8.7405984364003046	1.0014885033614855
8.7414297457461281	1.0004923272063602
8.7431968023583053	1.0002314434107915
8.7444647698292997	1.0000722244043547
8.7465703592038917	1.0000168848396156
8.7494047050267589	0.9999956843310789
8.7569122535471244	0.9999933482648786
8.7780576848857326	0.9999902435306166
8.7987389268622884	0.9999818442083863
8.9009338617903673	0.9999826149709744
9.1328805814089264	0.9999800298020719
9.5420801970573983	0.9999665244168885
9.9541386648407215	0.9997275757057519
