0.0000000000000000	0.0000000000000000
0.3669781640524903	0.0000100000000000
0.3674365571979962	0.0000106420868607
0.3685754565300939	0.0000163730013918
0.3688436867708512	0.0000263457554557
0.3697408719535336	0.0000467768977684
0.3699999199401848	0.0000698037154386
0.3710166668095760	0.0001250818397306
0.3716132265052979	0.0001727782878079
0.3722166624094745	0.0002534710120369
0.3730026611025393	0.0003841571569936
0.3734928780956293	0.0005036810278803
0.3740016894835968	0.0006582803153478
0.3743573949033214	0.0008003967967028
0.3747937738812765	0.0010110234725804
0.3751128813023791	0.0012008001364815
0.3755652412111514	0.0015307411657502
0.3760295041880382	0.0019658417510826
0.3764952247833023	0.0025273198499119
0.3769636095888706	0.0032531691251165
0.3774331526050492	0.0041894639859336
0.3779058455149253	0.0054032837079335
0.3783824937550120	0.0069812521496481
0.3788632246401084	0.0090352927535250
0.3793482396547722	0.0117132476127517
0.3798372074278255	0.0152054374865240
0.3803309094126158	0.0197701631001877
0.3808299392632954	0.0257467192552668
0.3813270162830865	0.0334492036795901
0.3818277441373022	0.0434716403827035
0.3823424487602880	0.0567462455813617
0.3828705069370681	0.0742667133261081
0.3833878547490557	0.0962527310957182
0.3839348744981970	0.1258710241594303
0.3845028587847445	0.1648716571597762
0.3848389199446297	0.1925965813088216
0.3854282568423711	0.2491364525349370
0.3861282576404669	0.3298248793832478
0.3868264357193821	0.4253383344267652
0.3880819142516422	0.6072379723412117
0.3892481348866339	0.7603847841801122
0.3899033084842111	0.8203935452197866
0.3900925017111462	0.8260699372846141
0.3908373005064797	0.8944430880042435
0.3911539639352363	0.9003968174790038
0.3915876192846536	0.9015714740294791
0.3921660062289379	0.9346991801934734
0.3932846880881193	0.9679611754770788
0.3942341601925902	0.9836100441750671
0.3957275742923962	0.9891291631830688
0.3968903007647134	0.9965117172971439
0.3997582844249845	1.0004979931404379
0.4016020329821832	1.0008568675413538
0.4025463634970170	1.0005774167471375
0.4037796439484016	1.0006415811886511
0.4051466730504630	1.0008270542027220
0.4053840211077002	1.0002867086786043
0.4070358476805794	1.0001029968894397
0.4085448221710334	1.0000038853391870
0.4100192615468766	0.9999641753420973
0.4116912776609661	0.9999647720539466
0.4133215878518638	0.9999795281664668
0.4152056258733646	1.0000056824172392
0.4180791401384871	1.0000518900341164
0.4256216679843233	1.0000707878016188
0.4278442885653088	1.0000333601665901
0.4294618979227068	1.0000135175374802
0.4311073660214767	1.0000041515083125
0.4334716161680861	1.0000000048102913
0.4375339893677762	0.9999981073632431
0.4582275092360150	0.9999978961868942
0.5156046329727388	0.9999980429116029
0.6405786892483050	0.9999980236071239
0.8972136958887497	0.9999978031390846
1.1162685920061715	0.9999980717318193
1.7472625694666191	0.9976138492450933
1.7622672217086948	1.0009270236376631
1.7632810723031402	1.0003382908677143
1.7648726348034387	1.0001427562943610
1.7663898869061465	1.0000603411877422
1.7677921173871560	1.0000230212865471
1.7694850605303485	1.0000073797868074
1.7715711960861600	1.0000007242121329
1.7751869797613788	0.9999980010216667
1.7889472741061874	0.9999973017820437
1.8458708933525532	0.9999976198290024
1.9742315212850516	0.9999975407533669
2.2962661023687079	0.9999975453333458
3.3386985793913611	0.9999990782135891
3.5277625017681156	0.9999970317331009
4.4352817007490781	1.0000132483941431
4.4564541950839978	1.0000066549180955
4.4581457249029439	0.9999982151055123
4.4773534189577004	0.9999970342758790
4.5544751330202660	0.9999962377693528
4.7720348291714343	0.9999968716419589
5.3235550519068608	0.9999984615571099
5.7963775712189483	0.9999963504066474
6.2722350147599304	0.9990232280988279
6.2808314551651865	1.0003533383340319
6.2826764454170885	1.0001616873860006
6.2843000306446744	1.0000635406303364
6.2860221823387237	1.0000227128842138
6.2878030894539743	1.0000046723962968
6.2904623758460625	0.9999973217509283
6.2980297250858639	0.9999949255755535
6.3300425249388255	0.9999951110599841
6.4130324826241081	0.9999945249484198
6.6239950029723129	0.9999945383844304
7.1903257635521891	0.9999950820736939
7.3812105184543828	0.9986537056457170
7.3894737995449589	1.0004348938034981
7.3912730260226507	1.0001980461478099
7.3929112621904833	1.0000759602095255
7.3947013268951052	1.0000240575343060
7.3968730077565876	1.0000032489854283
7.4003579018535186	0.9999954716292238
7.4125900236191402	0.9999949914133643
7.4435285923925747	0.9999967540998504
7.4543845372989175	0.9999908351886833
7.6383120517848573	0.9999916510707847
8.0415729380739656	0.9999912041280730
8.7223140418108400	0.9989716272029894
8.7307880696829514	1.0002435777022407
8.7331218566149893	1.0000907252199662
8.7351069376731392	1.0000339085596548
8.7374734230596971	1.0000160522369039
8.7434790955852044	1.0000259242053127
8.7646237006371024	0.9999942995997568
8.7830912729356747	0.9999844119854417
8.8846006490495313	0.9999863660538360
9.0777178077334071	0.9999838353199847
9.3727241621560680	0.9999741430464004
9.8420887423530186	0.9999166475094606
