0.0000000000000000	0.0000000000000000
0.3717719756118205	0.0000100000000000
0.3722556795989883	0.0000049913535709
0.3734773018804773	0.0000210606387251
0.3752625044273676	0.0000935641369209
0.3762419353179078	0.0001533246328289
0.3762591732661744	0.0001547764499475
0.3769023726022838	0.0002113633947157
0.3769373520103372	0.0002163837586924
0.3773460234333474	0.0002797085178870
0.3775165016383384	0.0003209394112837
0.3781912317151064	0.0004560302592848
0.3786298600255164	0.0005775278462832
0.3790016607799016	0.0007083828627331
0.3794135060988663	0.0008823469430002
0.3797496276135630	0.0010595254044599
0.3801723743352092	0.0013283128779256
0.3806223667954117	0.0016916677640852
0.3810716751238304	0.0021554066173734
0.3815289074103332	0.0027574246782060
0.3819911271383343	0.0035363913621233
0.3824592446452078	0.0045489211681857
0.3829318506752637	0.0058643141409676
0.3834091037291373	0.0075764916887392
0.3838906268946736	0.0098062519422182
0.3843762117082202	0.0127125845466484
0.3848664318695761	0.0165092703460684
0.3853590971930950	0.0214485039772955
0.3858561109383385	0.0278994640989271
0.3863610100459040	0.0363791172325243
0.3868733219631895	0.0475098830051617
0.3873716084737761	0.0614438164767252
0.3878693024761243	0.0792564732139309
0.3884101443489624	0.1038619530724339
0.3889380548883071	0.1344169336197421
0.3895185987171291	0.1765306183482828
0.3901145978965245	0.2303120308289715
0.3905702781108757	0.2799940578356335
0.3913874139970145	0.3833800050586293
0.3922971367966195	0.5076873374361022
0.3923493430514235	0.5160654329574039
0.3923530262133871	0.5169959408552063
0.3925063017631125	0.5425559318092734
0.3925620491313904	0.5545325321923675
0.3929818509216843	0.6076646527656027
0.3937091879871626	0.7080870637483284
0.3944248690237527	0.7852761815166688
0.3947644976167611	0.8173123653836237
0.3950474881357179	0.8425009589029712
0.3951531932904036	0.8514802606557758
0.3953191216412613	0.8562482511067585
0.3962722666406387	0.9155695041663851
0.3966039832355081	0.9305061267729292
0.3967458797479256	0.9349559343041522
0.3971726678978771	0.9484401381540870
0.3972047785392275	0.9489780659594746
0.3976190046539508	0.9589197982209111
0.3979420094749989	0.9626187394776944
0.3990610794021190	0.9809674497869848
0.3998215190480219	0.9885383100276061
0.3999729385397159	0.9886052015373411
0.4031630058703525	0.9959319823565846
0.4052935402297086	1.0002211024101368
0.4092911180307100	1.0012340296842366
0.4111637631224884	1.0012155893972470
0.4121797500918062	1.0012335033593511
0.4138102834841668	1.0015317203218974
0.4139675335649265	1.0003670412687025
0.4160372998736586	1.0002954755566282
0.4164833108486661	1.0000991130672743
0.4188188658536491	1.0000997655594184
0.4206860813680161	1.0001229886717800
0.4228659489104336	1.0001624479805911
0.4256219833739320	1.0000888356582469
0.4276996523861165	1.0000410222653853
0.4293499697122780	1.0000168853809672
0.4309535137392433	1.0000054686101894
0.4329551966496168	1.0000002319573751
0.4365131550435951	0.9999978715765049
0.4493260556116271	0.9999969333484929
0.4964884970334832	0.9999960486346573
0.6059230272684117	0.9999937738889155
0.8234364797974189	0.9999889270699828
0.8765073438479843	1.0000026324813651
0.9758678322336443	0.9960276698277774
0.9847977738166378	1.0007805897467978
0.9865185693933701	1.0003575874533714
0.9879192252233576	1.0001605106834113
0.9892327839077253	1.0000708306248880
0.9905539681376171	1.0000298711523687
0.9920115884183960	1.0000114792101189
0.9936874851512357	1.0000031340717059
0.9959655598721566	0.9999993875433797
1.0008074289005708	0.9999978763223235
1.0195378659049943	0.9999977508340779
1.0723201015235795	0.9999979361803898
1.1877394953530207	0.9999979064382526
1.4588848660318465	0.9999979102602279
1.8451476472227299	0.9999972965348003
2.5200678165428232	0.9977055154238834
2.5360983389845670	1.0009182986450276
2.5369471473470675	1.0004362475436037
2.5380014350885221	1.0001649188407817
2.5396682442868754	1.0000650429980924
2.5413514916901137	1.0000237832787675
2.5431345812593840	1.0000068675658427
2.5453751039260015	1.0000000418134833
2.5497386881242674	0.9999974276541849
2.5700639763472037	0.9999969756002823
2.6486065655849784	0.9999973109773902
2.8333287194811518	0.9999972395717414
3.3174237480226689	0.9999972760847271
3.8804607495948309	0.9999962943413661
4.5844992735642611	0.9973028446588335
4.5963499720197083	1.0007946209162584
4.5989217381508096	1.0003605834644462
4.6004892023923345	1.0001367893293143
4.6021611256289194	1.0000494811192853
4.6039893559917164	1.0000163561437811
4.6061201280091559	1.0000038912155900
4.6096556461255744	0.9999998392158145
4.6237350126742678	1.0000015376089890
4.6328213104860172	0.9999986040104748
4.6482717403005518	0.9999959931553740
4.7219319093248817	0.9999957124048192
5.0102994309343201	0.9999964927460411
5.1990053228783957	0.9999964456536370
5.5125663500801529	0.9975210090159425
5.5271077495624903	1.0009523208294131
5.5279138142685813	1.0004593877828507
5.5289810970396909	1.0001730881474251
5.5306874207640897	1.0000691344520871
5.5323731320003642	1.0000249209981693
5.5342185484695836	1.0000063210202481
5.5367616998754956	0.9999986102323617
5.5432148286028688	0.9999958237542774
5.5741849953976672	0.9999959459384689
5.6531941631522118	0.9999956560544735
5.8420041230088735	0.9999955375989976
6.2717420234767483	0.9995387501604353
6.2816677440926272	1.0001018535040194
6.2840733761966554	1.0000408938080665
6.2858409173384642	1.0000139167591746
6.2877752698921432	1.0000022221790072
6.2908179206871022	0.9999974565345621
6.3004131924425000	0.9999960962664908
6.3375472952349918	0.9999964198357847
6.4350722486564100	0.9999968245534104
6.6863007211917047	0.9999976742934268
6.9287622329888023	0.9999938643046283
7.7405814695099693	0.9999925930066581
8.5756995528512459	0.9999898634414573
9.9996421335691092	0.9841338712553078
