0.0000000000000000	0.0000000000000000
0.3779467320923234	0.0000100000000000
0.3784036510522516	0.0000105965254723
0.3795426887531462	0.0000161396621451
0.3798157624603353	0.0000235798951822
0.3803922976621141	0.0000405332481049
0.3809672962782416	0.0000625645674860
0.3818908975166457	0.0001271515299598
0.3827553664610350	0.0001931757552144
0.3828584746967478	0.0002053015685902
0.3834162388329895	0.0002729244280344
0.3835039340484969	0.0002862893515686
0.3836654684307778	0.0003284063186000
0.3844054625249825	0.0004860330490481
0.3849685697481882	0.0006606009224313
0.3854663119958203	0.0008638495779500
0.3859016903047280	0.0010913950958195
0.3863258780265887	0.0013714076864455
0.3867767705156747	0.0017487159565208
0.3872252400467281	0.0022274411398376
0.3876833788399807	0.0028509918259823
0.3881481921142793	0.0036610938494878
0.3886162297045559	0.0047092673047717
0.3890882771251372	0.0060699491593389
0.3895641657900040	0.0078383791203427
0.3900445785762711	0.0101431106335488
0.3905302627821283	0.0131550621361556
0.3910177013914938	0.0170646709984782
0.3915052204226185	0.0221234330352937
0.3919985621350731	0.0287421730278541
0.3925020151105157	0.0374706617826959
0.3930134931518041	0.0489122099932867
0.3935328434847973	0.0638949019042708
0.3940632198616945	0.0836468090279089
0.3945349374217982	0.1058520502784261
0.3950214684118546	0.1343281174146770
0.3955860271717071	0.1752448547795998
0.3962071968959324	0.2274230095379751
0.3962239596287058	0.2312191040408325
0.3965111319439281	0.2640096273527035
0.3972027600764501	0.3408605230645559
0.3973863675812490	0.3706731958287979
0.3982257620749732	0.4916330686151814
0.4000312158071127	0.7202272323001054
0.4013977185253477	0.8583161919284099
0.4027043512613298	0.9295267004658102
0.4032972246772592	0.9487466993536587
0.4043410229275652	0.9716580138988130
0.4053054159584732	0.9838962797819973
0.4061816390509104	0.9901675752445558
0.4071055953053289	0.9938761409832249
0.4081053962020675	0.9966774676187186
0.4090542789576530	0.9982072320350748
0.4099621792081599	0.9989870008253329
0.4109093514232451	0.9994632290267315
0.4118051425030367	0.9997132842853519
0.4126454684084842	0.9998280993783162
0.4137411691175590	0.9999452481634817
0.4145168034911905	0.9999609745882433
0.4155380394955446	0.9999942923818909
0.4163959183812107	1.0000004127086162
0.4171754783726924	0.9999957890249274
0.4181273318614488	0.9999868574389192
0.4197623058495744	0.9999812694036384
0.4212130911849928	0.9999734864549793
0.4229344169099393	0.9999658480871899
0.4262019832815921	0.9999517471550935
0.4295310764043223	0.9999396133528973
0.4333362631175940	0.9999261424460650
0.4537502383137612	0.9998633441191170
0.4555707673776887	0.9998433764923139
0.4647331162664117	0.9998135059034203
0.5374753880840978	0.9999002822104128
0.5469401764869261	0.9999357665558130
0.5530762163733006	0.9999386461856382
0.5863863930158461	0.9999377903889365
0.5917139570075102	0.9999703419897695
0.6165661436868767	1.0002073805469853
0.6374720232182944	1.0001196757866500
0.6594673969519953	1.0002722064916238
0.6602322487825517	1.0001740108508732
0.6627810189685972	1.0001682101434712
0.6645851612376883	1.0001727734818200
0.6680155115058953	1.0001925509205456
0.6848286830234046	0.9916866043857970
0.6885936740411572	1.0021848182951283
0.6892059685248442	1.0004230445320395
0.6913784176092346	1.0003191846327057
0.6928257116242331	1.0001493785358957
0.6942583980492144	1.0000802954790253
0.6958248615268511	1.0000605882448084
0.6975383066044029	1.0000612796806474
0.6996468750838709	1.0000728858846846
0.7033914105865334	1.0001006175315232
0.7140472563352093	1.0000568297135144
0.7163828782175589	1.0000191651555559
0.7183580626606612	1.0000052297058204
0.7208174128902459	1.0000000276157262
0.7272335761619534	0.9999983514408999
0.7824797840495745	1.0000004269244298
0.8516154433295836	0.9989814737233703
0.8573793284539746	1.0004151478442171
0.8577895896863192	1.0001729183657257
0.8592784507568343	1.0002216677166051
0.8596889777280874	1.0000977304877430
0.8611286829836164	1.0001010691625694
0.8614992450053889	1.0000482041016858
0.8626997158848754	1.0000420208613234
0.8632065142676441	1.0000222335258704
0.8643939090524988	1.0000185123113414
0.8650399338264445	1.0000112762287969
0.8665626076492676	1.0000103940212943
0.8673122329568241	1.0000078320018526
0.8703783343699428	1.0000083749795756
0.8760343542703682	1.0000044565704176
0.8794518109078124	1.0000004433478766
0.8841210859154149	0.9999982118297051
0.9045140668527862	0.9999977089454312
0.9764440056709556	0.9999238573404498
0.9871758081726659	1.0000317093578610
0.9887777993130357	1.0000170453637889
0.9903681541746010	1.0000074711407809
0.9922771985215940	1.0000022606525414
0.9948135206017655	0.9999995498095640
0.9997815780663745	0.9999981334412859
1.0164876966916887	0.9999980940577547
1.0599605565696917	0.9999985361305642
1.1159512337948931	0.9999979282191408
1.2482050716995119	0.9999975374508202
1.6596235544170110	0.9999979348101722
2.4895772009142085	0.9999980112986401
3.5195640458083375	0.9999974129631625
3.7335091208880735	0.9989263150437321
3.7419981746703046	1.0006178374690715
3.7422799207366313	1.0006731489493099
3.7443428014461873	1.0002522607935911
3.7465738080232782	1.0001063682134244
3.7482817291031005	1.0000518349190375
3.7497565276282203	1.0000305773088658
3.7516498378159016	1.0000260026465491
3.7546033893027775	1.0000298479094736
3.7647658944455178	1.0000540245140206
3.7657678267690300	1.0000106643985500
3.7681810666076454	0.9999999154732087
3.7754698839170220	0.9999970756265188
3.8198632849506815	0.9999973781954731
3.9250160321572989	0.9989703711046861
3.9300496893719350	0.9997495148984282
3.9366047150079289	1.0004495148368839
3.9376075029859643	1.0001914520240018
3.9393484413873701	1.0000918082481698
3.9408936099598866	1.0000380375280671
3.9426205506691376	1.0000141957411659
3.9445491778354640	1.0000036522084603
3.9474058659953064	0.9999993922691838
3.9552992464858927	0.9999987478455670
3.9727795866675764	0.9999977754341178
3.9964917351540730	0.9999968850993046
4.0575034896032847	0.9999964339649874
4.3050202234939592	0.9999976799092412
4.3894225589955882	0.9999955396321956
5.1589488423500782	0.9985589981829376
5.1684537021847143	1.0006621087617606
5.1690638145751873	1.0003165446695650
5.1701609866261222	1.0002568676511325
5.1706519831551461	1.0001137694041389
5.1722391829883509	1.0000451437999960
5.1740697607307657	1.0000159765972341
5.1760136450875240	1.0000029243594051
5.1788762567193585	0.9999975144349582
5.1868630065301469	0.9999957382691033
5.2206631675157649	0.9999959357571564
5.3105200111227457	0.9999958473339987
5.5524966613329303	0.9999951352203335
5.7864356283868519	0.9999737354291030
6.0627732717809781	1.0000887302534258
6.0788928538540627	1.0000474049265475
6.0802901528133235	1.0000073146854724
6.0835732718650810	0.9999988156776323
6.0918815632074468	0.9999969491227031
6.1732947413739288	1.0000061637033417
6.2001114913122359	0.9963372016415304
6.2098932422679916	1.0013872412314750
6.2105906287440105	1.0004531706095701
6.2124817491548416	1.0002049880877990
6.2139131361380269	1.0000940096889448
6.2151739762000124	1.0000360509979314
6.2168647553608922	1.0000113646523838
6.2189879940164223	1.0000002964153272
6.2226146329868444	0.9999954893223273
6.2355626112111304	0.9999944375929500
6.2790279154613726	0.9999949744583108
6.3759267939019448	0.9999949305769426
6.5988093366711675	0.9999946904885004
7.1017821004995412	0.9999940982350742
7.8543904768355430	0.9999905341967705
8.8326050656804824	0.9999395974860135
9.3539519015831409	0.9999830428940559
9.6323323823813407	0.9999579267654002
