0.0000000000000000	0.0000000000000000
0.3996711534697736	0.0000100000000000
0.4001706269092201	0.0000052228922032
0.4014319029099839	0.0000227533997509
0.4029952390766933	0.0000721830631306
0.4039550367918304	0.0001318700070580
0.4047110849628866	0.0001936429864711
0.4048245568470994	0.0002069701770023
0.4051662977036678	0.0002524274067365
0.4056156744528676	0.0003363463541952
0.4061827473880018	0.0004520214061161
0.4066496978855858	0.0005775893854132
0.4071457314431072	0.0007588729712867
0.4076560526411519	0.0009963266994415
0.4080997049022733	0.0012630926188629
0.4085655235717449	0.0016222314222714
0.4090227734427890	0.0020755694521026
0.4094851162122186	0.0026623551210976
0.4099534573417217	0.0034245314083357
0.4104243261432862	0.0044103650748218
0.4108983600028970	0.0056890287761687
0.4113762945693731	0.0073519624131670
0.4118585097102594	0.0095188459624865
0.4123436297351810	0.0123376644061180
0.4128313955216945	0.0160070206708874
0.4133237422540093	0.0208058409065771
0.4138213154387338	0.0270916646884260
0.4143183054227340	0.0352186338942119
0.4148266071194424	0.0459513946552064
0.4153464417585526	0.0600898391190684
0.4158747582515887	0.0786318426644957
0.4163395265506283	0.0992751204167208
0.4168351342310199	0.1266160289261655
0.4174109012490105	0.1659031460774627
0.4180195502447317	0.2179946258959905
0.4183572930159494	0.2527100935322878
0.4191414497653588	0.3443284330089116
0.4200468801898806	0.4680767594596845
0.4201283089263340	0.4804090214997544
0.4202076947190280	0.4923772319251090
0.4202160421914538	0.4940051690309148
0.4215181252110481	0.6832352914081865
0.4221974474212049	0.7491442990623425
0.4224892128434428	0.7864940348974262
0.4241824672995158	0.9087228709024339
0.4252768969459981	0.9455779923601778
0.4256804612074631	0.9471797517098037
0.4272274936398345	0.9825278267642703
0.4285804867269993	0.9927838422420970
0.4299237831486546	0.9975633754605946
0.4303824836746067	0.9976343567211003
0.4312941092354520	0.9986475371884935
0.4322097032059095	0.9992264154345646
0.4332653995732607	0.9996167407716646
0.4343726657084337	0.9998209733513753
0.4353326137450264	0.9999076627277780
0.4361291943590421	0.9999390460975790
0.4369840886878042	0.9999636800669743
0.4379047602103755	0.9999802357719195
0.4388838484163561	0.9999896823168648
0.4399152864447347	0.9999946988782524
0.4410825546527280	0.9999974021729735
0.4424488756703865	0.9999989244373232
0.4439726666081623	0.9999994981100360
0.4456703575733387	0.9999994552272069
0.4479398682336293	0.9999994656527806
0.4504552979396576	0.9999990760831717
0.4529618586336360	0.9999982647373216
0.4612884998263476	0.9999986038685388
0.4685203570585166	0.9999977274872814
0.5078787700216906	0.9999982920628040
0.5749151960891957	0.9999982569852650
0.7043567371650215	0.9999981186969182
1.0083658751924427	0.9999981502598491
1.6059535899574440	0.9999980092107144
2.8177571211612515	0.9999977405745301
4.9909181678992969	0.9999968942034372
7.6019347406591260	0.9988412342922143
7.6069404151689204	1.0002984438800981
7.6091622266229111	1.0001478449812717
7.6110548655052268	1.0000899914844452
7.6121337999008514	1.0000524627179384
7.6137946073531824	1.0000462013861595
7.6165640277243440	1.0000570090225427
7.6252243391982892	1.0001097752474035
7.6303686505117891	1.0000251378185734
7.6329080594683445	1.0000001214368730
7.6389029549395158	0.9999922969762386
7.6907816404177689	0.9999939555647878
7.8539485261262820	1.0000001413232031
7.8549020384821331	0.9975949155449384
7.8608685570733785	1.0009332158611126
7.8613473688983690	1.0003540851754567
7.8627704991108160	1.0003460867802547
7.8635626542706234	1.0001695651469040
7.8644919925671104	1.0001172122687896
7.8655584373493870	1.0000637804529944
7.8665127678443802	1.0000401819654900
7.8677206327621967	1.0000224404100746
7.8693021817169058	1.0000162019756649
7.8712807347246008	1.0000127512062322
7.8774929661034605	1.0000227192481952
7.8842589137870212	1.0000321118170434
7.8859532639775267	1.0000083334417187
7.8893725345290395	0.9999935795519334
7.9076849915873195	0.9999895888202089
7.9907842339272408	0.9999907540817482
8.0218721828434258	0.9997916125248634
8.0288009472962809	1.0000639680543941
8.0308243702412856	1.0000288904319301
8.0327581873913161	1.0000072684291323
8.0353960977808772	0.9999974196081813
8.0408176460594163	0.9999911672750524
8.0606359041112654	0.9999936094306908
8.0931392886934201	0.9999943311757210
8.1425776703512920	0.9999721883062719
8.3834079357904248	1.0000041148702692
8.4334040795423100	0.9999928883462219
8.5871286484161189	0.9999471745927223
9.1647779794073951	0.9999963987655128
9.3006558038621865	0.9999741192782114
9.7277764657797672	0.9999287512533184
