0.0000000000000000	0.0000000000000000
0.3985832304049954	0.0000100000000000
0.3990408099214793	0.0000108271963458
0.4001706269092201	0.0000164529834053
0.4004919101244683	0.0000273084869311
0.4009170448140593	0.0000382470551461
0.4015269274760571	0.0000528549199983
0.4018098945733659	0.0000697836594720
0.4028729349677964	0.0001463288342049
0.4035926104993089	0.0002021099331474
0.4039298785953430	0.0002451341561178
0.4040581113019038	0.0002669640506302
0.4043559695254545	0.0003288681386996
0.4050109859786116	0.0004622194963992
0.4054429182643552	0.0005831199406781
0.4058156207932022	0.0007152995365511
0.4062260121094692	0.0008908875666014
0.4066257387869396	0.0011032004114025
0.4069665860252129	0.0013247959749756
0.4074101131935437	0.0016810305736454
0.4078775655343878	0.0021607000951228
0.4083458590911569	0.0027792050654907
0.4088170517181546	0.0035799243710643
0.4092901158568611	0.0046157305775761
0.4097660698102700	0.0059592368671149
0.4102444452700760	0.0077017837863041
0.4107260767524987	0.0099682930268872
0.4112122098660298	0.0129261290493186
0.4117029330336267	0.0167894327682529
0.4121961643121567	0.0218168938913898
0.4126925273741469	0.0283744153644360
0.4131959323546712	0.0369913811736303
0.4137060903569872	0.0483003608565999
0.4142056476512995	0.0625640596299120
0.4147311886386317	0.0817249545389529
0.4152749680651688	0.1070106056019239
0.4158305776079785	0.1400575274561971
0.4161537408609472	0.1633138243490189
0.4166653079474382	0.2063718622157462
0.4173242538084128	0.2721905280295767
0.4180269942097338	0.3581074677512385
0.4189602791404750	0.4864945040091532
0.4200117812582186	0.6399124458197515
0.4204784069323975	0.6977888282334725
0.4210152933083747	0.7713004733028987
0.4221974474212049	0.8504967073953206
0.4229983119075110	0.9095381606993611
0.4237042648330024	0.9362792034283293
0.4245885584293207	0.9623846654377751
0.4251760148083079	0.9742311820703622
0.4256804612074631	0.9746214796377466
0.4271166131911030	0.9924703263159923
0.4274733465028153	0.9929055017574810
0.4285507432118441	0.9978476433812128
0.4288154342746412	0.9971462100684910
0.4299281359268789	0.9986010636311707
0.4309037884591622	0.9992701349459976
0.4318033713441093	0.9996182745821891
0.4325714304454519	0.9997306175532737
0.4336447754285720	0.9998751165119905
0.4347819297760067	0.9999496319100681
0.4358267401648112	0.9999807315085618
0.4367083107999551	0.9999889871370328
0.4375913307292744	0.9999934968969136
0.4385274715300171	0.9999964137411853
0.4395412920016457	0.9999981477424364
0.4406260769600733	0.9999987455508709
0.4418954587966635	0.9999989979051284
0.4434848378365213	0.9999993416168880
0.4452239370769319	0.9999990850787756
0.4479253967465485	0.9999992524827531
0.4506620818140233	0.9999985720403392
0.4556896597757777	0.9999983150940329
0.4648520410013549	0.9999980096558738
0.4903934724049379	0.9999981673964512
0.5452404877897916	0.9999982599564470
0.6471340351404422	0.9999981366625753
0.8819146315017817	0.9999981610610231
1.3526465277336166	0.9999980575581112
2.3198341225764452	0.9999978719673867
4.1327534080640280	0.9999973310877125
6.7097196018828562	0.9999949156365019
7.6091622266229111	1.0000399913523961
7.6301805312355011	1.0000394333704103
7.6313887638658366	1.0000024562082153
7.6372598987182396	0.9999953696323219
7.6732251090720585	0.9999971632908831
7.8180598128000733	1.0000096944184960
7.8548976103593651	0.9938796183185693
7.8603615962837896	1.0020193839894165
7.8609478699348667	1.0004277381702766
7.8632761599482421	1.0002026493873710
7.8651425998008895	1.0000798152669941
7.8670787955102703	1.0000387992571420
7.8697999024983769	1.0000338174378114
7.8775254092807439	1.0000628205196183
7.8854964943325552	1.0000238375730681
7.8882617029129616	1.0000000839972194
7.8936367928518321	0.9999905826856025
7.9403756811565538	0.9999910554418064
8.0209322926205218	0.9993200507043183
8.0281941518098083	1.0001807130922598
8.0299563712020063	1.0000868716134828
8.0317565200936283	1.0000334576831107
8.0337911706512113	1.0000073960502627
8.0366095311054941	0.9999958356730788
8.0431134025196922	0.9999915751287866
8.0666066687128808	0.9999910991830637
8.1094512477578089	0.9999909250913425
8.1740427616821325	0.9999833153661455
8.3615238403340193	0.9999938001180185
8.5871286484161189	0.9999470980311822
9.0899953427395594	1.0000025499070568
9.2857070380620996	0.9999812184565903
9.5689604088517513	0.9999597967814655
9.8990065745799569	0.9998626264824845
