0.0000000000000000	0.0000000000000000
0.3926028440188440	0.0000100000000000
0.3930632673099678	0.0000105114556714
0.3942100277322975	0.0000161279460765
0.3943683446973166	0.0000298649964448
0.3955676785774468	0.0000617879632273
0.3959950381339846	0.0000852392599605
0.3969054602981403	0.0001573453751206
0.3977686481719918	0.0002348356024636
0.3982170529428805	0.0003181593778660
0.3989156195733715	0.0004499285909571
0.3991187040684247	0.0005160071354705
0.3996796391351911	0.0006974261108531
0.3998512246852788	0.0007644617018309
0.4002983559889569	0.0009726176033992
0.4007719539340057	0.0012531032450071
0.4012444489138029	0.0016167971290578
0.4017206402840782	0.0020901469193838
0.4021883435097981	0.0026905904838199
0.4026584114258404	0.0034661707407483
0.4031331458273832	0.0044743517334097
0.4036128068188853	0.0057879626684549
0.4040964734579074	0.0074988919585173
0.4045825238282337	0.0097219949152166
0.4050694368140187	0.0126043339031552
0.4055595543422553	0.0163615986806155
0.4060550701008479	0.0212809594851560
0.4065560548810488	0.0277226880682054
0.4070557445209925	0.0360339553169197
0.4075601853447827	0.0468706636986130
0.4080767521740374	0.0611770369689967
0.4086073610742742	0.0801285236288164
0.4090740560822368	0.1011844166991430
0.4095544287908022	0.1280906200914369
0.4101284913777677	0.1678155428426707
0.4107150667568697	0.2180770955614749
0.4113199190257988	0.2807069795144079
0.4115084319429902	0.3055461305327477
0.4127785397922302	0.4794665339089012
0.4133968143254332	0.5636470831167317
0.4145675370698555	0.7249586082398968
0.4148165399089825	0.7509476775905000
0.4149264566238706	0.7575888130221086
0.4155348135852577	0.8253556019856816
0.4169911581314545	0.9125412162933592
0.4174774134921946	0.9335213017234648
0.4180170129450368	0.9530819772061586
0.4182671011711716	0.9570570517632364
0.4191854165932184	0.9752933339386047
0.4196526819862526	0.9779576963081974
0.4231682757722762	0.9990599629953132
0.4239350563524897	0.9986916607366391
0.4255892360031093	1.0001914100510607
0.4267082576480160	1.0001769804796861
0.4279796234936672	1.0001957738057172
0.4290501593582605	1.0001180475929787
0.4301922365459695	1.0000749239797473
0.4314416213681262	1.0000522574160589
0.4325725343935288	1.0000290467238147
0.4339545297452464	1.0000212297989832
0.4350095030073822	1.0000115007084385
0.4363520812354125	1.0000070723050001
0.4378886055813707	1.0000047109818500
0.4397079045834439	1.0000036187825168
0.4411180680106626	1.0000013221684503
0.4439567730547563	0.9999993864127114
0.4496948049888349	0.9999988735255790
0.4643288041443160	0.9999993660358356
0.4722068751827890	0.9999978896821737
0.5176706299805057	0.9999980006858089
0.6314219420392067	0.9999982952907054
0.8555331546041466	0.9999983962151575
1.2260154746711471	0.9999986052152104
1.7418294581536571	0.9999982572712837
2.7230098064445349	0.9999979049034005
4.5429542295350025	0.9986011858084084
4.5462055476964327	0.9995926313982030
4.5513321464240466	1.0010170810213121
4.5523873302882389	1.0004697283655806
4.5533523243345355	1.0001795805136797
4.5550057104680697	1.0000784618187293
4.5565773194465002	1.0000316781506846
4.5581423959984839	1.0000105203505585
4.5600385630245972	1.0000013737184950
4.5631643289585231	0.9999975738426210
4.5733737959090135	0.9999965274142177
4.6103637440004759	0.9999967416651788
4.7029679505694553	0.9999968238621245
4.9303303740066839	0.9999968385230641
5.4211628773801941	0.9999961599751849
6.6082407749163066	0.9999945078769399
8.0296182229488267	1.0000341691112298
8.0491514053339799	1.0000302697850803
8.0504216488130993	0.9999987074181257
8.0582224953059676	0.9999925126285431
8.1196354955041432	0.9999977640441275
8.2738084695217626	0.9939038359345300
8.2793512674243814	1.0019921268685323
8.2799909093201993	1.0006124642865997
8.2817114639606757	1.0003615243163102
8.2829176508319922	1.0001449734815506
8.2845276736535283	1.0000608538113616
8.2861844392478137	1.0000211940980295
8.2884067749499746	1.0000055197732951
8.2929603633466833	1.0000039325332670
8.2992807054683126	0.9999939255500093
8.3101466846269982	0.9999879460654287
8.3522353254470740	0.9999888214527559
8.4442406017395815	0.9998047134768526
8.4540134046215378	1.0000731649813182
8.4554428718640597	1.0000273886988862
8.4574700034807897	1.0000052935409867
8.4604262206931242	0.9999950791664953
8.4670762947899654	0.9999865357276180
8.4905779291108754	0.9999881756021644
8.5544200544633053	0.9999941150347997
8.6163617298647175	0.9999706768353035
8.8981422257673284	0.9999907296926427
9.1091826072380897	0.9999799993770032
9.5343451638271048	0.9999664567493787
9.9608752853277416	0.9996400796722202
