0.0000000000000000	0.0000000000000000
0.4192843945445998	0.0000100000000000
0.4197849473593827	0.0000051618392125
0.4209792778080984	0.0000192725612901
0.4229574687121089	0.0000886038657333
0.4233882717247272	0.0001201393038512
0.4240014864302832	0.0001702750365277
0.4241211479328523	0.0001940990142549
0.4248170319247092	0.0002700361725657
0.4250637278177852	0.0003232320833794
0.4255882963508277	0.0004143946236420
0.4257038163768672	0.0004440078533061
0.4257790465245365	0.0004766563388350
0.4263819235448054	0.0006563064515797
0.4267790776465829	0.0008163410822250
0.4272379164071050	0.0010424164256893
0.4276649654085348	0.0013098857385656
0.4281158304759510	0.0016697584601717
0.4285610607761298	0.0021231303236285
0.4290189037017648	0.0027169596840696
0.4294843080353094	0.0034900259635404
0.4299523325353938	0.0044895709866972
0.4304252297829062	0.0057898011418512
0.4309025111617726	0.0074822230164598
0.4313839511244146	0.0096868164142947
0.4318693220733250	0.0125608810125317
0.4323599261244512	0.0163203978839763
0.4328562533123205	0.0212444293641687
0.4333583645601502	0.0276915941820727
0.4338657500946420	0.0361244426382270
0.4343730802920068	0.0470259138580676
0.4348904556542268	0.0613992159924673
0.4353984867497082	0.0795144744469142
0.4359388391005610	0.1040742135724681
0.4364982744104496	0.1364646924248682
0.4370466804615861	0.1760556622141198
0.4376318311509582	0.2285261895150584
0.4381376260936606	0.2836827924680347
0.4388095850984161	0.3689202142550351
0.4397217936688818	0.4947513649535508
0.4401576807323804	0.5633691556426259
0.4401944934770550	0.5645779345823356
0.4402512260580317	0.5724342674672555
0.4403093686056728	0.5805862069495680
0.4403758388713188	0.5900496304758203
0.4404065589329857	0.5946870087966429
0.4405098361417675	0.6088550781338390
0.4406095958749838	0.6225157301570916
0.4406154861191094	0.6238746329329897
0.4417025874569543	0.7594039186067688
0.4422124062292459	0.8036552353399598
0.4424349445668597	0.8156630407548969
0.4426883342533985	0.8470511284903577
0.4430965894153967	0.8750235353926921
0.4438403821068524	0.9120973151799996
0.4442882779972646	0.9354403593104622
0.4469858782008526	0.9843249214090526
0.4486693510285085	0.9958159051545002
0.4497221552907171	0.9981223222631666
0.4505503994604531	0.9984912545892886
0.4511006586688325	0.9993362236199217
0.4520875009445045	1.0000598750898628
0.4524969000382670	0.9997818882404066
0.4533200287434118	1.0000256458206145
0.4537067704153047	0.9999223360130398
0.4545404567862839	0.9999321827078178
0.4556835540781254	0.9999893042194712
0.4564791636681513	0.9999666797744832
0.4576613746238690	0.9999624968645564
0.4590038553068445	0.9999566025912493
0.4605285419405468	0.9999543232477826
0.4622087228123574	0.9999554733388482
0.4643445887818127	0.9999605683572573
0.4680440362820510	0.9999727977661172
0.4789034008606593	1.0000123161497942
0.4908849237839742	1.0000247700546550
0.4932396172335352	1.0000110576025709
0.4954513562612293	1.0000041631790941
0.4972086854772474	0.9999999602023506
0.5022410441125045	0.9999981093371765
0.5289263771405721	0.9999979135869079
0.6051986098885622	0.9999981371645432
0.7575266469587004	0.9999980956356940
1.0697322639788807	0.9999979494893294
1.7829664045091023	0.9999978216392226
3.1585788686797098	0.9999973473218322
5.6969062348901582	0.9999960391782989
6.2201860721762499	1.0000694359589861
6.2335329992739661	1.0000534054279588
6.2351989471577269	1.0000102949608314
6.2379123881660394	1.0000005342518201
6.2453864599597253	0.9999988269701339
6.2965048610394794	1.0000068548819563
6.3812174018485637	0.9938517591025133
6.3867180094064766	1.0019807199678068
6.3873522116265553	1.0006125331318720
6.3888723753619319	1.0002444902197836
6.3907545511758617	1.0001306795503810
6.3921051496575583	1.0000686901629936
6.3936093700488685	1.0000491243088223
6.3955322829755286	1.0000488662933849
6.3964207421472237	1.0000162795160195
6.3983220908768974	1.0000112949342517
6.3994459078127246	1.0000012217730612
6.4025622653207330	0.9999987869390620
6.4048362200586224	0.9999956583014499
6.4230910752281032	0.9999954343470292
6.4762764995080682	0.9999979653579996
6.5171702395357975	0.9993075414754039
6.5250230457260523	1.0003419988837090
6.5253680983341136	1.0001391757497629
6.5272919338588267	1.0000712489894743
6.5291660933792413	1.0000305584347879
6.5310866497282420	1.0000104798533720
6.5335817094694635	1.0000022451194159
6.5387654207541654	1.0000010017038601
6.5491318510055461	0.9999978947517841
6.5587519644698951	0.9999945974517166
6.5909210178467461	0.9999936686417933
6.6968347184120569	0.9999571141107392
6.7050301624312727	1.0000231663231733
6.7069609831222765	1.0000065238740756
6.7097455170171969	0.9999980998106344
6.7156161584687091	0.9999954876079051
6.7412112064725793	0.9999971594848223
6.7674785028690758	0.9999956676206118
6.8782541335768386	0.9999950742396073
7.1122993018623148	0.9999954029266820
7.3854438753489227	0.9999934768331477
8.1845399778842669	0.9999928436511472
9.0257487763700990	0.9999844975374534
9.8432664999834252	0.9999059538916657
