0.0000000000000000	0.0000000000000000
0.4243853840622586	0.0000100000000000
0.4249774005745225	0.0000095741390384
0.4259437958067633	0.0000140380713838
0.4259905859004431	0.0000238269332806
0.4267668845277424	0.0000434115321345
0.4274346124568966	0.0000672891348611
0.4282847705825346	0.0001197322062626
0.4290132771283925	0.0001974603711188
0.4296987105207776	0.0002731754555365
0.4297536152205964	0.0002818583307902
0.4299745297111597	0.0003326829826817
0.4306828856866035	0.0004826312536827
0.4310942722211016	0.0006034812032146
0.4315181642935332	0.0007560762429767
0.4318616986289651	0.0009120509137803
0.4322663847357890	0.0011333799013472
0.4326988097497195	0.0014291671254732
0.4331396607049864	0.0018121310522642
0.4335914026991772	0.0023115857763366
0.4340499811930581	0.0029591803074806
0.4345157133027975	0.0038015976569889
0.4349855233689123	0.0048931972867751
0.4354597889730126	0.0063111723659776
0.4359378760119255	0.0081538037828095
0.4364200431085500	0.0105533811191600
0.4369073217375379	0.0136881816299874
0.4374001537378592	0.0177897145147375
0.4378980669280578	0.0231536354175270
0.4384007321385830	0.0301652952549619
0.4389079067927558	0.0393359456684597
0.4393999097259919	0.0508066179690352
0.4398866139611303	0.0653403038559507
0.4403999975573818	0.0848177036227235
0.4409499869447322	0.1113722596621494
0.4414874852495601	0.1441364937210744
0.4420752156989364	0.1888720927838782
0.4425181440234196	0.2305024030493743
0.4431567598996513	0.3014295196013785
0.4437759429222193	0.3802586650167289
0.4448268080766187	0.5235959698268061
0.4457843724563703	0.6594942629016144
0.4459113730080596	0.6828498917196475
0.4460692802586020	0.7004600802948746
0.4475793034802040	0.8517071726190660
0.4479800964496512	0.8842250869611992
0.4489110626961161	0.9259693404881039
0.4491804097502636	0.9363709217346937
0.4494094713729625	0.9351146145076190
0.4503193625898762	0.9632028943892718
0.4513522988927222	0.9802821132001657
0.4522158588446335	0.9885878177600190
0.4529631313003515	0.9927088191675048
0.4537993718807324	0.9956511676761602
0.4545370105115240	0.9964011415478429
0.4561409261866491	0.9968351570186708
0.4573788616045449	0.9969678164019443
0.4645449744955856	1.0006251415540135
0.4730773318679984	1.0003495937453810
0.4751316574674020	1.0001402978840053
0.4764796528286118	1.0001042105454829
0.4778682688653423	1.0001211877396152
0.4793599753387138	1.0001563855367654
0.4815996430784130	1.0002187092993171
0.4877767489470251	1.0003978447842348
0.4902837325800906	1.0001568866166686
0.4922067592940940	1.0000632127706202
0.4937419561167025	1.0000247840755101
0.4952770188476835	1.0000085300722732
0.4971319225077564	1.0000015550452035
0.5002866508415144	0.9999985994125420
0.5105440191938322	0.9999975105859981
0.5651566981420462	0.9999976467588636
0.6911332099193815	0.9999974022206216
0.9453176088411857	0.9999965069029677
1.5601705088196240	0.9999946665999536
5.4345541236022710	1.0000016562132563
5.8285199970101580	1.0000857800445706
5.8347730459487517	1.0001248605060500
5.8707803403950072	1.0000886343656841
5.8926283300827267	1.0001353577132264
5.8935244586696758	1.0000336565886030
5.8960950956505700	1.0000111493411492
5.8984758008151674	1.0000042283204489
5.9128740219956590	1.0000055961237340
6.0106101927285938	1.0000286973709946
6.0521885306439316	0.9923717074656593
6.0564451814666835	1.0022099332980572
6.0570304046717940	1.0004448434458317
6.0592636605896946	1.0002509078804007
6.0610303851413754	1.0001253653279720
6.0625385150025535	1.0000704253911172
6.0641105103484350	1.0000536406331972
6.0661466742242585	1.0000565333073841
6.0695294315302748	1.0000746316842717
6.0726821039809060	1.0000261937781434
6.0754026244346582	1.0000058196990209
6.0784087891720286	0.9999973754054722
6.0891062598959982	0.9999951607731972
6.1469124904228902	0.9999976948578924
6.2128544029342034	0.9990460635983743
6.2187629533384445	1.0004269312637277
6.2190956981014658	1.0001695208120924
6.2208094388975166	1.0002282045386168
6.2210252240090274	1.0000919191291786
6.2226614616029012	1.0000442213715381
6.2244043975767163	1.0000194284149553
6.2263480932679451	1.0000079334001679
6.2292333173357015	1.0000043751119887
6.2350446901281318	0.9999995932399909
6.2420477559317415	0.9999957669949512
6.2602010631843816	0.9999945741651435
6.3181975047789658	0.9999949417863526
6.3847770748193931	0.9999705007264812
6.3889533224720241	1.0000318312040182
6.3907662997015917	1.0000162281683620
6.3928131461598170	1.0000063412182398
6.3953826854600262	1.0000012138352947
6.3999821536535073	0.9999994772004124
6.4055503988218430	0.9999943927172756
6.4318289182657145	0.9999951585540050
6.5006841792545993	0.9999976367917017
6.5746556805216807	0.9999949598258351
6.7262889411255360	0.9999942134268073
6.9013134956237367	0.9999934202571721
7.4373365265463782	0.9999963760998727
7.7622854290939456	0.9999924683497466
8.6241275260201977	0.9999890844639674
9.2007691611281981	0.9999812667103990
