0.0000000000000000	0.0000000000000000
0.4218457213530495	0.0000100000000000
0.4222938979424087	0.0000108355351049
0.4234131914349964	0.0000161807792938
0.4236263581350218	0.0000266295553888
0.4242491268533390	0.0000399122748454
0.4247597037551956	0.0000556315829548
0.4251270731877512	0.0000771116820580
0.4261920033897953	0.0001590838096278
0.4268268802118872	0.0002145344983233
0.4270797888868376	0.0002472104036976
0.4273038060290438	0.0002790371058211
0.4274704648899275	0.0003197679674662
0.4280629311314771	0.0004367574057572
0.4286220723712825	0.0005925312891703
0.4291365763521329	0.0007778221955230
0.4294940029502923	0.0009467224661631
0.4299429775909772	0.0012028638858223
0.4303827321474428	0.0015239934067890
0.4308398790603378	0.0019497577391953
0.4312989945684230	0.0024972652531413
0.4317624835912613	0.0032055747344102
0.4322292615292703	0.0041216546195441
0.4327008663934087	0.0053122178243299
0.4331775371698178	0.0068626380968880
0.4336590638300333	0.0088835498727854
0.4341452846304080	0.0115199266539732
0.4346347253639983	0.0149523016727856
0.4351280817893723	0.0194322413554051
0.4356238835694452	0.0252626059308894
0.4361264116126075	0.0329151744617729
0.4366371982837073	0.0429762359004895
0.4371562780241304	0.0561704323774971
0.4376823426995419	0.0734092908781450
0.4382149060579851	0.0958172347434460
0.4387604002967797	0.1253454513929744
0.4390830769107323	0.1465195222163386
0.4395427826120736	0.1819949787938904
0.4401396577060124	0.2368858280772121
0.4408429380194980	0.3115836470569064
0.4410967687581024	0.3428631263078278
0.4411716366792032	0.3567612159823355
0.4421481812812054	0.4949551651517667
0.4430147638687245	0.6157928855643934
0.4436447498169167	0.6971577501147473
0.4449433131033045	0.8317934464988676
0.4456000085862128	0.8743489173443832
0.4469140413767448	0.9404872640328114
0.4473915295399966	0.9549886528024394
0.4480435216612213	0.9686145805784572
0.4488921272233082	0.9830388564459094
0.4493179306012323	0.9847402145381602
0.4520190639817256	0.9972200696643095
0.4531655212845516	0.9988492358636435
0.4539848912814393	0.9992635042416415
0.4549181134215647	0.9996378406429753
0.4554350323689084	0.9995360745139549
0.4567618467938033	0.9996053115931256
0.4581255409587142	0.9996139075581331
0.4596275863899849	0.9996353036713521
0.4610667840462835	0.9996621796522505
0.4626983488661306	0.9996998386544704
0.4649664602191305	0.9997571880530847
0.4707240759454124	0.9999092917760756
0.4887186514693872	1.0003865057146786
0.4902909990467118	1.0001317488006236
0.4924727972791726	1.0000567039075061
0.4938609820369514	1.0000220183452344
0.4953977672412678	1.0000074157759427
0.4973889623263033	1.0000012388826152
0.5004048752302342	0.9999984918780921
0.5135605922306652	0.9999976447653490
0.5752070872015604	0.9999979729633760
0.7073558705725420	0.9999980005578785
0.9732860994876410	0.9999977669534362
1.5616078919870902	0.9999973951001154
2.8453557636977695	0.9999966204058790
6.0587716478126037	1.0000762076260425
6.0724976157901471	1.0000740322645674
6.0741095199382134	1.0000159927961034
6.0765341504916845	1.0000028363108571
6.0806973866177305	0.9999994919849864
6.1130140416147611	1.0000057277622583
6.2126375749764930	0.9934406024030615
6.2177552914488992	1.0020306624525768
6.2183796101088262	1.0004382299914873
6.2206377829047490	1.0002556071782842
6.2221492542576531	1.0001114706957974
6.2237359292812986	1.0000620131682363
6.2251377936824337	1.0000425388538334
6.2269688160440273	1.0000406833394933
6.2304338344002890	1.0000533237661273
6.2337782883662340	1.0000174926823815
6.2367486284411164	1.0000023582578812
6.2403509711622354	0.9999958485320226
6.2593197263998981	0.9999949747676301
6.3399402732216945	0.9999978879303862
6.3814490143357672	0.9991176681267304
6.3876404733228673	1.0003958765463326
6.3881019874686897	1.0001908030812083
6.3895056779492121	1.0000942812534468
6.3912987605445171	1.0000468669384985
6.3930640333882787	1.0000204537523754
6.3951039605274795	1.0000089671718904
6.3975115053405327	0.9999998169456304
6.4023044103405162	0.9999956517121409
6.4143714886575234	0.9999938012376922
6.4643018181750449	0.9999948751491931
6.5201061006563670	0.9999550438599665
6.5266141901467662	1.0000258594436771
6.5287285517051918	1.0000115321137975
6.5310707889870274	1.0000033524379393
6.5344748952922940	0.9999996442039171
6.5438529074882386	0.9999959372746610
6.5639282545033018	0.9999948202770852
6.6277303644674115	0.9999949615360407
6.7668206488671618	0.9999946709385295
7.0878912583536957	0.9999938165697565
7.6672961195351581	0.9999933192675022
8.5656956210208861	0.9999903125552948
9.5286599894233284	0.9999696993741093
