0.0000000000000000	0.0000000000000000
0.4341731943153421	0.0000100000000000
0.4347927154918569	0.0000100053033872
0.4357068325444907	0.0000126108471475
0.4357142407274042	0.0000220917286697
0.4362982530421169	0.0000408812071508
0.4369926254216354	0.0000639103767107
0.4374374521683861	0.0000839391230387
0.4381628807569193	0.0001449794905405
0.4389549770241657	0.0002118134743332
0.4391417765410808	0.0002353116191137
0.4395360050525974	0.0002875184848705
0.4396524760545073	0.0003172206639498
0.4402436480948402	0.0004365451813439
0.4407008572237371	0.0005556734094460
0.4412393900558090	0.0007463973584086
0.4417400564413443	0.0009754187923686
0.4421879848592783	0.0012392451625008
0.4426432372478978	0.0015837435654781
0.4431076208580459	0.0020342734411476
0.4435747225328199	0.0026161803733376
0.4440430085348126	0.0033660966091136
0.4445152753918377	0.0043394200299767
0.4449903001738442	0.0056013626565446
0.4454684572280563	0.0072408387075885
0.4459504721278710	0.0093759250966453
0.4464365332572813	0.0121599811338426
0.4469266149750695	0.0157930444370598
0.4474207607008835	0.0205377819868251
0.4479205733721585	0.0267556692042428
0.4484192377222405	0.0347929154115289
0.4489251443342678	0.0453520164740165
0.4494408352810545	0.0592679250191989
0.4499499555162358	0.0769236256539331
0.4504896513070568	0.1007883720674224
0.4510436916981416	0.1320364085109143
0.4515382577469307	0.1671116447242385
0.4521323073131313	0.2191844272320562
0.4526075193861559	0.2675045242551052
0.4533570792270616	0.3586787589521772
0.4543314449853224	0.5032866049024999
0.4552417446301743	0.6340599527953276
0.4566082770616103	0.7914880224180453
0.4571847831452408	0.8394933064907009
0.4591364529441668	0.9406416447830397
0.4614651214557550	0.9846746167633523
0.4634299419446035	0.9956751882087397
0.4646071657023896	0.9976490879749418
0.4660497009654979	0.9995634150942838
0.4671280709938022	0.9997996485126738
0.4686955441189768	1.0001155114156697
0.4696705219298955	1.0000709956075833
0.4706595002703490	1.0000711912510345
0.4714888352301267	1.0000293302212453
0.4727080451194374	1.0000221606181876
0.4740642739439262	0.9999992658921814
0.4755443528466468	0.9999739653398753
0.4771356530807739	0.9999515885828275
0.4787342427800840	0.9999319840857379
0.4808938835461881	0.9999097283306613
0.4822566203588013	0.9998870634188385
0.4847186535827633	0.9998628022321583
0.4891634287136843	0.9998209161422560
0.5450929443453746	0.9998603972870932
0.5525908592205712	0.9999237059557556
0.5582998002632092	0.9999540324107375
0.5791078678180709	1.0000367518741227
0.5909815680731447	1.0002155716697545
0.6035218100050476	1.0001000766071058
0.6265555853691048	1.0002500060606099
0.6272293337741490	1.0001539062629967
0.6298430642425248	1.0001477093446960
0.6316882537529089	1.0001516897416032
0.6352565476398222	1.0001703341274684
0.6543594409030271	0.9920209689111703
0.6583189970354075	1.0022333381729724
0.6589262078997620	1.0004808837896559
0.6610942485656711	1.0003188129667622
0.6625826632387858	1.0001464114941390
0.6640215406211428	1.0000763508703494
0.6655955075370004	1.0000561640872736
0.6673218606630376	1.0000562438141640
0.6694662668606993	1.0000670444936914
0.6733996269548312	1.0000940695546214
0.6829358373206291	1.0000488637842664
0.6851658490610981	1.0000118359564565
0.6871741243302421	0.9999981184370121
0.6897454480736905	0.9999929414803652
0.6962226197165464	0.9999908880045221
0.7542992925332890	0.9999893257080653
0.9486873132490490	0.9999845420133227
2.0178605858920298	0.9999924586019067
2.1936965553170920	0.9999969919356871
3.6271904400542541	1.0000055275365147
5.7073309937533967	0.9908603218741723
5.7106524065786788	1.0009475394901144
5.7119873151139249	1.0006318478345326
5.7137469039747524	1.0006726604772052
5.7172307079499944	1.0013313903832222
5.7176014943626301	1.0004995331072173
5.7192984880072402	1.0004327163501101
5.7200668032176782	1.0003256914303909
5.7208453167050219	1.0002862058283317
5.7226250323767527	1.0002946578299323
5.7256863473937942	1.0003621512766687
5.7269543530564402	1.0001608684132857
5.7293024458879458	1.0000953263837657
5.7313065974108390	1.0000733933952748
5.7340839625697342	1.0000723074855471
5.7415846049844159	1.0000444263683437
5.7444675498636997	1.0000238548493665
5.7473550348531761	1.0000154258593221
5.7573653286726509	1.0000168683104356
5.7676145920383020	1.0000077482559195
5.7738988941521026	1.0000014065376419
5.7910214186341555	0.9999996877404407
5.8053446393618442	0.9998280195335999
5.8112526872868742	1.0000437744670450
5.8129948101045530	1.0000261976046585
5.8148766144593251	1.0000116044435374
5.8170638072501868	1.0000029712300686
5.8201606757445692	0.9999989570377774
5.8271396559400701	0.9999981143449181
5.8464759312816845	0.9999973837603821
5.8657103106044133	0.9999725631003753
5.8730784547248884	1.0000019307003263
5.8760723833718567	0.9999994886368024
5.8797514847821262	0.9999975686599130
5.8891160790575432	0.9999975299822627
5.9160147199734903	0.9999969771303020
5.9498565039983839	0.9999942248075003
6.1661295711001003	0.9999953146747962
6.6575865778264118	0.9994983434404796
6.6655021308148585	1.0000975729592301
6.6678242046773404	1.0000399104140814
6.6697557452425249	1.0000136482160715
6.6719575701513456	1.0000026066313137
6.6754685909236988	0.9999984618682344
6.6879588529357008	0.9999985648833861
6.7011164985912748	0.9999938718460926
6.7792931453260490	0.9999953091470990
6.9777933073804013	0.9999982845836133
7.0653755579984008	0.9999854168937647
8.0108535531636456	1.0000023648917598
8.1972456335413799	0.9999973444871210
8.3159360524158839	0.9999775707772416
9.1251873663251022	0.9999772844104795
9.5282614220734434	0.9999828341240740
9.7187619232040454	0.9999163393043251
9.9703945887439147	0.9998456086883131
