0.0000000000000000	0.0000000000000000
0.4509853256042732	0.0000100000000000
0.4514436702820619	0.0000059675661861
0.4526493388160132	0.0000252977784611
0.4545930488245305	0.0000927862235769
0.4546655434436809	0.0000969202944645
0.4555198506053754	0.0001530269435053
0.4559492731146503	0.0002037590106528
0.4562953235773027	0.0002577655177863
0.4570456754066209	0.0003680572883124
0.4570714668340249	0.0003736962159850
0.4573523920961771	0.0004502145680007
0.4578906815962442	0.0005989309754978
0.4583047835963850	0.0007506477648480
0.4587403187940225	0.0009479247392219
0.4591468081218573	0.0011796783439814
0.4595799525611780	0.0014902466047342
0.4600194469751646	0.0018901329301914
0.4604717251740247	0.0024133141177963
0.4609296340652697	0.0030899149253034
0.4613939792626467	0.0039689080773795
0.4618619860304587	0.0051070320226694
0.4623347133917090	0.0065863215497951
0.4628128517348188	0.0085150345821724
0.4632947998322486	0.0110247982046308
0.4637810214223200	0.0142966519208281
0.4642727655671348	0.0185753967729381
0.4647701855042062	0.0241751008334171
0.4652746057016209	0.0315213733188912
0.4657851488413231	0.0411383715209811
0.4663023979222407	0.0537207259518079
0.4668269603599398	0.0701890190480467
0.4673455527533269	0.0910971984793595
0.4678903369736038	0.1192375927202902
0.4683812516573874	0.1510116461322628
0.4689735553445489	0.1985037093902462
0.4693330827834461	0.2328024766353355
0.4700435723821089	0.3106687660511199
0.4707984991992854	0.4071971464601409
0.4708431939460359	0.4137112552223087
0.4710429994851491	0.4428378552219271
0.4716420187059154	0.5302817500444925
0.4717311615339068	0.5506055498637878
0.4722856104546960	0.6241227599474410
0.4727683108407867	0.6850718820464138
0.4731264860402981	0.7329570546622346
0.4732990717262205	0.7421277853809671
0.4740468277638176	0.8230206425707475
0.4746664567746262	0.8714438950890063
0.4751210410510671	0.8958767936577601
0.4754698874794189	0.9106074206490176
0.4762908509805306	0.9448488276181997
0.4772418940588962	0.9683352549864644
0.4779319432449216	0.9790578375572341
0.4789316094081020	0.9876105453136447
0.4793700103139522	0.9894135853686363
0.4815702236240317	0.9968895037743164
0.4825472037519121	0.9990196610726556
0.4830181127449529	0.9990225134086139
0.4838236972383252	0.9994693409184650
0.4847068289788919	0.9997182214590604
0.4853450155900514	0.9994593070091763
0.4869889803883927	0.9992575549572132
0.4884897827552416	0.9990628809926453
0.4899449169337242	0.9988888437471714
0.4916964701182920	0.9986908891257880
0.4928117980826150	0.9985651067509421
0.5018421061843098	0.9995038860207573
0.5055727945425150	0.9997226829989203
0.5112090805752519	0.9997686415628361
0.5147183003909692	1.0002061804653535
0.5217253922645210	1.0003759118770925
0.5492370341764986	0.9919174661734990
0.5531792447007062	1.0006733654778568
0.5553410572697816	1.0003067295067347
0.5571968587172639	1.0001995454836716
0.5581684576562306	1.0001217067450578
0.5596162136329287	1.0001176628922985
0.5612590207928897	1.0001369119648749
0.5632189760905264	1.0001696367845343
0.5663571075584221	1.0002278008774674
0.5773755998161635	1.0004378606320026
0.5780644333892618	1.0001462093169071
0.5798427934277747	1.0000877511321964
0.5818052543588448	1.0000738823792776
0.5839804501707426	1.0000733258791938
0.5886773621165637	1.0000838812724517
0.6057986979623561	0.9967053760974069
0.6100410352629558	1.0010052097806414
0.6106173032643808	1.0003016996027112
0.6125667617595558	1.0001890374046243
0.6143101815923674	1.0000897359252556
0.6159174657636614	1.0000415975522623
0.6175669921428354	1.0000240549605350
0.6194076183418341	1.0000205021340740
0.6218950556918666	1.0000245142689081
0.6272504866592316	1.0000398910593382
0.6363886107542945	1.0000309640077933
0.6388256322007275	1.0000166728349433
0.6412732851355805	1.0000108420562928
0.6453931426342205	1.0000097393070950
0.6627897959143427	0.9994801267969126
0.6679497298473480	1.0000775587283912
0.6698358908671709	1.0000603778738415
0.6715581756839960	1.0000334333177094
0.6732191267148782	1.0000162282671434
0.6749615576129312	1.0000076912462708
0.6770020557958999	1.0000041415660759
0.6804208139234845	1.0000048021022114
0.6839369858402836	1.0000052146113902
0.6912406540778854	1.0000039495119273
0.6935126196848872	0.9999999191739003
0.7006178797929965	0.9999982866140227
0.7211620529676491	0.9999977350516521
0.8064244236841023	0.9999983464003852
0.8129688000914472	0.9999593365206076
0.8206506709116174	1.0000146949244642
0.8221576333098046	1.0000065701670977
0.8243087058662797	1.0000023936213027
0.8268696526513678	1.0000000422971738
0.8311871850258220	0.9999990906966510
0.8446653363161211	0.9999985271041890
0.8919234053031161	0.9999992099926182
0.9243007740699634	0.9999978219586961
1.1726314671141083	0.9999987004467195
1.3987194040703095	0.9999990596818935
1.5504637180442600	0.9999976223969581
2.5075178480286779	0.9999978337715359
4.1632263658222701	0.9999973282450972
6.7709020172446861	0.9999953451019972
7.3835820167774111	0.9993709294720334
7.3878533273405207	1.0003205006463864
7.3901725301392327	1.0001605549450086
7.3919949821800577	1.0000897676727014
7.3934190184863660	1.0000568024538830
7.3950308224490495	1.0000494566057234
7.3977476201533410	1.0000595636730925
7.4062328669280220	1.0001103004361713
7.4103333577307380	1.0000275076416154
7.4123409403151443	1.0000005648687118
7.4183104413395968	0.9999928085855229
7.4632223904867461	0.9999942076899089
7.5756212498067850	0.9982387069047082
7.5827351903395197	1.0007055261606912
7.5834824328641206	1.0003552834814984
7.5846269762419460	1.0003268426448486
7.5849594970115959	1.0001459745922356
7.5863674357374249	1.0000576257252771
7.5882765060874569	1.0000203341174900
7.5904629668912147	1.0000030134735920
7.5940515026000579	0.9999965017892125
7.6056311475151457	0.9999981987867014
7.6183636728396804	0.9999969196822769
7.6291533023512201	0.9999908665844243
7.7052991164105702	0.9999916960485742
7.8870808666935757	0.9999902815607111
8.2365747702265661	0.9999923249721948
8.7100456565192914	0.9999898385427282
9.2161831914571124	0.9999809495396547
9.6332907128409673	0.9999553850489310
