0.0000000000000000	0.0000000000000000
0.4828762418436358	0.0000100000000000
0.4834516820619989	0.0000100028441410
0.4844027875699132	0.0000290034386314
0.4856271161274053	0.0000532226816806
0.4859840372567665	0.0000725975574621
0.4868288065432756	0.0001341766403307
0.4875153948480273	0.0001870029592366
0.4880472393871596	0.0002541695832976
0.4884831042937285	0.0003378781203421
0.4891343970829414	0.0004747430754198
0.4896898391239473	0.0006369238464160
0.4901109605744272	0.0008020875754935
0.4905638172186194	0.0010216121328708
0.4909878513784396	0.0012815226525766
0.4914313322059360	0.0016273373717355
0.4918879638827290	0.0020812289389908
0.4923493529538006	0.0026680902236092
0.4928140390026092	0.0034260757680397
0.4932830390896177	0.0044091388116111
0.4937556669502179	0.0056846465866386
0.4942318496797942	0.0073418474309102
0.4947124164385707	0.0095012910648735
0.4951978141643206	0.0123207644384789
0.4956873609765677	0.0160002376679621
0.4961811264309332	0.0208051883049859
0.4966801263510908	0.0270943944203087
0.4971849908696211	0.0353333036152666
0.4976964159263585	0.0461397384040732
0.4981942171313155	0.0596828769812254
0.4987158999659954	0.0778306165056797
0.4992568031111445	0.1018557008716139
0.4998132783245101	0.1334814580690444
0.5001318893953079	0.1554156987559198
0.5006145176211997	0.1943010092777037
0.5012202490468797	0.2525855875175460
0.5018796683038741	0.3277868399714314
0.5023912446899941	0.3946577444950979
0.5028626968833094	0.4617685322778520
0.5033536724772011	0.5334021557851163
0.5043151149214292	0.6673200924759082
0.5052213065563546	0.7770525041289958
0.5060048824130652	0.8490458080799085
0.5064348940521368	0.8665484488887899
0.5080003121229393	0.9426551116461185
0.5098059091945017	0.9804668551508328
0.5107542378820613	0.9888905608418704
0.5117630372950553	0.9939653787029906
0.5125867800950370	0.9936491655660054
0.5142549726834658	0.9946148254782418
0.5157696982854133	0.9957649078168117
0.5170282152945331	0.9983492889495738
0.5194902216132677	0.9994850357819718
0.5213494959888538	1.0004983262524987
0.5246571061930910	1.0015813371005529
0.5312338532784074	1.0007773841553091
0.5331662961692057	1.0005788953741115
0.5346379615915042	1.0005623948224176
0.5360110855300380	1.0005912965681838
0.5378667411394051	1.0006543538252093
0.5402814367324779	1.0007433274320725
0.5421454757228195	1.0002731848623740
0.5442281614383022	1.0001697602251136
0.5459585509306244	1.0001437024055069
0.5476875473055638	1.0001409939512942
0.5501146564957589	1.0001497155780290
0.5593660841492361	1.0001978200460147
0.5596586464868857	1.0000836967565478
0.5617476497315541	1.0000470261237129
0.5638687410606079	1.0000349831714928
0.5663855133206650	1.0000317773775673
0.5753175363512680	1.0000367299197481
0.5887191959511168	0.9988035677233645
0.5937353528856736	1.0004389814635386
0.5941953811986929	1.0001919416619487
0.5955345454566332	1.0002508378447639
0.5960223394565051	1.0001141132004143
0.5973625984630323	1.0001195277914334
0.5978242529171143	1.0000591631560882
0.5989486560498137	1.0000522237594702
0.5995071888375926	1.0000290479574658
0.6005445372539638	1.0000242378793440
0.6012838881762577	1.0000160642939713
0.6023533201232600	1.0000140407292755
0.6034384818829143	1.0000118854369231
0.6048356256225620	1.0000118775905904
0.6073685126995498	1.0000126526367408
0.6190070137593299	1.0000254024794093
0.6204056453089675	1.0000134592585894
0.6235426350674033	1.0000069077106037
0.6262222740468658	1.0000034821353367
0.6367490089048902	1.0000037290424935
0.6514619874647019	0.9998128381659420
0.6570149562691791	1.0000369670053308
0.6588757751897276	1.0000296743637280
0.6606518055616045	1.0000169691872867
0.6624246239062144	1.0000080789173322
0.6643023022880968	1.0000029438878524
0.6669662492468235	1.0000008029385854
0.6730033348231471	1.0000013892363646
0.6840071750334215	1.0000008537855833
0.6915255634001516	0.9999996189531127
0.7014270750055545	0.9999987476444890
0.7098253148644266	0.9999725122339902
0.7170499721935817	1.0000132147207943
0.7175782456092639	1.0000062177218059
0.7192838227197801	1.0000022630540129
0.7218530232647252	1.0000002834862753
0.7253256843338478	0.9999990260003232
0.7334503903000034	0.9999988418151843
0.7511426593421292	0.9999982179318241
0.7889270611288151	0.9999983285001836
0.8446625119927670	0.9999979098666865
1.0035990874296268	0.9999979274824756
1.3487449139949708	0.9999978190292900
2.0352170528955611	0.9999974270501522
3.5338249554931016	0.9999967179623986
6.6818608528697467	0.9999945474658738
8.7878458165162030	1.0000938048529875
8.8054933809462845	1.0001186215413533
8.8068946163259803	1.0000171893980370
8.8111617739684949	0.9999965982415950
8.8235689600082168	0.9999931234434787
8.9171891891413608	1.0000208443067318
8.9304118147842892	0.9929607853743820
8.9349491962639060	1.0020266829558024
8.9356640871352120	1.0006365427021875
8.9373331690050541	1.0003236307871262
8.9388829393119824	1.0001585621793390
8.9402010439396005	1.0000555328902476
8.9420968440279118	1.0000148018884911
8.9449692599937976	1.0000000713916797
8.9525017298327043	1.0000061274914276
8.9655904661394619	0.9999985236564737
8.9771774266078150	0.9999903900174607
8.9923151475069574	0.9997018366105049
8.9971101794284145	1.0000503627818940
8.9994892924360741	1.0000220354270419
9.0019099133863616	0.9999957047443434
9.0060626734973628	0.9999864509568355
9.0172384620259063	0.9999862237419400
9.0399312726117582	0.9999913727700585
9.0485011445161785	0.9999770906385584
9.1462849676063112	0.9999803266949095
9.3061256393878544	0.9999751240386026
9.6511416444503517	0.9999613880804812
9.9031755835004418	0.9998471378843594
