0.0000000000000000	0.0000000000000000
0.4960571752663361	0.0000100000000000
0.4965601198921880	0.0000089065904575
0.4977582320941139	0.0000260014997858
0.4996918208531863	0.0000884458686904
0.5002835135482662	0.0001258184689526
0.5007461904142003	0.0001782108090853
0.5016096597001840	0.0002702885968458
0.5019658270951246	0.0003376924219537
0.5021407509711669	0.0003855950792557
0.5027937212316438	0.0005424077286822
0.5032364725884070	0.0006875169562834
0.5035965024873829	0.0008383811274634
0.5040157588520646	0.0010494429562626
0.5044234192270580	0.0013053930177067
0.5048747268012890	0.0016630258685864
0.5053231479747609	0.0021175014659681
0.5057797763497963	0.0027078333954036
0.5062444688383833	0.0034763617841351
0.5067116881133263	0.0044690780798643
0.5071830652783117	0.0057579106971777
0.5076583016030903	0.0074331146648488
0.5081381868154633	0.0096170479073427
0.5086216253953563	0.0124607916960367
0.5091089705223736	0.0161695494460175
0.5096020355150930	0.0210265377115178
0.5101011935125134	0.0273934244310083
0.5105988158573975	0.0356032673526541
0.5111010670815461	0.0463041363620398
0.5116191622318711	0.0605338871952576
0.5121380097078030	0.0788285653351028
0.5126749669135477	0.1029894126001922
0.5132312147378694	0.1347793323973530
0.5137920143123402	0.1756002786728483
0.5141331710748255	0.2054623506264087
0.5147706964894270	0.2703105921853723
0.5154690449084216	0.3567486553154018
0.5163379807202981	0.4797225126870127
0.5184099388878125	0.7543962523675655
0.5186637576779279	0.7708934540530898
0.5197111829658995	0.8684000538088696
0.5200895972511212	0.8890786923880304
0.5212540763716835	0.9377692551979033
0.5224815295754057	0.9628297221823978
0.5258924557237180	0.9965067618006701
0.5279186615673782	1.0015500708767406
0.5288553755487743	1.0006923856316823
0.5301670714909520	1.0006463723039229
0.5312207280372090	1.0003303016903413
0.5324414266807420	1.0002415958934903
0.5333654940032999	1.0001223052924706
0.5344397314181603	1.0000729332482527
0.5354781842191183	1.0000438152857116
0.5362780344761030	1.0000127555629095
0.5374194060548404	0.9999948863497014
0.5387743874568809	0.9999797999442883
0.5403350420244530	0.9999659639884597
0.5422982809656074	0.9999515583301432
0.5446858089778539	0.9999320574492985
0.5522624811257696	0.9998852478255912
0.5657412568659604	0.9997927769365506
0.6253675762719568	0.9998755217919288
0.6326634809822412	0.9999263280847593
0.6386511574638233	0.9999392345039992
0.6440987511375457	0.9999638567936219
0.6794762501248872	1.0002303119680569
0.6909669525882473	1.0001043616031984
0.7140183643199388	1.0002544834109561
0.7146879120844735	1.0001587609006100
0.7173145120958372	1.0001528530762029
0.7191659096304776	1.0001569622884838
0.7227942480590133	1.0001760803693571
0.7409815581723290	0.9920175134517902
0.7449381816818957	1.0022351199438650
0.7455451860300641	1.0004820258414031
0.7477131562836810	1.0003202402633935
0.7492015894047729	1.0001477849829978
0.7506406039808894	1.0000776993893621
0.7522151272491893	1.0000575225301513
0.7539432590354121	1.0000576372956114
0.7560939045040244	1.0000685199760362
0.7600597213732808	1.0000958577671182
0.7695560966561702	1.0000503948826991
0.7719095997640769	1.0000166338118053
0.7738729387110456	1.0000040777058068
0.7765412105401355	0.9999994501992705
0.7839434269852718	0.9999980018914350
0.8468813179801711	1.0000003312050079
0.9239176052969378	0.9988212255213079
0.9290505917499458	1.0004515090027313
0.9294347180929614	1.0001826777538574
0.9308719156031595	1.0002484216301510
0.9312894088239385	1.0001095313157011
0.9326950870328259	1.0001167023902275
0.9330814568794776	1.0000561092903788
0.9342414706230783	1.0000495177457327
0.9347641986144180	1.0000266615552604
0.9358857126461972	1.0000223467339029
0.9365499341012693	1.0000140098438965
0.9378983362244657	1.0000127858008157
0.9387023573700445	1.0000099819979835
0.9411714829447124	1.0000100923144655
0.9484228989141656	1.0000055400456360
0.9524761274580889	1.0000008570074796
0.9560368612665603	0.9999982677297902
0.9785208955649003	0.9999981739560835
1.0200258397136082	0.9999977328511902
1.1168911084451223	0.9999974439255490
1.4245080849007408	0.9999975450752123
2.0303633187410677	0.9999971504353399
3.4064967870660450	0.9999966235990833
7.0599180159266650	0.9999945906725546
9.3873458335037689	0.9999875351058898
9.6051883310549790	0.9934691446011009
9.6102198719182503	1.0012144438249602
9.6114297096690375	1.0005023960829478
9.6136665792736338	1.0005302401228815
9.6162569440495904	1.0007141931326018
9.6171201682782961	1.0001664203672758
9.6194999712391152	1.0000114531051030
9.6230984127445591	0.9999589779608790
9.6416891687496804	0.9999619416319906
9.6806143338997561	0.9998904525994703
9.8135852694826866	0.9999647520037878
9.8497302341252855	0.9998771747688413
9.9193919358274965	0.9998841801215912
