0.0000000000000000	0.0000000000000000
0.4901873139665991	0.0000100000000000
0.4908079621793359	0.0000094549132117
0.4917345328787997	0.0000282639432371
0.4928959034277504	0.0000506609957586
0.4932218986708757	0.0000678220416963
0.4940927447312448	0.0001304937405869
0.4948095245039513	0.0001836702235339
0.4953522295422929	0.0002658540063916
0.4961471969518539	0.0003884516235042
0.4963865165752649	0.0004585104407384
0.4969336658941961	0.0006165183333331
0.4974328565326067	0.0008038686941196
0.4978114665167458	0.0009881912214872
0.4982177017609019	0.0012279074005993
0.4986731250123746	0.0015683332909472
0.4991398135100029	0.0020165989162291
0.4996068399623212	0.0025938346325936
0.5000767493138477	0.0033406863308298
0.5005490037619718	0.0043070445032587
0.5010249535776513	0.0055620293071388
0.5015030484210026	0.0071886669711629
0.5019841131695202	0.0093027007792986
0.5024690058904094	0.0120574663155788
0.5029587589215322	0.0156568577648102
0.5034538404151642	0.0203664854604785
0.5039514727914257	0.0264949091948164
0.5044553192233269	0.0345299850224567
0.5049663435597513	0.0450795209794242
0.5054623022650541	0.0582643059805852
0.5059550491649496	0.0750403618415904
0.5064823416283400	0.0978820671517476
0.5070363181171567	0.1284175485128397
0.5076068557506705	0.1683703080978964
0.5079471469539022	0.1969895033804836
0.5085353580479033	0.2544425172382830
0.5092413537040027	0.3370653830244631
0.5101127794111701	0.4511611960030585
0.5102856774891918	0.4838795891863698
0.5105206978301612	0.5204736111369694
0.5114538306836002	0.6485547748376511
0.5121773224822065	0.7394240297106015
0.5126504446843511	0.7903245280377125
0.5130308057784949	0.8169761185945236
0.5145191372018334	0.9154840444978116
0.5145329432238321	0.9123223612858639
0.5147024779004838	0.9186947278125510
0.5153572520148326	0.9458352138192428
0.5169954018120588	0.9794616854192157
0.5181081633473833	0.9893014617303023
0.5191432574765917	0.9938889348536658
0.5200737889669272	0.9967132368850139
0.5211131394748950	0.9984753762285844
0.5217089401977915	0.9983259145575808
0.5232986874482962	0.9991467262681386
0.5246165436863871	0.9997293179922828
0.5255973627453610	0.9998753997656955
0.5275849721413961	1.0003840061459974
0.5279291420312706	1.0001332010581010
0.5297185928771506	1.0001443057371640
0.5311394263334358	1.0001015923142436
0.5324272087231536	1.0000603446794296
0.5338251342904612	1.0000382527054514
0.5350242785250612	1.0000204156001142
0.5365100684084306	1.0000125969918203
0.5376978243375339	1.0000065206572450
0.5395121266005934	1.0000038067529384
0.5417986021346528	1.0000023852458504
0.5437001564637112	1.0000001812709769
0.5483657077321612	0.9999989219321581
0.5571452129571671	0.9999980591314588
0.5735230737592055	0.9999966105364306
0.6045245576471399	0.9999945631787595
0.6575267812951727	0.9999939944190387
0.6728192395172030	0.9999916430478940
0.9041267574287721	0.9999838635473847
1.4897976627410450	0.9999925521856817
2.7558900275940355	0.9999974632713139
3.2676059623793283	0.9999999643705249
5.1367701568165085	1.0000032187115322
7.1647781690118455	1.0000059795065013
9.0198648754749158	1.0000193527887591
9.2018917904189870	0.9910027988808581
9.2055013779667085	1.0013674563394321
9.2064259525871570	1.0005792633774762
9.2085594303110962	1.0009054411374336
9.2099068295397952	1.0010403112301012
9.2115434246937777	1.0004225819855674
9.2138526860598091	1.0003050426544624
9.2159009777466174	1.0002917438660386
9.2185603418715587	1.0003377317395801
9.2190592364072774	1.0001279993507173
9.2219277464425886	1.0000649933896604
9.2261429410067741	1.0000525245723679
9.2313458117274489	1.0000037539846380
9.2361686160620700	0.9999783097373270
9.2643046555014479	0.9999746140605539
9.3364182518443979	0.9999734550163424
9.4075849549851984	0.9999757738908177
9.5577379883833249	0.9998449340590774
9.7492058128901107	1.0000041822045906
9.7800159650175917	0.9999556780720142
9.8820393895451470	0.9998124266902404
