0.0000000000000000	0.0000000000000000
0.5034098881315489	0.0000100000000000
0.5038652546277652	0.0000108889226034
0.5049901196748671	0.0000164688519406
0.5052906091359568	0.0000272693189238
0.5057951517774495	0.0000378375935208
0.5063554616510265	0.0000545745478459
0.5067851524940640	0.0000799946651150
0.5076765839796771	0.0001459056088238
0.5082655323870253	0.0001923132064030
0.5088594167778608	0.0002780034433018
0.5094574725510078	0.0003687414841674
0.5096203534492768	0.0004179590963194
0.5101808288857009	0.0005644411396816
0.5105537384114633	0.0006941039709648
0.5109827315537631	0.0008719410654788
0.5113276116565337	0.0010511160100850
0.5117455993841649	0.0013142790394814
0.5121876393533228	0.0016671070780593
0.5126356862302667	0.0021229274118568
0.5130916302197586	0.0027147553172364
0.5135422138729867	0.0034615156426676
0.5140034011362603	0.0044374694392051
0.5144736663873591	0.0057140921057156
0.5149490950007755	0.0073759051365145
0.5154288988960426	0.0095400561301711
0.5159128780516030	0.0123618107203454
0.5164000642249283	0.0160374135867443
0.5168917968539786	0.0208424257501321
0.5173903561195244	0.0271528832444117
0.5178875800913204	0.0352915103013228
0.5183989349384330	0.0460894725225187
0.5189171659842872	0.0601724592821705
0.5194439878547492	0.0786097020074654
0.5199830126737646	0.1028775556200885
0.5204721093440753	0.1306409660075876
0.5210507079542627	0.1712056234819212
0.5216543257306637	0.2239361095205914
0.5221023375319913	0.2713350838639731
0.5228767896764959	0.3658585214113241
0.5236581943597129	0.4729016837646086
0.5254370443509696	0.7087150755131507
0.5262869329762226	0.8068117007087390
0.5269623084932129	0.8630209711235606
0.5276856213687525	0.9077443066555073
0.5284742546640591	0.9362308892590083
0.5298365301020811	0.9720985962040191
0.5301052158209596	0.9764643119156610
0.5311792873705699	0.9863932548824055
0.5317682785365951	0.9897807387243859
0.5327632010687938	0.9945254346698505
0.5333971759107579	0.9963754252927708
0.5337688809339879	0.9954565498660410
0.5364986294347641	0.9953435581039611
0.5375746518286881	0.9971133497278437
0.5392755665060133	0.9973329929517244
0.5401327525355357	0.9988990486067842
0.5416537464596534	0.9994196449192220
0.5431140437033926	0.9999042095221076
0.5447865588830642	1.0002490358682536
0.5455147139234275	1.0007824761426098
0.5566712444327628	1.0006696731203766
0.5584979810527032	1.0004866042471430
0.5601227896268148	1.0004706509212260
0.5616085923322777	1.0004915152028742
0.5634224313828661	1.0005329545419710
0.5665323645187115	1.0006121645490436
0.5692943891546971	1.0002255074533608
0.5712630608997127	1.0001340525389852
0.5730453494866891	1.0001104828831948
0.5749213592744273	1.0001072278483980
0.5778446549749593	1.0001142204637903
0.5905301735043420	0.9999819806899125
0.5936909965752281	0.9999602802513529
0.5954689557674574	0.9999594911600701
0.5991314152106965	0.9999781902277434
0.6212882761385216	1.0000575647718468
0.6244930834976976	1.0000428926517115
0.6268150738528264	0.9987210495380511
0.6316363449924988	1.0004471048915877
0.6320826495066045	1.0001908459079001
0.6333798777090913	1.0002541320817606
0.6338956262597055	1.0001155767943330
0.6351725282741392	1.0001206616188600
0.6356835945350002	1.0000592812078219
0.6367419260817645	1.0000512064918698
0.6373551743071094	1.0000274903980007
0.6383762854091620	1.0000223969406776
0.6391145325283660	1.0000137379833658
0.6403112666875478	1.0000121071964363
0.6411989141476254	1.0000093378473889
0.6433372327696807	1.0000091033175165
0.6501640952901123	1.0000166924295151
0.6585563739607114	1.0000124738274783
0.6608886070564084	1.0000052587696846
0.6646364748642848	1.0000026712571133
0.6697152718139777	1.0000017693300449
0.6849087535882867	0.9998090326144168
0.6903588356478251	1.0000345574322040
0.6922079163361763	1.0000279282406692
0.6939685738389901	1.0000153596308576
0.6957364087863781	1.0000065326451204
0.6975998356411661	1.0000014003316664
0.7002426581417215	0.9999992937364184
0.7061500472088020	0.9999999710242655
0.7167115104692495	0.9999994589367006
0.7237651437970666	0.9999982103454323
0.7395690827862295	0.9999979815737871
0.7413357602753615	0.9999697147303945
0.7486039093010183	1.0000103676205832
0.7494229893477324	1.0000051003956114
0.7512774037424779	1.0000014852853187
0.7537707950506576	0.9999994182929653
0.7572052141705843	0.9999979814139829
0.7658333732531393	0.9999980437029283
0.7859621694194963	0.9999983171270089
0.8169694563229720	0.9999984623672309
0.8893681281605516	0.9999989989441768
0.9849224462417806	0.9999990241179980
1.2316022788642345	0.9999604395101078
1.2378964167646620	1.0000197469684347
1.2397368132693145	1.0000108256887010
1.2414421216705556	1.0000046558333053
1.2433997262837679	1.0000013349641201
1.2461173301936799	0.9999996836507355
1.2525883481822326	0.9999991048642962
1.2736646697259788	0.9999981323543244
1.3151193269985928	0.9999982350654221
1.4417532574719591	0.9999994276611783
1.5298313678333137	0.9999925267200753
1.8130661772096706	0.9999951775120065
2.6479234877466555	1.0000001475745526
2.7877972134666371	0.9999989443218288
3.1272904882569854	0.9999979530690030
3.9740112554420173	0.9999967741761658
6.4722844711973755	0.9999955820089016
8.0035818895772177	0.9999954188482598
