0.0000000000000000	0.0000000000000000
0.5229302701395762	0.0000100000000000
0.5234030228792511	0.0000020930165534
0.5243671129068066	0.0000194805342417
0.5248666391343666	0.0000262719037291
0.5253416591645343	0.0000432812487927
0.5263995332384812	0.0000849819731402
0.5267339655719606	0.0001150947947709
0.5276517626427102	0.0001800650497367
0.5281854410138797	0.0002432657684766
0.5286756237300757	0.0003339418190296
0.5292276412429219	0.0004466891396952
0.5297211336756905	0.0005808954261758
0.5301148420154930	0.0007199142054785
0.5305354838897408	0.0009016870052476
0.5308460624178682	0.0010660310923464
0.5312833213961454	0.0013458719443301
0.5317290076025735	0.0017113296176306
0.5321821860933765	0.0021854712833631
0.5326416921647714	0.0028002128341524
0.5331067307898576	0.0035977779403153
0.5335748044650723	0.0046298035877192
0.5340474678334859	0.0059713534786428
0.5345237284556389	0.0077144041281317
0.5350045884181041	0.0099867441384157
0.5354908998032981	0.0129572294764185
0.5359817049547412	0.0168352715047184
0.5364768364818300	0.0219009725028279
0.5369767338663659	0.0285234016421011
0.5374831387547570	0.0372096884040904
0.5379962691838253	0.0485761207651501
0.5385156173865102	0.0634173183920488
0.5390422665727141	0.0828727173719720
0.5395084742806497	0.1046974909633106
0.5400283521646499	0.1348756738622152
0.5406281717609366	0.1782794730928821
0.5410479825023915	0.2161794323967202
0.5416620637143665	0.2798655523731339
0.5423594179429021	0.3671463875123494
0.5433841281257700	0.5197591270506851
0.5445306052584077	0.6733908017462445
0.5451303517176195	0.7459900809153962
0.5455387455102065	0.7878793305007284
0.5460518456792171	0.8393720193287625
0.5460688584187648	0.8297768748403762
0.5475231512425836	0.9160091008649319
0.5481963357127437	0.9449629180450918
0.5487246432138165	0.9609458011809602
0.5491905524365104	0.9708284098532922
0.5495126592539601	0.9747335340825144
0.5503262654192301	0.9843040652855611
0.5512176613120345	0.9906491886233081
0.5518665977233544	0.9934108951058142
0.5527409334667205	0.9960450142239204
0.5536221762622304	0.9976723958679050
0.5545822626269064	0.9987184663598442
0.5554997896191747	0.9992304576348412
0.5564874059178186	0.9995810794511035
0.5574391654379929	0.9997706784128357
0.5583837242380792	0.9998721431958072
0.5593695629337371	0.9999334466000683
0.5603822459010518	0.9999675826798324
0.5613950562747518	0.9999850103843583
0.5624068331153613	0.9999932403296672
0.5634698240805266	0.9999977236302444
0.5644879148074071	0.9999986376288145
0.5656566268352169	0.9999992348591642
0.5669721479274784	0.9999992264985617
0.5686749742407144	0.9999996614812062
0.5701690899028602	0.9999988742914907
0.5728515355006881	0.9999986932553676
0.5779668140638469	0.9999978739480662
0.5925458308738341	0.9999985628768200
0.6068764838611814	0.9999978603425892
0.6613430676763034	0.9999981430991888
0.7654040966260647	0.9999981294308827
0.9848610608679575	0.9999981058526664
1.4446196014716517	0.9999980698835897
2.0866462853076739	0.9999975079462713
3.6549717849297072	0.9999976245734314
5.7512430244533830	0.9999966566979627
8.2916812825608854	0.9999885862146752
