0.0000000000000000	0.0000000000000000
0.5326249375652239	0.0000100000000000
0.5330912838567908	0.0000062275366233
0.5343098357364506	0.0000207296509556
0.5345843941573873	0.0000439778627023
0.5348101625640025	0.0000392998252977
0.5360916596589997	0.0000794949309385
0.5367903332870976	0.0001218052218970
0.5373175337908591	0.0001758482856174
0.5376656450592393	0.0002251417153443
0.5384216312512864	0.0003144433948271
0.5386916671501429	0.0003700773680196
0.5388091046337887	0.0004083485688248
0.5389284757249271	0.0004358840396486
0.5395795521967268	0.0006171280282543
0.5399812302966384	0.0007689212099830
0.5404343398878590	0.0009799110524791
0.5408512708123434	0.0012250799549315
0.5412971856087677	0.0015570304280558
0.5417422159854901	0.0019797097440144
0.5422016652500018	0.0025359183591428
0.5426647998035617	0.0032543321633901
0.5431330242312810	0.0041871423244638
0.5436053914216560	0.0053983330992039
0.5440814003281496	0.0069719005908989
0.5445602679264768	0.0090158626883409
0.5450425112039574	0.0116773939866025
0.5455298371792010	0.0151572731904492
0.5460225689738567	0.0197120479833660
0.5465189131388373	0.0256514661863163
0.5470219768832637	0.0334456526560890
0.5475350703302575	0.0437168559583619
0.5480525963065009	0.0570830503584300
0.5485763547921012	0.0745257123960766
0.5491061681083003	0.0973144367160481
0.5495797912483514	0.1231323671323197
0.5501604564868653	0.1622556985472192
0.5507603928146272	0.2128200688025357
0.5511403316009706	0.2507109090666051
0.5519199844687613	0.3414442647174268
0.5527605165163760	0.4533657132515503
0.5541089752980979	0.6481433283657354
0.5548307029488067	0.7449698569414523
0.5548860869772585	0.7467069244796817
0.5549017391197345	0.7484463141926182
0.5549124170088603	0.7496554330653269
0.5549326492082597	0.7518492487101117
0.5549432038361402	0.7530587134668330
0.5549976822018764	0.7588450778077831
0.5550490101425650	0.7643636121890399
0.5551075471319208	0.7707272946120517
0.5551286250606469	0.7732043620987679
0.5552517871084915	0.7860138511347032
0.5555654841484017	0.8161155096452846
0.5557105868264688	0.8177058050797985
0.5565346005587013	0.8843921769225782
0.5572660005221445	0.9201352914135524
0.5580617917022159	0.9492692186619036
0.5588492154794160	0.9665985989219780
0.5598074064823971	0.9811515962420486
0.5604028027575859	0.9860019310403338
0.5617635896621600	0.9941554946733060
0.5628365056881804	0.9967975984854709
0.5639937937258006	0.9983820243931331
0.5651426946651952	0.9992148029955854
0.5663468061402909	0.9996661174674951
0.5675788494471751	0.9998458221424179
0.5686492691804222	0.9999062791294879
0.5699725902934663	0.9999705529501318
0.5708170590559890	0.9999837038555656
0.5717067442263176	0.9999916531246050
0.5729236242850758	1.0000010816831657
0.5742706372960290	1.0000044387420375
0.5756794109467808	1.0000042951736912
0.5770799920715622	1.0000026085537628
0.5786563219892118	1.0000011978408594
0.5804983669354932	1.0000002360261968
0.5822392190221525	0.9999981527767702
0.5878670870601665	0.9999986362489496
0.5946222318361424	0.9999982137412277
0.6128337107670729	0.9999985341265537
0.6350317750510814	0.9999986126813137
0.6695851739694054	0.9999978084419877
0.8013644230585764	0.9999980318405435
1.0679888855987172	0.9999980092308531
1.6390755964998360	0.9999979229714044
2.7832194921931910	0.9999976427720426
4.9293298505994541	0.9999968480185075
8.0829584447879945	0.9999904117090671
