0.0000000000000000	0.0000000000000000
0.5267393709207848	0.0000100000000000
0.5272130596387676	0.0000093424833970
0.5282989859595401	0.0000280129748414
0.5287193177457844	0.0000380266073827
0.5297818427240347	0.0000739825384119
0.5303309754825283	0.0001101149619090
0.5311884900419610	0.0001634944512284
0.5316107776865696	0.0002169067287832
0.5317211104231115	0.0002305152315735
0.5319618558384486	0.0002756705882973
0.5325989273493986	0.0003686017741818
0.5328302152113931	0.0004347830540929
0.5334584494999297	0.0006069379092496
0.5338467278016523	0.0007510848091881
0.5343017632711742	0.0009570951271311
0.5347138891996831	0.0011940137009085
0.5351571026135897	0.0015156010460590
0.5356037940970360	0.0019289476034493
0.5360594783938539	0.0024669637219602
0.5365213399121329	0.0031647564335686
0.5369883994215219	0.0040702785562309
0.5374587270718192	0.0052428320103031
0.5379337365941850	0.0067675045613629
0.5384136960916699	0.0087541020586991
0.5388984149406911	0.0113451413807688
0.5393872073103291	0.0147244383023043
0.5398769134552076	0.0191065038714455
0.5403698339514974	0.0248170364629450
0.5408711377435773	0.0323330732918317
0.5413750147429341	0.0420961606752164
0.5418878621962834	0.0549254476508832
0.5424120142823221	0.0718249273698267
0.5429273962298818	0.0931371495929404
0.5434734697639909	0.1220022177096277
0.5439321281673001	0.1524799678800384
0.5445372315445330	0.2015426492042503
0.5449702411164246	0.2426233041649202
0.5457508793224717	0.3321579927814251
0.5465729710235392	0.4448853124675624
0.5475801476925879	0.5866923399582270
0.5479319253436957	0.6374930993731601
0.5479956410479918	0.6506891259597618
0.5480076979579002	0.6474877737359387
0.5482163282680227	0.6718977985725240
0.5491052346966036	0.7783372584069947
0.5493236398774313	0.8010502073779942
0.5498866931651862	0.8375348049052311
0.5505492631066915	0.8897089517907046
0.5513920852680083	0.9286484347083839
0.5523529491568822	0.9592571737781663
0.5533301450250068	0.9771460254479942
0.5541266262638149	0.9842624363111114
0.5552623107686423	0.9919483407281989
0.5561760586617132	0.9953817215115589
0.5570684390860193	0.9971961632693028
0.5580728250986413	0.9984890184877299
0.5590676390517204	0.9991868074763413
0.5600102789111715	0.9995523063129520
0.5609416739559392	0.9997515312103070
0.5618951185442748	0.9998698436965329
0.5627487521811093	0.9999193867754791
0.5637572784647403	0.9999596090834967
0.5648277581401806	0.9999807729482988
0.5659687726311428	0.9999915049488560
0.5671803170653866	0.9999965092029568
0.5684929592670240	0.9999985834746274
0.5699751427111152	0.9999991714838447
0.5716931580729325	0.9999991012360494
0.5740638450710750	0.9999993150169816
0.5761075188092041	0.9999991186037187
0.5791909936259494	0.9999987577324603
0.5844653210492551	0.9999980290163657
0.5964350557673364	0.9999979025043334
0.6318664161504511	0.9999983229290219
0.6876806472440284	0.9999981464283755
0.8206815210627808	0.9999982227619261
1.0617473167307394	0.9999980207883796
1.6225100366922296	0.9999979645745939
2.7341523306930240	0.9999976987019107
4.9039989517333824	0.9999971241731843
7.6255516072188678	0.9999920233383235
