0.0000000000000000	0.0000000000000000
0.5351538036513989	0.0000100000000000
0.5355972147820960	0.0000089852704868
0.5371096490209426	0.0000300615003470
0.5374750425624045	0.0000443396352889
0.5382241428115115	0.0000688224794862
0.5389734747818756	0.0001111401350515
0.5396583132525854	0.0001734842190953
0.5402158163845071	0.0002253435640379
0.5405910541632060	0.0002883357294392
0.5411450202752532	0.0003705017151492
0.5412784826212399	0.0004147205357504
0.5419813481657096	0.0006056757467480
0.5423644611948448	0.0007465559808053
0.5427830859987612	0.0009342635346111
0.5431849944258470	0.0011587656526299
0.5436041071152085	0.0014523360148729
0.5440488650745404	0.0018458662936740
0.5444941440605788	0.0023472412274178
0.5449512755642981	0.0030027470290052
0.5454130712471994	0.0038510087512672
0.5458811294146323	0.0049553014544141
0.5463543091592863	0.0063925251024535
0.5468317343237876	0.0082626086698057
0.5473138817210981	0.0107015350665645
0.5478019356587317	0.0138928079926925
0.5482951962214803	0.0180647656052250
0.5487926806640659	0.0235120411452546
0.5492934984208487	0.0306185662182006
0.5497919457806504	0.0397809939314022
0.5503032924937297	0.0519357528751797
0.5508280155928161	0.0680084261109447
0.5513513785398568	0.0885453221780118
0.5518979511039248	0.1159943774141417
0.5523902155698646	0.1469668715840753
0.5529854470412395	0.1930222982147305
0.5535902922123972	0.2513514688880217
0.5540679476585340	0.3069700830866908
0.5551011856121854	0.4438957225141168
0.5562130663699086	0.6074332387891285
0.5565847920876044	0.6621953843664763
0.5566434141797960	0.6672524339637590
0.5568795530997751	0.6938099768097911
0.5577461949237740	0.7827804867034823
0.5588743967850887	0.8785762255448846
0.5594200876066587	0.9076343837961415
0.5613634828789302	0.9701575196717541
0.5626276864199171	0.9843973707083830
0.5637110558908257	0.9917956873239866
0.5648064947006105	0.9958585537182973
0.5660303284968931	0.9982193338057792
0.5673041273623284	0.9991636357294587
0.5679788082432083	0.9992667581017907
0.5694371216961638	0.9998156178702897
0.5699138699557500	0.9998095286411746
0.5709247518677508	0.9999224247220128
0.5722770414517450	1.0000056439432301
0.5735747401756068	1.0000250601437073
0.5748138520866785	1.0000234763454747
0.5759830947433557	1.0000165529185367
0.5771277060306954	1.0000103672772331
0.5782826616019709	1.0000058774273108
0.5795046000958554	1.0000029359697826
0.5807023924760738	1.0000003506842672
0.5822773244603747	0.9999991926885845
0.5839050170627761	0.9999977990832516
0.5900822595235525	0.9999984860279170
0.5992762199603830	0.9999989552005620
0.6096459441838785	0.9999984893349431
0.6248734071172228	0.9999976366979295
0.7050559634721149	0.9999985137953427
0.7917596399308198	0.9999980004893250
1.0460622022021011	0.9999980811335603
1.5533149376877171	0.9999979762052641
2.5848950049170902	0.9999977373104122
4.5179036735077256	0.9999970712925276
7.5303656217342114	0.9999941773882610
