0.0000000000000000	0.0000000000000000
0.5376001242308167	0.0000100000000000
0.5382501068492350	0.0000112233773381
0.5384424126762528	0.0000139730805090
0.5391162152743826	0.0000139796552590
0.5392970792061246	0.0000260509442696
0.5402518020065606	0.0000503114986999
0.5407976862538911	0.0000830616275559
0.5418715126478811	0.0001456526930422
0.5423423008743935	0.0001859990941981
0.5428575604266220	0.0002509766846913
0.5432851699166604	0.0003336266042833
0.5438855131267385	0.0004422454392210
0.5440341754397254	0.0004942468900299
0.5446461320910552	0.0006837388640660
0.5450325608206702	0.0008457638100698
0.5454731891988153	0.0010705907348027
0.5458918071921695	0.0013400619240504
0.5463261320219834	0.0016944344360415
0.5467761840168058	0.0021606276593999
0.5472316389533851	0.0027626324845621
0.5476935384014716	0.0035438011552602
0.5481603622386634	0.0045570185239768
0.5486329329476863	0.0058757679146805
0.5491102885454147	0.0075917412267121
0.5495919332073892	0.0098262016585484
0.5500755302739125	0.0127266661750465
0.5505632836288165	0.0165131204646671
0.5510574581962507	0.0214803635621577
0.5515569897938979	0.0279793225150446
0.5520628915357265	0.0364995593890605
0.5525711536376989	0.0475591027081583
0.5530918020676356	0.0621709686107437
0.5536226618713090	0.0813830292875441
0.5540888367296655	0.1027259455715781
0.5545731611443873	0.1303180635602027
0.5551748295760057	0.1726852049630750
0.5557789850148158	0.2261810045926219
0.5562302323536824	0.2755561516758775
0.5569074603292272	0.3604911954120406
0.5574965505005048	0.4412710823435207
0.5583804631145604	0.5658076102343211
0.5587394590017835	0.6153862181861187
0.5595661281676819	0.7238653162567160
0.5598524185629260	0.7553476546433001
0.5599795559487221	0.7788217881754960
0.5603897887743513	0.8102491633326518
0.5605509948055981	0.8100150436824771
0.5609499207816893	0.8590869543462711
0.5635443908159342	0.9648643791511334
0.5641919559861567	0.9745844944688129
0.5658403194354493	0.9905086667620694
0.5673162706316600	0.9947895391640103
0.5691135889921815	0.9997607653734061
0.5692831736663598	0.9988255931853700
0.5704709640923694	0.9996391915166046
0.5718719664281788	1.0000562042346275
0.5730134500358800	1.0000886887268101
0.5741002149139703	1.0000756895947676
0.5750968995414285	1.0000492021068383
0.5760850898589562	1.0000311488794962
0.5770766501878819	1.0000194301583816
0.5780785926769648	1.0000119257751796
0.5789297427296296	1.0000028351274899
0.5800822855468487	0.9999987211850501
0.5815428635285326	0.9999965536618516
0.5835341489096271	0.9999959919646839
0.5863901728217440	0.9999966677168337
0.5933961317641367	1.0000010191551507
0.5986627776096999	1.0000019563844040
0.6011707453238074	0.9999996086471682
0.6073389455363437	0.9999994780809004
0.6103129477173020	0.9999980863739902
0.6313253075994967	0.9999980809122533
0.6799764286632465	0.9999981280481256
0.7980723732162457	0.9999983539125814
0.9722450091063262	0.9999979991696626
1.4387333205972042	0.9999980579881266
2.3188783978605847	0.9999978272362154
4.0158858402154367	0.9999972983444869
6.8104325446054021	0.9999953436765751
9.4989211428350622	0.9999729981746778
