0.0000000000000000	0.0000000000000000
0.5655992068395786	0.0000100000000000
0.5662007904423997	0.0000092859106323
0.5671456450952170	0.0000103104964482
0.5672456799385335	0.0000215959612894
0.5682122557025787	0.0000461920733028
0.5685799912024959	0.0000596760643538
0.5688475001384574	0.0000786004452067
0.5693916292220880	0.0001218798119142
0.5703486818596881	0.0001944584709925
0.5704362236386146	0.0002043391937024
0.5710590437100617	0.0002793734517086
0.5713077093368871	0.0003309033366894
0.5720279356255670	0.0004835613533048
0.5724998346228849	0.0006279436985778
0.5730154299058130	0.0008262482478462
0.5734033419291699	0.0010199177904876
0.5738281326607052	0.0012814292898878
0.5742911944965308	0.0016439498141442
0.5747474534023256	0.0021032267634828
0.5752133282570300	0.0027041317760249
0.5756813982514341	0.0034801313000810
0.5761520309116548	0.0044846780360742
0.5766256778282604	0.0057880602316495
0.5771027595241579	0.0074827481534437
0.5775835392996274	0.0096895957446484
0.5780681630524671	0.0125671665314590
0.5785574232807249	0.0163278193771363
0.5790489735632399	0.0212198722701954
0.5795473889750959	0.0276415268738207
0.5800543665079845	0.0360891020374105
0.5805619506652473	0.0470090533373039
0.5810825428578915	0.0614524077562760
0.5816022039858816	0.0799719800318018
0.5821437023121628	0.1046609269293008
0.5826986480155629	0.1369765515868560
0.5830233538133960	0.1598274962119070
0.5835096910106512	0.1999793999613918
0.5841508931895836	0.2633488373822288
0.5848443118431711	0.3461537916975312
0.5856184586265949	0.4495481598776087
0.5857497030737614	0.4691078494286807
0.5858793480381435	0.4882917240917493
0.5859102934223671	0.4931851916696894
0.5874314472218046	0.7057510233740932
0.5876983886421450	0.7349740024454681
0.5879863066453361	0.7659161259600424
0.5883379610800227	0.7983288713520759
0.5887654234821009	0.8362366671098784
0.5905458757927294	0.9361576962799246
0.5916578160469661	0.9696518163439429
0.5927483252401488	0.9795897693103973
0.5939283473602168	0.9881932285881254
0.5961140799289794	0.9967988755122806
0.5991172687655539	1.0007021070634994
0.6007035365518755	1.0010116331306647
0.6017028748776507	1.0010074299836571
0.6022190110267369	1.0003784241152931
0.6038352083897499	1.0002459794816736
0.6051195516638521	1.0001317336615865
0.6063533713181135	1.0000700481696065
0.6074990754382572	1.0000359231307949
0.6086325955423468	1.0000178068241024
0.6098114861505567	1.0000083809638600
0.6110588502518962	1.0000033032783844
0.6125341921101359	1.0000006833751680
0.6144544673858466	0.9999982701841202
0.6194718247284717	0.9999984451209747
0.6251154218583818	0.9999976888907320
0.6466861256095221	0.9999979287030428
0.6740334518765158	0.9999971562120704
0.7548317406805422	0.9999962589846541
0.8890538461995011	0.9999941980246912
1.2314092309343798	0.9999896179625002
2.6920884251033987	0.9999952294593026
2.9425396885312933	0.9999978240931938
4.3578315368389049	1.0000020533262757
7.0016296764169681	1.0000051167217250
