0.0000000000000000	0.0000000000000000
0.5804746203842933	0.0000100000000000
0.5810783606529976	0.0000104831383646
0.5819511433898696	0.0000296024988543
0.5828872621808253	0.0000569171554167
0.5835494975606166	0.0000810018670237
0.5841074163528238	0.0001068869417392
0.5842291566716128	0.0001203404550543
0.5845821856372929	0.0001520042744323
0.5851816064605307	0.0002216243261899
0.5857876877324681	0.0002959968671824
0.5859666207758703	0.0003405990341774
0.5866312974288708	0.0004856047704103
0.5871972849582932	0.0006560273254198
0.5875947494596558	0.0008142388695421
0.5880224244034896	0.0010236433006625
0.5884384904772967	0.0012795889976866
0.5888918265744498	0.0016325751011977
0.5893427950122496	0.0020815593493953
0.5898021177476568	0.0026654462788031
0.5902677252849878	0.0034233918569004
0.5907357844236089	0.0044025310082170
0.5912080922442200	0.0056742301297842
0.5916845868134094	0.0073283686728630
0.5921650761672423	0.0094817760991123
0.5926501167715728	0.0122915668746300
0.5931386493573740	0.0159526801171295
0.5936321634298733	0.0207401547679183
0.5941316654903970	0.0270141255628716
0.5946296450193534	0.0351027244575491
0.5951273734420823	0.0455470557204229
0.5956395378407403	0.0593981284142447
0.5961715648004319	0.0779025741129888
0.5966555923646041	0.0993347670344342
0.5972038655593648	0.1298394927445468
0.5976587125061162	0.1615661596382308
0.5982710048994352	0.2133804508211994
0.5987556698848270	0.2611223648113113
0.5998027701069799	0.3847202659312184
0.5998784080006592	0.3965139886147978
0.6002637775138902	0.4581137102122544
0.6014180568909891	0.6221411467279087
0.6019901301713986	0.6987167679788977
0.6022332530770411	0.7271368768401799
0.6024236578335225	0.7357927836209068
0.6031565386505147	0.8188272038425305
0.6035233782473668	0.8488531357336545
0.6040676955451123	0.8881500422155841
0.6044507985532616	0.9087491403474327
0.6050554536825558	0.9290043313823864
0.6064934750665059	0.9689667035424037
0.6074717257197234	0.9818330973439048
0.6083892602754492	0.9885536971811081
0.6102036753448390	0.9924051473300713
0.6114376541506122	0.9953830635469511
0.6136577750637419	0.9985041173911925
0.6220432015343383	1.0010210735043135
0.6242833463120553	1.0008417555992970
0.6261320539789209	1.0009554207429734
0.6274002695171077	1.0010605995374677
0.6288747836257874	1.0012064207471629
0.6289750731866338	1.0003815307634276
0.6312159145396773	1.0002462963912648
0.6327738215300907	1.0002111047177593
0.6343327803433974	1.0002133076312607
0.6363224540354016	1.0002348044394533
0.6395373862363920	1.0002783745525241
0.6401884575528519	1.0001172180348543
0.6424524962092535	1.0000680921771108
0.6443601045226577	1.0000519301445074
0.6463673612273942	1.0000484865336490
0.6488649849617805	1.0000494639122437
0.6548738394203844	1.0000593484668501
0.6593630176537366	1.0000276247348525
0.6616900325797973	1.0000103780255163
0.6640923999513491	1.0000032252479125
0.6681727939473043	1.0000006736691476
0.6946010903683391	1.0000027480280389
0.7278901259521878	0.9994935624310965
0.7330271542238366	1.0000832337817209
0.7349022432035143	1.0000628582421376
0.7366277755257722	1.0000345812377927
0.7382778217644135	1.0000165580784268
0.7400152701546173	1.0000076469058308
0.7421429837180816	1.0000041256355614
0.7457577511736860	1.0000040375448225
0.7569135189744256	1.0000099843340939
0.7589179780824563	1.0000049240493449
0.7634457867822479	1.0000015983777721
0.7691819896754069	1.0000001969876522
0.7887361076482944	1.0000008000302683
0.7905416271112866	0.9999257640874789
0.7967041913410327	1.0000189976576364
0.7983414125529289	1.0000135294045056
0.8001070601531983	1.0000078135908081
0.8019371871443879	1.0000028137092474
0.8044058627975104	1.0000001929080136
0.8084061448340424	0.9999990835693675
0.8206772582367006	1.0000000682642698
0.8267024470111299	0.9999991602776401
0.8384375322011145	0.9999979640512808
0.8835414942525205	0.9999979792569311
0.9724984150200104	0.9999978104458358
1.1906901376375287	0.9999977575123793
1.6756050206472124	0.9999975625146916
2.6738024799591149	0.9999970663370997
5.0022199457118983	0.9999961088004137
9.4100290861158893	0.9999762722590191
