0.0000000000000000	0.0000000000000000
0.5814961739876569	0.0000100000000000
0.5819511433898696	0.0000108493379050
0.5830773361483542	0.0000169331818770
0.5832234844813294	0.0000283982094814
0.5841789558802524	0.0000604136172501
0.5849225216237324	0.0000886006421718
0.5855067512314770	0.0001312950456377
0.5860827051330227	0.0001753957631519
0.5865124447135082	0.0002376279896633
0.5871134949993115	0.0003140646245387
0.5873568466417006	0.0003722374461574
0.5879144873538639	0.0005006081997636
0.5883338454616445	0.0006302396106095
0.5888033227187998	0.0008076046532840
0.5891671418135401	0.0009844099412340
0.5895815138445526	0.0012288692807145
0.5900330351630427	0.0015654583020122
0.5904823066148767	0.0019939702146561
0.5909432610456274	0.0025554625835502
0.5914067265929196	0.0032792238814541
0.5918745201010199	0.0042175179750036
0.5923467332927996	0.0054363330621634
0.5928215194942792	0.0070155891133672
0.5933001171630503	0.0090687166465169
0.5937833895049193	0.0117459921488964
0.5942720171670165	0.0152459061762275
0.5947627438943435	0.0197929861935343
0.5952544619070439	0.0256903750434910
0.5957531839410172	0.0334309630171034
0.5962635334045909	0.0436728921972625
0.5967642680256436	0.0566151797351152
0.5972848691306073	0.0738924851145005
0.5977829506339145	0.0950332095708261
0.5983292410239344	0.1244337058790542
0.5988792824963555	0.1615305572932583
0.5994433954707198	0.2093755263156012
0.6000138177788475	0.2654273898984973
0.6005930490467619	0.3304640543720755
0.6007606839596010	0.3578841027248899
0.6014180568909891	0.4521802707462964
0.6016478830197542	0.4785310219720415
0.6029040032617987	0.6520650082020375
0.6029267820122022	0.6595488434700878
0.6036141642471226	0.7484260335124880
0.6040045096491474	0.7886805763375367
0.6044155527665742	0.8289048133259020
0.6045364312829438	0.8392447864309652
0.6046457063065389	0.8463997406323858
0.6047099564844082	0.8511380212514299
0.6050341772449958	0.8570699281476389
0.6063147828410422	0.9331287826269035
0.6070657987824973	0.9539865272303857
0.6074295639847952	0.9630606932877886
0.6082186137832269	0.9689650708734212
0.6086315174603840	0.9810546716293694
0.6103454649683137	0.9907237276507688
0.6173542020034390	1.0021338497141674
0.6183960076528086	1.0016601526390203
0.6190936600987845	1.0013479655341335
0.6204159761434910	1.0016095287364355
0.6216299288091984	1.0018990099857832
0.6220886934173073	1.0006752432166008
0.6237720577810911	1.0006272281967605
0.6244802773766394	1.0003917377431297
0.6263727385665045	1.0004049641124633
0.6278407471849198	1.0004394595613282
0.6289977956710894	1.0001888701236090
0.6313573023903625	1.0001174466119060
0.6330778061632873	1.0000916324095428
0.6349492522868051	1.0000901648547735
0.6369687490524542	1.0000977222720995
0.6402289265207237	1.0000570348385762
0.6427323223318173	1.0000360436900122
0.6447489220949943	1.0000276664482450
0.6471898370765877	1.0000228155452617
0.6502535492746169	1.0000215452527403
0.6553559980414443	1.0000236116996244
0.6595417363979791	1.0000117294556745
0.6622586751054822	1.0000037755239739
0.6656437618430565	1.0000000342442228
0.6764342448041868	0.9999989595440774
0.7280354651604826	0.9998083543682680
0.7334590411352350	1.0000406270891318
0.7352704652431802	1.0000316428622364
0.7369788660354785	1.0000175084571259
0.7387253609910400	1.0000079447887296
0.7407104213365158	1.0000028938554688
0.7434304920604143	1.0000007793802170
0.7489366124635306	1.0000007352458844
0.7630250645581118	1.0000010714851868
0.7672316711631775	0.9999998637253384
0.7757492001953386	0.9999988125056061
0.7913257264270485	0.9999750353602380
0.7979934523466176	1.0000112833211889
0.7988246771446841	1.0000060242275168
0.8006881708801529	1.0000023689576070
0.8031721746400569	1.0000002343799195
0.8067151254252891	0.9999989930522175
0.8151965154486038	0.9999988379413470
0.8350913974322047	0.9999983411570851
0.8683869709788434	0.9999982129512940
0.9318772400848990	0.9999979571416379
1.0939020634474770	0.9999979323242488
1.4737826962268163	0.9999979254871566
2.1865407482387882	0.9999975718042136
3.7003676891212649	0.9999970094955379
6.5475119263964769	0.9999951953988335
