0.0000000000000000	0.0000000000000000
0.5850092420547695	0.0000100000000000
0.5854606852925197	0.0000110755388199
0.5865729840458315	0.0000161901540374
0.5868149222932868	0.0000266986819143
0.5875058848902565	0.0000418894750327
0.5881293939961101	0.0000737305922206
0.5890710001739540	0.0001202343598450
0.5899853955817841	0.0002116001237668
0.5905984456001655	0.0002842877550247
0.5907269743003742	0.0003053726967159
0.5908636731959737	0.0003292216502041
0.5909304774652333	0.0003507788605654
0.5915191478631483	0.0004879391343422
0.5919443077449856	0.0006109710000797
0.5924668989092996	0.0008126440183728
0.5929593003467217	0.0010573755482713
0.5934109388253571	0.0013466988745208
0.5938676823503530	0.0017230935445538
0.5943319923787331	0.0022133002347219
0.5947986994461485	0.0028458792412967
0.5952676243020441	0.0036629462778680
0.5957399340037463	0.0047224873050631
0.5962131852643663	0.0060912158553600
0.5966904919530560	0.0078716952988894
0.5971713862456435	0.0101878536643812
0.5976566112710848	0.0132089550235534
0.5981443244403722	0.0171379054101872
0.5986364794571768	0.0222724543582953
0.5991352211716348	0.0290092895056216
0.5996395411908191	0.0378273018386619
0.6001552018054161	0.0494757337485293
0.6006797169134888	0.0647395968595647
0.6012010166347754	0.0842451288173165
0.6017366000374645	0.1100054835577375
0.6022894181768795	0.1439732079686713
0.6026271744229440	0.1689449102520574
0.6031228890437107	0.2119834494745633
0.6037928375319720	0.2813050471367664
0.6044967245694430	0.3691960908481625
0.6054865403750312	0.5136536124975069
0.6072949073011141	0.7512703411842523
0.6074818095033874	0.7676292106868621
0.6076234241613470	0.7824320775821686
0.6082254471934573	0.8414661860507219
0.6082317855990164	0.8368789099278214
0.6089413811195887	0.8892394199971927
0.6093927274779316	0.9106950196134115
0.6097386200273341	0.9228500413232518
0.6102105460919397	0.9379547994465560
0.6106725987370705	0.9527513855118176
0.6111065975933363	0.9524775971720572
0.6117259584794651	0.9739952175050481
0.6170548678301395	1.0016232692708125
0.6183826949931988	1.0011279364165626
0.6196592709745756	1.0006528373152863
0.6209056390932459	1.0003060010527720
0.6221959759203948	1.0001244242818224
0.6233204264381819	0.9999851987695926
0.6249726948833447	0.9999499988532273
0.6262186337131411	0.9999284857512666
0.6280300104595070	0.9999428515237050
0.6295930066240358	0.9999481811395416
0.6320683162351960	0.9999760112816057
0.6349089678616011	1.0000140634466366
0.6393232001860089	1.0000783192088287
0.6419152388753800	1.0001136067918264
0.6458230917290417	1.0001685218359402
0.6464792549396615	1.0000746563242613
0.6485507226781370	1.0000346635484798
0.6502229484311215	1.0000148806090963
0.6518414298828533	1.0000054995565280
0.6541406802146242	1.0000013589569676
0.6595320283604119	0.9999998835855778
0.6678219310731190	0.9999986764288671
0.6912052820611957	0.9999982406067871
0.7448171221518488	0.9999975772212555
0.8035978202714388	0.9999987383889374
0.8796758378104024	0.9999978510883867
1.0908399912527889	0.9999980759355082
1.5103181817509199	0.9999981376774695
2.2832248903049699	0.9999979200173557
3.6959162238632457	0.9999974103948442
6.1937566105755693	0.9999959835015882
8.2682031987343709	0.9999915436252365
