0.0000000000000000	0.0000000000000000
0.5860786564330729	0.0000100000000000
0.5865729840458315	0.0000048305626202
0.5878349540050324	0.0000218343082867
0.5896270385099084	0.0000802546856925
0.5902468930020837	0.0001176059632184
0.5908013554489532	0.0001698110937957
0.5914735234024625	0.0002325872505662
0.5917362477230118	0.0002702508470835
0.5919213578507269	0.0003033556383532
0.5920877106625736	0.0003464042440511
0.5927945227993400	0.0005019395886735
0.5932943520353222	0.0006564855904286
0.5937013678681877	0.0008206251731112
0.5941415949826131	0.0010382003380668
0.5945750881738272	0.0013088057276003
0.5950252221487671	0.0016676624397396
0.5954856467840624	0.0021372825999283
0.5959361885151333	0.0027250441735792
0.5963969983407588	0.0034925752815321
0.5968661302839398	0.0044956159495449
0.5973400948857801	0.0058009276121142
0.5978181877913001	0.0074999805372720
0.5982989720251635	0.0097077577606127
0.5987831082422468	0.0125835640006581
0.5992719638637799	0.0163423533080802
0.5997654967631184	0.0212568124696044
0.6002664078637002	0.0277155585641970
0.6007747049794242	0.0361936493267902
0.6012852579291417	0.0472004092200326
0.6018008635969173	0.0615813993756031
0.6023264910803618	0.0805460650151787
0.6028003740031918	0.1021856566385095
0.6032915344012379	0.1301157659792344
0.6038668825978833	0.1706810885092693
0.6044781178791495	0.2245298370783518
0.6048227838570527	0.2608563625878706
0.6055988348535641	0.3534311700149091
0.6059349420541580	0.3990810986844189
0.6066427009656175	0.4965894356042438
0.6070939681138932	0.5609876203697093
0.6083374505155006	0.7347549598700286
0.6085851139052861	0.7587101589100667
0.6087991359424405	0.7790783687620739
0.6096241299604260	0.8440431664934229
0.6108394289048871	0.9194447652677996
0.6115650671834992	0.9393424834846980
0.6117259584794651	0.9503939533630690
0.6157785450295307	0.9966056715645536
0.6174672990175151	0.9998963214814802
0.6189096393871157	1.0003296696198212
0.6201763213894379	1.0000200816576068
0.6214619528776896	0.9997878554851254
0.6230161865209081	0.9997291864772031
0.6241334751527693	0.9996839845116376
0.6256522988144720	0.9997049573620701
0.6271842250844665	0.9997510627759596
0.6290413518195237	0.9998194524831013
0.6301569868448834	0.9998563113527009
0.6335050503951403	0.9999858149255445
0.6380880678250802	1.0001657799912766
0.6439186141227017	1.0003942750207651
0.6464564139046975	1.0001659271509467
0.6483389545092525	1.0000703214302411
0.6497272045046478	1.0000283819439020
0.6512391181333292	1.0000107494729555
0.6529102348985277	1.0000029906634031
0.6555141747731770	0.9999996575542979
0.6634066465912144	0.9999985841020809
0.6840109810753304	0.9999982652161638
0.7367352849397976	0.9999983926510846
0.8428101834706386	0.9999983476823073
0.9917737210880093	0.9999980467176619
1.3215238395366862	0.9999980897716396
2.0029119275972036	0.9999980772631818
3.1472310874206615	0.9999976476575922
5.2683171194384393	0.9999967459166225
8.2682031987343709	0.9999890443425281
