0.0000000000000000	0.0000000000000000
0.5971135709333590	0.0000100000000000
0.5976180331195974	0.0000052075162380
0.5987893458491867	0.0000222285494799
0.6006822190604953	0.0000863227763681
0.6013066106363033	0.0001208352682853
0.6017130868378773	0.0001505237461470
0.6017959507073093	0.0001617823059861
0.6022930555713988	0.0002314389116364
0.6030229506916738	0.0003227648539368
0.6032393509588354	0.0003674509562655
0.6033899214836563	0.0004123789984883
0.6038920647768943	0.0005399995853352
0.6043701733704474	0.0007015418414414
0.6048754411552937	0.0009165028788248
0.6052686903550951	0.0011336151493648
0.6057116842677549	0.0014378172267198
0.6061590294232281	0.0018309380004791
0.6066211098987114	0.0023494641256254
0.6070856573892652	0.0030185018184467
0.6075526742185825	0.0038830827805939
0.6080246188521846	0.0050074554246849
0.6085011396423181	0.0064706355947048
0.6089822302918129	0.0083770274248893
0.6094659902645534	0.0108540108134266
0.6099510979284840	0.0140670681172977
0.6104400511773220	0.0182593796977758
0.6109349984151999	0.0237543812450958
0.6114335456358643	0.0309199649339383
0.6119385285950127	0.0403191597380184
0.6124491790035703	0.0525963225309680
0.6129702328344986	0.0687454347925971
0.6135034622887906	0.0900385516503816
0.6139707206886069	0.1136156338994138
0.6145451914470675	0.1494167475132259
0.6151369046609834	0.1958818835953826
0.6154642796958301	0.2268859617509112
0.6161562176654541	0.3022936405179478
0.6168820559990661	0.3989540592487134
0.6179704879752798	0.5546663546030062
0.6191733306190704	0.7199583366454313
0.6194451239918909	0.7466199097903875
0.6202368066705741	0.8134277545517320
0.6220280191871316	0.9275506491062878
0.6230739947247761	0.9603227281589689
0.6243291062397349	0.9808748850232039
0.6252408678949326	0.9889782488477669
0.6261441450853188	0.9936292431366986
0.6267984389516607	0.9949505748310046
0.6283702246655909	0.9966950332630778
0.6296666831304704	0.9978451906624219
0.6311581380360480	0.9991992630466290
0.6320408452500640	0.9999780942092799
0.6337804073953647	1.0015723646961598
0.6341492441186679	1.0001220634426378
0.6366941567813340	1.0006526665413997
0.6371376637502478	1.0004043093331703
0.6391003610963601	1.0002798995536848
0.6408897951269067	1.0001583429893912
0.6423205906373113	1.0000783319337954
0.6436962094540306	1.0000373345873803
0.6450586998552154	1.0000168004121508
0.6464147318381984	1.0000059050091195
0.6472981695155905	0.9999634589798060
0.6517937179060252	0.9999945934850707
0.6536310229468643	1.0000039577889093
0.6553017126474812	1.0000054427774634
0.6575742522199253	1.0000067369110062
0.6594969231779984	1.0000052791801683
0.6611010023094646	1.0000037580477954
0.6628619618315568	1.0000015106197588
0.6654651621925194	1.0000001451987712
0.6693009835548206	0.9999988283260689
0.6826634187954768	0.9999981567460681
0.7112942607491597	0.9999984539961460
0.7557401544412855	0.9999980735540277
0.8874797039877750	0.9999983568091541
1.1182049548475892	0.9999982509142991
1.5919083157888776	0.9999981384999010
2.5352184872968713	0.9999978997131387
4.2859447336802896	0.9999972556324010
7.1276601486425015	0.9999947674072526
8.6352099014545836	1.0000662210799713
8.6516944246199721	1.0000575159813703
8.6534382826292973	0.9999999846434915
8.6595258436128848	0.9999892469855328
8.6971586660316831	0.9999936065153682
8.7915649416698294	0.9948103276061642
8.7982055284469087	1.0018341088631095
8.7988003298588815	1.0006516556133020
8.7998926742133055	1.0004107232895521
8.8011478435960306	1.0001126072998869
8.8035016024015160	1.0000240978330535
8.8061797729935698	0.9999976088456841
8.8103781268833359	0.9999842273342925
8.8318793670696554	0.9999826216260254
8.9198765652490462	0.9999837600960980
9.1279024890714116	0.9999802454429869
9.6159545597402243	0.9999490866740948
