0.0000000000000000	0.0000000000000000
0.6240954116387732	0.0000100000000000
0.6246855394446729	0.0000084374344691
0.6257144486003150	0.0000125715795025
0.6257310875270441	0.0000217396821091
0.6264444349789935	0.0000400245870775
0.6269726164371590	0.0000625041088891
0.6276701924158850	0.0001102850767614
0.6284570814714430	0.0001557185552372
0.6289798891974695	0.0002031316836610
0.6294273225185787	0.0002739659660559
0.6301183971082974	0.0003821120579352
0.6301463686692879	0.0003884960434826
0.6303373740474876	0.0004467266586660
0.6308566020279953	0.0005942776941670
0.6313466114444574	0.0007681347251987
0.6317192846210240	0.0009407709308554
0.6321399618412261	0.0011777852713043
0.6325718291759026	0.0014851850945764
0.6330307380393445	0.0019001356752476
0.6334865162984300	0.0024282922912351
0.6339478374465185	0.0031112484609099
0.6344138022816752	0.0039955039269692
0.6348856498585617	0.0051460249966350
0.6353619012500161	0.0066416817770796
0.6358417077475448	0.0085856978014746
0.6363237329105839	0.0111098925070062
0.6368084672969854	0.0143932384364866
0.6372989140832245	0.0186897381200184
0.6377943667714963	0.0243031214747506
0.6382958982159257	0.0316565761598759
0.6388026494806482	0.0412617609000453
0.6393155090492162	0.0538155869163951
0.6398395480030977	0.0703618827734355
0.6403503427402143	0.0910571831476409
0.6408961372238592	0.1193029953901019
0.6413929978379773	0.1514196837206568
0.6419917875446384	0.1992224369869552
0.6423211070372244	0.2306853993844693
0.6430389516182032	0.3061820788846926
0.6434021817486910	0.3522604751791447
0.6435176993767283	0.3677301991313742
0.6437530984752725	0.4049406681368626
0.6460877173784056	0.7286508713605313
0.6463955239923339	0.7614793954864408
0.6468720617362642	0.8065925168906894
0.6471312167751848	0.8276961937846886
0.6476783786046818	0.8592638930630366
0.6484575028139936	0.9113579760014550
0.6488008634592844	0.9266776042124385
0.6494005559279320	0.9484976993232878
0.6500143355996512	0.9656174428690442
0.6505742713462077	0.9745732565762507
0.6510556673038516	0.9793429039197949
0.6522423910830328	0.9893326809667691
0.6534155848977523	0.9949859278550629
0.6545232712796653	0.9974978393297889
0.6550838410180245	0.9982092613997063
0.6555926603334407	0.9981865074478732
0.6563901814412207	0.9987427480543412
0.6576789238467634	0.9996317303960094
0.6581926157614886	0.9996640351961993
0.6596692803596131	0.9999496670425635
0.6610374978689032	1.0000216922355751
0.6622470708651400	1.0000329342019338
0.6632642956225741	1.0000202341233466
0.6643968710968250	1.0000137655615040
0.6655605195446346	1.0000087242117377
0.6667921773863607	1.0000056120957734
0.6679724309421243	1.0000028421769862
0.6692417360229651	0.9999991654521438
0.6715954095683476	0.9999994572384523
0.6735706549280790	0.9999985401230193
0.6786449884154785	0.9999991850946937
0.6815325445608029	0.9999977620310202
0.6982249894300618	0.9999980496236802
0.7351660348487772	0.9999983001935802
0.7948273723127034	0.9999980855405542
0.9478717143141886	0.9999982707004078
1.2037633288239713	0.9999980118534132
1.7889927859476304	0.9999979179800057
2.9708210528601930	0.9999976528035583
5.0848689433233938	0.9999967989362979
6.3421451619716951	1.0000516657177374
6.3625965759300227	1.0000360644930362
6.3635943818567586	1.0000042014347275
6.3675980327104096	0.9999972067301602
6.3916820761847957	0.9999973641221639
6.5210521050448333	1.0000070573106652
6.5273172095207634	0.9954083569281202
6.5349878760071567	1.0016295674085454
6.5356469037155343	1.0003765616208442
6.5380294608406180	1.0001524201662950
6.5399178671879250	1.0000576041877147
6.5417577552135677	1.0000289725483003
6.5440111361110898	1.0000217366268134
6.5490435782699770	1.0000303593109945
6.5580605535128704	1.0000123820141260
6.5615129083589023	0.9999986004157631
6.5699932062344519	0.9999941150313524
6.6211691549733009	0.9999946152310739
6.7028844231690075	0.9994742390494441
6.7125467910624774	1.0001321758950017
6.7147520196657915	1.0000520105080453
6.7169482434142420	1.0000152938872546
6.7195831262150039	1.0000014930133210
6.7249481809840379	0.9999981813726480
6.7430546909463640	0.9999971899804926
6.7628907081725549	0.9999945874978313
6.8352874847803111	0.9999938856661916
6.9889745710730313	0.9999927156680684
7.1723142500269619	0.9999639100325752
7.6049738153986812	0.9999998587489735
7.8098826512152479	0.9999946765352170
8.1050477585154574	0.9999901372923863
8.8485780071061395	0.9999869566518407
9.3321964250248275	0.9999773246597067
