0.0000000000000000	0.0000000000000000
0.6226391891028221	0.0000100000000000
0.6231355822811692	0.0000050692786167
0.6244165503805978	0.0000219475457725
0.6246855394446729	0.0000286262012883
0.6257992123314521	0.0000646765205685
0.6267927829824510	0.0001252410052896
0.6275389209618984	0.0001821710931803
0.6276251657473216	0.0001910829700259
0.6279953198898843	0.0002450357279673
0.6285848714577573	0.0003230559903371
0.6287682240664060	0.0003717621302765
0.6294012592432481	0.0005193665029482
0.6297770570933514	0.0006388040261571
0.6302348776253397	0.0008136753850671
0.6305920732862532	0.0009881439738810
0.6309994797558549	0.0012292058011836
0.6314483496411534	0.0015635858617419
0.6318957166732884	0.0019892523613798
0.6323530768077812	0.0025440040833125
0.6328149787287292	0.0032607360251220
0.6332841268442453	0.0041942446812118
0.6337568906813170	0.0054041094713047
0.6342321122562894	0.0069703431320091
0.6347111358472016	0.0090059167240956
0.6351944912580987	0.0116569711462916
0.6356819191136888	0.0151118472604866
0.6361708352457333	0.0196004644863210
0.6366624789396623	0.0254413848819653
0.6371627220875394	0.0331168717928972
0.6376685556316686	0.0431332812078496
0.6381838864632725	0.0563113847859078
0.6387030690497649	0.0733841365585886
0.6392309586980749	0.0956191659174121
0.6397832857843464	0.1253508796311583
0.6402592967640909	0.1575289100624964
0.6408611898949408	0.2074525784331316
0.6412308613494498	0.2437679793541881
0.6420036813550702	0.3318492173332922
0.6428750113760225	0.4532810772379857
0.6440575370220611	0.6222341718875128
0.6453702272097223	0.7814326044544279
0.6463966253272749	0.8449119502183944
0.6467971485550091	0.8862714935661108
0.6468720617362642	0.8760470291652663
0.6469369007047715	0.8925200140440100
0.6476836342050736	0.9263733047263982
0.6491260791180606	0.9685520566157869
0.6501372562186721	0.9844819128286842
0.6509740169331932	0.9901886937372647
0.6516080775534014	0.9926813220234343
0.6526405541888654	0.9958775020791397
0.6538715825359115	0.9981812828662959
0.6549040656531956	0.9990819675779934
0.6556156324928843	0.9992060452589894
0.6570158552139435	0.9996336290196005
0.6581673595282134	0.9999040437001250
0.6585281229749826	0.9998933423276312
0.6594645609390134	1.0000186590170292
0.6598259534446700	0.9999798472931393
0.6610178627193072	1.0000638450786434
0.6611962165490460	1.0000110597880969
0.6623364735553435	1.0000118587364160
0.6636245248935544	1.0000111518087431
0.6648718623489803	1.0000075667663140
0.6661443467437012	1.0000043368459781
0.6675686798214521	1.0000023917342766
0.6690273596903692	1.0000007575030145
0.6703960783860803	0.9999997990932087
0.6721317244880886	0.9999982547151843
0.6786573607400570	0.9999982625167106
0.6877454356195770	0.9999979235543043
0.7157169942868336	0.9999983128877703
0.7576810319279991	0.9999980366793765
0.8688103688533798	0.9999981870440129
1.0897605165351603	0.9999981972427544
1.4885756479678027	0.9999979720781627
2.3690947917366869	0.9999978254675279
4.0219607425460220	0.9999973217743950
6.3635943818567586	0.9999982472459495
6.5273172095207634	0.9954872663498796
6.5351226595354754	1.0004729161199908
6.5375957781987788	1.0001866411533205
6.5392579966045563	1.0000818633382502
6.5410010298130175	1.0000527930816576
6.5432257487102268	1.0000541074887257
6.5465157585614575	1.0000690318300902
6.5578387246758201	1.0000281276615548
6.5599807390570328	1.0000027860725336
6.5646798848010590	0.9999953997803718
6.5975545912450517	0.9999953866195478
6.7024705659600947	0.9985054079138647
6.7118237693752141	1.0006609415350338
6.7124183499954801	1.0002642330911431
6.7138003789879379	1.0002201413428577
6.7147183151806793	1.0001062478300251
6.7157183016465467	1.0000708546023560
6.7167685207767089	1.0000358338500241
6.7178816365526561	1.0000218450086709
6.7191013404577333	1.0000107813511867
6.7211799169425328	1.0000074369651353
6.7235132672916649	1.0000051791735896
6.7343796552779125	1.0000109208151888
6.7377758494629241	1.0000009160899630
6.7450497278256423	0.9999946980933282
6.7797979226634597	0.9999935551702884
6.9100903089300161	0.9999944521521398
6.9583344848180664	0.9997986178075413
6.9654868508032903	1.0000655565099135
6.9675531874623342	1.0000296079376814
6.9695088960254914	1.0000099522040569
6.9718074864322688	1.0000007330321448
6.9757163444920778	0.9999970163150631
6.9889745710730313	0.9999943360413642
7.0185745723373953	0.9999925703784798
7.1774496838992254	0.9999839836119921
7.4649070807600149	0.9999977352275011
7.7013228324909937	0.9999989030984271
7.8465446543716544	0.9999914304700546
8.2913806351416532	0.9999887070588674
9.3321964250248275	0.9999735954762955
