0.0000000000000000	0.0000000000000000
0.6435089597437148	0.0000100000000000
0.6439522762650824	0.0000108813245755
0.6451030051056643	0.0000138275625463
0.6452028897717759	0.0000228692491647
0.6459469305805260	0.0000392880207064
0.6463734283745656	0.0000516863344995
0.6468870533093314	0.0000870762730060
0.6478574711970586	0.0001466397179888
0.6484931754019316	0.0002002014533468
0.6488293023268804	0.0002513541651041
0.6491396098109870	0.0003111311450988
0.6497955565918364	0.0004197858333465
0.6498936422130551	0.0004577988691282
0.6504524765688846	0.0006222703124419
0.6509435698534733	0.0008062120340100
0.6513095565196291	0.0009844611816275
0.6517442196542582	0.0012419507240886
0.6521841775708797	0.0015739571196227
0.6526369220934670	0.0020088698793880
0.6530939919206091	0.0025697163376290
0.6535549696972955	0.0032937433843178
0.6540218862941984	0.0042344671393955
0.6544939952005233	0.0054574015757914
0.6549702024127895	0.0070465349699410
0.6554501993395628	0.0091134536825271
0.6559341399274594	0.0118066681810462
0.6564224803334036	0.0153229309733394
0.6569159210644687	0.0199237056578893
0.6574151988182838	0.0259523777351736
0.6579196987530992	0.0338433704712867
0.6584238302937924	0.0440469506311067
0.6589391239316751	0.0575375750072221
0.6594411273352662	0.0744128769994145
0.6599763581866882	0.0973409486924686
0.6605312284566933	0.1276585549593007
0.6610222816933883	0.1613689926986262
0.6616219754923324	0.2121038995657822
0.6620704941306713	0.2562280229714878
0.6628194077286703	0.3460469338492203
0.6637457096277286	0.4722581115643190
0.6647700897169537	0.6174538895638827
0.6653038229569038	0.6857679844067756
0.6664492104927708	0.8146033630511341
0.6673313301973588	0.8724576665020479
0.6685838987924494	0.9264809133438449
0.6689760829673683	0.9399435252986447
0.6693095593831719	0.9535265384225006
0.6698767846665519	0.9683523779829485
0.6703897520181332	0.9759864301186870
0.6711071176229122	0.9842500841649676
0.6719793937309056	0.9900439071408834
0.6731653309236508	0.9957087113786275
0.6742204517725556	0.9978818517142579
0.6753640470621272	0.9992460245744949
0.6763223779578814	0.9997624134401012
0.6771803767230778	0.9999918680287572
0.6778934324296564	0.9999454517880934
0.6788133186801857	1.0001221576819150
0.6795853225685633	1.0001426927395318
0.6801572202873700	1.0001184752371017
0.6807930531729147	1.0001194839136085
0.6818260958379874	1.0001166933480226
0.6826551637383146	1.0000511631973756
0.6846356018231294	1.0000471818901748
0.6863061370213093	1.0000393963522256
0.6877424849194378	1.0000324741291993
0.6891930267875299	1.0000142623844959
0.6911409680156183	1.0000082028762729
0.6920781148649693	0.9999972409619567
0.6943674263656751	0.9999888174912503
0.6976920629526753	0.9999816899281166
0.7029163031882039	0.9999727970464507
0.7064977761772778	0.9996903075669915
0.7100160371226187	0.9997618626494718
0.7123309358481257	0.9998461975363180
0.7212116205622437	1.0000981271648501
0.7241443409777808	1.0001162338698268
0.7256234959663460	1.0000635856859728
0.7280609646593230	1.0000526086233852
0.7291162536651776	1.0000362880920703
0.7314695490194525	1.0000347205789335
0.7345880815999586	1.0000392241641849
0.7362193480916636	1.0000236450790512
0.7389849562537951	1.0000158824944148
0.7415816683201520	1.0000120189002240
0.7475306682923709	1.0000127207929068
0.7504213288105704	1.0000079804962683
0.7533429646255857	1.0000041048335100
0.7576486886520810	1.0000029639372761
0.7589693100473670	0.9999998726571738
0.7660531220891974	0.9999983090721456
0.7946473417518732	0.9999978983997611
0.8845282105212050	0.9999981346195703
1.0596060195357799	0.9999981110660713
1.4048543063948988	0.9999979428221830
1.9259683836925223	0.9999962000463627
3.7173304238660929	0.9999988069551858
3.7197028704606310	0.9991928690399401
3.7256183748472500	0.9996960403262768
3.7360871998323497	1.0003588909011121
3.7378717420862144	1.0001572192015753
3.7397913272467607	1.0000652706667883
3.7415658836995127	1.0000241970990824
3.7434406526167070	1.0000069719136608
3.7458171470249626	0.9999999490807473
3.7508221926187035	0.9999972927629518
3.7767307190640467	0.9999970216883398
3.8589806757529765	0.9999967717291152
4.0639207178514445	0.9999968190124120
4.6215707012879337	0.9999973229304088
4.6471198511006344	0.9992767791832666
4.6640946595192743	1.0002443135469807
4.6659204743923723	1.0000917972286913
4.6677080926955403	1.0000304925829011
4.6697334812787910	1.0000101425749448
4.6713619098170538	1.0000004568023064
4.6749437568309098	0.9999967884451249
4.6950923552381418	0.9999964961363517
4.7125271816499890	0.9999251373117062
4.7204271040905370	1.0000241368928546
4.7222383932305849	1.0000190364839989
4.7232450993200477	1.0000046545630550
4.7259135583722207	1.0000002275156867
4.7292882687038524	0.9999974869422887
4.7385034094062082	0.9999967180887822
4.7642467748670931	0.9999967709987095
4.8245626428703643	0.9999967999423122
4.9657950932878006	0.9999966302427118
5.2901684526153536	0.9999967116747793
5.7428244558950912	0.9998683453398044
5.7787840306278628	1.0000381888172434
5.7813701437085872	1.0000121753778792
5.7834808048730233	1.0000040640494126
5.7921433765792329	1.0000041481214863
5.8144092810778583	0.9999823333524320
6.0763237604072771	0.9999944823789704
6.4086883103834653	0.9999993284649259
6.7103972170721473	0.9999956527158821
7.3521006751491180	0.9999944517987553
8.2944865879395326	0.9999907313250322
8.5240097576320704	0.9990250327087611
8.5317673794793336	1.0004496600624138
8.5327259711735746	1.0001352291970000
8.5349671357268733	1.0000522472163773
8.5367665189993360	1.0000102436169658
8.5392533750959565	0.9999938319920860
8.5456317417410101	0.9999883817106678
8.5743693933117910	0.9999884007134900
8.6583171189033497	0.9999879440185598
8.8854931159251986	0.9999890306009518
9.4225688601339783	0.9999860937477515
9.5089209769144922	0.9950098790775286
9.5147811280073533	1.0009416522450794
9.5163813047427688	1.0003559239967952
9.5182164930210948	1.0001057832468572
9.5204982787339159	1.0000134921133959
9.5241148770405566	0.9999839324523783
9.5369910857222155	0.9999693413499094
9.5613197850671501	0.9999533354669248
9.6402941362406001	0.9999534343264740
9.7928655939270932	0.9999233836039664
9.9844231150801033	0.9991515342873174
