0.0000000000000000	0.0000000000000000
0.6558752805138579	0.0000100000000000
0.6564732071438422	0.0000104835866336
0.6573877544031203	0.0000152873097592
0.6574614668698647	0.0000256378775815
0.6583867271402882	0.0000483835442034
0.6588143709337805	0.0000744680867522
0.6597367531495110	0.0001193168655607
0.6601380516595052	0.0001468744710596
0.6605921550336060	0.0002003192808418
0.6609093407316144	0.0002505824481401
0.6616261954517960	0.0003484234843682
0.6618966294473805	0.0004175616417188
0.6624261980491647	0.0005529264244015
0.6628222564859086	0.0006872876119099
0.6632800249624600	0.0008760602953505
0.6636317959215489	0.0010601721906118
0.6640551257889263	0.0013300043724062
0.6645071748532896	0.0016957058831438
0.6649559636044626	0.0021602037832909
0.6654106821367715	0.0027606332703126
0.6658741008650801	0.0035430335130694
0.6663417930642479	0.0045572795867008
0.6668152151598379	0.0058785027145435
0.6672924444131854	0.0075959617340294
0.6677741525850787	0.0098346654684655
0.6682609789768750	0.0127596038562254
0.6687515291453346	0.0165731959220098
0.6692456777401861	0.0215494563554378
0.6697461803737188	0.0280776043463162
0.6702533945961500	0.0366409866430183
0.6707656530389865	0.0478229937731563
0.6712827908195718	0.0624300167966868
0.6717932058886881	0.0809927548459033
0.6723350900733969	0.1062463191464483
0.6728137398504617	0.1341992298062181
0.6733911425228206	0.1757742282189910
0.6740049457780922	0.2269296745997335
0.6740244200934358	0.2317283768791027
0.6744508861985088	0.2788736009894312
0.6751907771029285	0.3668293383559663
0.6758894162915159	0.4633885910809995
0.6768301603975391	0.6079255199092238
0.6774830501760215	0.6874224743836597
0.6788259621459946	0.8318646070086185
0.6795559471100739	0.8763171987069109
0.6801952837159880	0.9154823348545041
0.6806566082736680	0.9317437320256842
0.6807063860795121	0.9203122838684233
0.6812136351172311	0.9462067694863689
0.6817083276094686	0.9473079408466591
0.6817221533752402	0.9589772944819284
0.6818101288867247	0.9621212655892266
0.6825124049480028	0.9696642584628816
0.6826443340631587	0.9727369671881159
0.6827852117013874	0.9761791250178460
0.6829507189784102	0.9801875612546628
0.6830443608893747	0.9783907327067694
0.6832378917625783	0.9875664702419694
0.6834369228137281	0.9868387492362728
0.6834601269491976	0.9867820768717609
0.6850495805617403	0.9920558147790042
0.6853056868913480	0.9919390849072829
0.6867829641812466	0.9964039483904557
0.6885938857511444	0.9993762122993077
0.6898033004107298	1.0015735280548683
0.6937468387744630	1.0014829240637737
0.6956017093012764	1.0012061780830563
0.6970127936964438	1.0013518238260399
0.6981452985588057	1.0014878212907055
0.6992798489065957	1.0005406784273245
0.7015192681536798	1.0003486845753107
0.7032134865255673	1.0003092003180272
0.7048711581991359	1.0003184545254828
0.7066323842464801	1.0003464795902901
0.7081196366575853	1.0001386277806159
0.7105039836176945	1.0000684368792179
0.7122429675211149	1.0000414155901141
0.7141132865085794	1.0000325892372390
0.7168653245931927	1.0000316220883592
0.7230133942091983	0.9999896971300101
0.7254598706109453	0.9999661509109871
0.7277386736815402	0.9999547127732055
0.7323431858306834	0.9999467159872134
0.7487197317383439	0.9999100606544250
0.7517108642480722	0.9998980912448313
0.7528138466980655	0.9998892814034537
0.7558367798134724	0.9998803908143730
0.7593079123221009	0.9998721100533289
0.7721296003046564	0.9998476399422682
0.8467780333304035	1.0000037546597331
0.8947815329445549	0.9918122017357056
0.8987562028031149	1.0005058813104994
0.9009216486659094	1.0002799099667272
0.9027322881450057	1.0001864330752668
0.9037136579197999	1.0001144576762042
0.9051727461418542	1.0001119642013789
0.9068291919063487	1.0001315727975209
0.9088229986156466	1.0001645892376370
0.9121169724469094	1.0002249122586584
0.9227124673665352	1.0000917561032632
0.9246737101079283	1.0000273681020981
0.9265335537364501	1.0000076292575035
0.9285883060540074	1.0000009873372764
0.9328074887645684	0.9999989456554549
0.9735217073883288	1.0000023422165578
1.0541357847129784	0.9973483713541571
1.0594951365659231	1.0009175070007388
1.0600799625057116	1.0002778626630373
1.0621209918425343	1.0001572035820565
1.0638821134917613	1.0000728625594739
1.0655211273955487	1.0000348962949610
1.0672477988552946	1.0000214085318615
1.0693159811931292	1.0000189127561434
1.0726471035632401	1.0000239483132594
1.0783436467667178	1.0000126412490691
1.0812157003834408	1.0000033645280724
1.0844009309489020	0.9999992805659504
1.0916756791384199	0.9999976965589970
1.1362350481997834	0.9999981901798235
1.1847276117614771	0.9997582575755648
1.1933081634399658	1.0000694942285948
1.1952261862759448	1.0000441040600461
1.1967842075758854	1.0000221561626506
1.1983788850074970	1.0000095284979456
1.2001682105032474	1.0000028558234086
1.2025226508490403	0.9999995206713996
1.2070416499905419	0.9999980534798831
1.2213309845783926	0.9999977163927991
1.2611486123472138	0.9999978819800968
1.3302463359767120	0.9999975187258385
1.5454892052792586	0.9999977678144770
1.5862720551461087	0.9998828387497785
1.5957261033252810	1.0000518533708609
1.5973540333989125	1.0000255386044665
1.5990690779351036	1.0000111292025329
1.6008288362690515	1.0000039059941987
1.6028580347362948	1.0000004968112344
1.6063731410397464	0.9999990504906793
1.6194527993603463	0.9999977576569992
1.6533056922580778	0.9999979732787750
1.7484977966023278	0.9999990807536434
1.8738289509180157	0.9999917822149994
1.9965118609316943	0.9999924051952602
2.8410231958868035	1.0000004017750257
3.0241166666794630	0.9999976225133296
3.9731827522349712	0.9999973183142371
5.5412912159730476	0.9999962193474928
8.5589880102178313	0.9999896980520735
