0.0000000000000000	0.0000000000000000
0.6704389349317900	0.0000100000000000
0.6709867541618377	0.0000097467560415
0.6720188750052322	0.0000296760977928
0.6734059281996067	0.0000615705095281
0.6738145730942575	0.0000855595606159
0.6746096078186317	0.0001335779102429
0.6748288364587439	0.0001594278518360
0.6753835164727244	0.0002311189343188
0.6761122663173091	0.0003235576568368
0.6761744287156657	0.0003353132114858
0.6764370737506089	0.0004002741589560
0.6769663413592369	0.0005301316831068
0.6773783132150749	0.0006646736034352
0.6778437538921015	0.0008507014263444
0.6782080120555877	0.0010359750881821
0.6786384809468883	0.0013035760162857
0.6790791536525583	0.0016525123607427
0.6795351523993820	0.0021125424417593
0.6799944619772363	0.0027053098099280
0.6804574172225291	0.0034708853239863
0.6809254489297442	0.0044647446533816
0.6813974258088021	0.0057543803187257
0.6818731271762439	0.0074297818064848
0.6823534232758358	0.0096133144173654
0.6828390598874942	0.0124662488255614
0.6833298364436953	0.0161954888396056
0.6838228468257080	0.0210435429349361
0.6843221702429590	0.0273984814778167
0.6848299020409777	0.0357545892004612
0.6853439201135078	0.0466944468159500
0.6858450122719945	0.0604195674116033
0.6863453096495985	0.0779611600718715
0.6868789352105866	0.1017654139209065
0.6874379800649624	0.1335501171416169
0.6879308824907217	0.1686812796020229
0.6885380314924217	0.2217971410402114
0.6888803732690932	0.2575113105424286
0.6896559554743282	0.3506685311697723
0.6906013212558547	0.4785652609205560
0.6909345078479214	0.5326770719850387
0.6912779476509883	0.5735852078650877
0.6921866260792402	0.7056239006847356
0.6929912712218788	0.7893282130938487
0.6935129543794787	0.8259336915459263
0.6936782098992218	0.8452835907342086
0.6944143998335813	0.9020892401338840
0.6944426178324868	0.9025547839770217
0.6950807745457198	0.9276156971147914
0.6962447085858787	0.9609373780333146
0.6966620183833497	0.9628436545601046
0.6990896377013478	0.9931642102865712
0.6999703807628792	0.9963218582308645
0.7006895266006302	0.9973266022935492
0.7017955926501895	0.9988426592040235
0.7026714190425107	0.9993081283961921
0.7037445747646324	0.9997175977243148
0.7046779321395059	0.9998552424146712
0.7057605337124134	0.9999604546869607
0.7067401003394778	0.9999813686684912
0.7077558911175232	0.9999474342556223
0.7089020954144511	0.9999067220259082
0.7098210984382565	0.9998608266748447
0.7115710556602015	0.9998030180414941
0.7127273643046212	0.9997623056093342
0.7142983253488928	0.9997086517990517
0.7170902887492386	0.9996203371509766
0.7220446627171613	0.9994054823620248
0.7441436136546778	0.9997555218220811
0.7489610973429354	0.9998588155702564
0.7555554577100518	0.9998605587373458
0.7708608709602576	1.0000444798986501
0.7801935167567225	1.0000838693038743
0.7933436805657907	1.0001090062141940
0.8430113517337746	0.9993017530117790
0.8802701461563581	1.0001054901691977
0.9141866638503175	0.9999177440748047
0.9530342402606088	1.0001139371875478
0.9539390413715452	0.9973449617272476
0.9560902128409046	0.9995267300209936
0.9573937203469235	1.0008504421689550
0.9586994746912024	0.9997566846594835
0.9587547205361001	1.0000807340616995
0.9651381292819998	1.0001017280825713
0.9666173603076738	1.0000466676450226
0.9689414000892812	1.0000361595602543
0.9721833958158125	1.0000384430032503
0.9818901436397788	1.0000567229931003
1.0134654030900114	0.9989513271985764
1.0155617531920176	0.9998563710279972
1.0174124545099759	1.0005575405027769
1.0182655144122283	1.0002372193938824
1.0204658685088894	1.0001723601691488
1.0227992308147225	1.0001423795280862
1.0231895206962034	0.9933516220347275
1.0281336362326761	1.0020864977945700
1.0287324485405471	1.0004656946988386
1.0309345230694085	1.0002722038975747
1.0324093695172185	1.0001220423170345
1.0339397960512757	1.0000698738123253
1.0353245680173302	1.0000505131101105
1.0370597004796382	1.0000493045553904
1.0394512783863217	1.0000577712834160
1.0447315970415072	1.0000839506976391
1.0603011846348229	1.0000714100812358
1.0624281118984242	1.0000423793450326
1.0645105996176734	1.0000327388523289
1.0677117817783430	1.0000312203808774
1.0822677541836023	1.0000419718355387
1.0919434404431776	0.9988177060178988
1.0969113397360568	1.0004395907563595
1.0973605948686751	1.0001931208779262
1.0986877379014499	1.0002523815039646
1.0991824567593731	1.0001171989598383
1.1005191956301217	1.0001230930718257
1.1009848480519704	1.0000630285698191
1.1020948452567108	1.0000558367706356
1.1026711612904900	1.0000328397452212
1.1037492850701989	1.0000282758338412
1.1044560247848303	1.0000198966219096
1.1057572988783799	1.0000186147732155
1.1066045483062383	1.0000158745375372
1.1090173880188925	1.0000160729209011
1.1110022422739074	0.9996179472965054
1.1161276873800221	1.0000771667155095
1.1180042457795483	1.0000660550328238
1.1197478482159513	1.0000479335428918
1.1214934143317365	1.0000375749542014
1.1225439647954885	1.0000189090254479
1.1243886723116243	1.0000167864497089
1.1246815084886974	1.0000085630047943
1.1267942068371983	1.0000042461561840
1.1306322913591360	1.0000034554346036
1.1410285510179663	1.0000029554441521
1.1462931697509171	1.0000017800522973
1.1507470052866626	1.0000001118552919
1.1734372418037966	0.9999996477181781
1.1888919896118200	0.9999985478152967
1.1942409007209700	0.9999861482361644
1.2020020829552733	1.0000015319725029
1.2048949576923706	1.0000002202799467
1.2083598011263974	0.9999992495459415
1.2172525228536122	0.9999992150806085
1.2407508770474214	0.9999989795579448
1.2659526398852534	0.9999991848391928
1.3207449945758822	0.9999990983934792
1.3288073897842811	0.9997922012236327
1.3339032110584876	1.0000424204316487
1.3357207347094642	1.0000510409305068
1.3365111648668395	1.0000248787801249
1.3380436421643616	1.0000137627480419
1.3397746700899424	1.0000065800307709
1.3418028802990480	1.0000026031796365
1.3446752339660761	1.0000009675893569
1.3509062343257228	1.0000015230229766
1.3580000659773070	1.0000008916996861
1.3615050193593423	0.9999984707509787
1.3785082768270436	0.9999978427765228
1.4358386294332020	0.9999980169715923
1.5732621406750937	0.9999980753709133
1.7745107204366326	0.9999982582785995
2.0952856819845183	0.9999977772795636
2.8179031651563955	0.9999976478156358
4.2782095892443737	0.9999972514040131
6.5796256876427996	0.9999955322901164
6.8706650541655581	0.9999551013312893
6.9151263098357791	0.9999308958810539
6.9419889782960036	0.9999081271838884
7.0909734458435825	0.9999620268067758
7.1138216521109934	0.9999771564166008
7.2107423497524694	0.9999746670129783
7.3365180244598580	0.9999955600640252
7.4469512530139985	1.0000009888680759
7.8711529684520576	1.0000066998122639
8.7497100100628042	1.0000115640599858
9.5460257902412486	1.0000363593307473
