0.0000000000000000	0.0000000000000000
0.6825292217017185	0.0000100000000000
0.6830041635123602	0.0000063085999844
0.6841872774445537	0.0000233218434155
0.6861260375404024	0.0000973368467679
0.6861842948125972	0.0001000412895995
0.6866636845380277	0.0001257248433106
0.6868942788432409	0.0001435234188454
0.6871290730702918	0.0001757315377289
0.6877934753152127	0.0002427365891517
0.6880669036888016	0.0002952694301982
0.6886519700910655	0.0004072349768478
0.6892538178881933	0.0005584348408619
0.6897144254182488	0.0007149606368671
0.6900831785267277	0.0008760919759647
0.6905131229635000	0.0011020917847971
0.6909396196715260	0.0013857826020663
0.6913970704959319	0.0017721866571925
0.6918481282650175	0.0022601448131229
0.6923100912417478	0.0028987395310170
0.6927753903350914	0.0037240916800393
0.6932451068816164	0.0047953125301992
0.6937184638187860	0.0061858319683680
0.6941962079202807	0.0079960064960406
0.6946785730703140	0.0103564887532552
0.6951655161126205	0.0134374014628117
0.6956562284031239	0.0174555035744690
0.6961509857314198	0.0227038539081954
0.6966524590508644	0.0295939120684767
0.6971597508909375	0.0386146075936587
0.6976712484193021	0.0503942806406772
0.6981719929585603	0.0652587886812576
0.6986967931942896	0.0851801603929990
0.6992469579407881	0.1118009891208694
0.6997625272982512	0.1433435589954680
0.7003387493922558	0.1870039071193100
0.7009392509870381	0.2434813087038830
0.7014113457695225	0.2970137379652188
0.7022415705694045	0.4011317239139365
0.7031004824858088	0.5304168147575032
0.7038198156257319	0.6443251047404837
0.7053864853211710	0.8039253238693230
0.7056533888651273	0.8266430817936540
0.7059510444556786	0.8528041704664170
0.7064006325561846	0.8829136982098728
0.7066627190476856	0.8981992084008951
0.7067272682425886	0.8836164857288996
0.7068104184342391	0.9026333795281656
0.7077164347948257	0.9418216889924338
0.7079402178999229	0.9495557515887313
0.7080068251195730	0.9469047832513100
0.7088385751474383	0.9688463686541142
0.7089668580874311	0.9704981838876590
0.7089949449829510	0.9708757619118711
0.7094119940420232	0.9763113160717728
0.7106487557529569	0.9829150573574441
0.7110985313771155	0.9916154359565280
0.7130618494934839	0.9953473604368793
0.7162250777706750	0.9992469416141337
0.7174652215506162	1.0013118133496244
0.7215541782585557	1.0013847545648087
0.7233665228674115	1.0011235375265073
0.7252765860617463	1.0013457962058692
0.7263917274157006	1.0014887552621854
0.7270135304715518	1.0005142202424158
0.7292809525534771	1.0003620140102940
0.7307397340040072	1.0003183003266014
0.7322938733515365	1.0003285614014770
0.7338630858797550	1.0003555309050480
0.7355899214801451	1.0001536798547097
0.7379425865403150	1.0000857682083633
0.7397188625324944	1.0000615090867950
0.7415399623630328	1.0000553758347994
0.7440047482735476	1.0000578267282814
0.7511817331401033	1.0000350349363574
0.7536258406505396	1.0000176849632878
0.7560656707870385	1.0000107804212841
0.7596243886151341	1.0000087337898897
0.7777034424379422	0.9999986865602838
0.7824557913515524	0.9999937952177050
0.7876886331078964	0.9999935610367330
0.8256884558098257	0.9998102881934374
0.8311399774797413	1.0000383975510927
0.8326647247954398	1.0000261730889111
0.8342538710764769	1.0000107555284712
0.8357005802625472	0.9999955020076670
0.8375642685339587	0.9999845187173545
0.8398083681342924	0.9999752206274443
0.8425384930421891	0.9999645055910479
0.8517345804915175	0.9999392756627509
0.8797172728287742	0.9998651413510609
0.9776359182370511	0.9998996245713890
0.9877492956631450	0.9999334555764525
0.9942344215661177	0.9999355037547417
1.0263591458720918	0.9999243593938519
1.0631758395350168	0.9999698172614720
1.0679368081340286	0.9999767504318535
1.0790685464191621	0.9999856719261453
1.0960739325753210	0.9999869542966411
1.1345754562092432	0.9999923118907393
1.1467463044371791	1.0000007236817579
1.1792927156180313	1.0000192286659095
1.1966053299209511	1.0000416503968632
1.2078974104126259	1.0000717136700092
1.2113829938659764	1.0001016819894484
1.2154409221368969	1.0001367997292905
1.2283394667840808	1.0002383980344138
1.2528516987098239	1.0001607420742051
1.2725508058418797	1.0003327119935679
1.2735196611775412	1.0002306800432337
1.2758473217046438	1.0002260527278892
1.2776878007879193	1.0002344069900695
1.2810521971524857	1.0002614683894246
1.2944970870875290	1.0000918434774144
1.2975885131233820	1.0000632288067168
1.2992976622578762	1.0000575519645900
1.3014531088984773	1.0000531035958555
1.3107014607917784	1.0000617890605970
1.3270799172065055	0.9973159296085871
1.3316947957764478	1.0008235843056066
1.3323510829222769	1.0002662376872085
1.3343143718345600	1.0001567301209373
1.3360628942605757	1.0000743616514771
1.3376920246332769	1.0000359710676054
1.3393975550401924	1.0000221879812088
1.3414116274858379	1.0000196871894724
1.3445764385108567	1.0000250548539331
1.3493595589342751	1.0000348015471798
1.3558247319067138	1.0000180004030481
1.3583536177577971	1.0000053299032410
1.3611691596955404	0.9999996328936777
1.3672261312201557	0.9999975597630094
1.3949122085750074	0.9999974091908606
1.5149246013644830	0.9999993037358116
1.5872897568368625	0.9996826799619815
1.5926432891323850	1.0000631351657754
1.5945200846811622	1.0000390082629067
1.5964011975330243	1.0000186267456741
1.5983497631722972	1.0000075576349059
1.6005415645842991	1.0000031005745811
1.6038855008840212	1.0000019411516656
1.6131076812353324	1.0000042337914905
1.6217774749331613	1.0000031209190767
1.6252133410259526	1.0000014806483635
1.6283252981852550	0.9999992967018523
1.6427185710524732	0.9999542203771107
1.6484263153234484	1.0000131181108383
1.6500059835063574	1.0000111012226496
1.6512864567491905	1.0000033841979417
1.6539261124209739	1.0000009364881608
1.6571927018419950	0.9999993073349944
1.6649024083361039	0.9999990790231261
1.6822948313848314	0.9999991822850038
1.6964851094414588	0.9999979549037132
1.7663008156464659	0.9999976791112771
1.9927278507016599	0.9999980143457192
2.3996299213332586	0.9999977689726183
2.9087746439116118	1.0000076883679530
2.9345492742842203	1.0000040959928254
2.9360270104240564	0.9999990316002810
2.9675181418076964	0.9999968193758135
3.1073370925795820	0.9999973322888051
3.5175954699948035	0.9999989368316733
3.7128509582587430	0.9978268215228245
3.7297293227049888	1.0005263110826448
3.7314845648107302	1.0001893970490938
3.7330662425483228	1.0000880712023381
3.7341955869770813	1.0000332297542458
3.7359047036500113	1.0000111131475204
3.7378799891158478	1.0000015563187308
3.7412094880282480	0.9999976326091808
3.7533600116738208	0.9999965152444242
3.8060837233175540	0.9999968890575096
3.9335354033879502	0.9999969564021736
4.2250786699026719	0.9999967124177800
4.7429936272597706	0.9999959570294373
6.0457414470724533	0.9999967492134720
6.7660343447113949	0.9984235049184037
6.7705201099168058	1.0003935497403595
6.7724781786371206	1.0012522416298748
6.7726690008469728	0.9873340679086759
6.7735018479302589	0.9960749068975149
6.7761207449045138	0.9969052249288340
6.7772258499507902	0.9980644351336495
6.7778647451839626	0.9987778867026944
6.7796018270764327	0.9992648858362236
6.7819169085104356	0.9993482628449516
6.7829058040031267	0.9996790019283586
6.7853938220817316	0.9997834110050881
6.7866720969044927	0.9998517538500413
6.7888440539452741	0.9998759895735526
6.7905310590927996	0.9998891310834921
6.7930257245846466	0.9999361896793576
6.7960938784885299	0.9999535231600216
6.7976038377146297	0.9999693460862448
6.7996655644690644	0.9999758750126779
6.8024476444998498	0.9999808205031389
6.8092144595672739	0.9999814042070364
6.8141138956676945	0.9999892168551270
6.8176837349883543	0.9999968653416555
6.8261211969978017	1.0000007841863043
6.8567640907577045	1.0000026135940958
6.8967254689648279	1.0000048370099521
6.9870699949703878	1.0000062877684053
7.2480489436515922	1.0000060539000248
7.7205940844691971	1.0000069273110950
8.4391578321758836	1.0000103423455422
9.0194154600910874	1.0000173858131238
