0.0000000000000000	0.0000000000000000
0.6938014111968472	0.0000100000000000
0.6944317323207644	0.0000117313386752
0.6952489241216382	0.0000285115997397
0.6962867490696533	0.0000563106209193
0.6969067144631308	0.0000858798389275
0.6976969474844220	0.0001288106845166
0.6979654228852278	0.0001567989865055
0.6987403631363460	0.0002553698081678
0.6994117374210783	0.0003566175835311
0.7004298542567073	0.0006283387446391
0.7008924094038277	0.0008033853116987
0.7012665401063846	0.0009836627547044
0.7016772711029703	0.0012258756840316
0.7021126042559586	0.0015504875570640
0.7025650394053617	0.0019793070141159
0.7030224078994244	0.0025327477904707
0.7034741042853110	0.0032307799384433
0.7039358254227706	0.0041422549916889
0.7044056560040795	0.0053324888567002
0.7048812013616431	0.0068835482317176
0.7053616357364386	0.0089053432375142
0.7058448862340607	0.0115334653165892
0.7063329361058558	0.0149665458246770
0.7068272095234485	0.0194646285299484
0.7073273037162701	0.0253535857809831
0.7078321754697532	0.0330491237891514
0.7083351060936317	0.0429671801362207
0.7088488138002998	0.0560741554172836
0.7093306303488223	0.0719005824829193
0.7098676304180066	0.0942671019264957
0.7104334140159212	0.1239829338960561
0.7108936981661641	0.1549102061739110
0.7114796451993854	0.2024294952218100
0.7121179760766057	0.2658865994835953
0.7126605714231402	0.3299316793401989
0.7135079991916404	0.4464989499289456
0.7146554571297329	0.6057132999253454
0.7151758535845506	0.6792083169100281
0.7156173066738852	0.7382489722081064
0.7157113493742356	0.7469755136419711
0.7163540191033410	0.8113932769385734
0.7165886122520636	0.8295699130504884
0.7171963376120760	0.8700697215364359
0.7175038256648612	0.8951809332664076
0.7181573109976310	0.9058863036020950
0.7181628377474470	0.9064769307624223
0.7183986480072594	0.9296903861327662
0.7196539846230074	0.9676173454209199
0.7201178195977638	0.9740483710552666
0.7211775617153771	0.9863020692393237
0.7219874893055502	0.9910965816010963
0.7230650855229197	0.9950575437879802
0.7239909439738738	0.9972632190914037
0.7249043975737361	0.9983740773701227
0.7263146440754427	0.9993324915959397
0.7270230932070280	0.9994486722008638
0.7285744678320795	0.9999799927500918
0.7293314421486307	0.9999811325398136
0.7307591287001608	1.0000656675019159
0.7318604603946230	1.0000299756157720
0.7332523147147407	0.9999950232226282
0.7347977673791988	0.9999643989190117
0.7363337867740628	0.9999407077639410
0.7379527487921417	0.9999225369190256
0.7401293096055428	0.9999048804859842
0.7437184615490197	0.9998797803218935
0.7526511397727479	0.9998034264687805
0.7604769086225807	0.9997506620786002
0.8112408426981393	0.9998665715170530
0.8225692258196967	0.9999064230843375
0.8322894861433681	0.9999048280420227
0.8716201399303634	0.9999691222241484
0.8761114038423156	0.9999796721518417
0.8829033404930097	0.9999935191346851
0.8911423276800978	0.9999969048406575
0.9259208873746734	1.0000366766761803
0.9287335474654413	1.0001019380395317
0.9384195908781279	1.0003178755671862
0.9686797250720548	1.0001545584699472
0.9717238844412315	1.0001499226199486
0.9743498416554807	1.0001538349828452
0.9831385166439677	1.0001807395570856
1.0039626644252708	0.9927849543138115
1.0084513924466827	1.0021623031326568
1.0090591363397097	1.0004767166990187
1.0112586078916599	1.0002887288031599
1.0127559254949012	1.0001284797913128
1.0142120151184382	1.0000651698840148
1.0158118546931811	1.0000467851979067
1.0175945167972127	1.0000465121891906
1.0199242309290204	1.0000562500335020
1.0249026654648612	1.0000846392691101
1.0358794470753505	1.0000439410464770
1.0380465331664364	1.0000095791283514
1.0400631869141312	0.9999968506208170
1.0426559488195222	0.9999920067782662
1.0522956671473342	0.9999902327251508
1.1427086605928978	0.9999892715774548
1.3704248702463984	0.9999861039014234
1.6931075711141159	0.9999994775672514
2.1053666769803847	0.9916411969237342
2.1093732497935602	1.0005733861719632
2.1115621440443197	1.0003086445025746
2.1133301428109457	1.0001792700964065
2.1148142876358356	1.0001343485961698
2.1162118167318509	1.0001326206000341
2.1177151519554340	1.0001505920818767
2.1195842952424271	1.0001825484755313
2.1229416821300791	1.0002464001416094
2.1248824027724456	1.0000634261176797
2.1271001506107265	1.0000193505439270
2.1289508411027076	1.0000050670443734
2.1314604143471856	1.0000003615000193
2.1396354993154549	0.9999995952022801
2.1905802093702293	1.0000047176809497
2.2083475208856003	0.9983622912594680
2.2159333313139817	1.0006318459792385
2.2167179310222727	1.0002609212025069
2.2184346612983927	1.0001511020280831
2.2196560050280700	1.0000686559421401
2.2211107556140712	1.0000306505307412
2.2226660782424150	1.0000124124271774
2.2243079626811468	1.0000034137929206
2.2266606178569091	0.9999993699213412
2.2309018033724719	0.9999975522072205
2.2467357047892444	0.9999973305635386
2.2921747104335584	0.9999975374896496
2.3927293472578635	0.9999975205569134
2.6202842802334558	0.9999974281018290
2.9750069457534929	0.9999967470454787
3.5161196393792813	0.9974659580886953
3.5307040742205991	1.0010410749712226
3.5313379192946290	1.0003598496771779
3.5329843294258865	1.0001581554175207
3.5343394785839113	1.0000660536581325
3.5358026140773631	1.0000264969227159
3.5374303271758092	1.0000092526210873
3.5392273346680869	1.0000011802046564
3.5425004670808975	0.9999977294665986
3.5529820582993263	0.9999966717720613
3.5936787868870672	0.9999970092506602
3.6860149055023075	0.9999970579408978
3.8884348987402833	0.9999969450242181
4.3585212532439543	0.9999961369313722
4.5570474449807659	0.9998398047579249
4.5694066953725985	1.0000859682018339
4.5714961058924999	1.0000357465230068
4.5731734363499674	1.0000124022920245
4.5750212655215270	1.0000028281599886
4.5775325226631649	0.9999988721602979
4.5859684344871674	0.9999976691902606
4.6228742900302597	0.9999963633525346
4.7009998483948667	0.9999965385360006
4.9450593016803097	0.9999983366252385
5.1434445770501354	0.9974659494787146
5.1578737891361115	1.0010702289024649
5.1584804604061389	1.0003518375573972
5.1604815022367854	1.0001430825047093
5.1619896803623488	1.0000587558369205
5.1634839805614092	1.0000196365979730
5.1655100754089380	1.0000040773518608
5.1684177664568454	0.9999977354351610
5.1768587511243398	0.9999956304250777
5.2166781607602406	0.9999957246755261
5.3303237031759059	0.9999961035097626
5.5180210715850384	0.9996901124304741
5.5299864138053474	1.0001370674782193
5.5315873258693111	1.0000637054528805
5.5332340122175019	1.0000266515092149
5.5348757302272178	1.0000084829747997
5.5369494006277229	1.0000002031495538
5.5410446239618594	0.9999967920058459
5.5573777482129172	0.9999959275954655
5.6032904491920101	0.9999962855117500
5.7181746940820446	0.9999971676171829
5.7613884939791538	0.9999914040139054
6.4340597171040459	0.9999990979564283
6.6845119384697780	0.9999941423570905
6.8538756861120786	0.9999744841851056
6.8985119557731123	0.9999571777995371
7.2159976711900864	0.9999723223553983
7.2631992940432992	0.9999824666317602
7.4897948460436394	0.9999977420436418
7.7127182975075925	1.0000034373030944
8.3229355435121803	1.0000101024004404
9.4461042492912330	1.0000267832383434
