0.0000000000000000	0.0000000000000000
0.6902043205734210	0.0000100000000000
0.6906726978163573	0.0000068499030852
0.6916941496680022	0.0000301789047633
0.6929369696077111	0.0000753870174729
0.6939320012867098	0.0001259776591596
0.6947606088297514	0.0002077591201378
0.6953902025697291	0.0002956339727384
0.6960118575438846	0.0004015416475977
0.6961465485061988	0.0004349421294206
0.6962899613271103	0.0004844437029786
0.6968456713610536	0.0006508361549406
0.6973174858226381	0.0008416748888983
0.6977787836954477	0.0010770041868556
0.6982167016669382	0.0013619709243753
0.6986746282064082	0.0017426151578659
0.6991269407678642	0.0022245777660391
0.6995870408129146	0.0028510765434786
0.7000528744455941	0.0036643909735187
0.7005242868641078	0.0047229575180394
0.7010002580157702	0.0061001068888854
0.7014806795577714	0.0078937075383118
0.7019638954211838	0.0102243000479211
0.7024485881943917	0.0132474812833605
0.7029372319704251	0.0171915081336017
0.7034323125314613	0.0223634036888512
0.7039336774311745	0.0291401323146475
0.7044392042434489	0.0379823698414544
0.7049509858126087	0.0495748942602967
0.7054502436738953	0.0641377318767138
0.7059795997232953	0.0838269801306057
0.7065255647358711	0.1096987544929524
0.7070850016277079	0.1434302151302446
0.7076498759125355	0.1865705531910982
0.7079764369203901	0.2166256793988586
0.7087436672999617	0.2988116979921781
0.7087870924197602	0.3105762766371515
0.7089245660732527	0.3259218848848519
0.7095811570426324	0.4045554314923376
0.7103597639762400	0.5233664087318205
0.7113288243442937	0.6552343445032347
0.7122239632499588	0.7657571934787786
0.7129861993420740	0.8336204544994830
0.7136731319073130	0.8827980047317469
0.7140105355744861	0.9006161188545321
0.7144557524707280	0.9199195028466098
0.7148672987275092	0.9364274827948038
0.7150883004895767	0.9440717442813585
0.7153724539788824	0.9519217831708721
0.7156328307346785	0.9592839354548588
0.7156581115071496	0.9448705491704840
0.7160681019932081	0.9614278479432458
0.7163627680870199	0.9660684870324747
0.7166688676556195	0.9709488505398536
0.7188739347647365	0.9947866653700962
0.7199068856058904	0.9974628016990039
0.7202384600921515	0.9988533263679193
0.7203123211107566	0.9991645349924101
0.7204135274360599	0.9981927854217429
0.7214594571473417	0.9994355945813420
0.7224278882173714	0.9997109102663952
0.7234809718895271	0.9998754543373816
0.7245636011930220	0.9999629544155387
0.7255593084363942	0.9999945042954952
0.7264635989157640	0.9999886998854616
0.7276565866225796	1.0000075204462382
0.7286530675199729	1.0000038149381252
0.7299732808777223	1.0000161107842520
0.7307447715155323	1.0000089439547437
0.7319112363984678	1.0000080584190365
0.7331616742425663	1.0000057310023593
0.7345062737956655	1.0000020977110009
0.7363968866811371	0.9999994726727139
0.7383463977614720	0.9999965058807816
0.7417187570565181	0.9999940337212909
0.7482215224168787	0.9999911604094688
0.7616195020938533	0.9999855935783655
0.8021246100667025	0.9999721987072622
0.9005435144948758	0.9999397058812980
1.0471483653266667	0.9999705478708119
1.3986146684543375	0.9999865435485891
1.4262321461434320	0.9999985438305740
1.4523571360177341	1.0000031590512974
1.5976077515735754	1.0000976037327838
1.6021733029710075	1.0001900682859095
1.6119846387112631	1.0003740880760663
1.6422090149164723	0.9914597605560973
1.6459325999009273	1.0006939575430229
1.6480617900171426	1.0003324071361626
1.6498981716262340	1.0002222870317834
1.6508817168687968	1.0001387637840429
1.6523317376252615	1.0001354958127937
1.6539828875815197	1.0001579354630934
1.6559794341514318	1.0001960410048334
1.6591910907524063	1.0002637457327423
1.6682141812253328	1.0001513874652912
1.6701154076851294	1.0000906566587544
1.6720233061556677	1.0000759029530519
1.6742503809873610	1.0000754718332887
1.6794086806568478	1.0000878732110083
1.6902070064416297	1.0000373253358958
1.6922196414953319	1.0000104410239341
1.6946769836458919	1.0000012524742885
1.6993921421084783	0.9999981236868829
1.7266319826750975	0.9999973369004277
1.9032916555622936	0.9999987902560945
2.1055442756253560	0.9989860148022596
2.1103212068861508	1.0001562904723047
2.1122256904524086	1.0001911308468487
2.1127751328142823	1.0000721326637592
2.1145148795977171	1.0000393702187489
2.1161720800718880	1.0000196654336739
2.1179650465228224	1.0000109206480907
2.1202230913284046	1.0000083724154150
2.1243080033573940	1.0000104674788619
2.1255552691063060	1.0000037562369055
2.1291427498390560	1.0000000162980376
2.1334829234132160	0.9999976945832714
2.1619851372504302	0.9999977336908578
2.2093683216306239	0.9999437478716134
2.2177261789551372	1.0000209590312534
2.2197450729320312	1.0000169606745264
2.2207913787907820	1.0000057528461606
2.2233209930685840	1.0000024321248997
2.2249441621979016	0.9999986498214130
2.2315890137398515	0.9999977156636560
2.2501039473065401	0.9999976314951764
2.2948246926286999	0.9999976639739423
2.3972739347914582	0.9999977105289521
2.6363945934907265	0.9999978468430706
2.8925319964626470	0.9996574793360165
2.9064594933306678	1.0001511570631882
2.9082189176506059	1.0000740242940387
2.9098864376565090	1.0000378715576086
2.9108295133447712	1.0000138217865413
2.9126981008256165	1.0000038364042938
2.9151730741826896	0.9999992179607313
2.9207836320905867	0.9999974059050935
2.9441078416466286	0.9999974553610197
3.0079364779551918	0.9999979415116738
3.1028606228538509	0.9999975212078012
3.3485515084267257	0.9999979218753318
3.5168605554713985	0.9997476307174422
3.5232845690116994	0.9999493577856526
3.5309946951932769	1.0001025483972452
3.5334783931636884	1.0000542767552212
3.5350191298411811	1.0000219123666325
3.5367450031198127	1.0000072369066870
3.5388535634066387	1.0000006995923629
3.5427360256726148	0.9999980026096571
3.5588123706084769	0.9999975765627784
3.6060392507039176	0.9999972760325292
3.7043289075717896	0.9999972071557764
3.9828782976964678	0.9999979400387915
4.2251806001740748	0.9999952154942946
5.1499527676459422	0.9999426357872245
5.1590761728395762	1.0000892254166569
5.1612507388060997	1.0000380623043386
5.1629605389654785	1.0000134205621964
5.1650589192945233	1.0000038966259799
5.1678438252751313	0.9999999341707700
5.1796871640360749	0.9999989937234700
5.2268288112600834	0.9999993683004348
5.3464161038421354	0.9999981061783840
5.5934810078094994	0.9999981663799653
5.6514757845028010	0.9999911683940758
5.7636179965668859	0.9999834338702439
6.7142033658511711	1.0000010421563204
6.7954925036163276	0.9999009050761267
6.8024391158610671	0.9998503788702663
6.8120539583286392	0.9998041075266962
6.8825906771124581	0.9998769149685134
6.8915407642789237	0.9999193417408623
6.9051181108487745	0.9999189414229092
6.9532339910906167	0.9999648929233198
6.9601914337454156	0.9999744808264236
6.9697491003973857	0.9999863003188235
7.0662625555774516	0.9999966603809640
7.1535845552757396	1.0000024733146915
7.4087930704049825	1.0000055011948490
7.8543200046825374	1.0000075785635252
8.7830251480038370	1.0000130410724966
9.5720542255311294	1.0000383172819476
