0.0000000000000000	0.0000000000000000
0.6971515336452001	0.0000100000000000
0.6977709957628013	0.0000094281235995
0.6981003142358572	0.0000144340826646
0.6987252613568183	0.0000142018621685
0.6988548038933152	0.0000253811952808
0.6997910698557466	0.0000476382701598
0.7009533662124816	0.0001081846525207
0.7014069425984780	0.0001514650794951
0.7022667049608967	0.0002292828630665
0.7022899095389370	0.0002321815132393
0.7027948885182346	0.0002965654278151
0.7028181203142483	0.0003005845637889
0.7029302974522683	0.0003344469172171
0.7036515812066939	0.0004945550146741
0.7041542999912562	0.0006522042142883
0.7046534607248862	0.0008499835486403
0.7050329054579536	0.0010449559125202
0.7054622245796894	0.0013156619175497
0.7059267479681575	0.0016888182368713
0.7063877084979272	0.0021654109417543
0.7068510713188676	0.0027797565381872
0.7073188357637941	0.0035759617491237
0.7077926708348359	0.0046135200799910
0.7082709471046158	0.0059637957113972
0.7087520548177006	0.0077176971381322
0.7092361894152764	0.0099996767235878
0.7097205634402924	0.0129550219520746
0.7102090582528005	0.0168158475455946
0.7107057972709692	0.0218990080349343
0.7112045826989176	0.0285023320198417
0.7117088822591305	0.0371452632347807
0.7122223494684093	0.0485293202887689
0.7127252638953439	0.0628644200493810
0.7132343150024411	0.0813962859654806
0.7137684866655338	0.1061523041600423
0.7143246733163565	0.1390597001949582
0.7148691799463943	0.1792243368855675
0.7154628329643582	0.2336845876031946
0.7159347530250328	0.2838529238694220
0.7166268697345209	0.3670968888140630
0.7166595523145021	0.3717943631012782
0.7167107436772062	0.3791392302002359
0.7167478407636781	0.3844962442311552
0.7167963916087455	0.3914869826161979
0.7168243354394169	0.3955535775293283
0.7168712798046125	0.4022974918199119
0.7169122672913071	0.4082146674391435
0.7169291600378402	0.4107225617743602
0.7169966776684519	0.4203417019464479
0.7170647174620441	0.4300826713025092
0.7171059588603503	0.4361163983818898
0.7176096057953644	0.5083440591978163
0.7178982284109431	0.5565665999408833
0.7181779314806674	0.5912604075111737
0.7184205052600645	0.6280091384882366
0.7191988012310231	0.7181732849983001
0.7198763020029229	0.7980438476471869
0.7205819465360064	0.8612409134500024
0.7205982862490690	0.8602773243980790
0.7211812982553987	0.8843864859476770
0.7213172596970793	0.8905267136307659
0.7220668692802176	0.9299444188642585
0.7238451661962466	0.9732587638077460
0.7243498901959873	0.9785622879562743
0.7290169042707486	1.0012490847042557
0.7299685925932822	1.0005287750150387
0.7307320358808097	0.9995860878743135
0.7323233829192477	0.9991503389428761
0.7339266665251749	0.9988497147631124
0.7351586134974152	0.9986440033253420
0.7364336346904397	0.9984593860915089
0.7443711709580497	0.9996321255243934
0.7481563819941196	0.9999306344042095
0.7569027905394138	1.0005311120717448
0.7751342115587111	1.0001508068196796
0.7756261296974007	1.0000366801221607
0.7782713352576816	1.0000135138717836
0.7800796371958760	1.0000068390650707
0.7835173747047425	1.0000060182691743
0.8216440343492812	1.0000234191566570
0.9185974705813488	0.9904965743944033
0.9218410983354837	1.0023298147235038
0.9224067981371680	1.0004192554663083
0.9245491217813603	1.0003683881504519
0.9260022173322121	1.0001806655945717
0.9274217514328658	1.0001007510633098
0.9289683920339014	1.0000782116108820
0.9306455758672276	1.0000797989746368
0.9326516006022653	1.0000941337581537
0.9359196683170652	1.0001252438348629
0.9458156667451944	1.0000938447286505
0.9480475630383585	1.0000555820375552
0.9500437517934297	1.0000430501054991
0.9524543683479727	1.0000408851278881
0.9582631992902328	1.0000475625982232
0.9691315275752161	1.0000273050142408
0.9720917059912375	1.0000150144068030
0.9749311170815885	1.0000101657421430
0.9815433007236896	1.0000094185727881
1.0040472912994451	0.9995679836398326
1.0097900506683930	1.0000780990477014
1.0117433066969528	1.0000553095436207
1.0135124150045860	1.0000291357487441
1.0152136890419194	1.0000133487146623
1.0170340285846469	1.0000057484717295
1.0192870760351869	1.0000026776978033
1.0237167269902780	1.0000028668454271
1.0366927574114568	1.0000029572836795
1.0414573177019941	1.0000007891827576
1.0436741913266361	0.9999977176982375
1.0664397218394901	0.9999971080802154
1.1443582952382751	0.9999971340883269
1.3559269405050345	0.9999971565455318
1.7626293018482047	0.9999965445180998
2.2094386485452846	0.9986211764809658
2.2161051473440683	1.0004658963364914
2.2178411044382411	1.0002307257707628
2.2194108042104870	1.0001034410017779
2.2209144683451378	1.0000441476209205
2.2223769696971218	1.0000172025331142
2.2239560634001978	1.0000053325588374
2.2259456618560312	1.0000001773952341
2.2295071755518476	0.9999980441257502
2.2425516719214178	0.9999976501242446
2.2829036567878180	0.9999978523537072
2.3719638951021662	0.9999975879467176
2.5771068903180883	0.9999976148254924
3.1009137143342285	0.9999980317932430
3.4179861197711827	0.9989670712340475
3.4288138242267605	1.0003197677144338
3.4307282755453739	1.0001356288393093
3.4325164701626858	1.0000627095936607
3.4336608433401570	1.0000231864493827
3.4352575415267257	1.0000071233786096
3.4374468085426093	1.0000005305916788
3.4415962541428420	0.9999980018964385
3.4590255906162732	0.9999979322954619
3.5032274289636458	0.9999988252274667
3.5171603198625117	0.9998841212542963
3.5214754154920631	0.9999276828671837
3.5315321828979696	1.0000789261096246
3.5325342105004092	1.0000434502070570
3.5345586385491323	1.0000305481711789
3.5355979160748174	1.0000105362943363
3.5380395517145899	1.0000025347916208
3.5408447766728339	0.9999984483962328
3.5482316062745904	0.9999969517988551
3.5774288855249563	0.9999970728385933
3.6465882020518037	0.9999972727472819
3.7711976644283953	0.9999963108805207
3.9972460193616377	0.9998993253371996
4.0036757334447097	1.0000585931008565
4.0053888068702470	1.0000302157440100
4.0071527198662977	1.0000131230634060
4.0089190926998111	1.0000040474490206
4.0109603202362996	0.9999996567641043
4.0145168517460661	0.9999977752912351
4.0272079171252617	0.9999974950176304
4.0634474431740584	0.9999967231525614
4.1397625159891813	0.9999970027653735
4.3554544288037533	0.9999985703366274
4.5534430319147257	0.9975077718370740
4.5681712883982728	1.0010447636041380
4.5687714245571982	1.0003499813752768
4.5706063017512886	1.0001538735609419
4.5720668939328126	1.0000635580601798
4.5735325800987070	1.0000233089680461
4.5753255292133241	1.0000063275162272
4.5777261251159223	0.9999991123257428
4.5829897368853745	0.9999963150923922
4.6070058188109568	0.9999960791792408
4.6804050137299624	0.9999962718492754
4.8516492256167902	0.9999962513357461
5.0788139887712340	0.9999972742213050
5.1882673962158110	0.9999953846121826
5.5171446892673472	0.9968253725169407
5.5285948283832393	1.0012182448912166
5.5293046839057656	1.0004029035409525
5.5311571990009902	1.0002048951693239
5.5322901751016813	1.0000840910173192
5.5337790955113331	1.0000332880396678
5.5354428155052640	1.0000105095623997
5.5375494724563783	1.0000004038022579
5.5413169182417050	0.9999961513931531
5.5545056474185230	0.9999951200115511
5.6017143955442190	0.9999955884849449
5.7092037807175418	0.9999955894628341
5.9627489843463053	0.9999955645060444
5.9877800030305348	0.9999341942348784
6.0003418287420551	1.0000345161760105
6.0020465407036330	1.0000114103612767
6.0042349979592569	1.0000018599906941
6.0073428884973517	0.9999977653021067
6.0181988040299750	0.9999967734795663
6.0563938519470089	0.9999951729389096
6.1327161930964342	0.9999954778421216
6.3638044956388677	0.9999981224079811
6.5242658175335411	0.9999899005977174
7.1925943169944917	0.9999895014876656
7.4799369388517620	0.9999801858330660
8.5019348780307862	1.0000032379331114
9.7056690844841107	1.0000525051020959
