0.0000000000000000	0.0000000000000000
0.7142257551334329	0.0000100000000000
0.7146872388542432	0.0000104443676322
0.7158406449458101	0.0000160868152286
0.7161090786989461	0.0000234287720060
0.7166979516352321	0.0000405537499736
0.7171398110550117	0.0000590368569138
0.7180516805797932	0.0001184955662266
0.7188850277304351	0.0001793937501638
0.7190642805338989	0.0001970556838458
0.7191014777285135	0.0002078522447199
0.7196836358052846	0.0002727433224107
0.7200382283339949	0.0003477540222703
0.7207530993970455	0.0005070991563396
0.7211794687018517	0.0006389594300288
0.7216089599584391	0.0008034280934870
0.7219539527247005	0.0009699668547584
0.7223681352751442	0.0012107397635868
0.7228097971644124	0.0015350514453821
0.7232629402715791	0.0019601194733422
0.7237234707354259	0.0025114435420234
0.7241816399593507	0.0032134024991417
0.7246476637721796	0.0041281067383682
0.7251171535600702	0.0053130209590390
0.7255911571374137	0.0068535404080587
0.7260696416082005	0.0088592143680136
0.7265527922925609	0.0114751622138025
0.7270400938444859	0.0148868407882134
0.7275312248908159	0.0193385986880872
0.7280281320835866	0.0251722437117350
0.7285318568497283	0.0328294466043549
0.7290418488169078	0.0428597604052412
0.7295522948271117	0.0558273068762004
0.7300767939724044	0.0729716038098547
0.7306149367937870	0.0955882040348363
0.7310945460910949	0.1210018972121417
0.7315988235169613	0.1541722935287809
0.7321943231751114	0.2025124381340980
0.7328152019191365	0.2650121620479406
0.7334212087375584	0.3372961298660935
0.7343374089670248	0.4620342082834117
0.7358595353752182	0.6779686502650862
0.7366509411214449	0.7717036674625788
0.7373700367826865	0.8325928225540964
0.7381941394077811	0.8919414451016681
0.7389964367996349	0.9258696731613379
0.7398912271750969	0.9560296738230085
0.7407724071938178	0.9715619560241828
0.7418022515282924	0.9844754027754619
0.7429754909747756	0.9924705360507048
0.7439075477466430	0.9957833946474181
0.7449349625651888	0.9977825769565705
0.7455934424958058	0.9981744916786133
0.7468827230033553	0.9984546186304730
0.7483716129452174	0.9986547663382317
0.7496307198501244	0.9988113753473561
0.7509890683366531	0.9989900416582214
0.7686760973839284	1.0003539752971353
0.7701063962979030	1.0001265435056410
0.7714779456069041	1.0000446663004314
0.7727631840850825	1.0000098250894027
0.7742518314916377	0.9999944103382716
0.7761337404612016	0.9999868428993088
0.7793548586060485	0.9999818641893032
0.7917980909249150	0.9999721917609530
0.8159304614484859	0.9999511743920818
0.9714140615926292	0.9999607912958440
1.2142107297710085	0.9999585965041407
1.2334987897928418	0.9999795521637518
1.2480333305282612	0.9999851807407352
1.2841579593015393	0.9999884524401649
1.5507203055401577	0.9999911828626886
1.6343624867653392	0.9999973661868177
1.7948700706763256	0.9999993822192398
2.4728262398404031	1.0000011353512208
3.1035127652811147	1.0000025519796047
5.6369780170079302	1.0000036793295708
6.2750188723527671	1.0000809369959824
6.2849369799971901	1.0001026823115360
6.3000480923775468	1.0001893556707984
6.3132429161872761	1.0004555954366361
6.3390204184683920	0.9914553420024110
6.3427779161980062	1.0007187134229389
6.3449204870067195	1.0003556920232290
6.3467797343912133	1.0002468717133801
6.3477803793563341	1.0001632448794209
6.3493044176519948	1.0001619452282806
6.3511781051919067	1.0001898355556145
6.3543778284772596	1.0002562665255277
6.3591291907623022	1.0003589251867693
6.3646962649010668	1.0001615610883388
6.3667080730150927	1.0001001768689166
6.3688259730437258	1.0000856136652279
6.3728630628194223	1.0000916486325595
6.3871399480677233	1.0000449588186933
6.3913624140972098	1.0000265478907340
6.3958529981959149	1.0000218241288668
6.4102769608262369	1.0000250067188221
6.4182021025531109	0.9990305589152830
6.4231952095280951	1.0003480184346474
6.4237053030893634	1.0001557005683115
6.4250978124774951	1.0002028806359218
6.4255202254141492	1.0000873082229746
6.4270139094883971	1.0000942593022650
6.4273586483986573	1.0000420019514031
6.4288043556489551	1.0000386480798116
6.4291587928214575	1.0000172946129831
6.4309071852850304	1.0000071985620176
6.4342915661071887	1.0000054962933809
6.4428366012625951	1.0000114471715540
6.4502647731816243	1.0000074088165385
6.4541041845170346	1.0000000838398084
6.4720995282437439	1.0000000621591025
6.4843189834817494	0.9999971257378334
6.4944325358452897	0.9999931276289891
6.6453818276648402	0.9999947606638332
6.8954078671574424	0.9999941428134536
7.4506082705884040	0.9999932157787647
8.4374946457820830	0.9999897418904491
9.1965559170573012	0.9999813084576534
