0.0000000000000000	0.0000000000000000
0.7214109963653546	0.0000100000000000
0.7218721176088068	0.0000103755610594
0.7230249381195922	0.0000157132620903
0.7233192191786331	0.0000198559460603
0.7240530269102800	0.0000573492932296
0.7250472477674186	0.0000858732216496
0.7253110573691459	0.0001092230525424
0.7261324009467107	0.0001812550121273
0.7267689360850667	0.0002449345557445
0.7271637709101106	0.0002988104806672
0.7273897203272608	0.0003519172057214
0.7280486944633099	0.0005012147135408
0.7284783298390373	0.0006351530919790
0.7289199855528923	0.0008034785050799
0.7292698183819020	0.0009718175247376
0.7296760198383765	0.0012081520282116
0.7301182850605148	0.0015321806010445
0.7305611629282999	0.0019457817497870
0.7310175200755047	0.0024886657534474
0.7314785619497324	0.0031902742959961
0.7319451344888046	0.0041007952540247
0.7324159241929911	0.0052818530478465
0.7328907214045332	0.0068159416882552
0.7333697022441082	0.0088124430512706
0.7338516951455084	0.0114074207851387
0.7343367009654379	0.0147837332360880
0.7348266080736375	0.0191963438043174
0.7353235970122791	0.0249905368298503
0.7358241967478769	0.0325363041224655
0.7363166083921676	0.0421320191202296
0.7368253081550113	0.0548974159579726
0.7373525332324546	0.0718889222165630
0.7378951425812068	0.0942475400875011
0.7384444571913165	0.1247494444638561
0.7388313352624313	0.1485922123008983
0.7393865875019668	0.1920836933102912
0.7400471966368567	0.2552185181068155
0.7405586734836401	0.3155303795581930
0.7412653568601478	0.4112581322487942
0.7413557483668688	0.4240343292471763
0.7416480470963145	0.4580507677529901
0.7425978998307864	0.5953778797016670
0.7427238831659804	0.6133459143180957
0.7428510310499621	0.6313305885069886
0.7428812578920089	0.6358994711868681
0.7429339086264303	0.6495718439659390
0.7436124465280975	0.7362691667261295
0.7439739959820206	0.7573810790828485
0.7448308125625239	0.8477670216713094
0.7456040150712303	0.8907148200854470
0.7459691970281045	0.9202589275431702
0.7485821377028885	0.9795680984431478
0.7507312224205581	0.9950542447630024
0.7512585704577748	0.9957192502444744
0.7525520743768050	0.9982943075443614
0.7538058464756490	0.9994385332367769
0.7546803444940062	0.9996659224088694
0.7553457177854418	0.9996032235077650
0.7566737374334835	0.9992887809993637
0.7579767396325578	0.9988948767662358
0.7595252319236618	0.9984478391359540
0.7608035466563284	0.9980809123462048
0.7673928858923212	0.9991271017234050
0.7705014398844017	0.9993942346033754
0.7737822985155610	0.9993628975100212
0.7766634763696803	0.9999100997296809
0.7794619450740922	0.9999912803323401
0.7806358095988472	1.0000884476862020
0.7829595069701960	1.0001280363647025
0.7844718552021636	1.0001554670877311
0.7917242038699971	1.0003580798823610
0.7969675418671307	1.0004626996838084
0.8231353132816035	0.9922429386360322
0.8272734312558916	1.0006874276083757
0.8294573471249146	1.0003170323323805
0.8313003411432561	1.0002076641025046
0.8322824926290372	1.0001336283126585
0.8337398499567539	1.0001294562641143
0.8354006474505835	1.0001475624469587
0.8374140567967870	1.0001790008465203
0.8408112815447437	1.0002378907669314
0.8529205781991311	1.0001541581049775
0.8546512749738889	1.0000933365381108
0.8566413361334501	1.0000790665674151
0.8588520094706114	1.0000783539888494
0.8639226592232113	1.0000894889512104
0.8809571871573507	0.9967594492818916
0.8852496911170504	1.0010057045798348
0.8858274939870467	1.0003077600307553
0.8877817523472044	1.0001945425162204
0.8895239388861160	1.0000958174996892
0.8911340456659528	1.0000483727339178
0.8927908673318785	1.0000311974391487
0.8946506443605563	1.0000278542114693
0.8972094773336258	1.0000321518815558
0.9029243689965055	1.0000486715008943
0.9104001411754589	1.0000338171229031
0.9127385585529496	1.0000189338751317
0.9152902886429127	1.0000131584040599
0.9189713206377339	1.0000118755957785
0.9377221029699963	0.9994895586246836
0.9429165405352021	1.0000816001306416
0.9447927469309243	1.0000615734822527
0.9465280355925834	1.0000337337155716
0.9482014783179118	1.0000160901864714
0.9499563919112791	1.0000073584654254
0.9520156779440953	1.0000037131313135
0.9555259587535450	1.0000043626709163
0.9597478930921388	1.0000051917383213
0.9681193893232155	1.0000039089802362
0.9701772056733566	0.9999994358876697
0.9765583030684161	0.9999974983357096
0.9971888189462241	0.9999967523451472
1.0967631107957412	0.9999970632833441
1.2888997946844227	0.9999966934481637
1.7776521778100591	0.9999961059410636
3.3262688655102819	0.9999953503231230
