0.0000000000000000	0.0000000000000000
0.7310664337954426	0.0000100000000000
0.7315737036073643	0.0000054727605281
0.7328372143129557	0.0000236516139946
0.7348894437006435	0.0000971605007803
0.7350170969770697	0.0001041042305592
0.7356586635842622	0.0001561677830058
0.7369141846702637	0.0003037836734614
0.7372671400815218	0.0003693232527807
0.7376085618702800	0.0004580587702139
0.7380967920570701	0.0005927033302006
0.7385092712976252	0.0007401743580532
0.7389183927842081	0.0009217258767441
0.7392216026487854	0.0010862548271346
0.7396549137782905	0.0013702144248340
0.7401163210649674	0.0017559792072635
0.7405721078296128	0.0022456103255660
0.7410324763142145	0.0028780964125572
0.7414977070760003	0.0036974130779542
0.7419691363096969	0.0047641448742083
0.7424439961493599	0.0061481784202195
0.7429216936609583	0.0079444871432827
0.7434032851886302	0.0102838212535249
0.7438900446913940	0.0133404655538183
0.7443813386073331	0.0173319082041641
0.7448751913991847	0.0225292969307900
0.7453745656367000	0.0293421767550863
0.7458816819572123	0.0383003927216149
0.7463939834225987	0.0500152932809297
0.7468949837071346	0.0647785261805455
0.7474053700014924	0.0840470990816527
0.7479480040534299	0.1102103077422033
0.7484858407400313	0.1429640823474744
0.7490723746655136	0.1874309470224306
0.7495675668260862	0.2332202836574437
0.7501286100178144	0.2954336351445480
0.7509237794554608	0.3979600393381862
0.7520805284664923	0.5693261468865108
0.7533677747007950	0.7384650824634662
0.7539835589045911	0.7869883640810637
0.7548857276826110	0.8699997754463804
0.7559573738783996	0.9274767277964021
0.7567244762715455	0.9449840592099001
0.7581025537835333	0.9751607790274036
0.7592265315087636	0.9879302811339226
0.7604894580626677	0.9943708336525676
0.7615638436173763	0.9971926193753969
0.7621388010442905	0.9754713533797001
0.7624068566278478	0.9904910870719129
0.7645078665478634	0.9967772336418290
0.7738699048302725	1.0018483171138635
0.7751710073283012	1.0008178420652170
0.7762885168037653	1.0003666425727862
0.7774490732026427	1.0001661322323705
0.7787844288898396	1.0000814875309425
0.7799771448204160	1.0000407958009292
0.7813013265250156	1.0000223611871712
0.7827899295615167	1.0000097603705271
0.7849088563207461	1.0000064376963651
0.7860372161664595	1.0000022352730047
0.7899423748033465	1.0000005968650236
0.7994143013743678	1.0000005804219920
0.8081442093041227	0.9999994561906377
0.8165220595029297	0.9999982371569396
0.8252563697798954	0.9999920331507248
0.8321653772872757	1.0000013480256547
0.8351038256981108	1.0000014339205932
0.8371213892469921	0.9999989080824646
0.8438618806002365	0.9999982531194667
0.8603873812080108	0.9999984832148725
0.8917142621927262	0.9999990976675884
0.9223141598297731	0.9999983892091895
0.9850886777227423	0.9999983410015691
1.1140577529105449	0.9999984126432869
1.3203769821741935	0.9999980076494339
1.8294027507181163	0.9999979962726417
2.8239390944417337	0.9999977831665655
4.5975296119322104	0.9999970910232837
7.3877748876042419	0.9999921818186339
