0.0000000000000000	0.0000000000000000
0.7386443388789079	0.0000100000000000
0.7392166004093651	0.0000090942982358
0.7402207886621960	0.0000283089841510
0.7414010839312846	0.0000549169068769
0.7418867844919429	0.0000716984366333
0.7424343057161158	0.0001064457727982
0.7429153615814643	0.0001454397063563
0.7432660602370323	0.0001742217098913
0.7438299645693570	0.0002562915267608
0.7444483206579244	0.0003490812250444
0.7456333417413940	0.0006634042843245
0.7460931998064549	0.0008559997714995
0.7465425723195059	0.0010902290916856
0.7469711829539166	0.0013732939307669
0.7474234790403047	0.0017526806171984
0.7478719374732823	0.0022329687748685
0.7483305440597789	0.0028594222296554
0.7487925472262400	0.0036682479352924
0.7492604875600632	0.0047205359956082
0.7497332587778741	0.0060893031186616
0.7502108900970504	0.0078724821596186
0.7506933061118890	0.0101979919571621
0.7511800645126098	0.0132319052184679
0.7516676417899906	0.0171642060352837
0.7521568746866986	0.0222708220568530
0.7526517036118392	0.0289525924902841
0.7531545347652555	0.0377361418518089
0.7536667067658513	0.0492790115470282
0.7541851297153571	0.0643616180572804
0.7547010048584533	0.0836307698121589
0.7552423721408212	0.1095531986361890
0.7557188152304339	0.1381966472574223
0.7563091642784903	0.1817708381402689
0.7568175308770893	0.2287193346233872
0.7573874954364075	0.2906583274778408
0.7574274129938370	0.2954908897704976
0.7580519221822583	0.3722443302416620
0.7580978084036094	0.3784903317853996
0.7581521862848440	0.3861572507792106
0.7582282378115250	0.3968495659959397
0.7582719457872263	0.4030596183513688
0.7583786326479039	0.4180303171859817
0.7584688748840556	0.4307163674699752
0.7588884428818178	0.4899078479012881
0.7602681265825830	0.6782523753214537
0.7609142849470191	0.7542669369559188
0.7615938521914347	0.8222064224366072
0.7625681349509646	0.8923803749023556
0.7634272765728903	0.9331432708186659
0.7638387674939590	0.9466814686624537
0.7641963611137175	0.9520488399241778
0.7648026864552836	0.9657345782522517
0.7658799064971138	0.9822370918608505
0.7667514356753928	0.9896270823183178
0.7676253685580643	0.9938398412602062
0.7685193232269262	0.9964147213401801
0.7692163490085606	0.9974206654670428
0.7703839387689214	0.9985585923169639
0.7715835084626393	0.9992111685369041
0.7731004687243398	0.9998653092288944
0.7736313973330349	0.9998465549250641
0.7748588950488883	0.9999879505213576
0.7760459011574090	0.9999984677553720
0.7775070764830446	1.0000008617464518
0.7789825561895038	1.0000028798355183
0.7804853968131029	1.0000126207932107
0.7821197737615412	1.0000305914791097
0.7831599798855683	1.0000217188988743
0.7849759485646016	1.0000167057390148
0.7865569192573802	1.0000085595182362
0.7884807291585485	1.0000037182476826
0.7908409240823332	1.0000012434474277
0.7945772268233423	1.0000007797976409
0.7969853098639480	0.9999999991965248
0.8017451414452721	0.9999992145220353
0.8053680041132157	0.9999978837582940
0.8370318419308311	0.9999987467957702
0.8634277011800874	0.9999980188262658
0.9783595370189269	0.9999986407111771
1.0847623805792097	0.9999979534876717
1.4622120522632025	0.9999982089927888
2.1291306255928304	0.9999980527823337
3.3174588751530405	0.9999976338574232
5.4567976633668236	0.9999966679389879
8.4274434576573061	0.9999912890251907
