0.0000000000000000	0.0000000000000000
0.7408660637030084	0.0000100000000000
0.7413743416585094	0.0000054562193021
0.7426185428479998	0.0000185562018740
0.7445870667589181	0.0001029832394984
0.7457296941755193	0.0001779694219122
0.7457734750204155	0.0001823769290640
0.7461217492961389	0.0002189627110992
0.7462583815980494	0.0002429955079493
0.7466162636033732	0.0003091310515702
0.7472758970547072	0.0004226817076833
0.7474216321752832	0.0004719165189686
0.7480320331160040	0.0006530865721654
0.7484040040412504	0.0008023234726855
0.7488565421389187	0.0010219738441185
0.7492719301906794	0.0012766826582723
0.7497053361408461	0.0016136102115802
0.7501556241789956	0.0020579945614387
0.7506102313973692	0.0026306514812430
0.7510724090301802	0.0033752969164604
0.7515393110259436	0.0043407099993830
0.7520104338412887	0.0055934885292044
0.7524844503105096	0.0072175270128719
0.7529619485198087	0.0093283562336727
0.7534440277367951	0.0120813888669473
0.7539317925973681	0.0156826485788841
0.7544246391816960	0.0203910017849004
0.7549211777984834	0.0265311909498288
0.7554237642868483	0.0345802314711743
0.7559264861558458	0.0449887261941257
0.7564427267529554	0.0587838632993977
0.7569633615762866	0.0766678500791374
0.7574947394485451	0.1001002224132122
0.7580432984882265	0.1310696379253106
0.7585847340228835	0.1693143403796367
0.7591772529574331	0.2212352419791781
0.7595488811893436	0.2596766506323382
0.7603375092252365	0.3519770587612267
0.7610893854458797	0.4524359592624423
0.7614150995084719	0.5098267161438289
0.7618680060736412	0.5659812717359938
0.7626572483831751	0.6794474944514143
0.7629154799614588	0.7079778987221308
0.7636905358823790	0.7967085068699686
0.7639227114422892	0.8043503422158697
0.7643042602119720	0.8339035440448627
0.7651632439815657	0.8975385093751157
0.7660538048393369	0.9391061012759140
0.7668057585257926	0.9599385453327249
0.7676866028321506	0.9759210761694442
0.7682663920453112	0.9818901485132620
0.7695994053142368	0.9897532557211881
0.7708147514306923	0.9960909971344349
0.7709025910978312	0.9965605965527548
0.7713857667822654	0.9957012319451874
0.7733188194539045	0.9994054787669078
0.7742599094051201	0.9995829593287123
0.7757431750877631	0.9997410995237594
0.7772662167121517	0.9998400646789202
0.7785241132613546	0.9999265370800544
0.7797488665326379	1.0000383536484532
0.7810842783284188	1.0001779284221448
0.7827273310232100	1.0003596976128384
0.7829092452700706	1.0001603758674376
0.7844980738639689	1.0000934347439630
0.7860327604936385	1.0000476746236087
0.7876146734089100	1.0000246701127011
0.7892138119720992	1.0000146993672681
0.7910424216379460	1.0000124109246182
0.7935158145514444	1.0000080319656048
0.7961918339031953	1.0000039956117996
0.7988768049927917	1.0000008790669423
0.8026168385566480	0.9999989942466703
0.8094622328128626	0.9999979982565985
0.8414047324628779	0.9999984918287504
0.8814521760944901	0.9999980417883959
1.0138460210807521	0.9999984207337312
1.1923475830316723	0.9999980133537002
1.7056027441623856	0.9999981829685687
2.5658393492251759	0.9999978299323470
4.2376225586105258	0.9999972216630119
7.0024161940214933	0.9999949854124680
9.5547833033803986	0.9999679769120164
