0.0000000000000000	0.0000000000000000
0.7738963810734454	0.0000100000000000
0.7744710688195287	0.0000079584043807
0.7755481437251743	0.0000128762490778
0.7755822596486561	0.0000222020124637
0.7765102229238652	0.0000443082185675
0.7771047249212263	0.0000705110771072
0.7778868630660523	0.0001283404052785
0.7786552805692268	0.0001864952567085
0.7789045031926890	0.0002149523159320
0.7790450278200420	0.0002368526448534
0.7792105890303642	0.0002577876649069
0.7797264425503498	0.0003368486734899
0.7797618891190791	0.0003436774025491
0.7800500380639653	0.0004144799031335
0.7805640492988106	0.0005437825510011
0.7809860353312826	0.0006854698541876
0.7814619182967087	0.0008821479382248
0.7818375200999498	0.0010807184524193
0.7822752771310768	0.0013661232604015
0.7827187680075091	0.0017353343556040
0.7831775834230682	0.0022223661525404
0.7836386990879988	0.0028493480825430
0.7841025360404502	0.0036586008779331
0.7845711172992392	0.0047094392338567
0.7850441354929162	0.0060754952530982
0.7855221885086635	0.0078559739912694
0.7860040405680335	0.0101729076038522
0.7864882616029660	0.0131818541975598
0.7869773554911561	0.0171116205893105
0.7874732493189590	0.0222643080323186
0.7879754860775713	0.0290156119559407
0.7884763292265995	0.0377174679649393
0.7889820377277795	0.0490582633311112
0.7894983755939475	0.0639842384122796
0.7900321989761527	0.0838406031078776
0.7905271838197908	0.1072510054476258
0.7910771248171675	0.1399116643569237
0.7916540052956834	0.1834423030011113
0.7919985934318520	0.2146730548070476
0.7926926653996111	0.2870410100328129
0.7934148835521708	0.3718942269059967
0.7934293037531411	0.3740468421011163
0.7935088979864885	0.3851918072180182
0.7937638822162987	0.4243895488325034
0.7942407905664056	0.4914186697045211
0.7952868760738104	0.6411165646912262
0.7962146812547228	0.7583639397617306
0.7962155608794802	0.7612055295765702
0.7966944816358557	0.8007072041806883
0.7973326374394989	0.8568761566027107
0.7980145631818805	0.8964839649043325
0.7991606753139187	0.9469669930718122
0.7994669306459237	0.9545883098227657
0.7997186653882483	0.9542694313225027
0.8011433865473828	0.9811202494483925
0.8023783371423959	0.9920594127479586
0.8037776581802170	0.9960158429756114
0.8047644453111132	0.9978174518476124
0.8058144302359943	0.9990192702910105
0.8072206136125005	0.9998585399191278
0.8081825627134994	0.9999374608755006
0.8093704800593113	1.0000537443875261
0.8101486754872067	1.0000101676117297
0.8111335612416222	1.0000192057125636
0.8120792916249968	1.0000160229557755
0.8131627889106807	1.0000181151858925
0.8142705776747069	1.0000178809688389
0.8155070645157980	1.0000197515228579
0.8167470727965687	1.0000215555095755
0.8179564932392563	1.0000231973872111
0.8189547327639917	1.0000143453179351
0.8208973505606357	1.0000163208243085
0.8212846976405208	1.0000078037204807
0.8231444150767331	1.0000031900394584
0.8254686534230251	1.0000004269603382
0.8286252177718177	0.9999988352591915
0.8352753813164613	0.9999982315601961
0.8494342035194901	0.9999977490101365
0.8960935098882288	0.9999980710110751
0.9907446276410553	0.9999981427114378
1.1787469555210710	0.9999980679401860
1.5772047153155972	0.9999979911150318
2.4019437306115408	0.9999978247246510
3.9801724486496983	0.9999973277461724
6.6211210348361700	0.9999955417852503
8.8783823492672873	0.9999868063569363
