0.0000000000000000	0.0000000000000000
0.7750728429125372	0.0000100000000000
0.7755481437251743	0.0000021862616671
0.7766914379155246	0.0000146802679802
0.7772787160455242	0.0000390745861008
0.7783712386134372	0.0000795617240671
0.7790162533908094	0.0001091618541180
0.7792436359084305	0.0001372879737559
0.7801002243356348	0.0002047936120585
0.7806065036349216	0.0002907841273327
0.7813728400909598	0.0004257077534193
0.7816188328081622	0.0004995650836896
0.7821835581725883	0.0006737310692906
0.7825629334170052	0.0008300386932835
0.7830132398479287	0.0010559045296097
0.7834353325437959	0.0013237371012863
0.7838729368360533	0.0016763191573737
0.7843250535797706	0.0021395618733572
0.7847820658875252	0.0027377435657509
0.7852433677576156	0.0035110933857468
0.7857111545137525	0.0045177965419295
0.7861838020851911	0.0058263566873548
0.7866595859356721	0.0075238671646085
0.7871397119574025	0.0097340892283659
0.7876253407956884	0.0126214863728618
0.7881165745091159	0.0163973770243286
0.7886099257712276	0.0213022543780904
0.7891066089396045	0.0276913850574889
0.7896093324076319	0.0360588264460852
0.7901220169049618	0.0470955505647735
0.7906284735543072	0.0611356679085374
0.7911518927730000	0.0797648857251771
0.7916891740249716	0.1043617565206805
0.7921707550746199	0.1321729041920062
0.7927451657276666	0.1730124060507012
0.7933568749942274	0.2273008982019195
0.7938075930715356	0.2741183022464902
0.7945811775147531	0.3636670977906495
0.7951549666279653	0.4498175929007786
0.7965532167726922	0.6452851940591309
0.7970819060543157	0.7181352007328767
0.7976712084435043	0.7729788685096081
0.7988895830561390	0.8854079197895843
0.7989585959790066	0.8863997107597587
0.7997186653882483	0.9092371373509746
0.8011210951985985	0.9623374457189056
0.8020187207406708	0.9803904803069878
0.8041271351298653	0.9924746528060739
0.8057359170813471	0.9979853173912330
0.8070213170176138	0.9994746576210468
0.8079839005665244	0.9997708189664827
0.8088756074032906	0.9998658488855358
0.8097425875542229	0.9999328973452138
0.8105334281808654	0.9999405383016079
0.8115572722264900	0.9999840572748875
0.8125931475469256	1.0000006903058536
0.8136668801439881	1.0000055852083014
0.8148860214642570	1.0000109165176481
0.8160373740754581	1.0000121590759807
0.8170848909173849	1.0000113109617064
0.8181400661097092	1.0000106653487566
0.8191385485525556	1.0000066187024867
0.8207412856019348	1.0000087765895296
0.8213011837265863	1.0000026544073295
0.8235851395110803	1.0000010124969658
0.8261247633269559	0.9999995265189415
0.8298936498255419	0.9999986236671317
0.8374713670882843	0.9999976779378957
0.8635683971489099	0.9999979199410673
0.9246444313313784	0.9999981806552386
1.0402682480011456	0.9999981424639751
1.2783410622287992	0.9999980707943722
1.7797201630312285	0.9999979820897986
2.7881769462870851	0.9999977426598944
4.6593555029976192	0.9999970392846429
7.5631565648235632	0.9999918195048256
