0.0000000000000000	0.0000000000000000
0.7812346296815224	0.0000100000000000
0.7816950007110239	0.0000038829470542
0.7828491530807350	0.0000188628608173
0.7832721515918853	0.0000346584173514
0.7844702065397333	0.0000802906561886
0.7852420038496454	0.0001173950225376
0.7856407214344056	0.0001605529000732
0.7863036243656004	0.0002214281470260
0.7863955034813579	0.0002332099897273
0.7866179997774071	0.0002647842996800
0.7867787255662382	0.0002909635595489
0.7870072882243787	0.0003439175903639
0.7876221260269309	0.0004749449160326
0.7880600566845706	0.0006001938378957
0.7885861691095127	0.0008008910495402
0.7890657719221499	0.0010357470285444
0.7895229889312007	0.0013225639408115
0.7899828397067050	0.0016948224291979
0.7904505184649070	0.0021807545656787
0.7909179700527703	0.0028049820399019
0.7913863878099013	0.0036091456154736
0.7918585318061723	0.0046521191522433
0.7923341013982443	0.0060059313873059
0.7928123345896503	0.0077627878771996
0.7932941980724461	0.0100498998946010
0.7937808317056030	0.0130370154149938
0.7942730071603273	0.0169462076210508
0.7947704734228166	0.0220611804992875
0.7952742566422570	0.0287655142041405
0.7957842983414509	0.0375469065454521
0.7962956993112561	0.0489303133625954
0.7968142126433817	0.0638583527390113
0.7973455616133919	0.0836000993436545
0.7978083062534569	0.1053541486117222
0.7983515668543744	0.1369939636804900
0.7989120141383542	0.1764868815475739
0.7989560986452957	0.1802786804451788
0.7993498682230162	0.2158851341655441
0.7995419839985834	0.2375406935564496
0.7998941381255262	0.2723365172490368
0.7999244738270811	0.2758354662692664
0.7999286079673448	0.2762857743267274
0.8000113358116288	0.2898647185065703
0.8010317246380219	0.4180320912954036
0.8017004295324788	0.5136993143663792
0.8028578283033780	0.6785789499023132
0.8034862064669586	0.7573556859027968
0.8036469756869534	0.7727110834187124
0.8040587389038166	0.8134087028181829
0.8041240426654485	0.8169481633556149
0.8045252812823653	0.8404111469009250
0.8055677671190794	0.9109224313021911
0.8063273268292288	0.9289570746274460
0.8071683672929868	0.9581270382946150
0.8081631811103827	0.9778725538635403
0.8094611645975168	0.9904405119343352
0.8104412534297586	0.9947757279952429
0.8114423033954116	0.9967617002130037
0.8128813013887289	0.9988970309954418
0.8134137908068726	0.9991088809846448
0.8141657978043760	0.9994486031349218
0.8150907014285390	0.9997327558123323
0.8160870570373391	0.9999012180360614
0.8170064221993817	0.9999652164886290
0.8179790254781460	0.9999960214435836
0.8190824875089372	1.0000121013902117
0.8201104721365317	1.0000123768750637
0.8211447567684347	1.0000088631175028
0.8222888680802599	1.0000054734516686
0.8236015571712111	1.0000026918184683
0.8252188564435888	1.0000006769318095
0.8274276279882973	0.9999993329690615
0.8311697221031078	0.9999987414301299
0.8356379772728157	0.9999979013664051
0.8550933892303541	0.9999984594771463
0.8806472227848179	0.9999980934539758
0.9520944126541999	0.9999982747258378
1.0832148334476335	0.9999981503190717
1.3676393383831797	0.9999980849740716
1.9603713985327953	0.9999979509245016
3.1423785256426848	0.9999976117649514
5.3118719660757003	0.9999966136515069
7.6422780666300634	0.9999930773819212
