0.0000000000000000	0.0000000000000000
0.7873615656819414	0.0000100000000000
0.7878207992291564	0.0000105620958203
0.7889638809827161	0.0000161435620359
0.7892111595240213	0.0000243419194649
0.7902265231487787	0.0000595771821347
0.7911471096116307	0.0001192529261692
0.7920725040251365	0.0001872534516192
0.7921885910073408	0.0002007519968334
0.7927497362117695	0.0002679033916741
0.7928284709457791	0.0002794523414727
0.7929348257320868	0.0003010701885456
0.7931430546241723	0.0003524901849031
0.7938109539598168	0.0005001481989182
0.7943673307217846	0.0006772861645203
0.7948460752424693	0.0008758236750024
0.7952810572784347	0.0011061440389369
0.7957206508973096	0.0014001249742302
0.7961672903065063	0.0017809683745709
0.7966248280081496	0.0022784655983545
0.7970876099744444	0.0029224081413697
0.7975556276589796	0.0037577286145290
0.7980281588037557	0.0048421737659233
0.7985037115550480	0.0062481493164884
0.7989825298473496	0.0080744511384461
0.7994660051985771	0.0104561694272621
0.7999532001113441	0.0135593041577948
0.8004419247928608	0.0175885902962299
0.8009306730677771	0.0228099199155840
0.8014268207121582	0.0296757612077140
0.8019333002731449	0.0387421611043182
0.8024418275673284	0.0504914928084271
0.8029623207316883	0.0660060281139912
0.8034692646474669	0.0853750058382428
0.8040083028242438	0.1116084531224740
0.8045724746439336	0.1465576812969872
0.8048967460159546	0.1708046278461198
0.8053867856843874	0.2136771145288357
0.8060283730673359	0.2808517085004152
0.8067786537140671	0.3691469257861918
0.8068157174953373	0.3743990952501318
0.8068697389218140	0.3820422909602058
0.8069054483611384	0.3871338823596706
0.8069640166475262	0.3954305326929587
0.8070089055015366	0.4018250054862723
0.8070418071170593	0.4065433582889253
0.8070597009782849	0.4091352569716199
0.8070696087048289	0.4105720266396266
0.8070898866931419	0.4134319120193032
0.8071213739530407	0.4178780955943378
0.8071388041803069	0.4203942050625461
0.8071897528995673	0.4275503211891124
0.8075817135750689	0.4828358544835222
0.8089696229278791	0.6723934159852705
0.8095718556220585	0.7539492977621773
0.8099136714266207	0.7900222151782974
0.8099902683509000	0.8000211135285349
0.8100200043500786	0.7908455398813574
0.8104076160528819	0.8242274261214581
0.8113391058166272	0.8889109695661142
0.8120664021612046	0.9327497889924994
0.8131041267832551	0.9674900226423636
0.8140231799219649	0.9845583719061326
0.8147178312071101	0.9906877369267222
0.8158260208892479	0.9968919222524975
0.8169754441647695	0.9994280670025235
0.8174745096550096	0.9995524241810397
0.8184951078993494	0.9999643236522425
0.8196756756018269	1.0000988147941243
0.8208926904712436	1.0001005461064056
0.8221251747339803	1.0000704676926639
0.8233817221080573	1.0000424280543108
0.8246772703065118	1.0000230348450942
0.8260415684324515	1.0000111532439260
0.8275428111932340	1.0000043492043256
0.8293592637767836	1.0000006396038290
0.8320625366167430	0.9999987520985191
0.8379502610648158	0.9999980216227978
0.8536658278509236	0.9999979673943062
0.8920344490607229	0.9999980951724198
0.9681984815292722	0.9999980127401613
1.1444088289887877	0.9999980205231619
1.5124248542799124	0.9999979155253137
2.3066112856275409	0.9999977469507294
3.8795773730403127	0.9999972589627998
6.5811782653659776	0.9999954882113302
9.0182004091173162	0.9999853467448688
